# BEGIN PLOT
Legend=1
LogY=1
LegendPlacement=manual
LegendAlign=r
LegendXPos=1.36
RightMargin=3.7
Title=Di-bjet $\Delta\phi$
XLabel=$\Delta\phi_{bb}$ [rad]
YLabel=$\mathrm{d}\sigma/\mathrm{d}\Delta\phi_{bb}$ [pb/rad]
XMin=0
DrawOnly=//eos/home-y/yiyu/monobc/Rivet_New2/X600_pi20_L40_darkQCDsch.yoda.gz/JetMETAnalysis/bb_dphi //eos/home-y/yiyu/monobc/Rivet_New2/X1500_pi20_L40_darkQCDsch.yoda.gz/JetMETAnalysis/bb_dphi //eos/home-y/yiyu/monobc/Rivet_New2/X2000_pi20_L40_darkQCDsch.yoda.gz/JetMETAnalysis/bb_dphi
LegendOnly=//eos/home-y/yiyu/monobc/Rivet_New2/X600_pi20_L40_darkQCDsch.yoda.gz/JetMETAnalysis/bb_dphi //eos/home-y/yiyu/monobc/Rivet_New2/X1500_pi20_L40_darkQCDsch.yoda.gz/JetMETAnalysis/bb_dphi //eos/home-y/yiyu/monobc/Rivet_New2/X2000_pi20_L40_darkQCDsch.yoda.gz/JetMETAnalysis/bb_dphi
RatioPlot=1
RatioPlotReference=//eos/home-y/yiyu/monobc/Rivet_New2/X600_pi20_L40_darkQCDsch.yoda.gz/JetMETAnalysis/bb_dphi
RatioPlotYLabel=Ratio
# END PLOT

# BEGIN HISTO1D //eos/home-y/yiyu/monobc/Rivet_New2/X600_pi20_L40_darkQCDsch.yoda.gz/JetMETAnalysis/bb_dphi
ErrorBars=1
LineColor=red
LineStyle=solid
Path=//eos/home-y/yiyu/monobc/Rivet_New2/X600_pi20_L40_darkQCDsch.yoda.gz/JetMETAnalysis/bb_dphi
ScaledBy=4.68419625914882087e-05
Title=X600_pi20_L40
# xlow	 xhigh	 val	 errminus	 errplus
0.000000e+00	6.283185e-02	4.994936e-02	6.102288e-03	6.102288e-03
6.283185e-02	1.256637e-01	5.367693e-02	6.325888e-03	6.325888e-03
1.256637e-01	1.884956e-01	5.069484e-02	6.147653e-03	6.147653e-03
1.884956e-01	2.513274e-01	5.516800e-02	6.413150e-03	6.413150e-03
2.513274e-01	3.141593e-01	6.560510e-02	6.993526e-03	6.993526e-03
3.141593e-01	3.769911e-01	7.007827e-02	7.228022e-03	7.228022e-03
3.769911e-01	4.398230e-01	7.156919e-02	7.304501e-03	7.304501e-03
4.398230e-01	5.026548e-01	7.976996e-02	7.711652e-03	7.711652e-03
5.026548e-01	5.654867e-01	8.200637e-02	7.819000e-03	7.819000e-03
5.654867e-01	6.283185e-01	1.058629e-01	8.883821e-03	8.883821e-03
6.283185e-01	6.911504e-01	1.110813e-01	9.100138e-03	9.100138e-03
6.911504e-01	7.539822e-01	9.691677e-02	8.500163e-03	8.500163e-03
7.539822e-01	8.168141e-01	9.244354e-02	8.301675e-03	8.301675e-03
8.168141e-01	8.796459e-01	8.722510e-02	8.063962e-03	8.063962e-03
8.796459e-01	9.424778e-01	8.051534e-02	7.747592e-03	7.747592e-03
9.424778e-01	1.005310e+00	8.573353e-02	7.994692e-03	7.994692e-03
1.005310e+00	1.068142e+00	7.902419e-02	7.675509e-03	7.675509e-03
1.068142e+00	1.130973e+00	6.560604e-02	6.993626e-03	6.993626e-03
1.130973e+00	1.193805e+00	5.740436e-02	6.541834e-03	6.541834e-03
1.193805e+00	1.256637e+00	6.411397e-02	6.913587e-03	6.913587e-03
1.256637e+00	1.319469e+00	5.069476e-02	6.147643e-03	6.147643e-03
1.319469e+00	1.382301e+00	4.473068e-02	5.774706e-03	5.774706e-03
1.382301e+00	1.445133e+00	4.771273e-02	5.964089e-03	5.964089e-03
1.445133e+00	1.507964e+00	4.771349e-02	5.964184e-03	5.964184e-03
1.507964e+00	1.570796e+00	4.249414e-02	5.628487e-03	5.628487e-03
1.570796e+00	1.633628e+00	4.100312e-02	5.528859e-03	5.528859e-03
1.633628e+00	1.696460e+00	3.205698e-02	4.888644e-03	4.888644e-03
1.696460e+00	1.759292e+00	3.131147e-02	4.831465e-03	4.831465e-03
1.759292e+00	1.822124e+00	3.280249e-02	4.945162e-03	4.945162e-03
1.822124e+00	1.884956e+00	2.385636e-02	4.217248e-03	4.217248e-03
1.884956e+00	1.947787e+00	2.907541e-02	4.655790e-03	4.655790e-03
1.947787e+00	2.010619e+00	2.758392e-02	4.534768e-03	4.534768e-03
2.010619e+00	2.073451e+00	3.205698e-02	4.888644e-03	4.888644e-03
2.073451e+00	2.136283e+00	2.982046e-02	4.715027e-03	4.715027e-03
2.136283e+00	2.199115e+00	2.311085e-02	4.150831e-03	4.150831e-03
2.199115e+00	2.261947e+00	3.503902e-02	5.110968e-03	5.110968e-03
2.261947e+00	2.324779e+00	3.280249e-02	4.945162e-03	4.945162e-03
2.324779e+00	2.387610e+00	3.056644e-02	4.773677e-03	4.773677e-03
2.387610e+00	2.450442e+00	3.354800e-02	5.001042e-03	5.001042e-03
2.450442e+00	2.513274e+00	4.174863e-02	5.578896e-03	5.578896e-03
2.513274e+00	2.576106e+00	3.056595e-02	4.773601e-03	4.773601e-03
2.576106e+00	2.638938e+00	4.473068e-02	5.774706e-03	5.774706e-03
2.638938e+00	2.701770e+00	5.516783e-02	6.413129e-03	6.413129e-03
2.701770e+00	2.764602e+00	5.218578e-02	6.237395e-03	6.237395e-03
2.764602e+00	2.827433e+00	4.920453e-02	6.056659e-03	6.056659e-03
2.827433e+00	2.890265e+00	6.113192e-02	6.750892e-03	6.750892e-03
2.890265e+00	2.953097e+00	5.442232e-02	6.369651e-03	6.369651e-03
2.953097e+00	3.015929e+00	6.635051e-02	7.033139e-03	7.033139e-03
3.015929e+00	3.078761e+00	5.442232e-02	6.369651e-03	6.369651e-03
3.078761e+00	3.141593e+00	6.784153e-02	7.111724e-03	7.111724e-03
# END HISTO1D


# BEGIN HISTO1D //eos/home-y/yiyu/monobc/Rivet_New2/X1500_pi20_L40_darkQCDsch.yoda.gz/JetMETAnalysis/bb_dphi
ErrorBars=1
LineColor=blue
LineStyle=solid
Path=//eos/home-y/yiyu/monobc/Rivet_New2/X1500_pi20_L40_darkQCDsch.yoda.gz/JetMETAnalysis/bb_dphi
ScaledBy=2.64351320321469576e-07
Title=X1500_pi20_L40
# xlow	 xhigh	 val	 errminus	 errplus
0.000000e+00	6.283185e-02	7.488963e-04	5.613215e-05	5.613215e-05
6.283185e-02	1.256637e-01	6.689579e-04	5.305181e-05	5.305181e-05
1.256637e-01	1.884956e-01	7.909684e-04	5.768729e-05	5.768729e-05
1.884956e-01	2.513274e-01	6.815802e-04	5.355000e-05	5.355000e-05
2.513274e-01	3.141593e-01	8.793213e-04	6.082393e-05	6.082393e-05
3.141593e-01	3.769911e-01	9.760903e-04	6.408347e-05	6.408347e-05
3.769911e-01	4.398230e-01	1.110722e-03	6.836019e-05	6.836019e-05
4.398230e-01	5.026548e-01	1.262186e-03	7.287233e-05	7.287233e-05
5.026548e-01	5.654867e-01	1.358951e-03	7.561405e-05	7.561405e-05
5.654867e-01	6.283185e-01	1.203284e-03	7.115165e-05	7.115165e-05
6.283185e-01	6.911504e-01	9.466378e-04	6.310917e-05	6.310917e-05
6.911504e-01	7.539822e-01	9.256028e-04	6.240414e-05	6.240414e-05
7.539822e-01	8.168141e-01	7.026156e-04	5.437002e-05	5.437002e-05
8.168141e-01	8.796459e-01	6.815802e-04	5.355000e-05	5.355000e-05
8.796459e-01	9.424778e-01	6.016409e-04	5.031174e-05	5.031174e-05
9.424778e-01	1.005310e+00	6.310888e-04	5.152818e-05	5.152818e-05
1.005310e+00	1.068142e+00	4.038982e-04	4.122268e-05	4.122268e-05
1.068142e+00	1.130973e+00	5.175027e-04	4.666165e-05	4.666165e-05
1.130973e+00	1.193805e+00	4.081054e-04	4.143682e-05	4.143682e-05
1.193805e+00	1.256637e+00	3.912763e-04	4.057346e-05	4.057346e-05
1.256637e+00	1.319469e+00	2.987163e-04	3.545110e-05	3.545110e-05
1.319469e+00	1.382301e+00	3.912763e-04	4.057346e-05	4.057346e-05
1.382301e+00	1.445133e+00	3.407891e-04	3.786545e-05	3.786545e-05
1.445133e+00	1.507964e+00	3.071358e-04	3.594752e-05	3.594752e-05
1.507964e+00	1.570796e+00	3.449963e-04	3.809847e-05	3.809847e-05
1.570796e+00	1.633628e+00	3.365818e-04	3.763099e-05	3.763099e-05
1.633628e+00	1.696460e+00	2.356072e-04	3.148434e-05	3.148434e-05
1.696460e+00	1.759292e+00	2.818873e-04	3.443801e-05	3.443801e-05
1.759292e+00	1.822124e+00	3.029237e-04	3.569989e-05	3.569989e-05
1.822124e+00	1.884956e+00	2.860945e-04	3.469405e-05	3.469405e-05
1.884956e+00	1.947787e+00	3.155504e-04	3.643663e-05	3.643663e-05
1.947787e+00	2.010619e+00	2.734728e-04	3.392011e-05	3.392011e-05
2.010619e+00	2.073451e+00	2.945090e-04	3.520056e-05	3.520056e-05
2.073451e+00	2.136283e+00	3.407891e-04	3.786545e-05	3.786545e-05
2.136283e+00	2.199115e+00	3.449963e-04	3.809847e-05	3.809847e-05
2.199115e+00	2.261947e+00	2.734728e-04	3.392011e-05	3.392011e-05
2.261947e+00	2.324779e+00	3.029237e-04	3.569989e-05	3.569989e-05
2.324779e+00	2.387610e+00	3.534165e-04	3.856090e-05	3.856090e-05
2.387610e+00	2.450442e+00	3.323744e-04	3.739505e-05	3.739505e-05
2.450442e+00	2.513274e+00	4.081054e-04	4.143682e-05	4.143682e-05
2.513274e+00	2.576106e+00	4.165199e-04	4.186183e-05	4.186183e-05
2.576106e+00	2.638938e+00	5.553598e-04	4.833788e-05	4.833788e-05
2.638938e+00	2.701770e+00	5.595673e-04	4.852063e-05	4.852063e-05
2.701770e+00	2.764602e+00	5.679818e-04	4.888408e-05	4.888408e-05
2.764602e+00	2.827433e+00	6.900037e-04	5.388024e-05	5.388024e-05
2.827433e+00	2.890265e+00	7.783453e-04	5.722509e-05	5.722509e-05
2.890265e+00	2.953097e+00	8.288326e-04	5.905188e-05	5.905188e-05
2.953097e+00	3.015929e+00	7.404799e-04	5.581578e-05	5.581578e-05
3.015929e+00	3.078761e+00	9.760872e-04	6.408327e-05	6.408327e-05
3.078761e+00	3.141593e+00	9.466363e-04	6.310907e-05	6.310907e-05
# END HISTO1D


# BEGIN HISTO1D //eos/home-y/yiyu/monobc/Rivet_New2/X2000_pi20_L40_darkQCDsch.yoda.gz/JetMETAnalysis/bb_dphi
ErrorBars=1
LineColor=violet
LineStyle=solid
Path=//eos/home-y/yiyu/monobc/Rivet_New2/X2000_pi20_L40_darkQCDsch.yoda.gz/JetMETAnalysis/bb_dphi
ScaledBy=5.05012191817935500e-08
Title=X2000_pi20_L40
# xlow	 xhigh	 val	 errminus	 errplus
0.000000e+00	6.283185e-02	1.398528e-04	1.060222e-05	1.060222e-05
6.283185e-02	1.256637e-01	1.398528e-04	1.060222e-05	1.060222e-05
1.256637e-01	1.884956e-01	1.366377e-04	1.047963e-05	1.047963e-05
1.884956e-01	2.513274e-01	1.398529e-04	1.060222e-05	1.060222e-05
2.513274e-01	3.141593e-01	1.752178e-04	1.186724e-05	1.186724e-05
3.141593e-01	3.769911e-01	1.840593e-04	1.216298e-05	1.216298e-05
3.769911e-01	4.398230e-01	2.033491e-04	1.278445e-05	1.278445e-05
4.398230e-01	5.026548e-01	2.475559e-04	1.410580e-05	1.410580e-05
5.026548e-01	5.654867e-01	2.354992e-04	1.375801e-05	1.375801e-05
5.654867e-01	6.283185e-01	2.274620e-04	1.352121e-05	1.352121e-05
6.283185e-01	6.911504e-01	1.728065e-04	1.178531e-05	1.178531e-05
6.911504e-01	7.539822e-01	1.486942e-04	1.093222e-05	1.093222e-05
7.539822e-01	8.168141e-01	1.519090e-04	1.104975e-05	1.104975e-05
8.168141e-01	8.796459e-01	1.294042e-04	1.019848e-05	1.019848e-05
8.796459e-01	9.424778e-01	1.012727e-04	9.022085e-06	9.022085e-06
9.424778e-01	1.005310e+00	1.133284e-04	9.543972e-06	9.543972e-06
1.005310e+00	1.068142e+00	9.082375e-05	8.543980e-06	8.543980e-06
1.068142e+00	1.130973e+00	7.957252e-05	7.997338e-06	7.997338e-06
1.130973e+00	1.193805e+00	8.760875e-05	8.391397e-06	8.391397e-06
1.193805e+00	1.256637e+00	7.233750e-05	7.625042e-06	7.625042e-06
1.256637e+00	1.319469e+00	7.957125e-05	7.997211e-06	7.997211e-06
1.319469e+00	1.382301e+00	7.796374e-05	7.916019e-06	7.916019e-06
1.382301e+00	1.445133e+00	7.716000e-05	7.875109e-06	7.875109e-06
1.445133e+00	1.507964e+00	5.706716e-05	6.772626e-06	6.772626e-06
1.507964e+00	1.570796e+00	7.233750e-05	7.625042e-06	7.625042e-06
1.570796e+00	1.633628e+00	6.269250e-05	7.098528e-06	7.098528e-06
1.633628e+00	1.696460e+00	5.465500e-05	6.627893e-06	6.627893e-06
1.696460e+00	1.759292e+00	5.304749e-05	6.529695e-06	6.529695e-06
1.759292e+00	1.822124e+00	4.742125e-05	6.173720e-06	6.173720e-06
1.822124e+00	1.884956e+00	5.545875e-05	6.676448e-06	6.676448e-06
1.884956e+00	1.947787e+00	6.269350e-05	7.098641e-06	7.098641e-06
1.947787e+00	2.010619e+00	5.545875e-05	6.676448e-06	6.676448e-06
2.010619e+00	2.073451e+00	5.465500e-05	6.627893e-06	6.627893e-06
2.073451e+00	2.136283e+00	5.626249e-05	6.724654e-06	6.724654e-06
2.136283e+00	2.199115e+00	6.188875e-05	7.052877e-06	7.052877e-06
2.199115e+00	2.261947e+00	5.626249e-05	6.724654e-06	6.724654e-06
2.261947e+00	2.324779e+00	7.314125e-05	7.667287e-06	7.667287e-06
2.324779e+00	2.387610e+00	6.992736e-05	7.497001e-06	7.497001e-06
2.387610e+00	2.450442e+00	9.323499e-05	8.656653e-06	8.656653e-06
2.450442e+00	2.513274e+00	8.760875e-05	8.391397e-06	8.391397e-06
2.513274e+00	2.576106e+00	1.149362e-04	9.611452e-06	9.611452e-06
2.576106e+00	2.638938e+00	1.109175e-04	9.441925e-06	9.441925e-06
2.638938e+00	2.701770e+00	1.382450e-04	1.054108e-05	1.054108e-05
2.701770e+00	2.764602e+00	1.334225e-04	1.035559e-05	1.035559e-05
2.764602e+00	2.827433e+00	1.470886e-04	1.087310e-05	1.087310e-05
2.827433e+00	2.890265e+00	1.494975e-04	1.096169e-05	1.096169e-05
2.890265e+00	2.953097e+00	1.856662e-04	1.221594e-05	1.221594e-05
2.953097e+00	3.015929e+00	1.977225e-04	1.260633e-05	1.260633e-05
3.015929e+00	3.078761e+00	2.379100e-04	1.382824e-05	1.382824e-05
3.078761e+00	3.141593e+00	2.322837e-04	1.366375e-05	1.366375e-05
# END HISTO1D

