# BEGIN PLOT
Legend=1
LogY=1
LegendPlacement=manual
LegendAlign=r
LegendXPos=1.36
RightMargin=3.7
Title=$b$-jet $p_\mathrm{T}$ spectrum
XLabel=$p_\mathrm{T}^{bb}$ [GeV]
YLabel=$\mathrm{d}\sigma/\mathrm{d}p_\mathrm{T}^{bb}$ [pb/GeV]
LogX=1
DrawOnly=//eos/home-y/yiyu/monobc/Rivet_New2/X600_pi20_L40_darkQCDsch.yoda.gz/JetMETAnalysis/bb_pt //eos/home-y/yiyu/monobc/Rivet_New2/X1500_pi20_L40_darkQCDsch.yoda.gz/JetMETAnalysis/bb_pt //eos/home-y/yiyu/monobc/Rivet_New2/X2000_pi20_L40_darkQCDsch.yoda.gz/JetMETAnalysis/bb_pt
LegendOnly=//eos/home-y/yiyu/monobc/Rivet_New2/X600_pi20_L40_darkQCDsch.yoda.gz/JetMETAnalysis/bb_pt //eos/home-y/yiyu/monobc/Rivet_New2/X1500_pi20_L40_darkQCDsch.yoda.gz/JetMETAnalysis/bb_pt //eos/home-y/yiyu/monobc/Rivet_New2/X2000_pi20_L40_darkQCDsch.yoda.gz/JetMETAnalysis/bb_pt
RatioPlot=1
RatioPlotReference=//eos/home-y/yiyu/monobc/Rivet_New2/X600_pi20_L40_darkQCDsch.yoda.gz/JetMETAnalysis/bb_pt
RatioPlotYLabel=Ratio
# END PLOT

# BEGIN HISTO1D //eos/home-y/yiyu/monobc/Rivet_New2/X600_pi20_L40_darkQCDsch.yoda.gz/JetMETAnalysis/bb_pt
ErrorBars=1
LineColor=red
LineStyle=solid
Path=//eos/home-y/yiyu/monobc/Rivet_New2/X600_pi20_L40_darkQCDsch.yoda.gz/JetMETAnalysis/bb_pt
ScaledBy=4.68419625914882087e-05
Title=X600_pi20_L40
# xlow	 xhigh	 val	 errminus	 errplus
2.000000e+01	2.162765e+01	8.633668e-04	1.576285e-04	1.576285e-04
2.162765e+01	2.338777e+01	6.919363e-04	1.356999e-04	1.356999e-04
2.338777e+01	2.529113e+01	1.156677e-03	1.687187e-04	1.687187e-04
2.529113e+01	2.734939e+01	8.875638e-04	1.421239e-04	1.421239e-04
2.734939e+01	2.957515e+01	7.997246e-04	1.297324e-04	1.297324e-04
2.957515e+01	3.198206e+01	8.757652e-04	1.305514e-04	1.305514e-04
3.198206e+01	3.458484e+01	8.278571e-04	1.220609e-04	1.220609e-04
3.458484e+01	3.739945e+01	8.986915e-04	1.222964e-04	1.222964e-04
3.739945e+01	4.044311e+01	9.080108e-04	1.182129e-04	1.182129e-04
4.044311e+01	4.373448e+01	1.209699e-03	1.312103e-04	1.312103e-04
4.373448e+01	4.729371e+01	1.105499e-03	1.206198e-04	1.206198e-04
4.729371e+01	5.114260e+01	1.253536e-03	1.235146e-04	1.235146e-04
5.114260e+01	5.530472e+01	1.316759e-03	1.217344e-04	1.217344e-04
5.530472e+01	5.980556e+01	1.332145e-03	1.177461e-04	1.177461e-04
5.980556e+01	6.467270e+01	1.231888e-03	1.088845e-04	1.088845e-04
6.467270e+01	6.993594e+01	1.299376e-03	1.075371e-04	1.075371e-04
6.993594e+01	7.562751e+01	1.267429e-03	1.021324e-04	1.021324e-04
7.562751e+01	8.178228e+01	1.004609e-03	8.744002e-05	8.744002e-05
8.178228e+01	8.843794e+01	1.041611e-03	8.561992e-05	8.561992e-05
8.843794e+01	9.563525e+01	9.371894e-04	7.809912e-05	7.809912e-05
9.563525e+01	1.034183e+02	1.023138e-03	7.847110e-05	7.847110e-05
1.034183e+02	1.118348e+02	9.405682e-04	7.235139e-05	7.235139e-05
1.118348e+02	1.209362e+02	9.830153e-04	7.112849e-05	7.112849e-05
1.209362e+02	1.307783e+02	7.995702e-04	6.168818e-05	6.168818e-05
1.307783e+02	1.414214e+02	7.922084e-04	5.904773e-05	5.904773e-05
1.414214e+02	1.529306e+02	7.000328e-04	5.337700e-05	5.337700e-05
1.529306e+02	1.653765e+02	6.021834e-04	4.760677e-05	4.760677e-05
1.653765e+02	1.788353e+02	5.150987e-04	4.234085e-05	4.234085e-05
1.788353e+02	1.933894e+02	3.701243e-04	3.451427e-05	3.451427e-05
1.933894e+02	2.091279e+02	2.678640e-04	2.823534e-05	2.823534e-05
2.091279e+02	2.261473e+02	2.009156e-04	2.351540e-05	2.351540e-05
2.261473e+02	2.445518e+02	1.196214e-04	1.744858e-05	1.744858e-05
2.445518e+02	2.644540e+02	5.648657e-05	1.153027e-05	1.153027e-05
2.644540e+02	2.859760e+02	2.394116e-05	7.218530e-06	7.218530e-06
2.859760e+02	3.092495e+02	1.408871e-05	5.325035e-06	5.325035e-06
3.092495e+02	3.344170e+02	9.306042e-06	4.161789e-06	4.161789e-06
3.344170e+02	3.616328e+02	1.721131e-06	1.721131e-06	1.721131e-06
3.616328e+02	3.910634e+02	3.183215e-06	2.250873e-06	2.250873e-06
3.910634e+02	4.228892e+02	1.471823e-06	1.471823e-06	1.471823e-06
4.228892e+02	4.573051e+02	0.000000e+00	0.000000e+00	0.000000e+00
4.573051e+02	4.945218e+02	1.258627e-06	1.258627e-06	1.258627e-06
4.945218e+02	5.347672e+02	1.163908e-06	1.163908e-06	1.163908e-06
5.347672e+02	5.782880e+02	0.000000e+00	0.000000e+00	0.000000e+00
5.782880e+02	6.253506e+02	0.000000e+00	0.000000e+00	0.000000e+00
6.253506e+02	6.762433e+02	0.000000e+00	0.000000e+00	0.000000e+00
6.762433e+02	7.312778e+02	1.702276e-06	1.203691e-06	1.203691e-06
7.312778e+02	7.907911e+02	0.000000e+00	0.000000e+00	0.000000e+00
7.907911e+02	8.551478e+02	0.000000e+00	0.000000e+00	0.000000e+00
8.551478e+02	9.247420e+02	0.000000e+00	0.000000e+00	0.000000e+00
9.247420e+02	1.000000e+03	0.000000e+00	0.000000e+00	0.000000e+00
# END HISTO1D


# BEGIN HISTO1D //eos/home-y/yiyu/monobc/Rivet_New2/X1500_pi20_L40_darkQCDsch.yoda.gz/JetMETAnalysis/bb_pt
ErrorBars=1
LineColor=blue
LineStyle=solid
Path=//eos/home-y/yiyu/monobc/Rivet_New2/X1500_pi20_L40_darkQCDsch.yoda.gz/JetMETAnalysis/bb_pt
ScaledBy=2.64351320321469576e-07
Title=X1500_pi20_L40
# xlow	 xhigh	 val	 errminus	 errplus
2.000000e+01	2.162765e+01	6.009277e-06	9.879190e-07	9.879190e-07
2.162765e+01	2.338777e+01	5.106439e-06	8.757470e-07	8.757470e-07
2.338777e+01	2.529113e+01	3.611053e-06	7.081858e-07	7.081858e-07
2.529113e+01	2.734939e+01	5.779547e-06	8.615639e-07	8.615639e-07
2.734939e+01	2.957515e+01	6.175989e-06	8.564555e-07	8.564555e-07
2.957515e+01	3.198206e+01	6.699640e-06	8.578010e-07	8.578010e-07
3.198206e+01	3.458484e+01	6.906419e-06	8.375263e-07	8.375263e-07
3.458484e+01	3.739945e+01	5.729188e-06	7.335474e-07	7.335474e-07
3.739945e+01	4.044311e+01	6.948250e-06	7.768378e-07	7.768378e-07
4.044311e+01	4.373448e+01	7.389118e-06	7.703688e-07	7.703688e-07
4.373448e+01	4.729371e+01	6.313124e-06	6.847545e-07	6.847545e-07
4.729371e+01	5.114260e+01	9.615546e-06	8.126621e-07	8.126621e-07
5.114260e+01	5.530472e+01	9.527044e-06	7.778797e-07	7.778797e-07
5.530472e+01	5.980556e+01	8.105260e-06	6.899656e-07	6.899656e-07
5.980556e+01	6.467270e+01	8.364276e-06	6.740126e-07	6.740126e-07
6.467270e+01	6.993594e+01	9.643385e-06	6.959514e-07	6.959514e-07
6.993594e+01	7.562751e+01	8.406747e-06	6.248685e-07	6.248685e-07
7.562751e+01	8.178228e+01	7.387511e-06	5.632924e-07	5.632924e-07
8.178228e+01	8.843794e+01	8.936612e-06	5.957740e-07	5.957740e-07
8.843794e+01	9.563525e+01	7.786587e-06	5.347849e-07	5.347849e-07
9.563525e+01	1.034183e+02	7.811950e-06	5.151047e-07	5.151047e-07
1.034183e+02	1.118348e+02	7.349636e-06	4.804607e-07	4.804607e-07
1.118348e+02	1.209362e+02	6.970831e-06	4.499652e-07	4.499652e-07
1.209362e+02	1.307783e+02	7.762320e-06	4.566071e-07	4.566071e-07
1.307783e+02	1.414214e+02	6.830398e-06	4.118886e-07	4.118886e-07
1.414214e+02	1.529306e+02	5.994829e-06	3.710706e-07	3.710706e-07
1.529306e+02	1.653765e+02	5.394969e-06	3.385104e-07	3.385104e-07
1.653765e+02	1.788353e+02	5.931740e-06	3.413333e-07	3.413333e-07
1.788353e+02	1.933894e+02	4.795126e-06	2.951196e-07	2.951196e-07
1.933894e+02	2.091279e+02	4.417473e-06	2.723931e-07	2.723931e-07
2.091279e+02	2.261473e+02	4.224800e-06	2.561661e-07	2.561661e-07
2.261473e+02	2.445518e+02	4.036117e-06	2.407746e-07	2.407746e-07
2.445518e+02	2.644540e+02	3.214369e-06	2.066275e-07	2.066275e-07
2.644540e+02	2.859760e+02	2.702225e-06	1.821840e-07	1.821840e-07
2.859760e+02	3.092495e+02	2.555656e-06	1.703770e-07	1.703770e-07
3.092495e+02	3.344170e+02	1.764618e-06	1.361432e-07	1.361432e-07
3.344170e+02	3.616328e+02	1.291850e-06	1.120176e-07	1.120176e-07
3.616328e+02	3.910634e+02	8.982192e-07	8.982193e-08	8.982193e-08
3.910634e+02	4.228892e+02	6.229647e-07	7.193377e-08	7.193377e-08
4.228892e+02	4.573051e+02	4.915891e-07	6.144865e-08	6.144865e-08
4.573051e+02	4.945218e+02	4.190788e-07	5.455941e-08	5.455941e-08
4.945218e+02	5.347672e+02	2.824450e-07	4.307244e-08	4.307244e-08
5.347672e+02	5.782880e+02	1.518534e-07	3.037069e-08	3.037069e-08
5.782880e+02	6.253506e+02	6.740418e-08	1.945791e-08	1.945791e-08
6.253506e+02	6.762433e+02	1.558286e-08	8.996771e-09	8.996771e-09
6.762433e+02	7.312778e+02	2.882025e-08	1.176582e-08	1.176582e-08
7.312778e+02	7.907911e+02	4.441886e-09	4.441886e-09	4.441886e-09
7.907911e+02	8.551478e+02	0.000000e+00	0.000000e+00	0.000000e+00
8.551478e+02	9.247420e+02	3.798467e-09	3.798468e-09	3.798468e-09
9.247420e+02	1.000000e+03	0.000000e+00	0.000000e+00	0.000000e+00
# END HISTO1D


# BEGIN HISTO1D //eos/home-y/yiyu/monobc/Rivet_New2/X2000_pi20_L40_darkQCDsch.yoda.gz/JetMETAnalysis/bb_pt
ErrorBars=1
LineColor=violet
LineStyle=solid
Path=//eos/home-y/yiyu/monobc/Rivet_New2/X2000_pi20_L40_darkQCDsch.yoda.gz/JetMETAnalysis/bb_pt
ScaledBy=5.05012191817935500e-08
Title=X2000_pi20_L40
# xlow	 xhigh	 val	 errminus	 errplus
2.000000e+01	2.162765e+01	8.687580e-07	1.641799e-07	1.641799e-07
2.162765e+01	2.338777e+01	1.118985e-06	1.791810e-07	1.791810e-07
2.338777e+01	2.529113e+01	1.247035e-06	1.818988e-07	1.818988e-07
2.529113e+01	2.734939e+01	1.055043e-06	1.608925e-07	1.608925e-07
2.734939e+01	2.957515e+01	1.043714e-06	1.538872e-07	1.538872e-07
2.957515e+01	3.198206e+01	8.392707e-07	1.327003e-07	1.327003e-07
3.198206e+01	3.458484e+01	9.895427e-07	1.385637e-07	1.385637e-07
3.458484e+01	3.739945e+01	1.327747e-06	1.543475e-07	1.543475e-07
3.739945e+01	4.044311e+01	1.194643e-06	1.407901e-07	1.407901e-07
4.044311e+01	4.373448e+01	1.657101e-06	1.594546e-07	1.594546e-07
4.373448e+01	4.729371e+01	1.461447e-06	1.440006e-07	1.440006e-07
4.729371e+01	5.114260e+01	1.522034e-06	1.413173e-07	1.413173e-07
5.114260e+01	5.530472e+01	1.565226e-06	1.378104e-07	1.378104e-07
5.530472e+01	5.980556e+01	1.671839e-06	1.369624e-07	1.369624e-07
5.980556e+01	6.467270e+01	1.649777e-06	1.308358e-07	1.308358e-07
6.467270e+01	6.993594e+01	1.544808e-06	1.217479e-07	1.217479e-07
6.993594e+01	7.562751e+01	1.517280e-06	1.160293e-07	1.160293e-07
7.562751e+01	8.178228e+01	1.452323e-06	1.091633e-07	1.091633e-07
8.178228e+01	8.843794e+01	1.244384e-06	9.717010e-08	9.717010e-08
8.843794e+01	9.563525e+01	1.466485e-06	1.014390e-07	1.014390e-07
9.563525e+01	1.034183e+02	1.466428e-06	9.754528e-08	9.754528e-08
1.034183e+02	1.118348e+02	1.428063e-06	9.256756e-08	9.256756e-08
1.118348e+02	1.209362e+02	1.364988e-06	8.702844e-08	8.702844e-08
1.209362e+02	1.307783e+02	1.149376e-06	7.679591e-08	7.679591e-08
1.307783e+02	1.414214e+02	1.295377e-06	7.839982e-08	7.839982e-08
1.414214e+02	1.529306e+02	1.224224e-06	7.329238e-08	7.329238e-08
1.529306e+02	1.653765e+02	1.156433e-06	6.850117e-08	6.850117e-08
1.653765e+02	1.788353e+02	1.043135e-06	6.256305e-08	6.256305e-08
1.788353e+02	1.933894e+02	9.229921e-07	5.659230e-08	5.659230e-08
1.933894e+02	2.091279e+02	9.305429e-07	5.464338e-08	5.464338e-08
2.091279e+02	2.261473e+02	8.605092e-07	5.053085e-08	5.053085e-08
2.261473e+02	2.445518e+02	7.683088e-07	4.591524e-08	4.591524e-08
2.445518e+02	2.644540e+02	6.648170e-07	4.107253e-08	4.107253e-08
2.644540e+02	2.859760e+02	6.194740e-07	3.812600e-08	3.812600e-08
2.859760e+02	3.092495e+02	5.164367e-07	3.347562e-08	3.347562e-08
3.092495e+02	3.344170e+02	3.892813e-07	2.794877e-08	2.794877e-08
3.344170e+02	3.616328e+02	2.597819e-07	2.195557e-08	2.195557e-08
3.616328e+02	3.910634e+02	2.419479e-07	2.037569e-08	2.037569e-08
3.910634e+02	4.228892e+02	1.951766e-07	1.759848e-08	1.759848e-08
4.228892e+02	4.573051e+02	1.687487e-07	1.573590e-08	1.573590e-08
4.573051e+02	4.945218e+02	1.424798e-07	1.390461e-08	1.390461e-08
4.945218e+02	5.347672e+02	1.041511e-07	1.143207e-08	1.143207e-08
5.347672e+02	5.782880e+02	8.586906e-08	9.982075e-09	9.982075e-09
5.782880e+02	6.253506e+02	4.936098e-08	7.277881e-09	7.277881e-09
6.253506e+02	6.762433e+02	3.473078e-08	5.870572e-09	5.870572e-09
6.762433e+02	7.312778e+02	3.762276e-08	5.875689e-09	5.875689e-09
7.312778e+02	7.907911e+02	1.442569e-08	3.498745e-09	3.498745e-09
7.907911e+02	8.551478e+02	6.277665e-09	2.219490e-09	2.219490e-09
8.551478e+02	9.247420e+02	4.353916e-09	1.777479e-09	1.777479e-09
9.247420e+02	1.000000e+03	1.342082e-09	9.489956e-10	9.489956e-10
# END HISTO1D

