# BEGIN PLOT
Legend=1
LogY=1
LegendPlacement=manual
LegendAlign=r
LegendXPos=1.36
RightMargin=3.7
Title=$b$-jet $p_\mathrm{T}$ spectrum
XLabel=$p_\mathrm{T}^{b\mathrm{-jet}}$ [GeV]
YLabel=$\mathrm{d}\sigma/\mathrm{d}p_\mathrm{T}^{b\mathrm{-jet}}$ [pb/GeV]
LogX=1
DrawOnly=//eos/home-y/yiyu/monobc/Rivet_New2/X600_pi20_L40_darkQCDsch.yoda.gz/JetMETAnalysis/bjet_pt //eos/home-y/yiyu/monobc/Rivet_New2/X1500_pi20_L40_darkQCDsch.yoda.gz/JetMETAnalysis/bjet_pt //eos/home-y/yiyu/monobc/Rivet_New2/X2000_pi20_L40_darkQCDsch.yoda.gz/JetMETAnalysis/bjet_pt
LegendOnly=//eos/home-y/yiyu/monobc/Rivet_New2/X600_pi20_L40_darkQCDsch.yoda.gz/JetMETAnalysis/bjet_pt //eos/home-y/yiyu/monobc/Rivet_New2/X1500_pi20_L40_darkQCDsch.yoda.gz/JetMETAnalysis/bjet_pt //eos/home-y/yiyu/monobc/Rivet_New2/X2000_pi20_L40_darkQCDsch.yoda.gz/JetMETAnalysis/bjet_pt
RatioPlot=1
RatioPlotReference=//eos/home-y/yiyu/monobc/Rivet_New2/X600_pi20_L40_darkQCDsch.yoda.gz/JetMETAnalysis/bjet_pt
RatioPlotYLabel=Ratio
# END PLOT

# BEGIN HISTO1D //eos/home-y/yiyu/monobc/Rivet_New2/X600_pi20_L40_darkQCDsch.yoda.gz/JetMETAnalysis/bjet_pt
ErrorBars=1
LineColor=red
LineStyle=solid
Path=//eos/home-y/yiyu/monobc/Rivet_New2/X600_pi20_L40_darkQCDsch.yoda.gz/JetMETAnalysis/bjet_pt
ScaledBy=1.28056914184081827e-05
Title=X600_pi20_L40
# xlow	 xhigh	 val	 errminus	 errplus
2.000000e+01	2.162765e+01	4.004606e-03	1.775010e-04	1.775010e-04
2.162765e+01	2.338777e+01	3.652283e-03	1.630094e-04	1.630094e-04
2.338777e+01	2.529113e+01	3.666727e-03	1.570653e-04	1.570653e-04
2.529113e+01	2.734939e+01	3.521431e-03	1.480168e-04	1.480168e-04
2.734939e+01	2.957515e+01	3.106837e-03	1.336970e-04	1.336970e-04
2.957515e+01	3.198206e+01	2.963455e-03	1.255656e-04	1.255656e-04
3.198206e+01	3.458484e+01	3.001203e-03	1.215152e-04	1.215152e-04
3.458484e+01	3.739945e+01	2.579692e-03	1.083369e-04	1.083369e-04
3.739945e+01	4.044311e+01	2.436046e-03	1.012386e-04	1.012386e-04
4.044311e+01	4.373448e+01	2.237145e-03	9.329541e-05	9.329541e-05
4.373448e+01	4.729371e+01	2.209100e-03	8.915200e-05	8.915200e-05
4.729371e+01	5.114260e+01	1.976305e-03	8.108878e-05	8.108878e-05
5.114260e+01	5.530472e+01	1.932182e-03	7.710245e-05	7.710245e-05
5.530472e+01	5.980556e+01	1.598990e-03	6.744933e-05	6.744933e-05
5.980556e+01	6.467270e+01	1.536534e-03	6.358221e-05	6.358221e-05
6.467270e+01	6.993594e+01	1.282214e-03	5.585411e-05	5.585411e-05
6.993594e+01	7.562751e+01	1.228467e-03	5.257355e-05	5.257355e-05
7.562751e+01	8.178228e+01	1.136015e-03	4.861693e-05	4.861693e-05
8.178228e+01	8.843794e+01	9.446988e-04	4.263366e-05	4.263366e-05
8.843794e+01	9.563525e+01	8.024341e-04	3.778515e-05	3.778515e-05
9.563525e+01	1.034183e+02	6.630683e-04	3.302978e-05	3.302978e-05
1.034183e+02	1.118348e+02	5.492610e-04	2.890847e-05	2.890847e-05
1.118348e+02	1.209362e+02	4.474268e-04	2.509045e-05	2.509045e-05
1.209362e+02	1.307783e+02	4.059475e-04	2.298225e-05	2.298225e-05
1.307783e+02	1.414214e+02	3.020012e-04	1.906214e-05	1.906214e-05
1.414214e+02	1.529306e+02	2.203044e-04	1.565635e-05	1.565635e-05
1.529306e+02	1.653765e+02	1.759433e-04	1.345472e-05	1.345472e-05
1.653765e+02	1.788353e+02	1.103709e-04	1.024768e-05	1.024768e-05
1.788353e+02	1.933894e+02	8.094791e-05	8.439401e-06	8.439401e-06
1.933894e+02	2.091279e+02	5.858308e-05	6.904081e-06	6.904081e-06
2.091279e+02	2.261473e+02	3.235394e-05	4.933931e-06	4.933931e-06
2.261473e+02	2.445518e+02	1.739478e-05	3.478956e-06	3.478956e-06
2.445518e+02	2.644540e+02	7.721172e-06	2.228910e-06	2.228910e-06
2.644540e+02	2.859760e+02	5.355041e-06	1.785014e-06	1.785014e-06
2.859760e+02	3.092495e+02	2.751132e-06	1.230343e-06	1.230343e-06
3.092495e+02	3.344170e+02	1.017637e-06	7.195782e-07	7.195782e-07
3.344170e+02	3.616328e+02	1.882097e-06	9.410483e-07	9.410483e-07
3.616328e+02	3.910634e+02	0.000000e+00	0.000000e+00	0.000000e+00
3.910634e+02	4.228892e+02	4.023682e-07	4.023682e-07	4.023682e-07
4.228892e+02	4.573051e+02	3.720864e-07	3.720865e-07	3.720865e-07
4.573051e+02	4.945218e+02	3.440845e-07	3.440845e-07	3.440845e-07
4.945218e+02	5.347672e+02	0.000000e+00	0.000000e+00	0.000000e+00
5.347672e+02	5.782880e+02	2.942430e-07	2.942430e-07	2.942430e-07
5.782880e+02	6.253506e+02	2.720991e-07	2.720991e-07	2.720991e-07
6.253506e+02	6.762433e+02	5.032427e-07	3.558464e-07	3.558464e-07
6.762433e+02	7.312778e+02	0.000000e+00	0.000000e+00	0.000000e+00
7.312778e+02	7.907911e+02	0.000000e+00	0.000000e+00	0.000000e+00
7.907911e+02	8.551478e+02	0.000000e+00	0.000000e+00	0.000000e+00
8.551478e+02	9.247420e+02	0.000000e+00	0.000000e+00	0.000000e+00
9.247420e+02	1.000000e+03	0.000000e+00	0.000000e+00	0.000000e+00
# END HISTO1D


# BEGIN HISTO1D //eos/home-y/yiyu/monobc/Rivet_New2/X1500_pi20_L40_darkQCDsch.yoda.gz/JetMETAnalysis/bjet_pt
ErrorBars=1
LineColor=blue
LineStyle=solid
Path=//eos/home-y/yiyu/monobc/Rivet_New2/X1500_pi20_L40_darkQCDsch.yoda.gz/JetMETAnalysis/bjet_pt
ScaledBy=7.90999269978958247e-08
Title=X1500_pi20_L40
# xlow	 xhigh	 val	 errminus	 errplus
2.000000e+01	2.162765e+01	3.392114e-05	1.283934e-06	1.283934e-06
2.162765e+01	2.338777e+01	3.001997e-05	1.161507e-06	1.161507e-06
2.338777e+01	2.529113e+01	2.913219e-05	1.100308e-06	1.100308e-06
2.529113e+01	2.734939e+01	2.774681e-05	1.032629e-06	1.032629e-06
2.734939e+01	2.957515e+01	2.604964e-05	9.621654e-07	9.621654e-07
2.957515e+01	3.198206e+01	2.638954e-05	9.312665e-07	9.312665e-07
3.198206e+01	3.458484e+01	2.473791e-05	8.670633e-07	8.670633e-07
3.458484e+01	3.739945e+01	2.234215e-05	7.923945e-07	7.923945e-07
3.739945e+01	4.044311e+01	2.014103e-05	7.234871e-07	7.234871e-07
4.044311e+01	4.373448e+01	1.973070e-05	6.886063e-07	6.886063e-07
4.373448e+01	4.729371e+01	1.837916e-05	6.391058e-07	6.391058e-07
4.729371e+01	5.114260e+01	1.847567e-05	6.161982e-07	6.161982e-07
5.114260e+01	5.530472e+01	1.630605e-05	5.566794e-07	5.566794e-07
5.530472e+01	5.980556e+01	1.534252e-05	5.192657e-07	5.192657e-07
5.980556e+01	6.467270e+01	1.514670e-05	4.961468e-07	4.961468e-07
6.467270e+01	6.993594e+01	1.369119e-05	4.536094e-07	4.536094e-07
6.993594e+01	7.562751e+01	1.177138e-05	4.044694e-07	4.044694e-07
7.562751e+01	8.178228e+01	1.002441e-05	3.589315e-07	3.589315e-07
8.178228e+01	8.843794e+01	9.864227e-06	3.423923e-07	3.423923e-07
8.843794e+01	9.563525e+01	8.000871e-06	2.965320e-07	2.965320e-07
9.563525e+01	1.034183e+02	7.662978e-06	2.790692e-07	2.790692e-07
1.034183e+02	1.118348e+02	5.845678e-06	2.343904e-07	2.343904e-07
1.118348e+02	1.209362e+02	5.127668e-06	2.111027e-07	2.111027e-07
1.209362e+02	1.307783e+02	4.227407e-06	1.843237e-07	1.843237e-07
1.307783e+02	1.414214e+02	4.043029e-06	1.733434e-07	1.733434e-07
1.414214e+02	1.529306e+02	3.353905e-06	1.518242e-07	1.518242e-07
1.529306e+02	1.653765e+02	2.618466e-06	1.290026e-07	1.290026e-07
1.653765e+02	1.788353e+02	2.350876e-06	1.175438e-07	1.175438e-07
1.788353e+02	1.933894e+02	1.804384e-06	9.902840e-08	9.902840e-08
1.933894e+02	2.091279e+02	1.382119e-06	8.334492e-08	8.334492e-08
2.091279e+02	2.261473e+02	1.124727e-06	7.230020e-08	7.230020e-08
2.261473e+02	2.445518e+02	9.928050e-07	6.532178e-08	6.532178e-08
2.445518e+02	2.644540e+02	9.339912e-07	6.092689e-08	6.092689e-08
2.644540e+02	2.859760e+02	7.681386e-07	5.313328e-08	5.313328e-08
2.859760e+02	3.092495e+02	6.593503e-07	4.733858e-08	4.733858e-08
3.092495e+02	3.344170e+02	6.505883e-07	4.521902e-08	4.521902e-08
3.344170e+02	3.616328e+02	6.306881e-07	4.281390e-08	4.281390e-08
3.616328e+02	3.910634e+02	5.160340e-07	3.724153e-08	3.724153e-08
3.910634e+02	4.228892e+02	3.877229e-07	3.104267e-08	3.104267e-08
4.228892e+02	4.573051e+02	2.918910e-07	2.590114e-08	2.590114e-08
4.573051e+02	4.945218e+02	2.529212e-07	2.318525e-08	2.318525e-08
4.945218e+02	5.347672e+02	1.650970e-07	1.801356e-08	1.801356e-08
5.347672e+02	5.782880e+02	9.451104e-08	1.310632e-08	1.310632e-08
5.782880e+02	6.253506e+02	5.546438e-08	9.655107e-09	9.655107e-09
6.253506e+02	6.762433e+02	3.263922e-08	7.122464e-09	7.122464e-09
6.762433e+02	7.312778e+02	5.749116e-09	2.874558e-09	2.874558e-09
7.312778e+02	7.907911e+02	3.987341e-09	2.302092e-09	2.302092e-09
7.907911e+02	8.551478e+02	1.229086e-09	1.229086e-09	1.229086e-09
8.551478e+02	9.247420e+02	1.136588e-09	1.136588e-09	1.136588e-09
9.247420e+02	1.000000e+03	1.051050e-09	1.051050e-09	1.051050e-09
# END HISTO1D


# BEGIN HISTO1D //eos/home-y/yiyu/monobc/Rivet_New2/X2000_pi20_L40_darkQCDsch.yoda.gz/JetMETAnalysis/bjet_pt
ErrorBars=1
LineColor=violet
LineStyle=solid
Path=//eos/home-y/yiyu/monobc/Rivet_New2/X2000_pi20_L40_darkQCDsch.yoda.gz/JetMETAnalysis/bjet_pt
ScaledBy=1.48691767708998083e-08
Title=X2000_pi20_L40
# xlow	 xhigh	 val	 errminus	 errplus
2.000000e+01	2.162765e+01	6.303401e-06	2.399664e-07	2.399664e-07
2.162765e+01	2.338777e+01	6.648433e-06	2.369911e-07	2.369911e-07
2.338777e+01	2.529113e+01	5.796555e-06	2.127982e-07	2.127982e-07
2.529113e+01	2.734939e+01	4.991886e-06	1.899004e-07	1.899004e-07
2.734939e+01	2.957515e+01	5.357756e-06	1.891889e-07	1.891889e-07
2.957515e+01	3.198206e+01	4.973053e-06	1.752770e-07	1.752770e-07
3.198206e+01	3.458484e+01	4.724491e-06	1.642866e-07	1.642866e-07
3.458484e+01	3.739945e+01	4.342506e-06	1.514623e-07	1.514623e-07
3.739945e+01	4.044311e+01	4.157386e-06	1.425133e-07	1.425133e-07
4.044311e+01	4.373448e+01	4.007134e-06	1.345464e-07	1.345464e-07
4.373448e+01	4.729371e+01	3.651256e-06	1.235056e-07	1.235056e-07
4.729371e+01	5.114260e+01	3.418965e-06	1.149273e-07	1.149273e-07
5.114260e+01	5.530472e+01	3.197387e-06	1.068769e-07	1.068769e-07
5.530472e+01	5.980556e+01	2.966673e-06	9.899916e-08	9.899916e-08
5.980556e+01	6.467270e+01	2.728126e-06	9.129327e-08	9.129327e-08
6.467270e+01	6.993594e+01	2.471962e-06	8.356758e-08	8.356758e-08
6.993594e+01	7.562751e+01	2.251967e-06	7.670232e-08	7.670232e-08
7.562751e+01	8.178228e+01	2.101814e-06	7.125818e-08	7.125818e-08
8.178228e+01	8.843794e+01	1.916827e-06	6.543942e-08	6.543942e-08
8.843794e+01	9.563525e+01	1.545319e-06	5.650248e-08	5.650248e-08
9.563525e+01	1.034183e+02	1.314393e-06	5.011080e-08	5.011080e-08
1.034183e+02	1.118348e+02	1.166002e-06	4.538657e-08	4.538657e-08
1.118348e+02	1.209362e+02	1.001473e-06	4.044912e-08	4.044912e-08
1.209362e+02	1.307783e+02	9.427222e-07	3.773910e-08	3.773910e-08
1.307783e+02	1.414214e+02	7.502277e-07	3.237471e-08	3.237471e-08
1.414214e+02	1.529306e+02	6.705160e-07	2.943239e-08	2.943239e-08
1.529306e+02	1.653765e+02	5.961577e-07	2.668768e-08	2.668768e-08
1.653765e+02	1.788353e+02	4.021443e-07	2.107809e-08	2.107809e-08
1.788353e+02	1.933894e+02	3.923131e-07	2.002014e-08	2.002014e-08
1.933894e+02	2.091279e+02	3.325571e-07	1.772535e-08	1.772535e-08
2.091279e+02	2.261473e+02	2.620981e-07	1.513224e-08	1.513224e-08
2.261473e+02	2.445518e+02	2.011696e-07	1.274860e-08	1.274860e-08
2.445518e+02	2.644540e+02	1.748242e-07	1.142862e-08	1.142862e-08
2.644540e+02	2.859760e+02	1.519942e-07	1.024745e-08	1.024745e-08
2.859760e+02	3.092495e+02	1.578055e-07	1.004092e-08	1.004092e-08
3.092495e+02	3.344170e+02	1.335228e-07	8.881802e-09	8.881802e-09
3.344170e+02	3.616328e+02	1.420493e-07	8.809525e-09	8.809525e-09
3.616328e+02	3.910634e+02	1.318646e-07	8.162216e-09	8.162216e-09
3.910634e+02	4.228892e+02	1.013835e-07	6.882361e-09	6.882361e-09
4.228892e+02	4.573051e+02	9.288942e-08	6.335006e-09	6.335006e-09
4.573051e+02	4.945218e+02	7.511158e-08	5.478075e-09	5.478075e-09
4.945218e+02	5.347672e+02	6.096135e-08	4.745835e-09	4.745835e-09
5.347672e+02	5.782880e+02	4.646532e-08	3.984369e-09	3.984369e-09
5.782880e+02	6.253506e+02	3.506986e-08	3.328684e-09	3.328684e-09
6.253506e+02	6.762433e+02	2.687938e-08	2.802369e-09	2.802369e-09
6.762433e+02	7.312778e+02	1.918273e-08	2.276570e-09	2.276570e-09
7.312778e+02	7.907911e+02	9.744005e-09	1.560290e-09	1.560290e-09
7.907911e+02	8.551478e+02	5.545036e-09	1.131876e-09	1.131876e-09
8.551478e+02	9.247420e+02	1.709243e-09	6.043087e-10	6.043087e-10
9.247420e+02	1.000000e+03	7.903042e-10	3.951521e-10	3.951521e-10
# END HISTO1D

