# BEGIN PLOT
Legend=1
LogY=1
LegendPlacement=manual
LegendAlign=r
LegendXPos=1.36
RightMargin=3.7
Title=Jet $\phi$ distribution
XLabel=$\phi^\mathrm{jet}$ [rad]
YLabel=$\mathrm{d}\sigma/\mathrm{d}\phi^\mathrm{jet}$ [pb/rad]
XMin=0
DrawOnly=//eos/home-y/yiyu/monobc/Rivet_New2/X600_pi20_L40_darkQCDsch.yoda.gz/JetMETAnalysis/jet_phi //eos/home-y/yiyu/monobc/Rivet_New2/X1500_pi20_L40_darkQCDsch.yoda.gz/JetMETAnalysis/jet_phi //eos/home-y/yiyu/monobc/Rivet_New2/X2000_pi20_L40_darkQCDsch.yoda.gz/JetMETAnalysis/jet_phi
LegendOnly=//eos/home-y/yiyu/monobc/Rivet_New2/X600_pi20_L40_darkQCDsch.yoda.gz/JetMETAnalysis/jet_phi //eos/home-y/yiyu/monobc/Rivet_New2/X1500_pi20_L40_darkQCDsch.yoda.gz/JetMETAnalysis/jet_phi //eos/home-y/yiyu/monobc/Rivet_New2/X2000_pi20_L40_darkQCDsch.yoda.gz/JetMETAnalysis/jet_phi
RatioPlot=1
RatioPlotReference=//eos/home-y/yiyu/monobc/Rivet_New2/X600_pi20_L40_darkQCDsch.yoda.gz/JetMETAnalysis/jet_phi
RatioPlotYLabel=Ratio
# END PLOT

# BEGIN HISTO1D //eos/home-y/yiyu/monobc/Rivet_New2/X600_pi20_L40_darkQCDsch.yoda.gz/JetMETAnalysis/jet_phi
ErrorBars=1
LineColor=red
LineStyle=solid
Path=//eos/home-y/yiyu/monobc/Rivet_New2/X600_pi20_L40_darkQCDsch.yoda.gz/JetMETAnalysis/jet_phi
ScaledBy=6.55862147493073246e-06
Title=X600_pi20_L40
# xlow	 xhigh	 val	 errminus	 errplus
-3.141593e+00	-3.015929e+00	0.000000e+00	0.000000e+00	0.000000e+00
-3.015929e+00	-2.890265e+00	0.000000e+00	0.000000e+00	0.000000e+00
-2.890265e+00	-2.764602e+00	0.000000e+00	0.000000e+00	0.000000e+00
-2.764602e+00	-2.638938e+00	0.000000e+00	0.000000e+00	0.000000e+00
-2.638938e+00	-2.513274e+00	0.000000e+00	0.000000e+00	0.000000e+00
-2.513274e+00	-2.387610e+00	0.000000e+00	0.000000e+00	0.000000e+00
-2.387610e+00	-2.261947e+00	0.000000e+00	0.000000e+00	0.000000e+00
-2.261947e+00	-2.136283e+00	0.000000e+00	0.000000e+00	0.000000e+00
-2.136283e+00	-2.010619e+00	0.000000e+00	0.000000e+00	0.000000e+00
-2.010619e+00	-1.884956e+00	0.000000e+00	0.000000e+00	0.000000e+00
-1.884956e+00	-1.759292e+00	0.000000e+00	0.000000e+00	0.000000e+00
-1.759292e+00	-1.633628e+00	0.000000e+00	0.000000e+00	0.000000e+00
-1.633628e+00	-1.507964e+00	0.000000e+00	0.000000e+00	0.000000e+00
-1.507964e+00	-1.382301e+00	0.000000e+00	0.000000e+00	0.000000e+00
-1.382301e+00	-1.256637e+00	0.000000e+00	0.000000e+00	0.000000e+00
-1.256637e+00	-1.130973e+00	0.000000e+00	0.000000e+00	0.000000e+00
-1.130973e+00	-1.005310e+00	0.000000e+00	0.000000e+00	0.000000e+00
-1.005310e+00	-8.796459e-01	0.000000e+00	0.000000e+00	0.000000e+00
-8.796459e-01	-7.539822e-01	0.000000e+00	0.000000e+00	0.000000e+00
-7.539822e-01	-6.283185e-01	0.000000e+00	0.000000e+00	0.000000e+00
-6.283185e-01	-5.026548e-01	0.000000e+00	0.000000e+00	0.000000e+00
-5.026548e-01	-3.769911e-01	0.000000e+00	0.000000e+00	0.000000e+00
-3.769911e-01	-2.513274e-01	0.000000e+00	0.000000e+00	0.000000e+00
-2.513274e-01	-1.256637e-01	0.000000e+00	0.000000e+00	0.000000e+00
-1.256637e-01	4.440892e-16	0.000000e+00	0.000000e+00	0.000000e+00
4.440892e-16	1.256637e-01	2.844456e-02	1.218431e-03	1.218431e-03
1.256637e-01	2.513274e-01	2.771387e-02	1.202680e-03	1.202680e-03
2.513274e-01	3.769911e-01	2.792264e-02	1.207201e-03	1.207201e-03
3.769911e-01	5.026548e-01	2.708758e-02	1.189012e-03	1.189012e-03
5.026548e-01	6.283185e-01	2.776607e-02	1.203812e-03	1.203812e-03
6.283185e-01	7.539822e-01	2.807921e-02	1.210581e-03	1.210581e-03
7.539822e-01	8.796459e-01	2.766168e-02	1.201547e-03	1.201547e-03
8.796459e-01	1.005310e+00	2.708749e-02	1.189009e-03	1.189009e-03
1.005310e+00	1.130973e+00	2.860130e-02	1.221787e-03	1.221787e-03
1.130973e+00	1.256637e+00	2.672216e-02	1.180964e-03	1.180964e-03
1.256637e+00	1.382301e+00	2.593929e-02	1.163536e-03	1.163536e-03
1.382301e+00	1.507964e+00	2.562634e-02	1.156501e-03	1.156501e-03
1.507964e+00	1.633628e+00	2.698312e-02	1.186716e-03	1.186716e-03
1.633628e+00	1.759292e+00	2.703532e-02	1.187864e-03	1.187864e-03
1.759292e+00	1.884956e+00	2.880983e-02	1.226228e-03	1.226228e-03
1.884956e+00	2.010619e+00	2.687895e-02	1.184428e-03	1.184428e-03
2.010619e+00	2.136283e+00	2.880983e-02	1.226228e-03	1.226228e-03
2.136283e+00	2.261947e+00	2.750505e-02	1.198139e-03	1.198139e-03
2.261947e+00	2.387610e+00	2.865349e-02	1.222901e-03	1.222901e-03
2.387610e+00	2.513274e+00	2.745285e-02	1.197001e-03	1.197001e-03
2.513274e+00	2.638938e+00	2.787038e-02	1.206070e-03	1.206070e-03
2.638938e+00	2.764602e+00	2.755723e-02	1.199275e-03	1.199275e-03
2.764602e+00	2.890265e+00	2.661799e-02	1.178664e-03	1.178664e-03
2.890265e+00	3.015929e+00	2.964490e-02	1.243872e-03	1.243872e-03
3.015929e+00	3.141593e+00	2.938394e-02	1.238386e-03	1.238386e-03
# END HISTO1D


# BEGIN HISTO1D //eos/home-y/yiyu/monobc/Rivet_New2/X1500_pi20_L40_darkQCDsch.yoda.gz/JetMETAnalysis/jet_phi
ErrorBars=1
LineColor=blue
LineStyle=solid
Path=//eos/home-y/yiyu/monobc/Rivet_New2/X1500_pi20_L40_darkQCDsch.yoda.gz/JetMETAnalysis/jet_phi
ScaledBy=4.65680697762609053e-08
Title=X1500_pi20_L40
# xlow	 xhigh	 val	 errminus	 errplus
-3.141593e+00	-3.015929e+00	0.000000e+00	0.000000e+00	0.000000e+00
-3.015929e+00	-2.890265e+00	0.000000e+00	0.000000e+00	0.000000e+00
-2.890265e+00	-2.764602e+00	0.000000e+00	0.000000e+00	0.000000e+00
-2.764602e+00	-2.638938e+00	0.000000e+00	0.000000e+00	0.000000e+00
-2.638938e+00	-2.513274e+00	0.000000e+00	0.000000e+00	0.000000e+00
-2.513274e+00	-2.387610e+00	0.000000e+00	0.000000e+00	0.000000e+00
-2.387610e+00	-2.261947e+00	0.000000e+00	0.000000e+00	0.000000e+00
-2.261947e+00	-2.136283e+00	0.000000e+00	0.000000e+00	0.000000e+00
-2.136283e+00	-2.010619e+00	0.000000e+00	0.000000e+00	0.000000e+00
-2.010619e+00	-1.884956e+00	0.000000e+00	0.000000e+00	0.000000e+00
-1.884956e+00	-1.759292e+00	0.000000e+00	0.000000e+00	0.000000e+00
-1.759292e+00	-1.633628e+00	0.000000e+00	0.000000e+00	0.000000e+00
-1.633628e+00	-1.507964e+00	0.000000e+00	0.000000e+00	0.000000e+00
-1.507964e+00	-1.382301e+00	0.000000e+00	0.000000e+00	0.000000e+00
-1.382301e+00	-1.256637e+00	0.000000e+00	0.000000e+00	0.000000e+00
-1.256637e+00	-1.130973e+00	0.000000e+00	0.000000e+00	0.000000e+00
-1.130973e+00	-1.005310e+00	0.000000e+00	0.000000e+00	0.000000e+00
-1.005310e+00	-8.796459e-01	0.000000e+00	0.000000e+00	0.000000e+00
-8.796459e-01	-7.539822e-01	0.000000e+00	0.000000e+00	0.000000e+00
-7.539822e-01	-6.283185e-01	0.000000e+00	0.000000e+00	0.000000e+00
-6.283185e-01	-5.026548e-01	0.000000e+00	0.000000e+00	0.000000e+00
-5.026548e-01	-3.769911e-01	0.000000e+00	0.000000e+00	0.000000e+00
-3.769911e-01	-2.513274e-01	0.000000e+00	0.000000e+00	0.000000e+00
-2.513274e-01	-1.256637e-01	0.000000e+00	0.000000e+00	0.000000e+00
-1.256637e-01	4.440892e-16	0.000000e+00	0.000000e+00	0.000000e+00
4.440892e-16	1.256637e-01	3.009085e-04	1.055982e-05	1.055982e-05
1.256637e-01	2.513274e-01	2.909029e-04	1.038277e-05	1.038277e-05
2.513274e-01	3.769911e-01	3.068377e-04	1.066335e-05	1.066335e-05
3.769911e-01	5.026548e-01	3.075789e-04	1.067622e-05	1.067622e-05
5.026548e-01	6.283185e-01	3.005379e-04	1.055331e-05	1.055331e-05
6.283185e-01	7.539822e-01	2.897912e-04	1.036291e-05	1.036291e-05
7.539822e-01	8.796459e-01	2.834913e-04	1.024965e-05	1.024965e-05
8.796459e-01	1.005310e+00	3.023898e-04	1.058576e-05	1.058576e-05
1.005310e+00	1.130973e+00	2.946103e-04	1.044875e-05	1.044875e-05
1.130973e+00	1.256637e+00	2.905317e-04	1.037613e-05	1.037613e-05
1.256637e+00	1.382301e+00	2.960903e-04	1.047492e-05	1.047492e-05
1.382301e+00	1.507964e+00	2.997984e-04	1.054035e-05	1.054035e-05
1.507964e+00	1.633628e+00	2.875670e-04	1.032305e-05	1.032305e-05
1.633628e+00	1.759292e+00	3.035018e-04	1.060521e-05	1.060521e-05
1.759292e+00	1.884956e+00	3.046135e-04	1.062462e-05	1.062462e-05
1.884956e+00	2.010619e+00	2.831224e-04	1.024301e-05	1.024301e-05
2.010619e+00	2.136283e+00	3.012783e-04	1.056629e-05	1.056629e-05
2.136283e+00	2.261947e+00	2.857141e-04	1.028974e-05	1.028974e-05
2.261947e+00	2.387610e+00	2.834929e-04	1.024971e-05	1.024971e-05
2.387610e+00	2.513274e+00	2.972020e-04	1.049457e-05	1.049457e-05
2.513274e+00	2.638938e+00	2.890493e-04	1.034962e-05	1.034962e-05
2.638938e+00	2.764602e+00	2.931256e-04	1.042235e-05	1.042235e-05
2.764602e+00	2.890265e+00	2.868282e-04	1.030983e-05	1.030983e-05
2.890265e+00	3.015929e+00	2.931256e-04	1.042235e-05	1.042235e-05
3.015929e+00	3.141593e+00	3.212895e-04	1.091156e-05	1.091156e-05
# END HISTO1D


# BEGIN HISTO1D //eos/home-y/yiyu/monobc/Rivet_New2/X2000_pi20_L40_darkQCDsch.yoda.gz/JetMETAnalysis/jet_phi
ErrorBars=1
LineColor=violet
LineStyle=solid
Path=//eos/home-y/yiyu/monobc/Rivet_New2/X2000_pi20_L40_darkQCDsch.yoda.gz/JetMETAnalysis/jet_phi
ScaledBy=9.01114307123347373e-09
Title=X2000_pi20_L40
# xlow	 xhigh	 val	 errminus	 errplus
-3.141593e+00	-3.015929e+00	0.000000e+00	0.000000e+00	0.000000e+00
-3.015929e+00	-2.890265e+00	0.000000e+00	0.000000e+00	0.000000e+00
-2.890265e+00	-2.764602e+00	0.000000e+00	0.000000e+00	0.000000e+00
-2.764602e+00	-2.638938e+00	0.000000e+00	0.000000e+00	0.000000e+00
-2.638938e+00	-2.513274e+00	0.000000e+00	0.000000e+00	0.000000e+00
-2.513274e+00	-2.387610e+00	0.000000e+00	0.000000e+00	0.000000e+00
-2.387610e+00	-2.261947e+00	0.000000e+00	0.000000e+00	0.000000e+00
-2.261947e+00	-2.136283e+00	0.000000e+00	0.000000e+00	0.000000e+00
-2.136283e+00	-2.010619e+00	0.000000e+00	0.000000e+00	0.000000e+00
-2.010619e+00	-1.884956e+00	0.000000e+00	0.000000e+00	0.000000e+00
-1.884956e+00	-1.759292e+00	0.000000e+00	0.000000e+00	0.000000e+00
-1.759292e+00	-1.633628e+00	0.000000e+00	0.000000e+00	0.000000e+00
-1.633628e+00	-1.507964e+00	0.000000e+00	0.000000e+00	0.000000e+00
-1.507964e+00	-1.382301e+00	0.000000e+00	0.000000e+00	0.000000e+00
-1.382301e+00	-1.256637e+00	0.000000e+00	0.000000e+00	0.000000e+00
-1.256637e+00	-1.130973e+00	0.000000e+00	0.000000e+00	0.000000e+00
-1.130973e+00	-1.005310e+00	0.000000e+00	0.000000e+00	0.000000e+00
-1.005310e+00	-8.796459e-01	0.000000e+00	0.000000e+00	0.000000e+00
-8.796459e-01	-7.539822e-01	0.000000e+00	0.000000e+00	0.000000e+00
-7.539822e-01	-6.283185e-01	0.000000e+00	0.000000e+00	0.000000e+00
-6.283185e-01	-5.026548e-01	0.000000e+00	0.000000e+00	0.000000e+00
-5.026548e-01	-3.769911e-01	0.000000e+00	0.000000e+00	0.000000e+00
-3.769911e-01	-2.513274e-01	0.000000e+00	0.000000e+00	0.000000e+00
-2.513274e-01	-1.256637e-01	0.000000e+00	0.000000e+00	0.000000e+00
-1.256637e-01	4.440892e-16	0.000000e+00	0.000000e+00	0.000000e+00
4.440892e-16	1.256637e-01	6.023506e-05	2.078307e-06	2.078307e-06
1.256637e-01	2.513274e-01	5.923114e-05	2.060915e-06	2.060915e-06
2.513274e-01	3.769911e-01	5.751014e-05	2.030754e-06	2.030754e-06
3.769911e-01	5.026548e-01	5.435496e-05	1.974261e-06	1.974261e-06
5.026548e-01	6.283185e-01	5.829893e-05	2.044633e-06	2.044633e-06
6.283185e-01	7.539822e-01	5.844235e-05	2.047146e-06	2.047146e-06
7.539822e-01	8.796459e-01	5.980480e-05	2.070871e-06	2.070871e-06
8.796459e-01	1.005310e+00	6.238611e-05	2.115087e-06	2.115087e-06
1.005310e+00	1.130973e+00	5.908805e-05	2.058430e-06	2.058430e-06
1.130973e+00	1.256637e+00	6.260129e-05	2.118732e-06	2.118732e-06
1.256637e+00	1.382301e+00	5.937441e-05	2.063404e-06	2.063404e-06
1.382301e+00	1.507964e+00	5.808413e-05	2.040868e-06	2.040868e-06
1.507964e+00	1.633628e+00	6.030662e-05	2.079539e-06	2.079539e-06
1.633628e+00	1.759292e+00	6.245787e-05	2.116304e-06	2.116304e-06
1.759292e+00	1.884956e+00	6.195591e-05	2.107783e-06	2.107783e-06
1.884956e+00	2.010619e+00	6.296033e-05	2.124808e-06	2.124808e-06
2.010619e+00	2.136283e+00	5.851392e-05	2.048397e-06	2.048397e-06
2.136283e+00	2.261947e+00	5.722317e-05	2.025678e-06	2.025678e-06
2.261947e+00	2.387610e+00	5.923147e-05	2.060926e-06	2.060926e-06
2.387610e+00	2.513274e+00	5.729487e-05	2.026947e-06	2.026947e-06
2.513274e+00	2.638938e+00	5.980466e-05	2.070866e-06	2.070866e-06
2.638938e+00	2.764602e+00	6.145396e-05	2.099227e-06	2.099227e-06
2.764602e+00	2.890265e+00	5.686508e-05	2.019338e-06	2.019338e-06
2.890265e+00	3.015929e+00	6.188420e-05	2.106563e-06	2.106563e-06
3.015929e+00	3.141593e+00	5.808367e-05	2.040852e-06	2.040852e-06
# END HISTO1D

