# BEGIN PLOT
Legend=1
LogY=1
LegendPlacement=manual
LegendAlign=r
LegendXPos=1.36
RightMargin=3.7
Title=Jet $\eta$ distribution
XLabel=$\eta^\mathrm{jet}$
YLabel=$\mathrm{d}\sigma/\mathrm{d}\eta^\mathrm{jet}$ [pb]
DrawOnly=//eos/home-y/yiyu/monobc/Rivet_New2/X600_pi20_L40_darkQCDsch.yoda.gz/JetMETAnalysis/jet_eta //eos/home-y/yiyu/monobc/Rivet_New2/X1500_pi20_L40_darkQCDsch.yoda.gz/JetMETAnalysis/jet_eta //eos/home-y/yiyu/monobc/Rivet_New2/X2000_pi20_L40_darkQCDsch.yoda.gz/JetMETAnalysis/jet_eta
LegendOnly=//eos/home-y/yiyu/monobc/Rivet_New2/X600_pi20_L40_darkQCDsch.yoda.gz/JetMETAnalysis/jet_eta //eos/home-y/yiyu/monobc/Rivet_New2/X1500_pi20_L40_darkQCDsch.yoda.gz/JetMETAnalysis/jet_eta //eos/home-y/yiyu/monobc/Rivet_New2/X2000_pi20_L40_darkQCDsch.yoda.gz/JetMETAnalysis/jet_eta
RatioPlot=1
RatioPlotReference=//eos/home-y/yiyu/monobc/Rivet_New2/X600_pi20_L40_darkQCDsch.yoda.gz/JetMETAnalysis/jet_eta
RatioPlotYLabel=Ratio
# END PLOT

# BEGIN HISTO1D //eos/home-y/yiyu/monobc/Rivet_New2/X600_pi20_L40_darkQCDsch.yoda.gz/JetMETAnalysis/jet_eta
ErrorBars=1
LineColor=red
LineStyle=solid
Path=//eos/home-y/yiyu/monobc/Rivet_New2/X600_pi20_L40_darkQCDsch.yoda.gz/JetMETAnalysis/jet_eta
ScaledBy=6.55862147493073246e-06
Title=X600_pi20_L40
# xlow	 xhigh	 val	 errminus	 errplus
-2.500000e+00	-2.400000e+00	1.613421e-02	1.028680e-03	1.028680e-03
-2.400000e+00	-2.300000e+00	1.823297e-02	1.093541e-03	1.093541e-03
-2.300000e+00	-2.200000e+00	1.961028e-02	1.134092e-03	1.134092e-03
-2.200000e+00	-2.100000e+00	2.282400e-02	1.223495e-03	1.223495e-03
-2.100000e+00	-2.000000e+00	2.269283e-02	1.219974e-03	1.219974e-03
-2.000000e+00	-1.900000e+00	2.551304e-02	1.293563e-03	1.293563e-03
-1.900000e+00	-1.800000e+00	2.813649e-02	1.358442e-03	1.358442e-03
-1.800000e+00	-1.700000e+00	2.780856e-02	1.350503e-03	1.350503e-03
-1.700000e+00	-1.600000e+00	3.089111e-02	1.423387e-03	1.423387e-03
-1.600000e+00	-1.500000e+00	3.377690e-02	1.488388e-03	1.488388e-03
-1.500000e+00	-1.400000e+00	3.410483e-02	1.495596e-03	1.495596e-03
-1.400000e+00	-1.300000e+00	3.436718e-02	1.501337e-03	1.501337e-03
-1.300000e+00	-1.200000e+00	3.502304e-02	1.515595e-03	1.515595e-03
-1.200000e+00	-1.100000e+00	3.764649e-02	1.571334e-03	1.571334e-03
-1.100000e+00	-1.000000e+00	4.256545e-02	1.670840e-03	1.670840e-03
-1.000000e+00	-9.000000e-01	4.151607e-02	1.650116e-03	1.650116e-03
-9.000000e-01	-8.000000e-01	3.908938e-02	1.601164e-03	1.601164e-03
-8.000000e-01	-7.000000e-01	4.282780e-02	1.675981e-03	1.675981e-03
-7.000000e-01	-6.000000e-01	4.230311e-02	1.665683e-03	1.665683e-03
-6.000000e-01	-5.000000e-01	4.217194e-02	1.663099e-03	1.663099e-03
-5.000000e-01	-4.000000e-01	4.551683e-02	1.727795e-03	1.727795e-03
-4.000000e-01	-3.000000e-01	4.400835e-02	1.698923e-03	1.698923e-03
-3.000000e-01	-2.000000e-01	4.604152e-02	1.737725e-03	1.737725e-03
-2.000000e-01	-1.000000e-01	4.236869e-02	1.666974e-03	1.666974e-03
-1.000000e-01	0.000000e+00	4.709090e-02	1.757417e-03	1.757417e-03
0.000000e+00	1.000000e-01	4.394276e-02	1.697657e-03	1.697657e-03
1.000000e-01	2.000000e-01	4.263104e-02	1.672127e-03	1.672127e-03
2.000000e-01	3.000000e-01	4.302456e-02	1.679827e-03	1.679827e-03
3.000000e-01	4.000000e-01	4.177842e-02	1.655321e-03	1.655321e-03
4.000000e-01	5.000000e-01	4.151607e-02	1.650116e-03	1.650116e-03
5.000000e-01	6.000000e-01	4.532007e-02	1.724057e-03	1.724057e-03
6.000000e-01	7.000000e-01	4.033552e-02	1.626485e-03	1.626485e-03
7.000000e-01	8.000000e-01	4.197518e-02	1.659215e-03	1.659215e-03
8.000000e-01	9.000000e-01	4.249987e-02	1.669552e-03	1.669552e-03
9.000000e-01	1.000000e+00	4.145049e-02	1.648812e-03	1.648812e-03
1.000000e+00	1.100000e+00	3.830235e-02	1.584962e-03	1.584962e-03
1.100000e+00	1.200000e+00	3.764649e-02	1.571334e-03	1.571334e-03
1.200000e+00	1.300000e+00	3.659711e-02	1.549279e-03	1.549279e-03
1.300000e+00	1.400000e+00	3.620359e-02	1.540927e-03	1.540927e-03
1.400000e+00	1.500000e+00	3.318662e-02	1.475325e-03	1.475325e-03
1.500000e+00	1.600000e+00	3.430159e-02	1.499904e-03	1.499904e-03
1.600000e+00	1.700000e+00	3.239959e-02	1.457726e-03	1.457726e-03
1.700000e+00	1.800000e+00	2.984173e-02	1.399002e-03	1.399002e-03
1.800000e+00	1.900000e+00	2.721828e-02	1.336093e-03	1.336093e-03
1.900000e+00	2.000000e+00	2.774297e-02	1.348909e-03	1.348909e-03
2.000000e+00	2.100000e+00	2.236490e-02	1.211127e-03	1.211127e-03
2.100000e+00	2.200000e+00	2.164345e-02	1.191433e-03	1.191433e-03
2.200000e+00	2.300000e+00	2.052849e-02	1.160339e-03	1.160339e-03
2.300000e+00	2.400000e+00	1.810180e-02	1.089600e-03	1.089600e-03
2.400000e+00	2.500000e+00	1.849531e-02	1.101380e-03	1.101380e-03
# END HISTO1D


# BEGIN HISTO1D //eos/home-y/yiyu/monobc/Rivet_New2/X1500_pi20_L40_darkQCDsch.yoda.gz/JetMETAnalysis/jet_eta
ErrorBars=1
LineColor=blue
LineStyle=solid
Path=//eos/home-y/yiyu/monobc/Rivet_New2/X1500_pi20_L40_darkQCDsch.yoda.gz/JetMETAnalysis/jet_eta
ScaledBy=4.65680697762609053e-08
Title=X1500_pi20_L40
# xlow	 xhigh	 val	 errminus	 errplus
-2.500000e+00	-2.400000e+00	1.331847e-04	7.875375e-06	7.875375e-06
-2.400000e+00	-2.300000e+00	1.424983e-04	8.146085e-06	8.146085e-06
-2.300000e+00	-2.200000e+00	1.592628e-04	8.611946e-06	8.611946e-06
-2.200000e+00	-2.100000e+00	1.564687e-04	8.536068e-06	8.536068e-06
-2.100000e+00	-2.000000e+00	1.783557e-04	9.113551e-06	9.113551e-06
-2.000000e+00	-1.900000e+00	1.941889e-04	9.509469e-06	9.509469e-06
-1.900000e+00	-1.800000e+00	2.379628e-04	1.052686e-05	1.052686e-05
-1.800000e+00	-1.700000e+00	2.412226e-04	1.059871e-05	1.059871e-05
-1.700000e+00	-1.600000e+00	2.714918e-04	1.124404e-05	1.124404e-05
-1.600000e+00	-1.500000e+00	3.120061e-04	1.205385e-05	1.205385e-05
-1.500000e+00	-1.400000e+00	2.957072e-04	1.173479e-05	1.173479e-05
-1.400000e+00	-1.300000e+00	3.441380e-04	1.265932e-05	1.265932e-05
-1.300000e+00	-1.200000e+00	3.655593e-04	1.304737e-05	1.304737e-05
-1.200000e+00	-1.100000e+00	3.869807e-04	1.342421e-05	1.342421e-05
-1.100000e+00	-1.000000e+00	4.186469e-04	1.396266e-05	1.396266e-05
-1.000000e+00	-9.000000e-01	4.801168e-04	1.495263e-05	1.495263e-05
-9.000000e-01	-8.000000e-01	5.024695e-04	1.529674e-05	1.529674e-05
-8.000000e-01	-7.000000e-01	4.978127e-04	1.522569e-05	1.522569e-05
-7.000000e-01	-6.000000e-01	5.346014e-04	1.577826e-05	1.577826e-05
-6.000000e-01	-5.000000e-01	5.234251e-04	1.561246e-05	1.561246e-05
-5.000000e-01	-4.000000e-01	5.527630e-04	1.604404e-05	1.604404e-05
-4.000000e-01	-3.000000e-01	5.476405e-04	1.596952e-05	1.596952e-05
-3.000000e-01	-2.000000e-01	5.509003e-04	1.601698e-05	1.601698e-05
-2.000000e-01	-1.000000e-01	6.077133e-04	1.682262e-05	1.682262e-05
-1.000000e-01	0.000000e+00	5.983997e-04	1.669321e-05	1.669321e-05
0.000000e+00	1.000000e-01	6.081790e-04	1.682906e-05	1.682906e-05
1.000000e-01	2.000000e-01	5.741843e-04	1.635196e-05	1.635196e-05
2.000000e-01	3.000000e-01	5.653364e-04	1.622548e-05	1.622548e-05
3.000000e-01	4.000000e-01	5.392582e-04	1.584684e-05	1.584684e-05
4.000000e-01	5.000000e-01	5.522973e-04	1.603728e-05	1.603728e-05
5.000000e-01	6.000000e-01	5.481062e-04	1.597631e-05	1.597631e-05
6.000000e-01	7.000000e-01	5.308760e-04	1.572319e-05	1.572319e-05
7.000000e-01	8.000000e-01	4.847736e-04	1.502497e-05	1.502497e-05
8.000000e-01	9.000000e-01	4.694061e-04	1.478490e-05	1.478490e-05
9.000000e-01	1.000000e+00	4.465878e-04	1.442107e-05	1.442107e-05
1.000000e+00	1.100000e+00	4.251665e-04	1.407096e-05	1.407096e-05
1.100000e+00	1.200000e+00	3.860493e-04	1.340805e-05	1.340805e-05
1.200000e+00	1.300000e+00	3.669564e-04	1.307228e-05	1.307228e-05
1.300000e+00	1.400000e+00	3.450694e-04	1.267644e-05	1.267644e-05
1.400000e+00	1.500000e+00	3.287706e-04	1.237344e-05	1.237344e-05
1.500000e+00	1.600000e+00	3.026925e-04	1.187257e-05	1.187257e-05
1.600000e+00	1.700000e+00	2.626439e-04	1.105930e-05	1.105930e-05
1.700000e+00	1.800000e+00	2.416883e-04	1.060894e-05	1.060894e-05
1.800000e+00	1.900000e+00	2.295806e-04	1.033979e-05	1.033979e-05
1.900000e+00	2.000000e+00	2.081593e-04	9.845595e-06	9.845595e-06
2.000000e+00	2.100000e+00	1.811498e-04	9.184659e-06	9.184659e-06
2.100000e+00	2.200000e+00	1.550717e-04	8.497875e-06	8.497875e-06
2.200000e+00	2.300000e+00	1.443610e-04	8.199155e-06	8.199155e-06
2.300000e+00	2.400000e+00	1.275965e-04	7.708387e-06	7.708387e-06
2.400000e+00	2.500000e+00	1.131604e-04	7.259244e-06	7.259244e-06
# END HISTO1D


# BEGIN HISTO1D //eos/home-y/yiyu/monobc/Rivet_New2/X2000_pi20_L40_darkQCDsch.yoda.gz/JetMETAnalysis/jet_eta
ErrorBars=1
LineColor=violet
LineStyle=solid
Path=//eos/home-y/yiyu/monobc/Rivet_New2/X2000_pi20_L40_darkQCDsch.yoda.gz/JetMETAnalysis/jet_eta
ScaledBy=9.01114307123347373e-09
Title=X2000_pi20_L40
# xlow	 xhigh	 val	 errminus	 errplus
-2.500000e+00	-2.400000e+00	2.054541e-05	1.360653e-06	1.360653e-06
-2.400000e+00	-2.300000e+00	2.604220e-05	1.531894e-06	1.531894e-06
-2.300000e+00	-2.200000e+00	2.991699e-05	1.641908e-06	1.641908e-06
-2.200000e+00	-2.100000e+00	3.415223e-05	1.754282e-06	1.754282e-06
-2.100000e+00	-2.000000e+00	3.343134e-05	1.735669e-06	1.735669e-06
-2.000000e+00	-1.900000e+00	3.793691e-05	1.848932e-06	1.848932e-06
-1.900000e+00	-1.800000e+00	4.334360e-05	1.976298e-06	1.976298e-06
-1.800000e+00	-1.700000e+00	4.730850e-05	2.064712e-06	2.064712e-06
-1.700000e+00	-1.600000e+00	5.136352e-05	2.151381e-06	2.151381e-06
-1.600000e+00	-1.500000e+00	5.884276e-05	2.302695e-06	2.302695e-06
-1.500000e+00	-1.400000e+00	6.190655e-05	2.361882e-06	2.361882e-06
-1.400000e+00	-1.300000e+00	6.677257e-05	2.452952e-06	2.452952e-06
-1.300000e+00	-1.200000e+00	7.569360e-05	2.611677e-06	2.611677e-06
-1.200000e+00	-1.100000e+00	8.092006e-05	2.700338e-06	2.700338e-06
-1.100000e+00	-1.000000e+00	8.686742e-05	2.797811e-06	2.797811e-06
-1.000000e+00	-9.000000e-01	9.488734e-05	2.924113e-06	2.924113e-06
-9.000000e-01	-8.000000e-01	9.668957e-05	2.951751e-06	2.951751e-06
-8.000000e-01	-7.000000e-01	1.047996e-04	3.073051e-06	3.073051e-06
-7.000000e-01	-6.000000e-01	1.066018e-04	3.099362e-06	3.099362e-06
-6.000000e-01	-5.000000e-01	1.103865e-04	3.153900e-06	3.153900e-06
-5.000000e-01	-4.000000e-01	1.136305e-04	3.199908e-06	3.199908e-06
-4.000000e-01	-3.000000e-01	1.182262e-04	3.263975e-06	3.263975e-06
-3.000000e-01	-2.000000e-01	1.175053e-04	3.254008e-06	3.254008e-06
-2.000000e-01	-1.000000e-01	1.237230e-04	3.338991e-06	3.338991e-06
-1.000000e-01	0.000000e+00	1.238131e-04	3.340207e-06	3.340207e-06
0.000000e+00	1.000000e-01	1.221911e-04	3.318254e-06	3.318254e-06
1.000000e-01	2.000000e-01	1.178658e-04	3.258995e-06	3.258995e-06
2.000000e-01	3.000000e-01	1.184965e-04	3.267704e-06	3.267704e-06
3.000000e-01	4.000000e-01	1.202086e-04	3.291226e-06	3.291226e-06
4.000000e-01	5.000000e-01	1.154327e-04	3.225184e-06	3.225184e-06
5.000000e-01	6.000000e-01	1.128195e-04	3.188468e-06	3.188468e-06
6.000000e-01	7.000000e-01	1.081337e-04	3.121552e-06	3.121552e-06
7.000000e-01	8.000000e-01	1.026369e-04	3.041177e-06	3.041177e-06
8.000000e-01	9.000000e-01	1.003841e-04	3.007617e-06	3.007617e-06
9.000000e-01	1.000000e+00	9.272466e-05	2.890597e-06	2.890597e-06
1.000000e+00	1.100000e+00	8.425419e-05	2.755407e-06	2.755407e-06
1.100000e+00	1.200000e+00	7.145836e-05	2.537561e-06	2.537561e-06
1.200000e+00	1.300000e+00	7.497271e-05	2.599211e-06	2.599211e-06
1.300000e+00	1.400000e+00	7.163859e-05	2.540759e-06	2.540759e-06
1.400000e+00	1.500000e+00	6.244722e-05	2.372174e-06	2.372174e-06
1.500000e+00	1.600000e+00	5.640976e-05	2.254587e-06	2.254587e-06
1.600000e+00	1.700000e+00	5.028218e-05	2.128614e-06	2.128614e-06
1.700000e+00	1.800000e+00	4.766895e-05	2.072563e-06	2.072563e-06
1.800000e+00	1.900000e+00	4.208204e-05	1.947325e-06	1.947325e-06
1.900000e+00	2.000000e+00	3.847758e-05	1.862061e-06	1.862061e-06
2.000000e+00	2.100000e+00	3.766658e-05	1.842332e-06	1.842332e-06
2.100000e+00	2.200000e+00	2.838510e-05	1.599319e-06	1.599319e-06
2.200000e+00	2.300000e+00	2.694332e-05	1.558172e-06	1.558172e-06
2.300000e+00	2.400000e+00	2.496087e-05	1.499753e-06	1.499753e-06
2.400000e+00	2.500000e+00	2.568176e-05	1.521256e-06	1.521256e-06
# END HISTO1D

