# BEGIN PLOT
Legend=1
LogY=1
LegendPlacement=manual
LegendAlign=r
LegendXPos=1.36
RightMargin=3.7
Title=Jet $p_\mathrm{T}$ spectrum
XLabel=$p_\mathrm{T}^\mathrm{jet}$ [GeV]
YLabel=$\mathrm{d}\sigma/\mathrm{d}p_\mathrm{T}^\mathrm{jet}$ [pb/GeV]
LogX=1
DrawOnly=//eos/home-y/yiyu/monobc/Rivet_New2/X600_pi20_L40_darkQCDsch.yoda.gz/JetMETAnalysis/jet_pt //eos/home-y/yiyu/monobc/Rivet_New2/X1500_pi20_L40_darkQCDsch.yoda.gz/JetMETAnalysis/jet_pt //eos/home-y/yiyu/monobc/Rivet_New2/X2000_pi20_L40_darkQCDsch.yoda.gz/JetMETAnalysis/jet_pt
LegendOnly=//eos/home-y/yiyu/monobc/Rivet_New2/X600_pi20_L40_darkQCDsch.yoda.gz/JetMETAnalysis/jet_pt //eos/home-y/yiyu/monobc/Rivet_New2/X1500_pi20_L40_darkQCDsch.yoda.gz/JetMETAnalysis/jet_pt //eos/home-y/yiyu/monobc/Rivet_New2/X2000_pi20_L40_darkQCDsch.yoda.gz/JetMETAnalysis/jet_pt
RatioPlot=1
RatioPlotReference=//eos/home-y/yiyu/monobc/Rivet_New2/X600_pi20_L40_darkQCDsch.yoda.gz/JetMETAnalysis/jet_pt
RatioPlotYLabel=Ratio
# END PLOT

# BEGIN HISTO1D //eos/home-y/yiyu/monobc/Rivet_New2/X600_pi20_L40_darkQCDsch.yoda.gz/JetMETAnalysis/jet_pt
ErrorBars=1
LineColor=red
LineStyle=solid
Path=//eos/home-y/yiyu/monobc/Rivet_New2/X600_pi20_L40_darkQCDsch.yoda.gz/JetMETAnalysis/jet_pt
ScaledBy=6.55862147493073246e-06
Title=X600_pi20_L40
# xlow	 xhigh	 val	 errminus	 errplus
1.000000e+01	1.054412e+01	0.000000e+00	0.000000e+00	0.000000e+00
1.054412e+01	1.111784e+01	0.000000e+00	0.000000e+00	0.000000e+00
1.111784e+01	1.172279e+01	0.000000e+00	0.000000e+00	0.000000e+00
1.172279e+01	1.236065e+01	0.000000e+00	0.000000e+00	0.000000e+00
1.236065e+01	1.303321e+01	0.000000e+00	0.000000e+00	0.000000e+00
1.303321e+01	1.374238e+01	0.000000e+00	0.000000e+00	0.000000e+00
1.374238e+01	1.449012e+01	0.000000e+00	0.000000e+00	0.000000e+00
1.449012e+01	1.527856e+01	0.000000e+00	0.000000e+00	0.000000e+00
1.527856e+01	1.610989e+01	0.000000e+00	0.000000e+00	0.000000e+00
1.610989e+01	1.698646e+01	0.000000e+00	0.000000e+00	0.000000e+00
1.698646e+01	1.791073e+01	0.000000e+00	0.000000e+00	0.000000e+00
1.791073e+01	1.888529e+01	0.000000e+00	0.000000e+00	0.000000e+00
1.888529e+01	1.991287e+01	0.000000e+00	0.000000e+00	0.000000e+00
1.991287e+01	2.099637e+01	5.302586e-03	1.791578e-04	1.791578e-04
2.099637e+01	2.213882e+01	5.402130e-03	1.761044e-04	1.761044e-04
2.213882e+01	2.334344e+01	4.747653e-03	1.607758e-04	1.607758e-04
2.334344e+01	2.461360e+01	4.884783e-03	1.588180e-04	1.588180e-04
2.461360e+01	2.595287e+01	4.309502e-03	1.452733e-04	1.452733e-04
2.595287e+01	2.736502e+01	3.915248e-03	1.348483e-04	1.348483e-04
2.736502e+01	2.885400e+01	3.744058e-03	1.284202e-04	1.284202e-04
2.885400e+01	3.042400e+01	3.329440e-03	1.179348e-04	1.179348e-04
3.042400e+01	3.207943e+01	3.276478e-03	1.139343e-04	1.139343e-04
3.207943e+01	3.382493e+01	3.235161e-03	1.102540e-04	1.102540e-04
3.382493e+01	3.566541e+01	2.711853e-03	9.830459e-05	9.830459e-05
3.566541e+01	3.760603e+01	2.700343e-03	9.553125e-05	9.553125e-05
3.760603e+01	3.965225e+01	2.400723e-03	8.772051e-05	8.772051e-05
3.965225e+01	4.180980e+01	2.313323e-03	8.385791e-05	8.385791e-05
4.180980e+01	4.408475e+01	1.995018e-03	7.583921e-05	7.583921e-05
4.408475e+01	4.648349e+01	2.146343e-03	7.660625e-05	7.660625e-05
4.648349e+01	4.901274e+01	1.895563e-03	7.010992e-05	7.010992e-05
4.901274e+01	5.167962e+01	1.731338e-03	6.525224e-05	6.525224e-05
5.167962e+01	5.449160e+01	1.667656e-03	6.236678e-05	6.236678e-05
5.449160e+01	5.745660e+01	1.515230e-03	5.789395e-05	5.789395e-05
5.745660e+01	6.058292e+01	1.374107e-03	5.369079e-05	5.369079e-05
6.058292e+01	6.387935e+01	1.344979e-03	5.172995e-05	5.172995e-05
6.387935e+01	6.735515e+01	1.120842e-03	4.598869e-05	4.598869e-05
6.735515e+01	7.102007e+01	1.084478e-03	4.405390e-05	4.405390e-05
7.102007e+01	7.488441e+01	1.020027e-03	4.160777e-05	4.160777e-05
7.488441e+01	7.895901e+01	9.287599e-04	3.866477e-05	3.866477e-05
7.895901e+01	8.325532e+01	9.159425e-04	3.739320e-05	3.739320e-05
8.325532e+01	8.778540e+01	7.731219e-04	3.345626e-05	3.345626e-05
8.778540e+01	9.256197e+01	6.577063e-04	3.005136e-05	3.005136e-05
9.256197e+01	9.759844e+01	6.341841e-04	2.873762e-05	2.873762e-05
9.759844e+01	1.029090e+02	5.495818e-04	2.605267e-05	2.605267e-05
1.029090e+02	1.085084e+02	4.907779e-04	2.397607e-05	2.397607e-05
1.085084e+02	1.144126e+02	3.854615e-04	2.069265e-05	2.069265e-05
1.144126e+02	1.206380e+02	3.824300e-04	2.007237e-05	2.007237e-05
1.206380e+02	1.272021e+02	3.457112e-04	1.858555e-05	1.858555e-05
1.272021e+02	1.341234e+02	2.710135e-04	1.602537e-05	1.602537e-05
1.341234e+02	1.414214e+02	2.525312e-04	1.506475e-05	1.506475e-05
1.414214e+02	1.491164e+02	2.275701e-04	1.392706e-05	1.392706e-05
1.491164e+02	1.572301e+02	1.875347e-04	1.231226e-05	1.231226e-05
1.572301e+02	1.657853e+02	1.402922e-04	1.037070e-05	1.037070e-05
1.657853e+02	1.748059e+02	1.337811e-04	9.862478e-06	9.862478e-06
1.748059e+02	1.843175e+02	1.110158e-04	8.749272e-06	8.749272e-06
1.843175e+02	1.943465e+02	8.632346e-05	7.513493e-06	7.513493e-06
1.943465e+02	2.049213e+02	7.752654e-05	6.934184e-06	6.934184e-06
2.049213e+02	2.160715e+02	5.176218e-05	5.517867e-06	5.517867e-06
2.160715e+02	2.278283e+02	4.183933e-05	4.831190e-06	4.831190e-06
2.278283e+02	2.402249e+02	3.333117e-05	4.199332e-06	4.199332e-06
2.402249e+02	2.532960e+02	2.458649e-05	3.512355e-06	3.512355e-06
2.532960e+02	2.670783e+02	2.331777e-05	3.331109e-06	3.331109e-06
2.670783e+02	2.816105e+02	1.940661e-05	2.959480e-06	2.959480e-06
2.816105e+02	2.969335e+02	1.840506e-05	2.806745e-06	2.806745e-06
2.969335e+02	3.130902e+02	1.623753e-05	2.567379e-06	2.567379e-06
3.130902e+02	3.301261e+02	1.347459e-05	2.277621e-06	2.277621e-06
3.301261e+02	3.480888e+02	9.858362e-06	1.897243e-06	1.897243e-06
3.480888e+02	3.670290e+02	7.964451e-06	1.660703e-06	1.660703e-06
3.670290e+02	3.869998e+02	6.896624e-06	1.504966e-06	1.504966e-06
3.869998e+02	4.080572e+02	4.983422e-06	1.245856e-06	1.245856e-06
4.080572e+02	4.302603e+02	3.249314e-06	9.797050e-07	9.797050e-07
4.302603e+02	4.536716e+02	3.361772e-06	9.704601e-07	9.704601e-07
4.536716e+02	4.783567e+02	2.922607e-06	8.811991e-07	8.811991e-07
4.783567e+02	5.043850e+02	3.527726e-06	9.428243e-07	9.428243e-07
5.043850e+02	5.318296e+02	2.628744e-06	7.925963e-07	7.925963e-07
5.318296e+02	5.607674e+02	1.586518e-06	5.996476e-07	5.996476e-07
5.607674e+02	5.912799e+02	2.364436e-06	7.129041e-07	7.129041e-07
5.912799e+02	6.234525e+02	1.223144e-06	4.993465e-07	4.993465e-07
6.234525e+02	6.573758e+02	2.126705e-06	6.412256e-07	6.412256e-07
6.573758e+02	6.931448e+02	5.500814e-07	3.175896e-07	3.175896e-07
6.931448e+02	7.308602e+02	6.955909e-07	3.477954e-07	3.477954e-07
7.308602e+02	7.706277e+02	6.596967e-07	3.298484e-07	3.298484e-07
7.706277e+02	8.125590e+02	7.820676e-07	3.497512e-07	3.497512e-07
8.125590e+02	8.567719e+02	1.483418e-07	1.483418e-07	1.483418e-07
8.567719e+02	9.033905e+02	2.813735e-07	1.989612e-07	1.989612e-07
9.033905e+02	9.525456e+02	1.334271e-07	1.334271e-07	1.334271e-07
9.525456e+02	1.004375e+03	1.265425e-07	1.265425e-07	1.265425e-07
1.004375e+03	1.059025e+03	1.200114e-07	1.200114e-07	1.200114e-07
1.059025e+03	1.116649e+03	0.000000e+00	0.000000e+00	0.000000e+00
1.116649e+03	1.177408e+03	2.158897e-07	1.526571e-07	1.526571e-07
1.177408e+03	1.241473e+03	1.023745e-07	1.023745e-07	1.023745e-07
1.241473e+03	1.309024e+03	0.000000e+00	0.000000e+00	0.000000e+00
1.309024e+03	1.380250e+03	0.000000e+00	0.000000e+00	0.000000e+00
1.380250e+03	1.455352e+03	8.732951e-08	8.732952e-08	8.732952e-08
1.455352e+03	1.534541e+03	0.000000e+00	0.000000e+00	0.000000e+00
1.534541e+03	1.618038e+03	0.000000e+00	0.000000e+00	0.000000e+00
1.618038e+03	1.706079e+03	0.000000e+00	0.000000e+00	0.000000e+00
1.706079e+03	1.798910e+03	0.000000e+00	0.000000e+00	0.000000e+00
1.798910e+03	1.896792e+03	0.000000e+00	0.000000e+00	0.000000e+00
1.896792e+03	2.000000e+03	0.000000e+00	0.000000e+00	0.000000e+00
# END HISTO1D


# BEGIN HISTO1D //eos/home-y/yiyu/monobc/Rivet_New2/X1500_pi20_L40_darkQCDsch.yoda.gz/JetMETAnalysis/jet_pt
ErrorBars=1
LineColor=blue
LineStyle=solid
Path=//eos/home-y/yiyu/monobc/Rivet_New2/X1500_pi20_L40_darkQCDsch.yoda.gz/JetMETAnalysis/jet_pt
ScaledBy=4.65680697762609053e-08
Title=X1500_pi20_L40
# xlow	 xhigh	 val	 errminus	 errplus
1.000000e+01	1.054412e+01	0.000000e+00	0.000000e+00	0.000000e+00
1.054412e+01	1.111784e+01	0.000000e+00	0.000000e+00	0.000000e+00
1.111784e+01	1.172279e+01	0.000000e+00	0.000000e+00	0.000000e+00
1.172279e+01	1.236065e+01	0.000000e+00	0.000000e+00	0.000000e+00
1.236065e+01	1.303321e+01	0.000000e+00	0.000000e+00	0.000000e+00
1.303321e+01	1.374238e+01	0.000000e+00	0.000000e+00	0.000000e+00
1.374238e+01	1.449012e+01	0.000000e+00	0.000000e+00	0.000000e+00
1.449012e+01	1.527856e+01	0.000000e+00	0.000000e+00	0.000000e+00
1.527856e+01	1.610989e+01	0.000000e+00	0.000000e+00	0.000000e+00
1.610989e+01	1.698646e+01	0.000000e+00	0.000000e+00	0.000000e+00
1.698646e+01	1.791073e+01	0.000000e+00	0.000000e+00	0.000000e+00
1.791073e+01	1.888529e+01	0.000000e+00	0.000000e+00	0.000000e+00
1.888529e+01	1.991287e+01	0.000000e+00	0.000000e+00	0.000000e+00
1.991287e+01	2.099637e+01	4.749213e-05	1.428698e-06	1.428698e-06
2.099637e+01	2.213882e+01	4.320727e-05	1.327101e-06	1.327101e-06
2.213882e+01	2.334344e+01	4.236905e-05	1.279804e-06	1.279804e-06
2.334344e+01	2.461360e+01	3.915625e-05	1.198162e-06	1.198162e-06
2.461360e+01	2.595287e+01	3.897856e-05	1.164187e-06	1.164187e-06
2.595287e+01	2.736502e+01	3.390007e-05	1.057314e-06	1.057314e-06
2.736502e+01	2.885400e+01	3.161918e-05	9.944318e-07	9.944318e-07
2.885400e+01	3.042400e+01	3.259765e-05	9.833031e-07	9.833031e-07
3.042400e+01	3.207943e+01	2.914320e-05	9.054350e-07	9.054350e-07
3.207943e+01	3.382493e+01	2.657221e-05	8.419728e-07	8.419728e-07
3.382493e+01	3.566541e+01	2.684556e-05	8.241663e-07	8.241663e-07
3.566541e+01	3.760603e+01	2.337258e-05	7.489058e-07	7.489058e-07
3.760603e+01	3.965225e+01	2.268982e-05	7.185938e-07	7.185938e-07
3.965225e+01	4.180980e+01	2.123843e-05	6.770565e-07	6.770565e-07
4.180980e+01	4.408475e+01	1.889375e-05	6.218952e-07	6.218952e-07
4.408475e+01	4.648349e+01	1.857877e-05	6.005664e-07	6.005664e-07
4.648349e+01	4.901274e+01	1.822769e-05	5.793140e-07	5.793140e-07
4.901274e+01	5.167962e+01	1.744417e-05	5.519091e-07	5.519091e-07
5.167962e+01	5.449160e+01	1.614658e-05	5.171044e-07	5.171044e-07
5.449160e+01	5.745660e+01	1.415104e-05	4.714394e-07	4.714394e-07
5.745660e+01	6.058292e+01	1.376343e-05	4.527837e-07	4.527837e-07
6.058292e+01	6.387935e+01	1.340635e-05	4.351885e-07	4.351885e-07
6.387935e+01	6.735515e+01	1.248675e-05	4.090170e-07	4.090170e-07
6.735515e+01	7.102007e+01	1.179157e-05	3.870773e-07	3.870773e-07
7.102007e+01	7.488441e+01	1.020696e-05	3.507153e-07	3.507153e-07
7.488441e+01	7.895901e+01	8.880231e-06	3.185766e-07	3.185766e-07
7.895901e+01	8.325532e+01	8.421969e-06	3.021365e-07	3.021365e-07
8.325532e+01	8.778540e+01	8.470510e-06	2.950842e-07	2.950842e-07
8.778540e+01	9.256197e+01	7.302202e-06	2.668167e-07	2.668167e-07
9.256197e+01	9.759844e+01	6.786690e-06	2.505013e-07	2.505013e-07
9.759844e+01	1.029090e+02	6.646870e-06	2.414252e-07	2.414252e-07
1.029090e+02	1.085084e+02	5.289369e-06	2.097371e-07	2.097371e-07
1.085084e+02	1.144126e+02	4.929548e-06	1.971820e-07	1.971820e-07
1.144126e+02	1.206380e+02	4.390956e-06	1.812341e-07	1.812341e-07
1.206380e+02	1.272021e+02	3.944463e-06	1.672825e-07	1.672825e-07
1.272021e+02	1.341234e+02	3.713980e-06	1.580775e-07	1.580775e-07
1.341234e+02	1.414214e+02	3.394657e-06	1.471771e-07	1.471771e-07
1.414214e+02	1.491164e+02	3.128745e-06	1.376021e-07	1.376021e-07
1.491164e+02	1.572301e+02	2.554049e-06	1.210736e-07	1.210736e-07
1.572301e+02	1.657853e+02	2.340596e-06	1.128736e-07	1.128736e-07
1.657853e+02	1.748059e+02	2.230163e-06	1.072988e-07	1.072988e-07
1.748059e+02	1.843175e+02	1.713573e-06	9.159435e-08	9.159435e-08
1.843175e+02	1.943465e+02	1.592666e-06	8.599588e-08	8.599588e-08
1.943465e+02	2.049213e+02	1.382756e-06	7.803346e-08	7.803346e-08
2.049213e+02	2.160715e+02	1.152696e-06	6.938413e-08	6.938413e-08
2.160715e+02	2.278283e+02	1.132831e-06	6.698570e-08	6.698570e-08
2.278283e+02	2.402249e+02	9.316167e-07	5.915773e-08	5.915773e-08
2.402249e+02	2.532960e+02	8.194154e-07	5.403063e-08	5.403063e-08
2.532960e+02	2.670783e+02	8.142980e-07	5.245357e-08	5.245357e-08
2.670783e+02	2.816105e+02	7.081887e-07	4.763794e-08	4.763794e-08
2.816105e+02	2.969335e+02	5.379200e-07	4.043255e-08	4.043255e-08
2.969335e+02	3.130902e+02	6.283362e-07	4.255630e-08	4.255630e-08
3.130902e+02	3.301261e+02	5.631063e-07	3.923347e-08	3.923347e-08
3.301261e+02	3.480888e+02	5.521998e-07	3.783610e-08	3.783610e-08
3.480888e+02	3.670290e+02	4.622336e-07	3.371185e-08	3.371185e-08
3.670290e+02	3.869998e+02	3.894119e-07	3.013360e-08	3.013360e-08
3.869998e+02	4.080572e+02	3.118190e-07	2.625990e-08	2.625990e-08
4.080572e+02	4.302603e+02	3.125078e-07	2.560164e-08	2.560164e-08
4.302603e+02	4.536716e+02	2.406845e-07	2.188041e-08	2.188041e-08
4.536716e+02	4.783567e+02	2.207187e-07	2.040546e-08	2.040546e-08
4.783567e+02	5.043850e+02	1.807024e-07	1.798056e-08	1.798056e-08
5.043850e+02	5.318296e+02	1.204730e-07	1.429751e-08	1.429751e-08
5.318296e+02	5.607674e+02	1.013826e-07	1.277300e-08	1.277300e-08
5.607674e+02	5.912799e+02	7.936223e-08	1.100556e-08	1.100556e-08
5.912799e+02	6.234525e+02	5.645036e-08	9.039291e-09	9.039291e-09
6.234525e+02	6.573758e+02	3.569140e-08	6.999658e-09	6.999658e-09
6.573758e+02	6.931448e+02	2.473632e-08	5.674901e-09	5.674901e-09
6.931448e+02	7.308602e+02	1.852084e-08	4.782062e-09	4.782062e-09
7.308602e+02	7.706277e+02	1.405210e-08	4.056491e-09	4.056491e-09
7.706277e+02	8.125590e+02	1.665870e-08	4.301259e-09	4.301259e-09
8.125590e+02	8.567719e+02	1.158596e-08	3.493298e-09	3.493298e-09
8.567719e+02	9.033905e+02	6.992413e-09	2.642884e-09	2.642884e-09
9.033905e+02	9.525456e+02	5.684220e-09	2.320573e-09	2.320573e-09
9.525456e+02	1.004375e+03	6.289413e-09	2.377175e-09	2.377175e-09
1.004375e+03	1.059025e+03	1.704229e-09	1.205072e-09	1.205072e-09
1.059025e+03	1.116649e+03	3.232547e-09	1.616273e-09	1.616273e-09
1.116649e+03	1.177408e+03	7.664390e-10	7.664390e-10	7.664390e-10
1.177408e+03	1.241473e+03	7.268878e-10	7.268878e-10	7.268878e-10
1.241473e+03	1.309024e+03	2.068129e-09	1.194035e-09	1.194035e-09
1.309024e+03	1.380250e+03	6.538072e-10	6.538072e-10	6.538072e-10
1.380250e+03	1.455352e+03	6.200643e-10	6.200643e-10	6.200643e-10
1.455352e+03	1.534541e+03	0.000000e+00	0.000000e+00	0.000000e+00
1.534541e+03	1.618038e+03	0.000000e+00	0.000000e+00	0.000000e+00
1.618038e+03	1.706079e+03	0.000000e+00	0.000000e+00	0.000000e+00
1.706079e+03	1.798910e+03	0.000000e+00	0.000000e+00	0.000000e+00
1.798910e+03	1.896792e+03	0.000000e+00	0.000000e+00	0.000000e+00
1.896792e+03	2.000000e+03	0.000000e+00	0.000000e+00	0.000000e+00
# END HISTO1D


# BEGIN HISTO1D //eos/home-y/yiyu/monobc/Rivet_New2/X2000_pi20_L40_darkQCDsch.yoda.gz/JetMETAnalysis/jet_pt
ErrorBars=1
LineColor=violet
LineStyle=solid
Path=//eos/home-y/yiyu/monobc/Rivet_New2/X2000_pi20_L40_darkQCDsch.yoda.gz/JetMETAnalysis/jet_pt
ScaledBy=9.01114307123347373e-09
Title=X2000_pi20_L40
# xlow	 xhigh	 val	 errminus	 errplus
1.000000e+01	1.054412e+01	0.000000e+00	0.000000e+00	0.000000e+00
1.054412e+01	1.111784e+01	0.000000e+00	0.000000e+00	0.000000e+00
1.111784e+01	1.172279e+01	0.000000e+00	0.000000e+00	0.000000e+00
1.172279e+01	1.236065e+01	0.000000e+00	0.000000e+00	0.000000e+00
1.236065e+01	1.303321e+01	0.000000e+00	0.000000e+00	0.000000e+00
1.303321e+01	1.374238e+01	0.000000e+00	0.000000e+00	0.000000e+00
1.374238e+01	1.449012e+01	0.000000e+00	0.000000e+00	0.000000e+00
1.449012e+01	1.527856e+01	0.000000e+00	0.000000e+00	0.000000e+00
1.527856e+01	1.610989e+01	0.000000e+00	0.000000e+00	0.000000e+00
1.610989e+01	1.698646e+01	0.000000e+00	0.000000e+00	0.000000e+00
1.698646e+01	1.791073e+01	0.000000e+00	0.000000e+00	0.000000e+00
1.791073e+01	1.888529e+01	0.000000e+00	0.000000e+00	0.000000e+00
1.888529e+01	1.991287e+01	0.000000e+00	0.000000e+00	0.000000e+00
1.991287e+01	2.099637e+01	9.331334e-06	2.785784e-07	2.785784e-07
2.099637e+01	2.213882e+01	8.991816e-06	2.663147e-07	2.663147e-07
2.213882e+01	2.334344e+01	8.976582e-06	2.591316e-07	2.591316e-07
2.334344e+01	2.461360e+01	7.789755e-06	2.350838e-07	2.350838e-07
2.461360e+01	2.595287e+01	6.842782e-06	2.145716e-07	2.145716e-07
2.595287e+01	2.736502e+01	6.457725e-06	2.029969e-07	2.029969e-07
2.736502e+01	2.885400e+01	6.408952e-06	1.969423e-07	1.969423e-07
2.885400e+01	3.042400e+01	6.204488e-06	1.887092e-07	1.887092e-07
3.042400e+01	3.207943e+01	5.867969e-06	1.787222e-07	1.787222e-07
3.207943e+01	3.382493e+01	5.410300e-06	1.671247e-07	1.671247e-07
3.382493e+01	3.566541e+01	5.111511e-06	1.581973e-07	1.581973e-07
3.566541e+01	3.760603e+01	4.550566e-06	1.453625e-07	1.453625e-07
3.760603e+01	3.965225e+01	4.447838e-06	1.399549e-07	1.399549e-07
3.965225e+01	4.180980e+01	4.209975e-06	1.326018e-07	1.326018e-07
4.180980e+01	4.408475e+01	3.846159e-06	1.234291e-07	1.234291e-07
4.408475e+01	4.648349e+01	3.749102e-06	1.186757e-07	1.186757e-07
4.648349e+01	4.901274e+01	3.509331e-06	1.118166e-07	1.118166e-07
4.901274e+01	5.167962e+01	3.223478e-06	1.043640e-07	1.043640e-07
5.167962e+01	5.449160e+01	3.121236e-06	1.000109e-07	1.000109e-07
5.449160e+01	5.745660e+01	2.899369e-06	9.387055e-08	9.387055e-08
5.745660e+01	6.058292e+01	2.556643e-06	8.584367e-08	8.584367e-08
6.058292e+01	6.387935e+01	2.531320e-06	8.318433e-08	8.318433e-08
6.387935e+01	6.735515e+01	2.504392e-06	8.057748e-08	8.057748e-08
6.735515e+01	7.102007e+01	2.016180e-06	7.040805e-08	7.040805e-08
7.102007e+01	7.488441e+01	2.061374e-06	6.933152e-08	6.933152e-08
7.488441e+01	7.895901e+01	1.901925e-06	6.485510e-08	6.485510e-08
7.895901e+01	8.325532e+01	1.810069e-06	6.161546e-08	6.161546e-08
8.325532e+01	8.778540e+01	1.585376e-06	5.615691e-08	5.615691e-08
8.778540e+01	9.256197e+01	1.411125e-06	5.159582e-08	5.159582e-08
9.256197e+01	9.759844e+01	1.365143e-06	4.942150e-08	4.942150e-08
9.759844e+01	1.029090e+02	1.143667e-06	4.405239e-08	4.405239e-08
1.029090e+02	1.085084e+02	1.099155e-06	4.205801e-08	4.205801e-08
1.085084e+02	1.144126e+02	1.019519e-06	3.944637e-08	3.944637e-08
1.144126e+02	1.206380e+02	8.641456e-07	3.536713e-08	3.536713e-08
1.206380e+02	1.272021e+02	8.758412e-07	3.467489e-08	3.467489e-08
1.272021e+02	1.341234e+02	7.642410e-07	3.154360e-08	3.154360e-08
1.341234e+02	1.414214e+02	6.568824e-07	2.847947e-08	2.847947e-08
1.414214e+02	1.491164e+02	5.984008e-07	2.647169e-08	2.647169e-08
1.491164e+02	1.572301e+02	5.652997e-07	2.505647e-08	2.505647e-08
1.572301e+02	1.657853e+02	5.097944e-07	2.317247e-08	2.317247e-08
1.657853e+02	1.748059e+02	3.786026e-07	1.944751e-08	1.944751e-08
1.748059e+02	1.843175e+02	3.656904e-07	1.861315e-08	1.861315e-08
1.843175e+02	1.943465e+02	3.324482e-07	1.728316e-08	1.728316e-08
1.943465e+02	2.049213e+02	3.161416e-07	1.641325e-08	1.641325e-08
2.049213e+02	2.160715e+02	2.634601e-07	1.459171e-08	1.459171e-08
2.160715e+02	2.278283e+02	2.422020e-07	1.362493e-08	1.362493e-08
2.278283e+02	2.402249e+02	2.057139e-07	1.222843e-08	1.222843e-08
2.402249e+02	2.532960e+02	1.709698e-07	1.085659e-08	1.085659e-08
2.532960e+02	2.670783e+02	1.582245e-07	1.017105e-08	1.017105e-08
2.670783e+02	2.816105e+02	1.333175e-07	9.092174e-09	9.092174e-09
2.816105e+02	2.969335e+02	1.399629e-07	9.072450e-09	9.072450e-09
2.969335e+02	3.130902e+02	1.394335e-07	8.818550e-09	8.818550e-09
3.130902e+02	3.301261e+02	1.280060e-07	8.228534e-09	8.228534e-09
3.301261e+02	3.480888e+02	1.068533e-07	7.321467e-09	7.321467e-09
3.480888e+02	3.670290e+02	9.895978e-08	6.861626e-09	6.861626e-09
3.670290e+02	3.869998e+02	1.091943e-07	7.019273e-09	7.019273e-09
3.869998e+02	4.080572e+02	8.002336e-08	5.851887e-09	5.851887e-09
4.080572e+02	4.302603e+02	8.076426e-08	5.725228e-09	5.725228e-09
4.302603e+02	4.536716e+02	6.350946e-08	4.944204e-09	4.944204e-09
4.536716e+02	4.783567e+02	6.023225e-08	4.689074e-09	4.689074e-09
4.783567e+02	5.043850e+02	5.608530e-08	4.406477e-09	4.406477e-09
5.043850e+02	5.318296e+02	4.563918e-08	3.871065e-09	3.871065e-09
5.318296e+02	5.607674e+02	3.736763e-08	3.411183e-09	3.411183e-09
5.607674e+02	5.912799e+02	2.805600e-08	2.878484e-09	2.878484e-09
5.912799e+02	6.234525e+02	2.996936e-08	2.897248e-09	2.897248e-09
6.234525e+02	6.573758e+02	2.204753e-08	2.420030e-09	2.420030e-09
6.573758e+02	6.931448e+02	1.965023e-08	2.224951e-09	2.224951e-09
6.931448e+02	7.308602e+02	1.433549e-08	1.850703e-09	1.850703e-09
7.308602e+02	7.706277e+02	9.290423e-09	1.450920e-09	1.450920e-09
7.706277e+02	8.125590e+02	5.587466e-09	1.095792e-09	1.095792e-09
8.125590e+02	8.567719e+02	5.299125e-09	1.039244e-09	1.039244e-09
8.567719e+02	9.033905e+02	2.899424e-09	7.486282e-10	7.486282e-10
9.033905e+02	9.525456e+02	2.566489e-09	6.859230e-10	6.859230e-10
9.525456e+02	1.004375e+03	2.434063e-09	6.505306e-10	6.505306e-10
1.004375e+03	1.059025e+03	3.297766e-10	2.331872e-10	2.331872e-10
1.059025e+03	1.116649e+03	4.691349e-10	2.708552e-10	2.708552e-10
1.116649e+03	1.177408e+03	2.966193e-10	2.097415e-10	2.097415e-10
1.177408e+03	1.241473e+03	1.406563e-10	1.406563e-10	1.406563e-10
1.241473e+03	1.309024e+03	2.667953e-10	1.886527e-10	1.886527e-10
1.309024e+03	1.380250e+03	3.795444e-10	2.191301e-10	2.191301e-10
1.380250e+03	1.455352e+03	1.199854e-10	1.199854e-10	1.199854e-10
1.455352e+03	1.534541e+03	1.137929e-10	1.137929e-10	1.137929e-10
1.534541e+03	1.618038e+03	1.079218e-10	1.079218e-10	1.079218e-10
1.618038e+03	1.706079e+03	0.000000e+00	0.000000e+00	0.000000e+00
1.706079e+03	1.798910e+03	0.000000e+00	0.000000e+00	0.000000e+00
1.798910e+03	1.896792e+03	0.000000e+00	0.000000e+00	0.000000e+00
1.896792e+03	2.000000e+03	0.000000e+00	0.000000e+00	0.000000e+00
# END HISTO1D

