# BEGIN PLOT
Legend=1
LogY=1
LegendPlacement=manual
LegendAlign=r
LegendXPos=1.36
RightMargin=3.7
Title=Missing transverse energy
XLabel=$E_\mathrm{T}^\mathrm{miss}$ [GeV]
YLabel=$\mathrm{d}\sigma/\mathrm{d}E_\mathrm{T}^\mathrm{miss}$ [pb/GeV]
DrawOnly=//eos/home-y/yiyu/monobc/Rivet_New2/X600_pi20_L40_darkQCDsch.yoda.gz/JetMETAnalysis/met //eos/home-y/yiyu/monobc/Rivet_New2/X1500_pi20_L40_darkQCDsch.yoda.gz/JetMETAnalysis/met //eos/home-y/yiyu/monobc/Rivet_New2/X2000_pi20_L40_darkQCDsch.yoda.gz/JetMETAnalysis/met
LegendOnly=//eos/home-y/yiyu/monobc/Rivet_New2/X600_pi20_L40_darkQCDsch.yoda.gz/JetMETAnalysis/met //eos/home-y/yiyu/monobc/Rivet_New2/X1500_pi20_L40_darkQCDsch.yoda.gz/JetMETAnalysis/met //eos/home-y/yiyu/monobc/Rivet_New2/X2000_pi20_L40_darkQCDsch.yoda.gz/JetMETAnalysis/met
RatioPlot=1
RatioPlotReference=//eos/home-y/yiyu/monobc/Rivet_New2/X600_pi20_L40_darkQCDsch.yoda.gz/JetMETAnalysis/met
RatioPlotYLabel=Ratio
# END PLOT

# BEGIN HISTO1D //eos/home-y/yiyu/monobc/Rivet_New2/X600_pi20_L40_darkQCDsch.yoda.gz/JetMETAnalysis/met
ErrorBars=1
LineColor=red
LineStyle=solid
Path=//eos/home-y/yiyu/monobc/Rivet_New2/X600_pi20_L40_darkQCDsch.yoda.gz/JetMETAnalysis/met
ScaledBy=8.64000000000000029e-06
Title=X600_pi20_L40
# xlow	 xhigh	 val	 errminus	 errplus
0.000000e+00	5.000000e+00	1.451520e-03	5.008220e-05	5.008220e-05
5.000000e+00	1.000000e+01	2.490048e-03	6.559576e-05	6.559576e-05
1.000000e+01	1.500000e+01	2.325888e-03	6.339666e-05	6.339666e-05
1.500000e+01	2.000000e+01	2.002752e-03	5.882819e-05	5.882819e-05
2.000000e+01	2.500000e+01	1.824768e-03	5.615335e-05	5.615335e-05
2.500000e+01	3.000000e+01	1.693440e-03	5.409496e-05	5.409496e-05
3.000000e+01	3.500000e+01	1.551744e-03	5.178237e-05	5.178237e-05
3.500000e+01	4.000000e+01	1.397952e-03	4.914938e-05	4.914938e-05
4.000000e+01	4.500000e+01	1.308096e-03	4.754356e-05	4.754356e-05
4.500000e+01	5.000000e+01	1.266624e-03	4.678383e-05	4.678383e-05
5.000000e+01	5.500000e+01	1.252800e-03	4.652782e-05	4.652782e-05
5.500000e+01	6.000000e+01	1.033344e-03	4.225658e-05	4.225658e-05
6.000000e+01	6.500000e+01	1.019520e-03	4.197297e-05	4.197297e-05
6.500000e+01	7.000000e+01	9.244800e-04	3.996876e-05	3.996876e-05
7.000000e+01	7.500000e+01	9.331200e-04	4.015509e-05	4.015509e-05
7.500000e+01	8.000000e+01	8.951040e-04	3.932861e-05	3.932861e-05
8.000000e+01	8.500000e+01	7.620480e-04	3.628800e-05	3.628800e-05
8.500000e+01	9.000000e+01	7.102080e-04	3.503198e-05	3.503198e-05
9.000000e+01	9.500000e+01	5.788800e-04	3.162760e-05	3.162760e-05
9.500000e+01	1.000000e+02	6.583680e-04	3.372922e-05	3.372922e-05
1.000000e+02	1.050000e+02	5.512320e-04	3.086307e-05	3.086307e-05
1.050000e+02	1.100000e+02	5.840640e-04	3.176889e-05	3.176889e-05
1.100000e+02	1.150000e+02	5.322240e-04	3.032628e-05	3.032628e-05
1.150000e+02	1.200000e+02	4.872960e-04	2.901806e-05	2.901806e-05
1.200000e+02	1.250000e+02	4.631040e-04	2.828858e-05	2.828858e-05
1.250000e+02	1.300000e+02	4.320000e-04	2.732208e-05	2.732208e-05
1.300000e+02	1.350000e+02	4.250880e-04	2.710262e-05	2.710262e-05
1.350000e+02	1.400000e+02	3.767040e-04	2.551361e-05	2.551361e-05
1.400000e+02	1.450000e+02	3.404160e-04	2.425363e-05	2.425363e-05
1.450000e+02	1.500000e+02	3.628800e-04	2.504110e-05	2.504110e-05
1.500000e+02	1.550000e+02	3.456000e-04	2.443761e-05	2.443761e-05
1.550000e+02	1.600000e+02	2.954880e-04	2.259653e-05	2.259653e-05
1.600000e+02	1.650000e+02	2.350080e-04	2.015177e-05	2.015177e-05
1.650000e+02	1.700000e+02	2.540160e-04	2.095089e-05	2.095089e-05
1.700000e+02	1.750000e+02	2.298240e-04	1.992827e-05	1.992827e-05
1.750000e+02	1.800000e+02	1.866240e-04	1.795790e-05	1.795790e-05
1.800000e+02	1.850000e+02	1.918080e-04	1.820561e-05	1.820561e-05
1.850000e+02	1.900000e+02	1.641600e-04	1.684246e-05	1.684246e-05
1.900000e+02	1.950000e+02	1.330560e-04	1.516314e-05	1.516314e-05
1.950000e+02	2.000000e+02	1.382400e-04	1.545570e-05	1.545570e-05
2.000000e+02	2.050000e+02	1.572480e-04	1.648407e-05	1.648407e-05
2.050000e+02	2.100000e+02	1.296000e-04	1.496492e-05	1.496492e-05
2.100000e+02	2.150000e+02	1.105920e-04	1.382400e-05	1.382400e-05
2.150000e+02	2.200000e+02	1.192320e-04	1.435385e-05	1.435385e-05
2.200000e+02	2.250000e+02	8.640000e-05	1.221881e-05	1.221881e-05
2.250000e+02	2.300000e+02	8.467200e-05	1.209600e-05	1.209600e-05
2.300000e+02	2.350000e+02	7.430400e-05	1.133125e-05	1.133125e-05
2.350000e+02	2.400000e+02	8.467200e-05	1.209600e-05	1.209600e-05
2.400000e+02	2.450000e+02	7.776000e-05	1.159178e-05	1.159178e-05
2.450000e+02	2.500000e+02	4.320000e-05	8.640000e-06	8.640000e-06
2.500000e+02	2.550000e+02	4.147200e-05	8.465436e-06	8.465436e-06
2.550000e+02	2.600000e+02	5.011200e-05	9.305564e-06	9.305564e-06
2.600000e+02	2.650000e+02	4.147200e-05	8.465436e-06	8.465436e-06
2.650000e+02	2.700000e+02	3.628800e-05	7.918692e-06	7.918692e-06
2.700000e+02	2.750000e+02	3.974400e-05	8.287197e-06	8.287197e-06
2.750000e+02	2.800000e+02	3.283200e-05	7.532176e-06	7.532176e-06
2.800000e+02	2.850000e+02	2.764800e-05	6.912001e-06	6.912001e-06
2.850000e+02	2.900000e+02	2.246400e-05	6.230393e-06	6.230393e-06
2.900000e+02	2.950000e+02	1.728000e-05	5.464416e-06	5.464416e-06
2.950000e+02	3.000000e+02	2.419200e-05	6.465583e-06	6.465583e-06
3.000000e+02	3.050000e+02	2.073600e-05	5.985968e-06	5.985968e-06
3.050000e+02	3.100000e+02	2.592000e-05	6.692515e-06	6.692515e-06
3.100000e+02	3.150000e+02	2.246400e-05	6.230393e-06	6.230393e-06
3.150000e+02	3.200000e+02	1.728000e-05	5.464416e-06	5.464416e-06
3.200000e+02	3.250000e+02	1.555200e-05	5.184000e-06	5.184000e-06
3.250000e+02	3.300000e+02	1.036800e-05	4.232718e-06	4.232718e-06
3.300000e+02	3.350000e+02	1.036800e-05	4.232718e-06	4.232718e-06
3.350000e+02	3.400000e+02	5.184000e-06	2.992984e-06	2.992984e-06
3.400000e+02	3.450000e+02	1.382400e-05	4.887522e-06	4.887522e-06
3.450000e+02	3.500000e+02	1.036800e-05	4.232718e-06	4.232718e-06
3.500000e+02	3.550000e+02	8.640000e-06	3.863925e-06	3.863925e-06
3.550000e+02	3.600000e+02	1.382400e-05	4.887522e-06	4.887522e-06
3.600000e+02	3.650000e+02	1.209600e-05	4.571858e-06	4.571858e-06
3.650000e+02	3.700000e+02	1.036800e-05	4.232718e-06	4.232718e-06
3.700000e+02	3.750000e+02	1.036800e-05	4.232718e-06	4.232718e-06
3.750000e+02	3.800000e+02	6.912000e-06	3.456000e-06	3.456000e-06
3.800000e+02	3.850000e+02	6.912000e-06	3.456000e-06	3.456000e-06
3.850000e+02	3.900000e+02	5.184000e-06	2.992984e-06	2.992984e-06
3.900000e+02	3.950000e+02	8.640000e-06	3.863925e-06	3.863925e-06
3.950000e+02	4.000000e+02	5.184000e-06	2.992984e-06	2.992984e-06
4.000000e+02	4.050000e+02	6.912000e-06	3.456000e-06	3.456000e-06
4.050000e+02	4.100000e+02	8.640000e-06	3.863925e-06	3.863925e-06
4.100000e+02	4.150000e+02	0.000000e+00	0.000000e+00	0.000000e+00
4.150000e+02	4.200000e+02	8.640000e-06	3.863925e-06	3.863925e-06
4.200000e+02	4.250000e+02	1.382400e-05	4.887522e-06	4.887522e-06
4.250000e+02	4.300000e+02	1.728000e-06	1.728000e-06	1.728000e-06
4.300000e+02	4.350000e+02	8.640000e-06	3.863925e-06	3.863925e-06
4.350000e+02	4.400000e+02	5.184000e-06	2.992984e-06	2.992984e-06
4.400000e+02	4.450000e+02	6.912000e-06	3.456000e-06	3.456000e-06
4.450000e+02	4.500000e+02	5.184000e-06	2.992984e-06	2.992984e-06
4.500000e+02	4.550000e+02	1.728000e-06	1.728000e-06	1.728000e-06
4.550000e+02	4.600000e+02	3.456000e-06	2.443761e-06	2.443761e-06
4.600000e+02	4.650000e+02	3.456000e-06	2.443761e-06	2.443761e-06
4.650000e+02	4.700000e+02	5.184000e-06	2.992984e-06	2.992984e-06
4.700000e+02	4.750000e+02	5.184000e-06	2.992984e-06	2.992984e-06
4.750000e+02	4.800000e+02	1.728000e-06	1.728000e-06	1.728000e-06
4.800000e+02	4.850000e+02	0.000000e+00	0.000000e+00	0.000000e+00
4.850000e+02	4.900000e+02	3.456000e-06	2.443761e-06	2.443761e-06
4.900000e+02	4.950000e+02	5.184000e-06	2.992984e-06	2.992984e-06
4.950000e+02	5.000000e+02	1.728000e-06	1.728000e-06	1.728000e-06
# END HISTO1D


# BEGIN HISTO1D //eos/home-y/yiyu/monobc/Rivet_New2/X1500_pi20_L40_darkQCDsch.yoda.gz/JetMETAnalysis/met
ErrorBars=1
LineColor=blue
LineStyle=solid
Path=//eos/home-y/yiyu/monobc/Rivet_New2/X1500_pi20_L40_darkQCDsch.yoda.gz/JetMETAnalysis/met
ScaledBy=9.21000000000000108e-08
Title=X1500_pi20_L40
# xlow	 xhigh	 val	 errminus	 errplus
0.000000e+00	5.000000e+00	9.799440e-06	4.248596e-07	4.248596e-07
5.000000e+00	1.000000e+01	1.906470e-05	5.925975e-07	5.925975e-07
1.000000e+01	1.500000e+01	1.790424e-05	5.742788e-07	5.742788e-07
1.500000e+01	2.000000e+01	1.517808e-05	5.287535e-07	5.287535e-07
2.000000e+01	2.500000e+01	1.328082e-05	4.946036e-07	4.946036e-07
2.500000e+01	3.000000e+01	1.136514e-05	4.575433e-07	4.575433e-07
3.000000e+01	3.500000e+01	1.114410e-05	4.530721e-07	4.530721e-07
3.500000e+01	4.000000e+01	1.042572e-05	4.382257e-07	4.382257e-07
4.000000e+01	4.500000e+01	1.048098e-05	4.393855e-07	4.393855e-07
4.500000e+01	5.000000e+01	8.546880e-06	3.967789e-07	3.967789e-07
5.000000e+01	5.500000e+01	9.559980e-06	4.196366e-07	4.196366e-07
5.500000e+01	6.000000e+01	8.767920e-06	4.018769e-07	4.018769e-07
6.000000e+01	6.500000e+01	8.289000e-06	3.907472e-07	3.907472e-07
6.500000e+01	7.000000e+01	8.749500e-06	4.014546e-07	4.014546e-07
7.000000e+01	7.500000e+01	7.754820e-06	3.779468e-07	3.779468e-07
7.500000e+01	8.000000e+01	8.362680e-06	3.924800e-07	3.924800e-07
8.000000e+01	8.500000e+01	7.036440e-06	3.600156e-07	3.600156e-07
8.500000e+01	9.000000e+01	6.594360e-06	3.485228e-07	3.485228e-07
9.000000e+01	9.500000e+01	6.925920e-06	3.571770e-07	3.571770e-07
9.500000e+01	1.000000e+02	6.041760e-06	3.336004e-07	3.336004e-07
1.000000e+02	1.050000e+02	6.060180e-06	3.341085e-07	3.341085e-07
1.050000e+02	1.100000e+02	5.341800e-06	3.136813e-07	3.136813e-07
1.100000e+02	1.150000e+02	5.268120e-06	3.115104e-07	3.115104e-07
1.150000e+02	1.200000e+02	5.176020e-06	3.087755e-07	3.087755e-07
1.200000e+02	1.250000e+02	5.157600e-06	3.082256e-07	3.082256e-07
1.250000e+02	1.300000e+02	4.770780e-06	2.964418e-07	2.964418e-07
1.300000e+02	1.350000e+02	4.291860e-06	2.811691e-07	2.811691e-07
1.350000e+02	1.400000e+02	4.181340e-06	2.775253e-07	2.775253e-07
1.400000e+02	1.450000e+02	4.549740e-06	2.894930e-07	2.894930e-07
1.450000e+02	1.500000e+02	4.439220e-06	2.859553e-07	2.859553e-07
1.500000e+02	1.550000e+02	4.365540e-06	2.835723e-07	2.835723e-07
1.550000e+02	1.600000e+02	4.015560e-06	2.719680e-07	2.719680e-07
1.600000e+02	1.650000e+02	3.776100e-06	2.637343e-07	2.637343e-07
1.650000e+02	1.700000e+02	3.757680e-06	2.630903e-07	2.630903e-07
1.700000e+02	1.750000e+02	3.647160e-06	2.591924e-07	2.591924e-07
1.750000e+02	1.800000e+02	3.886620e-06	2.675660e-07	2.675660e-07
1.800000e+02	1.850000e+02	3.076140e-06	2.380388e-07	2.380388e-07
1.850000e+02	1.900000e+02	2.818260e-06	2.278428e-07	2.278428e-07
1.900000e+02	1.950000e+02	3.076140e-06	2.380388e-07	2.380388e-07
1.950000e+02	2.000000e+02	3.389280e-06	2.498610e-07	2.498610e-07
2.000000e+02	2.050000e+02	3.260340e-06	2.450622e-07	2.450622e-07
2.050000e+02	2.100000e+02	2.984040e-06	2.344483e-07	2.344483e-07
2.100000e+02	2.150000e+02	2.744580e-06	2.248447e-07	2.248447e-07
2.150000e+02	2.200000e+02	2.247240e-06	2.034555e-07	2.034555e-07
2.200000e+02	2.250000e+02	2.578800e-06	2.179483e-07	2.179483e-07
2.250000e+02	2.300000e+02	1.823580e-06	1.832767e-07	1.832767e-07
2.300000e+02	2.350000e+02	2.007780e-06	1.923104e-07	1.923104e-07
2.350000e+02	2.400000e+02	2.155140e-06	1.992428e-07	1.992428e-07
2.400000e+02	2.450000e+02	2.007780e-06	1.923104e-07	1.923104e-07
2.450000e+02	2.500000e+02	2.118300e-06	1.975325e-07	1.975325e-07
2.500000e+02	2.550000e+02	2.044620e-06	1.940667e-07	1.940667e-07
2.550000e+02	2.600000e+02	1.878840e-06	1.860329e-07	1.860329e-07
2.600000e+02	2.650000e+02	1.639380e-06	1.737739e-07	1.737739e-07
2.650000e+02	2.700000e+02	1.878840e-06	1.860329e-07	1.860329e-07
2.700000e+02	2.750000e+02	1.860420e-06	1.851187e-07	1.851187e-07
2.750000e+02	2.800000e+02	1.602540e-06	1.718103e-07	1.718103e-07
2.800000e+02	2.850000e+02	1.473600e-06	1.647535e-07	1.647535e-07
2.850000e+02	2.900000e+02	1.510440e-06	1.668002e-07	1.668002e-07
2.900000e+02	2.950000e+02	1.510440e-06	1.668002e-07	1.668002e-07
2.950000e+02	3.000000e+02	1.381500e-06	1.595219e-07	1.595219e-07
3.000000e+02	3.050000e+02	1.307820e-06	1.552097e-07	1.552097e-07
3.050000e+02	3.100000e+02	1.952520e-06	1.896455e-07	1.896455e-07
3.100000e+02	3.150000e+02	1.344660e-06	1.573805e-07	1.573805e-07
3.150000e+02	3.200000e+02	1.234140e-06	1.507742e-07	1.507742e-07
3.200000e+02	3.250000e+02	9.025800e-07	1.289400e-07	1.289400e-07
3.250000e+02	3.300000e+02	1.142040e-06	1.450392e-07	1.450392e-07
3.300000e+02	3.350000e+02	1.142040e-06	1.450392e-07	1.450392e-07
3.350000e+02	3.400000e+02	1.142040e-06	1.450392e-07	1.450392e-07
3.400000e+02	3.450000e+02	1.049940e-06	1.390680e-07	1.390680e-07
3.450000e+02	3.500000e+02	9.946800e-07	1.353588e-07	1.353588e-07
3.500000e+02	3.550000e+02	9.578400e-07	1.328285e-07	1.328285e-07
3.550000e+02	3.600000e+02	7.736400e-07	1.193752e-07	1.193752e-07
3.600000e+02	3.650000e+02	1.031520e-06	1.378427e-07	1.378427e-07
3.650000e+02	3.700000e+02	9.210000e-07	1.302491e-07	1.302491e-07
3.700000e+02	3.750000e+02	9.210000e-07	1.302491e-07	1.302491e-07
3.750000e+02	3.800000e+02	7.183800e-07	1.150329e-07	1.150329e-07
3.800000e+02	3.850000e+02	9.210000e-07	1.302491e-07	1.302491e-07
3.850000e+02	3.900000e+02	7.736400e-07	1.193752e-07	1.193752e-07
3.900000e+02	3.950000e+02	8.289000e-07	1.235651e-07	1.235651e-07
3.950000e+02	4.000000e+02	8.289000e-07	1.235651e-07	1.235651e-07
4.000000e+02	4.050000e+02	6.078600e-07	1.058148e-07	1.058148e-07
4.050000e+02	4.100000e+02	7.368000e-07	1.164983e-07	1.164983e-07
4.100000e+02	4.150000e+02	5.710200e-07	1.025582e-07	1.025582e-07
4.150000e+02	4.200000e+02	6.815400e-07	1.120445e-07	1.120445e-07
4.200000e+02	4.250000e+02	4.973400e-07	9.571313e-08	9.571313e-08
4.250000e+02	4.300000e+02	3.868200e-07	8.441104e-08	8.441104e-08
4.300000e+02	4.350000e+02	5.157600e-07	9.746948e-08	9.746948e-08
4.350000e+02	4.400000e+02	4.236600e-07	8.833921e-08	8.833921e-08
4.400000e+02	4.450000e+02	3.868200e-07	8.441104e-08	8.441104e-08
4.450000e+02	4.500000e+02	5.341800e-07	9.919474e-08	9.919474e-08
4.500000e+02	4.550000e+02	3.684000e-07	8.237674e-08	8.237674e-08
4.550000e+02	4.600000e+02	4.789200e-07	9.392395e-08	9.392395e-08
4.600000e+02	4.650000e+02	6.999600e-07	1.135485e-07	1.135485e-07
4.650000e+02	4.700000e+02	3.131400e-07	7.594761e-08	7.594761e-08
4.700000e+02	4.750000e+02	4.236600e-07	8.833921e-08	8.833921e-08
4.750000e+02	4.800000e+02	2.947200e-07	7.368001e-08	7.368001e-08
4.800000e+02	4.850000e+02	4.420800e-07	9.023919e-08	9.023919e-08
4.850000e+02	4.900000e+02	3.131400e-07	7.594761e-08	7.594761e-08
4.900000e+02	4.950000e+02	1.657800e-07	5.526000e-08	5.526000e-08
4.950000e+02	5.000000e+02	4.236600e-07	8.833921e-08	8.833921e-08
# END HISTO1D


# BEGIN HISTO1D //eos/home-y/yiyu/monobc/Rivet_New2/X2000_pi20_L40_darkQCDsch.yoda.gz/JetMETAnalysis/met
ErrorBars=1
LineColor=violet
LineStyle=solid
Path=//eos/home-y/yiyu/monobc/Rivet_New2/X2000_pi20_L40_darkQCDsch.yoda.gz/JetMETAnalysis/met
ScaledBy=1.86400000000000002e-08
Title=X2000_pi20_L40
# xlow	 xhigh	 val	 errminus	 errplus
0.000000e+00	5.000000e+00	2.777360e-06	1.017546e-07	1.017546e-07
5.000000e+00	1.000000e+01	4.466144e-06	1.290340e-07	1.290340e-07
1.000000e+01	1.500000e+01	3.862208e-06	1.199930e-07	1.199930e-07
1.500000e+01	2.000000e+01	3.042048e-06	1.064930e-07	1.064930e-07
2.000000e+01	2.500000e+01	2.590960e-06	9.828072e-08	9.828072e-08
2.500000e+01	3.000000e+01	2.251712e-06	9.162087e-08	9.162087e-08
3.000000e+01	3.500000e+01	2.031760e-06	8.703103e-08	8.703103e-08
3.500000e+01	4.000000e+01	1.919920e-06	8.460177e-08	8.460177e-08
4.000000e+01	4.500000e+01	1.927376e-06	8.476589e-08	8.476589e-08
4.500000e+01	5.000000e+01	1.711152e-06	7.986974e-08	7.986974e-08
5.000000e+01	5.500000e+01	1.547120e-06	7.594514e-08	7.594514e-08
5.500000e+01	6.000000e+01	1.655232e-06	7.855383e-08	7.855383e-08
6.000000e+01	6.500000e+01	1.394272e-06	7.209610e-08	7.209610e-08
6.500000e+01	7.000000e+01	1.405456e-06	7.238467e-08	7.238467e-08
7.000000e+01	7.500000e+01	1.398000e-06	7.219241e-08	7.219241e-08
7.500000e+01	8.000000e+01	1.282432e-06	6.914411e-08	6.914411e-08
8.000000e+01	8.500000e+01	1.219056e-06	6.741395e-08	6.741395e-08
8.500000e+01	9.000000e+01	1.260064e-06	6.853846e-08	6.853846e-08
9.000000e+01	9.500000e+01	1.222784e-06	6.751696e-08	6.751696e-08
9.500000e+01	1.000000e+02	9.804640e-07	6.045800e-08	6.045800e-08
1.000000e+02	1.050000e+02	1.084848e-06	6.359491e-08	6.359491e-08
1.050000e+02	1.100000e+02	1.252608e-06	6.833538e-08	6.833538e-08
1.100000e+02	1.150000e+02	1.025200e-06	6.182189e-08	6.182189e-08
1.150000e+02	1.200000e+02	9.543680e-07	5.964800e-08	5.964800e-08
1.200000e+02	1.250000e+02	9.469120e-07	5.941454e-08	5.941454e-08
1.250000e+02	1.300000e+02	9.655520e-07	5.999648e-08	5.999648e-08
1.300000e+02	1.350000e+02	8.388000e-07	5.592000e-08	5.592000e-08
1.350000e+02	1.400000e+02	8.313440e-07	5.567091e-08	5.567091e-08
1.400000e+02	1.450000e+02	7.306880e-07	5.219200e-08	5.219200e-08
1.450000e+02	1.500000e+02	8.089760e-07	5.491687e-08	5.491687e-08
1.500000e+02	1.550000e+02	7.306880e-07	5.219200e-08	5.219200e-08
1.550000e+02	1.600000e+02	7.195040e-07	5.179103e-08	5.179103e-08
1.600000e+02	1.650000e+02	6.859520e-07	5.056905e-08	5.056905e-08
1.650000e+02	1.700000e+02	7.269600e-07	5.205869e-08	5.205869e-08
1.700000e+02	1.750000e+02	7.269600e-07	5.205869e-08	5.205869e-08
1.750000e+02	1.800000e+02	6.710400e-07	5.001637e-08	5.001637e-08
1.800000e+02	1.850000e+02	7.045920e-07	5.125152e-08	5.125152e-08
1.850000e+02	1.900000e+02	5.480160e-07	4.519960e-08	4.519960e-08
1.900000e+02	1.950000e+02	5.927520e-07	4.700829e-08	4.700829e-08
1.950000e+02	2.000000e+02	5.741120e-07	4.626326e-08	4.626326e-08
2.000000e+02	2.050000e+02	5.741120e-07	4.626326e-08	4.626326e-08
2.050000e+02	2.100000e+02	5.629280e-07	4.581043e-08	4.581043e-08
2.100000e+02	2.150000e+02	5.442880e-07	4.504559e-08	4.504559e-08
2.150000e+02	2.200000e+02	4.697280e-07	4.184670e-08	4.184670e-08
2.200000e+02	2.250000e+02	5.107360e-07	4.363512e-08	4.363512e-08
2.250000e+02	2.300000e+02	4.063520e-07	3.892146e-08	3.892146e-08
2.300000e+02	2.350000e+02	4.660000e-07	4.168031e-08	4.168031e-08
2.350000e+02	2.400000e+02	4.100800e-07	3.909960e-08	3.909960e-08
2.400000e+02	2.450000e+02	4.287200e-07	3.997834e-08	3.997834e-08
2.450000e+02	2.500000e+02	4.063520e-07	3.892146e-08	3.892146e-08
2.500000e+02	2.550000e+02	3.541600e-07	3.633605e-08	3.633605e-08
2.550000e+02	2.600000e+02	3.504320e-07	3.614430e-08	3.614430e-08
2.600000e+02	2.650000e+02	4.175360e-07	3.945345e-08	3.945345e-08
2.650000e+02	2.700000e+02	3.504320e-07	3.614430e-08	3.614430e-08
2.700000e+02	2.750000e+02	3.690720e-07	3.709313e-08	3.709313e-08
2.750000e+02	2.800000e+02	3.429760e-07	3.575772e-08	3.575772e-08
2.800000e+02	2.850000e+02	3.616160e-07	3.671654e-08	3.671654e-08
2.850000e+02	2.900000e+02	3.355200e-07	3.536691e-08	3.536691e-08
2.900000e+02	2.950000e+02	3.206080e-07	3.457205e-08	3.457205e-08
2.950000e+02	3.000000e+02	2.833280e-07	3.249995e-08	3.249995e-08
3.000000e+02	3.050000e+02	2.945120e-07	3.313519e-08	3.313519e-08
3.050000e+02	3.100000e+02	2.646880e-07	3.141269e-08	3.141269e-08
3.100000e+02	3.150000e+02	2.497760e-07	3.051499e-08	3.051499e-08
3.150000e+02	3.200000e+02	2.796000e-07	3.228543e-08	3.228543e-08
3.200000e+02	3.250000e+02	1.789440e-07	2.582834e-08	2.582834e-08
3.250000e+02	3.300000e+02	2.460480e-07	3.028641e-08	3.028641e-08
3.300000e+02	3.350000e+02	2.162240e-07	2.839160e-08	2.839160e-08
3.350000e+02	3.400000e+02	2.348640e-07	2.959008e-08	2.959008e-08
3.400000e+02	3.450000e+02	2.348640e-07	2.959008e-08	2.959008e-08
3.450000e+02	3.500000e+02	2.236800e-07	2.887697e-08	2.887697e-08
3.500000e+02	3.550000e+02	2.199520e-07	2.863531e-08	2.863531e-08
3.550000e+02	3.600000e+02	2.199520e-07	2.863531e-08	2.863531e-08
3.600000e+02	3.650000e+02	2.162240e-07	2.839160e-08	2.839160e-08
3.650000e+02	3.700000e+02	2.311360e-07	2.935430e-08	2.935430e-08
3.700000e+02	3.750000e+02	2.535040e-07	3.074187e-08	3.074187e-08
3.750000e+02	3.800000e+02	1.938560e-07	2.688299e-08	2.688299e-08
3.800000e+02	3.850000e+02	1.677600e-07	2.500818e-08	2.500818e-08
3.850000e+02	3.900000e+02	2.013120e-07	2.739509e-08	2.739509e-08
3.900000e+02	3.950000e+02	1.752160e-07	2.555788e-08	2.555788e-08
3.950000e+02	4.000000e+02	2.274080e-07	2.911661e-08	2.911661e-08
4.000000e+02	4.050000e+02	1.603040e-07	2.444613e-08	2.444613e-08
4.050000e+02	4.100000e+02	1.826720e-07	2.609600e-08	2.609600e-08
4.100000e+02	4.150000e+02	1.304800e-07	2.205515e-08	2.205515e-08
4.150000e+02	4.200000e+02	1.603040e-07	2.444613e-08	2.444613e-08
4.200000e+02	4.250000e+02	1.379360e-07	2.267654e-08	2.267654e-08
4.250000e+02	4.300000e+02	1.342080e-07	2.236800e-08	2.236800e-08
4.300000e+02	4.350000e+02	1.528480e-07	2.387084e-08	2.387084e-08
4.350000e+02	4.400000e+02	1.565760e-07	2.416020e-08	2.416020e-08
4.400000e+02	4.450000e+02	1.565760e-07	2.416020e-08	2.416020e-08
4.450000e+02	4.500000e+02	1.342080e-07	2.236800e-08	2.236800e-08
4.500000e+02	4.550000e+02	1.379360e-07	2.267654e-08	2.267654e-08
4.550000e+02	4.600000e+02	9.320000e-08	1.864000e-08	1.864000e-08
4.600000e+02	4.650000e+02	9.320000e-08	1.864000e-08	1.864000e-08
4.650000e+02	4.700000e+02	8.947200e-08	1.826340e-08	1.826340e-08
4.700000e+02	4.750000e+02	1.006560e-07	1.937126e-08	1.937126e-08
4.750000e+02	4.800000e+02	1.118400e-07	2.041910e-08	2.041910e-08
4.800000e+02	4.850000e+02	1.043840e-07	1.972672e-08	1.972672e-08
4.850000e+02	4.900000e+02	1.118400e-07	2.041910e-08	2.041910e-08
4.900000e+02	4.950000e+02	8.201600e-08	1.748587e-08	1.748587e-08
4.950000e+02	5.000000e+02	1.043840e-07	1.972672e-08	1.972672e-08
# END HISTO1D

