# BEGIN PLOT
Legend=1
LogY=1
LegendPlacement=manual
LegendAlign=r
LegendXPos=1.36
RightMargin=3.7
Title=Di-bjet $\Delta R$
XLabel=$\Delta R_{bb}$
YLabel=$\mathrm{d}\sigma/\mathrm{d}\Delta R_{bb}$ [pb]
DrawOnly=//eos/home-y/yiyu/monobc/Rivet_New/X600_Qd10.yoda.gz/JetMETAnalysis/bb_dR //eos/home-y/yiyu/monobc/Rivet_New/X600_Qd300.yoda.gz/JetMETAnalysis/bb_dR //eos/home-y/yiyu/monobc/Rivet_New/X1200_Qd10.yoda.gz/JetMETAnalysis/bb_dR //eos/home-y/yiyu/monobc/Rivet_New/X1200_Qd600.yoda.gz/JetMETAnalysis/bb_dR //eos/home-y/yiyu/monobc/Rivet_New/X2000_Qd10.yoda.gz/JetMETAnalysis/bb_dR //eos/home-y/yiyu/monobc/Rivet_New/X2000_Qd1000.yoda.gz/JetMETAnalysis/bb_dR
LegendOnly=//eos/home-y/yiyu/monobc/Rivet_New/X600_Qd10.yoda.gz/JetMETAnalysis/bb_dR //eos/home-y/yiyu/monobc/Rivet_New/X600_Qd300.yoda.gz/JetMETAnalysis/bb_dR //eos/home-y/yiyu/monobc/Rivet_New/X1200_Qd10.yoda.gz/JetMETAnalysis/bb_dR //eos/home-y/yiyu/monobc/Rivet_New/X1200_Qd600.yoda.gz/JetMETAnalysis/bb_dR //eos/home-y/yiyu/monobc/Rivet_New/X2000_Qd10.yoda.gz/JetMETAnalysis/bb_dR //eos/home-y/yiyu/monobc/Rivet_New/X2000_Qd1000.yoda.gz/JetMETAnalysis/bb_dR
RatioPlot=1
RatioPlotReference=//eos/home-y/yiyu/monobc/Rivet_New/X600_Qd10.yoda.gz/JetMETAnalysis/bb_dR
RatioPlotYLabel=Ratio
# END PLOT

# BEGIN HISTO1D //eos/home-y/yiyu/monobc/Rivet_New/X600_Qd10.yoda.gz/JetMETAnalysis/bb_dR
ErrorBars=1
LineColor=red
LineStyle=solid
Path=//eos/home-y/yiyu/monobc/Rivet_New/X600_Qd10.yoda.gz/JetMETAnalysis/bb_dR
ScaledBy=1.84649615786480238e-05
Title=X600_Qd10
# xlow	 xhigh	 val	 errminus	 errplus
0.000000e+00	1.000000e-01	0.000000e+00	0.000000e+00	0.000000e+00
1.000000e-01	2.000000e-01	0.000000e+00	0.000000e+00	0.000000e+00
2.000000e-01	3.000000e-01	0.000000e+00	0.000000e+00	0.000000e+00
3.000000e-01	4.000000e-01	3.453453e-02	3.453453e-02	3.453453e-02
4.000000e-01	5.000000e-01	3.004504e+00	3.221167e-01	3.221167e-01
5.000000e-01	6.000000e-01	6.009009e+00	4.581524e-01	4.581524e-01
6.000000e-01	7.000000e-01	5.456456e+00	4.368311e-01	4.368311e-01
7.000000e-01	8.000000e-01	6.803303e+00	4.847153e-01	4.847153e-01
8.000000e-01	9.000000e-01	6.872372e+00	4.871696e-01	4.871696e-01
9.000000e-01	1.000000e+00	7.424925e+00	5.133927e-01	5.133927e-01
1.000000e+00	1.100000e+00	9.393393e+00	5.716482e-01	5.716482e-01
1.100000e+00	1.200000e+00	1.053303e+01	6.090232e-01	6.090232e-01
1.200000e+00	1.300000e+00	1.125826e+01	6.292492e-01	6.292492e-01
1.300000e+00	1.400000e+00	1.125826e+01	6.311417e-01	6.311417e-01
1.400000e+00	1.500000e+00	1.371021e+01	6.932759e-01	6.932759e-01
1.500000e+00	1.600000e+00	1.415916e+01	7.060602e-01	7.060602e-01
1.600000e+00	1.700000e+00	1.436637e+01	7.111096e-01	7.111096e-01
1.700000e+00	1.800000e+00	1.619670e+01	7.542456e-01	7.542456e-01
1.800000e+00	1.900000e+00	1.771622e+01	7.867510e-01	7.867510e-01
1.900000e+00	2.000000e+00	1.795796e+01	7.965433e-01	7.965433e-01
2.000000e+00	2.100000e+00	2.054805e+01	8.480320e-01	8.480320e-01
2.100000e+00	2.200000e+00	2.161862e+01	8.695574e-01	8.695574e-01
2.200000e+00	2.300000e+00	2.127327e+01	8.612888e-01	8.612888e-01
2.300000e+00	2.400000e+00	2.303453e+01	8.998880e-01	8.998880e-01
2.400000e+00	2.500000e+00	2.348348e+01	9.097736e-01	9.097736e-01
2.500000e+00	2.600000e+00	2.555556e+01	9.457671e-01	9.457671e-01
2.600000e+00	2.700000e+00	2.776577e+01	9.889186e-01	9.889186e-01
2.700000e+00	2.800000e+00	2.700601e+01	9.755624e-01	9.755624e-01
2.800000e+00	2.900000e+00	2.914715e+01	1.012751e+00	1.012751e+00
2.900000e+00	3.000000e+00	3.066667e+01	1.031421e+00	1.031421e+00
3.000000e+00	3.100000e+00	3.190991e+01	1.054294e+00	1.054294e+00
3.100000e+00	3.200000e+00	2.807658e+01	9.931306e-01	9.931306e-01
3.200000e+00	3.300000e+00	2.144595e+01	8.716122e-01	8.716122e-01
3.300000e+00	3.400000e+00	1.471171e+01	7.177868e-01	7.177868e-01
3.400000e+00	3.500000e+00	1.225976e+01	6.579713e-01	6.579713e-01
3.500000e+00	3.600000e+00	9.255255e+00	5.737308e-01	5.737308e-01
3.600000e+00	3.700000e+00	8.081081e+00	5.350067e-01	5.350067e-01
3.700000e+00	3.800000e+00	6.216216e+00	4.633294e-01	4.633294e-01
3.800000e+00	3.900000e+00	6.009009e+00	4.581524e-01	4.581524e-01
3.900000e+00	4.000000e+00	3.764264e+00	3.703416e-01	3.703416e-01
4.000000e+00	4.100000e+00	3.487988e+00	3.504872e-01	3.504872e-01
4.100000e+00	4.200000e+00	2.486486e+00	3.010651e-01	3.010651e-01
4.200000e+00	4.300000e+00	2.106607e+00	2.784263e-01	2.784263e-01
4.300000e+00	4.400000e+00	1.899399e+00	2.561150e-01	2.561150e-01
4.400000e+00	4.500000e+00	1.243243e+00	2.128852e-01	2.128852e-01
4.500000e+00	4.600000e+00	1.001501e+00	1.983858e-01	1.983858e-01
4.600000e+00	4.700000e+00	7.597597e-01	1.619813e-01	1.619813e-01
4.700000e+00	4.800000e+00	5.180180e-01	1.337517e-01	1.337517e-01
4.800000e+00	4.900000e+00	5.180180e-01	1.337517e-01	1.337517e-01
4.900000e+00	5.000000e+00	1.726727e-01	9.136979e-02	9.136979e-02
# END HISTO1D


# BEGIN HISTO1D //eos/home-y/yiyu/monobc/Rivet_New/X600_Qd300.yoda.gz/JetMETAnalysis/bb_dR
ErrorBars=1
LineColor=red
LineStyle=dashed
Path=//eos/home-y/yiyu/monobc/Rivet_New/X600_Qd300.yoda.gz/JetMETAnalysis/bb_dR
ScaledBy=1.82181239199614478e-05
Title=X600_Qd300
# xlow	 xhigh	 val	 errminus	 errplus
0.000000e+00	1.000000e-01	0.000000e+00	0.000000e+00	0.000000e+00
1.000000e-01	2.000000e-01	0.000000e+00	0.000000e+00	0.000000e+00
2.000000e-01	3.000000e-01	0.000000e+00	0.000000e+00	0.000000e+00
3.000000e-01	4.000000e-01	0.000000e+00	0.000000e+00	0.000000e+00
4.000000e-01	5.000000e-01	7.527562e-01	8.413566e-02	8.413566e-02
5.000000e-01	6.000000e-01	1.542232e+00	1.189858e-01	1.189858e-01
6.000000e-01	7.000000e-01	1.808451e+00	1.294992e-01	1.294992e-01
7.000000e-01	8.000000e-01	1.735011e+00	1.262035e-01	1.262035e-01
8.000000e-01	9.000000e-01	1.909430e+00	1.349172e-01	1.349172e-01
9.000000e-01	1.000000e+00	2.239909e+00	1.433955e-01	1.433955e-01
1.000000e+00	1.100000e+00	2.368428e+00	1.485905e-01	1.485905e-01
1.100000e+00	1.200000e+00	2.772346e+00	1.611075e-01	1.611075e-01
1.200000e+00	1.300000e+00	3.038565e+00	1.685215e-01	1.685215e-01
1.300000e+00	1.400000e+00	3.451662e+00	1.794205e-01	1.794205e-01
1.400000e+00	1.500000e+00	3.323143e+00	1.751423e-01	1.751423e-01
1.500000e+00	1.600000e+00	3.772961e+00	1.870099e-01	1.870099e-01
1.600000e+00	1.700000e+00	3.974920e+00	1.914631e-01	1.914631e-01
1.700000e+00	1.800000e+00	4.305398e+00	1.996508e-01	1.996508e-01
1.800000e+00	1.900000e+00	4.433918e+00	2.025839e-01	2.025839e-01
1.900000e+00	2.000000e+00	4.626697e+00	2.069056e-01	2.069056e-01
2.000000e+00	2.100000e+00	5.342733e+00	2.226020e-01	2.226020e-01
2.100000e+00	2.200000e+00	5.517152e+00	2.265422e-01	2.265422e-01
2.200000e+00	2.300000e+00	5.939430e+00	2.338637e-01	2.338637e-01
2.300000e+00	2.400000e+00	6.113849e+00	2.379716e-01	2.379716e-01
2.400000e+00	2.500000e+00	6.894145e+00	2.529073e-01	2.529073e-01
2.500000e+00	2.600000e+00	6.591207e+00	2.480287e-01	2.480287e-01
2.600000e+00	2.700000e+00	7.628541e+00	2.652673e-01	2.652673e-01
2.700000e+00	2.800000e+00	7.343963e+00	2.615884e-01	2.615884e-01
2.800000e+00	2.900000e+00	8.289498e+00	2.794991e-01	2.794991e-01
2.900000e+00	3.000000e+00	8.555717e+00	2.829452e-01	2.829452e-01
3.000000e+00	3.100000e+00	8.362938e+00	2.804021e-01	2.804021e-01
3.100000e+00	3.200000e+00	7.738701e+00	2.693656e-01	2.693656e-01
3.200000e+00	3.300000e+00	4.791936e+00	2.113384e-01	2.113384e-01
3.300000e+00	3.400000e+00	3.956560e+00	1.914631e-01	1.914631e-01
3.400000e+00	3.500000e+00	3.029385e+00	1.707570e-01	1.707570e-01
3.500000e+00	3.600000e+00	2.386788e+00	1.485905e-01	1.485905e-01
3.600000e+00	3.700000e+00	2.377608e+00	1.488738e-01	1.488738e-01
3.700000e+00	3.800000e+00	1.725831e+00	1.272012e-01	1.272012e-01
3.800000e+00	3.900000e+00	1.376993e+00	1.131780e-01	1.131780e-01
3.900000e+00	4.000000e+00	1.018975e+00	9.671681e-02	9.671681e-02
4.000000e+00	4.100000e+00	8.537357e-01	8.852827e-02	8.852827e-02
4.100000e+00	4.200000e+00	6.609566e-01	7.896894e-02	7.896894e-02
4.200000e+00	4.300000e+00	4.314578e-01	6.425968e-02	6.425968e-02
4.300000e+00	4.400000e+00	4.314578e-01	6.293459e-02	6.293459e-02
4.400000e+00	4.500000e+00	2.662186e-01	4.943556e-02	4.943556e-02
4.500000e+00	4.600000e+00	3.212984e-01	5.430934e-02	5.430934e-02
4.600000e+00	4.700000e+00	2.294988e-01	4.770044e-02	4.770044e-02
4.700000e+00	4.800000e+00	1.101594e-01	3.180030e-02	3.180030e-02
4.800000e+00	4.900000e+00	9.179953e-02	2.902956e-02	2.902956e-02
4.900000e+00	5.000000e+00	2.753986e-02	1.590014e-02	1.590014e-02
# END HISTO1D


# BEGIN HISTO1D //eos/home-y/yiyu/monobc/Rivet_New/X1200_Qd10.yoda.gz/JetMETAnalysis/bb_dR
ErrorBars=1
LineColor=blue
LineStyle=solid
Path=//eos/home-y/yiyu/monobc/Rivet_New/X1200_Qd10.yoda.gz/JetMETAnalysis/bb_dR
ScaledBy=1.55089979300998813e-05
Title=X1200_Qd10
# xlow	 xhigh	 val	 errminus	 errplus
0.000000e+00	1.000000e-01	0.000000e+00	0.000000e+00	0.000000e+00
1.000000e-01	2.000000e-01	0.000000e+00	0.000000e+00	0.000000e+00
2.000000e-01	3.000000e-01	0.000000e+00	0.000000e+00	0.000000e+00
3.000000e-01	4.000000e-01	0.000000e+00	0.000000e+00	0.000000e+00
4.000000e-01	5.000000e-01	1.459391e-01	1.498272e-02	1.498272e-02
5.000000e-01	6.000000e-01	2.553934e-01	1.994408e-02	1.994408e-02
6.000000e-01	7.000000e-01	2.988945e-01	2.114225e-02	2.114225e-02
7.000000e-01	8.000000e-01	2.876684e-01	2.067132e-02	2.067132e-02
8.000000e-01	9.000000e-01	3.452021e-01	2.245217e-02	2.245217e-02
9.000000e-01	1.000000e+00	4.167684e-01	2.514148e-02	2.514148e-02
1.000000e+00	1.100000e+00	4.728988e-01	2.688261e-02	2.688261e-02
1.100000e+00	1.200000e+00	4.392206e-01	2.629008e-02	2.629008e-02
1.200000e+00	1.300000e+00	4.728988e-01	2.695576e-02	2.695576e-02
1.300000e+00	1.400000e+00	5.346423e-01	2.865539e-02	2.865539e-02
1.400000e+00	1.500000e+00	5.318358e-01	2.926732e-02	2.926732e-02
1.500000e+00	1.600000e+00	5.949825e-01	2.956854e-02	2.956854e-02
1.600000e+00	1.700000e+00	6.342738e-01	3.118903e-02	3.118903e-02
1.700000e+00	1.800000e+00	6.861945e-01	3.317755e-02	3.317755e-02
1.800000e+00	1.900000e+00	7.128564e-01	3.314785e-02	3.314785e-02
1.900000e+00	2.000000e+00	8.138912e-01	3.533320e-02	3.533320e-02
2.000000e+00	2.100000e+00	8.124879e-01	3.508152e-02	3.508152e-02
2.100000e+00	2.200000e+00	8.672151e-01	3.653871e-02	3.653871e-02
2.200000e+00	2.300000e+00	8.924738e-01	3.723271e-02	3.723271e-02
2.300000e+00	2.400000e+00	9.065064e-01	3.770569e-02	3.770569e-02
2.400000e+00	2.500000e+00	1.059462e+00	3.991284e-02	3.991284e-02
2.500000e+00	2.600000e+00	1.032800e+00	3.993750e-02	3.993750e-02
2.600000e+00	2.700000e+00	1.060865e+00	4.119950e-02	4.119950e-02
2.700000e+00	2.800000e+00	1.077704e+00	4.067036e-02	4.067036e-02
2.800000e+00	2.900000e+00	1.083317e+00	4.115168e-02	4.115168e-02
2.900000e+00	3.000000e+00	1.053849e+00	4.069456e-02	4.069456e-02
3.000000e+00	3.100000e+00	1.128222e+00	4.223791e-02	4.223791e-02
3.100000e+00	3.200000e+00	9.373781e-01	3.842987e-02	3.842987e-02
3.200000e+00	3.300000e+00	7.142597e-01	3.399831e-02	3.399831e-02
3.300000e+00	3.400000e+00	4.546565e-01	2.713777e-02	2.713777e-02
3.400000e+00	3.500000e+00	3.858967e-01	2.529764e-02	2.529764e-02
3.500000e+00	3.600000e+00	2.862652e-01	2.155730e-02	2.155730e-02
3.600000e+00	3.700000e+00	2.596032e-01	2.057584e-02	2.057584e-02
3.700000e+00	3.800000e+00	1.669880e-01	1.747046e-02	1.747046e-02
3.800000e+00	3.900000e+00	1.740043e-01	1.695566e-02	1.695566e-02
3.900000e+00	4.000000e+00	1.150674e-01	1.403260e-02	1.403260e-02
4.000000e+00	4.100000e+00	7.296955e-02	1.104929e-02	1.104929e-02
4.100000e+00	4.200000e+00	7.577608e-02	1.122609e-02	1.122609e-02
4.200000e+00	4.300000e+00	5.893695e-02	1.068691e-02	1.068691e-02
4.300000e+00	4.400000e+00	3.929130e-02	8.182346e-03	8.182346e-03
4.400000e+00	4.500000e+00	4.069456e-02	8.301802e-03	8.301802e-03
4.500000e+00	4.600000e+00	1.964565e-02	5.250521e-03	5.250521e-03
4.600000e+00	4.700000e+00	1.403261e-02	4.861038e-03	4.861038e-03
4.700000e+00	4.800000e+00	8.419564e-03	3.969020e-03	3.969020e-03
4.800000e+00	4.900000e+00	8.419564e-03	3.437272e-03	3.437272e-03
4.900000e+00	5.000000e+00	7.016303e-03	3.137786e-03	3.137786e-03
# END HISTO1D


# BEGIN HISTO1D //eos/home-y/yiyu/monobc/Rivet_New/X1200_Qd600.yoda.gz/JetMETAnalysis/bb_dR
ErrorBars=1
LineColor=blue
LineStyle=dashed
Path=//eos/home-y/yiyu/monobc/Rivet_New/X1200_Qd600.yoda.gz/JetMETAnalysis/bb_dR
ScaledBy=1.55734112111162459e-05
Title=X1200_Qd600
# xlow	 xhigh	 val	 errminus	 errplus
0.000000e+00	1.000000e-01	0.000000e+00	0.000000e+00	0.000000e+00
1.000000e-01	2.000000e-01	0.000000e+00	0.000000e+00	0.000000e+00
2.000000e-01	3.000000e-01	0.000000e+00	0.000000e+00	0.000000e+00
3.000000e-01	4.000000e-01	0.000000e+00	0.000000e+00	0.000000e+00
4.000000e-01	5.000000e-01	4.259598e-02	4.040585e-03	4.040585e-03
5.000000e-01	6.000000e-01	6.741277e-02	5.132411e-03	5.132411e-03
6.000000e-01	7.000000e-01	7.333917e-02	5.493918e-03	5.493918e-03
7.000000e-01	8.000000e-01	8.741436e-02	5.926398e-03	5.926398e-03
8.000000e-01	9.000000e-01	8.926636e-02	5.961022e-03	5.961022e-03
9.000000e-01	1.000000e+00	1.011192e-01	6.318548e-03	6.318548e-03
1.000000e+00	1.100000e+00	1.085272e-01	6.553042e-03	6.553042e-03
1.100000e+00	1.200000e+00	1.303807e-01	7.066779e-03	7.066779e-03
1.200000e+00	1.300000e+00	1.426039e-01	7.472536e-03	7.472536e-03
1.300000e+00	1.400000e+00	1.485303e-01	7.707522e-03	7.707522e-03
1.400000e+00	1.500000e+00	1.566791e-01	7.883515e-03	7.883515e-03
1.500000e+00	1.600000e+00	1.659391e-01	8.232548e-03	8.232548e-03
1.600000e+00	1.700000e+00	1.855703e-01	8.567374e-03	8.567374e-03
1.700000e+00	1.800000e+00	1.844591e-01	8.591360e-03	8.591360e-03
1.800000e+00	1.900000e+00	1.885335e-01	8.912716e-03	8.912716e-03
1.900000e+00	2.000000e+00	2.007567e-01	9.057772e-03	9.057772e-03
2.000000e+00	2.100000e+00	2.322407e-01	9.778837e-03	9.778837e-03
2.100000e+00	2.200000e+00	2.466863e-01	9.980197e-03	9.980197e-03
2.200000e+00	2.300000e+00	2.214991e-01	9.658846e-03	9.658846e-03
2.300000e+00	2.400000e+00	2.389079e-01	9.987068e-03	9.987068e-03
2.400000e+00	2.500000e+00	2.685399e-01	1.054827e-02	1.054827e-02
2.500000e+00	2.600000e+00	2.848375e-01	1.079256e-02	1.079256e-02
2.600000e+00	2.700000e+00	2.648359e-01	1.061311e-02	1.061311e-02
2.700000e+00	2.800000e+00	3.011351e-01	1.101901e-02	1.101901e-02
2.800000e+00	2.900000e+00	2.752071e-01	1.072882e-02	1.072882e-02
2.900000e+00	3.000000e+00	3.048391e-01	1.115512e-02	1.115512e-02
3.000000e+00	3.100000e+00	3.066911e-01	1.128352e-02	1.128352e-02
3.100000e+00	3.200000e+00	2.492791e-01	1.044370e-02	1.044370e-02
3.200000e+00	3.300000e+00	1.840887e-01	8.694540e-03	8.694540e-03
3.300000e+00	3.400000e+00	1.244543e-01	7.239398e-03	7.239398e-03
3.400000e+00	3.500000e+00	1.003784e-01	6.839872e-03	6.839872e-03
3.500000e+00	3.600000e+00	8.185837e-02	5.750152e-03	5.750152e-03
3.600000e+00	3.700000e+00	5.963438e-02	5.065142e-03	5.065142e-03
3.700000e+00	3.800000e+00	5.555998e-02	4.655854e-03	4.655854e-03
3.800000e+00	3.900000e+00	3.741038e-02	4.239420e-03	4.239420e-03
3.900000e+00	4.000000e+00	2.703919e-02	3.454860e-03	3.454860e-03
4.000000e+00	4.100000e+00	2.111279e-02	3.292186e-03	3.292186e-03
4.100000e+00	4.200000e+00	1.851999e-02	2.820881e-03	2.820881e-03
4.200000e+00	4.300000e+00	8.889596e-03	2.159784e-03	2.159784e-03
4.300000e+00	4.400000e+00	9.630396e-03	1.959972e-03	1.959972e-03
4.400000e+00	4.500000e+00	8.148797e-03	1.959972e-03	1.959972e-03
4.500000e+00	4.600000e+00	4.444798e-03	1.737329e-03	1.737329e-03
4.600000e+00	4.700000e+00	2.592799e-03	1.228478e-03	1.228478e-03
4.700000e+00	4.800000e+00	2.592799e-03	9.799859e-04	9.799859e-04
4.800000e+00	4.900000e+00	1.481599e-03	7.407997e-04	7.407997e-04
4.900000e+00	5.000000e+00	7.407997e-04	5.238245e-04	5.238245e-04
# END HISTO1D


# BEGIN HISTO1D //eos/home-y/yiyu/monobc/Rivet_New/X2000_Qd10.yoda.gz/JetMETAnalysis/bb_dR
ErrorBars=1
LineColor=violet
LineStyle=solid
Path=//eos/home-y/yiyu/monobc/Rivet_New/X2000_Qd10.yoda.gz/JetMETAnalysis/bb_dR
ScaledBy=1.45371328944331763e-05
Title=X2000_Qd10
# xlow	 xhigh	 val	 errminus	 errplus
0.000000e+00	1.000000e-01	0.000000e+00	0.000000e+00	0.000000e+00
1.000000e-01	2.000000e-01	0.000000e+00	0.000000e+00	0.000000e+00
2.000000e-01	3.000000e-01	0.000000e+00	0.000000e+00	0.000000e+00
3.000000e-01	4.000000e-01	0.000000e+00	0.000000e+00	0.000000e+00
4.000000e-01	5.000000e-01	4.005508e-03	5.541499e-04	5.541499e-04
5.000000e-01	6.000000e-01	4.832732e-03	6.472408e-04	6.472408e-04
6.000000e-01	7.000000e-01	3.700741e-03	6.674268e-04	6.674268e-04
7.000000e-01	8.000000e-01	6.400105e-03	7.087494e-04	7.087494e-04
8.000000e-01	9.000000e-01	7.706249e-03	7.678032e-04	7.678032e-04
9.000000e-01	1.000000e+00	6.617796e-03	7.665679e-04	7.665679e-04
1.000000e+00	1.100000e+00	8.185168e-03	8.487144e-04	8.487144e-04
1.100000e+00	1.200000e+00	8.751164e-03	8.520580e-04	8.520580e-04
1.200000e+00	1.300000e+00	9.360698e-03	8.805042e-04	8.805042e-04
1.300000e+00	1.400000e+00	1.066684e-02	9.568488e-04	9.568488e-04
1.400000e+00	1.500000e+00	1.071038e-02	9.337888e-04	9.337888e-04
1.500000e+00	1.600000e+00	9.665465e-03	9.598158e-04	9.598158e-04
1.600000e+00	1.700000e+00	1.227775e-02	1.033973e-03	1.033973e-03
1.700000e+00	1.800000e+00	1.184237e-02	1.046728e-03	1.046728e-03
1.800000e+00	1.900000e+00	1.166822e-02	1.064683e-03	1.064683e-03
1.900000e+00	2.000000e+00	1.423697e-02	1.110862e-03	1.110862e-03
2.000000e+00	2.100000e+00	1.280021e-02	1.173108e-03	1.173108e-03
2.100000e+00	2.200000e+00	1.127638e-02	1.100576e-03	1.100576e-03
2.200000e+00	2.300000e+00	1.014438e-02	1.126115e-03	1.126115e-03
2.300000e+00	2.400000e+00	1.549957e-02	1.173108e-03	1.173108e-03
2.400000e+00	2.500000e+00	1.210360e-02	1.150264e-03	1.150264e-03
2.500000e+00	2.600000e+00	1.245190e-02	1.174723e-03	1.174723e-03
2.600000e+00	2.700000e+00	1.280021e-02	1.203418e-03	1.203418e-03
2.700000e+00	2.800000e+00	1.471589e-02	1.184365e-03	1.184365e-03
2.800000e+00	2.900000e+00	1.371451e-02	1.230674e-03	1.230674e-03
2.900000e+00	3.000000e+00	1.423697e-02	1.202630e-03	1.202630e-03
3.000000e+00	3.100000e+00	1.393220e-02	1.220622e-03	1.220622e-03
3.100000e+00	3.200000e+00	1.297436e-02	1.133665e-03	1.133665e-03
3.200000e+00	3.300000e+00	8.489935e-03	9.327733e-04	9.327733e-04
3.300000e+00	3.400000e+00	5.442266e-03	7.992538e-04	7.992538e-04
3.400000e+00	3.500000e+00	3.352436e-03	7.114189e-04	7.114189e-04
3.500000e+00	3.600000e+00	3.787817e-03	6.530719e-04	6.530719e-04
3.600000e+00	3.700000e+00	1.262606e-03	5.953749e-04	5.953749e-04
3.700000e+00	3.800000e+00	1.088453e-03	4.906498e-04	4.906498e-04
3.800000e+00	3.900000e+00	1.828601e-03	4.482525e-04	4.482525e-04
3.900000e+00	4.000000e+00	8.272244e-04	3.719899e-04	3.719899e-04
4.000000e+00	4.100000e+00	1.306144e-04	3.228874e-04	3.228874e-04
4.100000e+00	4.200000e+00	2.612288e-04	3.016410e-04	3.016410e-04
4.200000e+00	4.300000e+00	6.530719e-04	2.501075e-04	2.501075e-04
4.300000e+00	4.400000e+00	2.612288e-04	2.462889e-04	2.462889e-04
4.400000e+00	4.500000e+00	-4.353813e-05	1.795123e-04	1.795123e-04
4.500000e+00	4.600000e+00	-8.707626e-05	1.629048e-04	1.629048e-04
4.600000e+00	4.700000e+00	1.306144e-04	1.686224e-04	1.686224e-04
4.700000e+00	4.800000e+00	3.918432e-04	1.443997e-04	1.443997e-04
4.800000e+00	4.900000e+00	1.741525e-04	1.066462e-04	1.066462e-04
4.900000e+00	5.000000e+00	8.707626e-05	8.707626e-05	8.707626e-05
# END HISTO1D


# BEGIN HISTO1D //eos/home-y/yiyu/monobc/Rivet_New/X2000_Qd1000.yoda.gz/JetMETAnalysis/bb_dR
ErrorBars=1
LineColor=violet
LineStyle=dashed
Path=//eos/home-y/yiyu/monobc/Rivet_New/X2000_Qd1000.yoda.gz/JetMETAnalysis/bb_dR
ScaledBy=1.51653558954254362e-05
Title=X2000_Qd1000
# xlow	 xhigh	 val	 errminus	 errplus
0.000000e+00	1.000000e-01	0.000000e+00	0.000000e+00	0.000000e+00
1.000000e-01	2.000000e-01	0.000000e+00	0.000000e+00	0.000000e+00
2.000000e-01	3.000000e-01	0.000000e+00	0.000000e+00	0.000000e+00
3.000000e-01	4.000000e-01	0.000000e+00	0.000000e+00	0.000000e+00
4.000000e-01	5.000000e-01	7.647195e-04	1.274067e-04	1.274067e-04
5.000000e-01	6.000000e-01	1.271088e-03	1.501107e-04	1.501107e-04
6.000000e-01	7.000000e-01	1.364094e-03	1.640479e-04	1.640479e-04
7.000000e-01	8.000000e-01	1.581109e-03	1.804764e-04	1.804764e-04
8.000000e-01	9.000000e-01	1.798124e-03	1.789909e-04	1.789909e-04
9.000000e-01	1.000000e+00	1.818792e-03	1.807720e-04	1.807720e-04
1.000000e+00	1.100000e+00	1.942801e-03	2.051250e-04	2.051250e-04
1.100000e+00	1.200000e+00	2.325161e-03	2.120369e-04	2.120369e-04
1.200000e+00	1.300000e+00	1.994471e-03	2.204328e-04	2.204328e-04
1.300000e+00	1.400000e+00	2.397499e-03	2.296857e-04	2.296857e-04
1.400000e+00	1.500000e+00	2.635182e-03	2.317685e-04	2.317685e-04
1.500000e+00	1.600000e+00	2.738523e-03	2.403638e-04	2.403638e-04
1.600000e+00	1.700000e+00	2.593846e-03	2.385800e-04	2.385800e-04
1.700000e+00	1.800000e+00	2.872865e-03	2.475862e-04	2.475862e-04
1.800000e+00	1.900000e+00	3.678921e-03	2.610242e-04	2.610242e-04
1.900000e+00	2.000000e+00	2.893533e-03	2.646808e-04	2.646808e-04
2.000000e+00	2.100000e+00	2.914201e-03	2.622487e-04	2.622487e-04
2.100000e+00	2.200000e+00	3.244891e-03	2.745825e-04	2.745825e-04
2.200000e+00	2.300000e+00	3.513576e-03	2.908259e-04	2.908259e-04
2.300000e+00	2.400000e+00	3.275893e-03	2.850774e-04	2.850774e-04
2.400000e+00	2.500000e+00	3.740925e-03	2.933850e-04	2.933850e-04
2.500000e+00	2.600000e+00	3.306895e-03	2.915594e-04	2.915594e-04
2.600000e+00	2.700000e+00	3.410236e-03	2.900905e-04	2.900905e-04
2.700000e+00	2.800000e+00	3.503242e-03	2.993308e-04	2.993308e-04
2.800000e+00	2.900000e+00	4.040613e-03	3.067315e-04	3.067315e-04
2.900000e+00	3.000000e+00	3.513576e-03	2.962827e-04	2.962827e-04
3.000000e+00	3.100000e+00	3.306895e-03	3.019947e-04	3.019947e-04
3.100000e+00	3.200000e+00	3.120882e-03	2.818752e-04	2.818752e-04
3.200000e+00	3.300000e+00	1.570775e-03	2.356525e-04	2.356525e-04
3.300000e+00	3.400000e+00	9.920685e-04	1.865861e-04	1.865861e-04
3.400000e+00	3.500000e+00	7.957216e-04	1.669516e-04	1.669516e-04
3.500000e+00	3.600000e+00	8.577259e-04	1.501107e-04	1.501107e-04
3.600000e+00	3.700000e+00	5.890407e-04	1.405582e-04	1.405582e-04
3.700000e+00	3.800000e+00	4.650321e-04	1.127311e-04	1.127311e-04
3.800000e+00	3.900000e+00	2.790193e-04	1.007238e-04	1.007238e-04
3.900000e+00	4.000000e+00	3.203555e-04	9.638957e-05	9.638957e-05
4.000000e+00	4.100000e+00	1.550107e-04	8.202396e-05	8.202396e-05
4.100000e+00	4.200000e+00	7.233833e-05	6.617019e-05	6.617019e-05
4.200000e+00	4.300000e+00	1.756788e-04	6.453611e-05	6.453611e-05
4.300000e+00	4.400000e+00	1.033405e-05	4.956035e-05	4.956035e-05
4.400000e+00	4.500000e+00	6.200428e-05	4.384365e-05	4.384365e-05
4.500000e+00	4.600000e+00	7.233833e-05	4.260837e-05	4.260837e-05
4.600000e+00	4.700000e+00	3.100214e-05	3.725994e-05	3.725994e-05
4.700000e+00	4.800000e+00	6.200428e-05	2.531314e-05	2.531314e-05
4.800000e+00	4.900000e+00	-2.066809e-05	2.922910e-05	2.922910e-05
4.900000e+00	5.000000e+00	0.000000e+00	-nan	-nan
# END HISTO1D

