# BEGIN PLOT
Legend=1
LogY=1
LegendPlacement=manual
LegendAlign=r
LegendXPos=1.36
RightMargin=3.7
Title=Di-bjet $\Delta\phi$
XLabel=$\Delta\phi_{bb}$ [rad]
YLabel=$\mathrm{d}\sigma/\mathrm{d}\Delta\phi_{bb}$ [pb/rad]
XMin=0
DrawOnly=//eos/home-y/yiyu/monobc/Rivet_New/X600_Qd10.yoda.gz/JetMETAnalysis/bb_dphi //eos/home-y/yiyu/monobc/Rivet_New/X600_Qd300.yoda.gz/JetMETAnalysis/bb_dphi //eos/home-y/yiyu/monobc/Rivet_New/X1200_Qd10.yoda.gz/JetMETAnalysis/bb_dphi //eos/home-y/yiyu/monobc/Rivet_New/X1200_Qd600.yoda.gz/JetMETAnalysis/bb_dphi //eos/home-y/yiyu/monobc/Rivet_New/X2000_Qd10.yoda.gz/JetMETAnalysis/bb_dphi //eos/home-y/yiyu/monobc/Rivet_New/X2000_Qd1000.yoda.gz/JetMETAnalysis/bb_dphi
LegendOnly=//eos/home-y/yiyu/monobc/Rivet_New/X600_Qd10.yoda.gz/JetMETAnalysis/bb_dphi //eos/home-y/yiyu/monobc/Rivet_New/X600_Qd300.yoda.gz/JetMETAnalysis/bb_dphi //eos/home-y/yiyu/monobc/Rivet_New/X1200_Qd10.yoda.gz/JetMETAnalysis/bb_dphi //eos/home-y/yiyu/monobc/Rivet_New/X1200_Qd600.yoda.gz/JetMETAnalysis/bb_dphi //eos/home-y/yiyu/monobc/Rivet_New/X2000_Qd10.yoda.gz/JetMETAnalysis/bb_dphi //eos/home-y/yiyu/monobc/Rivet_New/X2000_Qd1000.yoda.gz/JetMETAnalysis/bb_dphi
RatioPlot=1
RatioPlotReference=//eos/home-y/yiyu/monobc/Rivet_New/X600_Qd10.yoda.gz/JetMETAnalysis/bb_dphi
RatioPlotYLabel=Ratio
# END PLOT

# BEGIN HISTO1D //eos/home-y/yiyu/monobc/Rivet_New/X600_Qd10.yoda.gz/JetMETAnalysis/bb_dphi
ErrorBars=1
LineColor=red
LineStyle=solid
Path=//eos/home-y/yiyu/monobc/Rivet_New/X600_Qd10.yoda.gz/JetMETAnalysis/bb_dphi
ScaledBy=1.84649615786480238e-05
Title=X600_Qd10
# xlow	 xhigh	 val	 errminus	 errplus
0.000000e+00	6.283185e-02	1.000334e+01	7.496011e-01	7.496011e-01
6.283185e-02	1.256637e-01	8.354440e+00	6.776346e-01	6.776346e-01
1.256637e-01	1.884956e-01	1.099268e+01	7.772995e-01	7.772995e-01
1.884956e-01	2.513274e-01	1.022320e+01	7.576191e-01	7.576191e-01
2.513274e-01	3.141593e-01	1.264158e+01	8.407780e-01	8.407780e-01
3.141593e-01	3.769911e-01	1.044306e+01	7.615960e-01	7.615960e-01
3.769911e-01	4.398230e-01	1.297136e+01	8.443634e-01	8.443634e-01
4.398230e-01	5.026548e-01	1.302634e+01	8.461518e-01	8.461518e-01
5.026548e-01	5.654867e-01	1.335610e+01	8.567943e-01	8.567943e-01
5.654867e-01	6.283185e-01	1.198203e+01	8.152399e-01	8.152399e-01
6.283185e-01	6.911504e-01	1.313625e+01	8.497131e-01	8.497131e-01
6.911504e-01	7.539822e-01	1.346605e+01	8.638186e-01	8.638186e-01
7.539822e-01	8.168141e-01	1.385077e+01	8.725166e-01	8.725166e-01
8.168141e-01	8.796459e-01	1.302634e+01	8.567957e-01	8.567957e-01
8.796459e-01	9.424778e-01	1.264158e+01	8.443634e-01	8.443634e-01
9.424778e-01	1.005310e+00	1.214685e+01	8.281028e-01	8.281028e-01
1.005310e+00	1.068142e+00	1.478513e+01	9.014650e-01	9.014650e-01
1.068142e+00	1.130973e+00	1.313644e+01	8.638296e-01	8.638296e-01
1.130973e+00	1.193805e+00	1.489505e+01	9.081426e-01	9.081426e-01
1.193805e+00	1.256637e+00	1.396068e+01	8.896585e-01	8.896585e-01
1.256637e+00	1.319469e+00	1.478513e+01	9.081426e-01	9.081426e-01
1.319469e+00	1.382301e+00	1.462023e+01	9.098043e-01	9.098043e-01
1.382301e+00	1.445133e+00	1.637906e+01	9.583176e-01	9.583176e-01
1.445133e+00	1.507964e+00	1.560982e+01	9.295283e-01	9.295283e-01
1.507964e+00	1.570796e+00	1.670884e+01	9.677285e-01	9.677285e-01
1.570796e+00	1.633628e+00	1.516987e+01	9.295135e-01	9.295135e-01
1.633628e+00	1.696460e+00	1.747832e+01	9.862810e-01	9.862810e-01
1.696460e+00	1.759292e+00	1.742337e+01	9.816758e-01	9.816758e-01
1.759292e+00	1.822124e+00	1.890737e+01	1.031203e+00	1.031203e+00
1.822124e+00	1.884956e+00	1.868752e+01	1.016449e+00	1.016449e+00
1.884956e+00	1.947787e+00	2.182077e+01	1.111581e+00	1.111581e+00
1.947787e+00	2.010619e+00	2.127079e+01	1.092374e+00	1.092374e+00
2.010619e+00	2.073451e+00	2.143569e+01	1.090990e+00	1.090990e+00
2.073451e+00	2.136283e+00	2.017152e+01	1.064360e+00	1.064360e+00
2.136283e+00	2.199115e+00	2.121583e+01	1.090990e+00	1.090990e+00
2.199115e+00	2.261947e+00	2.313955e+01	1.133097e+00	1.133097e+00
2.261947e+00	2.324779e+00	2.094102e+01	1.078458e+00	1.078458e+00
2.324779e+00	2.387610e+00	2.302999e+01	1.141086e+00	1.141086e+00
2.387610e+00	2.450442e+00	2.506326e+01	1.181391e+00	1.181391e+00
2.450442e+00	2.513274e+00	2.385407e+01	1.171118e+00	1.171118e+00
2.513274e+00	2.576106e+00	2.709691e+01	1.225324e+00	1.225324e+00
2.576106e+00	2.638938e+00	2.594267e+01	1.201674e+00	1.201674e+00
2.638938e+00	2.701770e+00	2.803127e+01	1.248526e+00	1.248526e+00
2.701770e+00	2.764602e+00	2.869084e+01	1.267735e+00	1.267735e+00
2.764602e+00	2.827433e+00	2.869130e+01	1.267755e+00	1.267755e+00
2.827433e+00	2.890265e+00	2.902061e+01	1.270116e+00	1.270116e+00
2.890265e+00	2.953097e+00	2.946032e+01	1.281953e+00	1.281953e+00
2.953097e+00	3.015929e+00	2.990004e+01	1.300669e+00	1.300669e+00
3.015929e+00	3.078761e+00	2.852594e+01	1.256966e+00	1.256966e+00
3.078761e+00	3.141593e+00	2.880077e+01	1.281953e+00	1.281953e+00
# END HISTO1D


# BEGIN HISTO1D //eos/home-y/yiyu/monobc/Rivet_New/X600_Qd300.yoda.gz/JetMETAnalysis/bb_dphi
ErrorBars=1
LineColor=red
LineStyle=dashed
Path=//eos/home-y/yiyu/monobc/Rivet_New/X600_Qd300.yoda.gz/JetMETAnalysis/bb_dphi
ScaledBy=1.82181239199614478e-05
Title=X600_Qd300
# xlow	 xhigh	 val	 errminus	 errplus
0.000000e+00	6.283185e-02	2.746745e+00	2.003270e-01	2.003270e-01
6.283185e-02	1.256637e-01	2.717525e+00	1.992586e-01	1.992586e-01
1.256637e-01	1.884956e-01	2.659082e+00	1.971042e-01	1.971042e-01
1.884956e-01	2.513274e-01	2.659087e+00	1.981846e-01	1.981846e-01
2.513274e-01	3.141593e-01	2.775964e+00	2.013896e-01	2.013896e-01
3.141593e-01	3.769911e-01	2.849021e+00	2.050662e-01	2.050662e-01
3.769911e-01	4.398230e-01	2.936679e+00	2.091882e-01	2.091882e-01
4.398230e-01	5.026548e-01	3.389604e+00	2.234956e-01	2.234956e-01
5.026548e-01	5.654867e-01	3.331157e+00	2.215768e-01	2.215768e-01
5.654867e-01	6.283185e-01	3.535708e+00	2.282212e-01	2.282212e-01
6.283185e-01	6.911504e-01	3.579534e+00	2.305472e-01	2.305472e-01
6.911504e-01	7.539822e-01	2.980513e+00	2.096982e-01	2.096982e-01
7.539822e-01	8.168141e-01	3.053560e+00	2.142296e-01	2.142296e-01
8.168141e-01	8.796459e-01	3.228890e+00	2.201273e-01	2.201273e-01
8.796459e-01	9.424778e-01	3.550313e+00	2.286880e-01	2.286880e-01
9.424778e-01	1.005310e+00	3.316530e+00	2.201259e-01	2.201259e-01
1.005310e+00	1.068142e+00	3.477255e+00	2.263420e-01	2.263420e-01
1.068142e+00	1.130973e+00	4.003290e+00	2.436065e-01	2.436065e-01
1.130973e+00	1.193805e+00	3.842513e+00	2.369395e-01	2.369395e-01
1.193805e+00	1.256637e+00	4.280822e+00	2.517896e-01	2.517896e-01
1.256637e+00	1.319469e+00	4.412315e+00	2.555761e-01	2.555761e-01
1.319469e+00	1.382301e+00	4.061668e+00	2.444773e-01	2.444773e-01
1.382301e+00	1.445133e+00	4.120109e+00	2.453489e-01	2.453489e-01
1.445133e+00	1.507964e+00	4.412386e+00	2.547436e-01	2.547436e-01
1.507964e+00	1.570796e+00	4.266211e+00	2.505147e-01	2.505147e-01
1.570796e+00	1.633628e+00	3.784072e+00	2.369395e-01	2.369395e-01
1.633628e+00	1.696460e+00	4.120109e+00	2.470828e-01	2.470828e-01
1.696460e+00	1.759292e+00	4.719132e+00	2.633912e-01	2.633912e-01
1.759292e+00	1.822124e+00	4.894455e+00	2.697968e-01	2.697968e-01
1.822124e+00	1.884956e+00	5.172052e+00	2.756669e-01	2.756669e-01
1.884956e+00	1.947787e+00	5.245186e+00	2.798978e-01	2.798978e-01
1.947787e+00	2.010619e+00	5.639582e+00	2.900065e-01	2.900065e-01
2.010619e+00	2.073451e+00	5.785686e+00	2.922063e-01	2.922063e-01
2.073451e+00	2.136283e+00	5.887957e+00	2.947520e-01	2.947520e-01
2.136283e+00	2.199115e+00	5.873346e+00	2.943897e-01	2.943897e-01
2.199115e+00	2.261947e+00	5.347376e+00	2.817935e-01	2.817935e-01
2.261947e+00	2.324779e+00	6.355488e+00	3.054220e-01	3.054220e-01
2.324779e+00	2.387610e+00	6.706242e+00	3.150598e-01	3.150598e-01
2.387610e+00	2.450442e+00	6.267825e+00	3.068166e-01	3.068166e-01
2.450442e+00	2.513274e+00	6.837627e+00	3.194284e-01	3.194284e-01
2.513274e+00	2.576106e+00	6.925290e+00	3.200960e-01	3.200960e-01
2.576106e+00	2.638938e+00	7.524312e+00	3.347644e-01	3.347644e-01
2.638938e+00	2.701770e+00	7.436650e+00	3.334866e-01	3.334866e-01
2.701770e+00	2.764602e+00	8.079504e+00	3.441962e-01	3.441962e-01
2.764602e+00	2.827433e+00	7.728979e+00	3.392039e-01	3.392039e-01
2.827433e+00	2.890265e+00	8.167166e+00	3.503431e-01	3.503431e-01
2.890265e+00	2.953097e+00	7.772687e+00	3.395130e-01	3.395130e-01
2.953097e+00	3.015929e+00	7.597364e+00	3.382533e-01	3.382533e-01
3.015929e+00	3.078761e+00	8.371710e+00	3.533764e-01	3.533764e-01
3.078761e+00	3.141593e+00	7.611975e+00	3.373053e-01	3.373053e-01
# END HISTO1D


# BEGIN HISTO1D //eos/home-y/yiyu/monobc/Rivet_New/X1200_Qd10.yoda.gz/JetMETAnalysis/bb_dphi
ErrorBars=1
LineColor=blue
LineStyle=solid
Path=//eos/home-y/yiyu/monobc/Rivet_New/X1200_Qd10.yoda.gz/JetMETAnalysis/bb_dphi
ScaledBy=1.55089979300998813e-05
Title=X1200_Qd10
# xlow	 xhigh	 val	 errminus	 errplus
0.000000e+00	6.283185e-02	3.953045e-01	3.086563e-02	3.086563e-02
6.283185e-02	1.256637e-01	3.662708e-01	3.045895e-02	3.045895e-02
1.256637e-01	1.884956e-01	4.020042e-01	3.062225e-02	3.062225e-02
1.884956e-01	2.513274e-01	4.176384e-01	3.335118e-02	3.335118e-02
2.513274e-01	3.141593e-01	4.288045e-01	3.220993e-02	3.220993e-02
3.141593e-01	3.769911e-01	4.466721e-01	3.372300e-02	3.372300e-02
3.769911e-01	4.398230e-01	4.734718e-01	3.502884e-02	3.502884e-02
4.398230e-01	5.026548e-01	5.471734e-01	3.621902e-02	3.621902e-02
5.026548e-01	5.654867e-01	5.583393e-01	3.696864e-02	3.696864e-02
5.654867e-01	6.283185e-01	6.052407e-01	3.861841e-02	3.861841e-02
6.283185e-01	6.911504e-01	6.074731e-01	3.829410e-02	3.829410e-02
6.911504e-01	7.539822e-01	5.516401e-01	3.690117e-02	3.690117e-02
7.539822e-01	8.168141e-01	5.270722e-01	3.573371e-02	3.573371e-02
8.168141e-01	8.796459e-01	5.293065e-01	3.538309e-02	3.538309e-02
8.796459e-01	9.424778e-01	5.784395e-01	3.690112e-02	3.690112e-02
9.424778e-01	1.005310e+00	5.762034e-01	3.750426e-02	3.750426e-02
1.005310e+00	1.068142e+00	6.141722e-01	3.874724e-02	3.874724e-02
1.068142e+00	1.130973e+00	5.315465e-01	3.710385e-02	3.710385e-02
1.130973e+00	1.193805e+00	6.231056e-01	3.925877e-02	3.925877e-02
1.193805e+00	1.256637e+00	6.633060e-01	4.038605e-02	4.038605e-02
1.256637e+00	1.319469e+00	6.677726e-01	3.988897e-02	3.988897e-02
1.319469e+00	1.382301e+00	6.700060e-01	4.020036e-02	4.020036e-02
1.382301e+00	1.445133e+00	5.873720e-01	3.900384e-02	3.900384e-02
1.445133e+00	1.507964e+00	6.342824e-01	3.944951e-02	3.944951e-02
1.507964e+00	1.570796e+00	6.141722e-01	4.013828e-02	4.013828e-02
1.570796e+00	1.633628e+00	7.347734e-01	4.278490e-02	4.278490e-02
1.633628e+00	1.696460e+00	6.722395e-01	4.099892e-02	4.099892e-02
1.696460e+00	1.759292e+00	7.057398e-01	4.142254e-02	4.142254e-02
1.759292e+00	1.822124e+00	7.079730e-01	4.184186e-02	4.184186e-02
1.822124e+00	1.884956e+00	7.191398e-01	4.295941e-02	4.295941e-02
1.884956e+00	1.947787e+00	7.906198e-01	4.477931e-02	4.477931e-02
1.947787e+00	2.010619e+00	8.308076e-01	4.587897e-02	4.587897e-02
2.010619e+00	2.073451e+00	8.151740e-01	4.449925e-02	4.449925e-02
2.073451e+00	2.136283e+00	7.883738e-01	4.427451e-02	4.427451e-02
2.136283e+00	2.199115e+00	9.201416e-01	4.695357e-02	4.695357e-02
2.199115e+00	2.261947e+00	8.129407e-01	4.444317e-02	4.444317e-02
2.261947e+00	2.324779e+00	8.643078e-01	4.742919e-02	4.742919e-02
2.324779e+00	2.387610e+00	8.799553e-01	4.706043e-02	4.706043e-02
2.387610e+00	2.450442e+00	8.866414e-01	4.668724e-02	4.668724e-02
2.450442e+00	2.513274e+00	8.866414e-01	4.690042e-02	4.690042e-02
2.513274e+00	2.576106e+00	9.983090e-01	4.998922e-02	4.998922e-02
2.576106e+00	2.638938e+00	1.036276e+00	4.993930e-02	4.993930e-02
2.638938e+00	2.701770e+00	9.938423e-01	5.008890e-02	5.008890e-02
2.701770e+00	2.764602e+00	9.268417e-01	4.826318e-02	4.826318e-02
2.764602e+00	2.827433e+00	9.916247e-01	5.131937e-02	5.131937e-02
2.827433e+00	2.890265e+00	1.125610e+00	5.237678e-02	5.237678e-02
2.890265e+00	2.953097e+00	9.514085e-01	4.882828e-02	4.882828e-02
2.953097e+00	3.015929e+00	1.051910e+00	5.117256e-02	5.117256e-02
3.015929e+00	3.078761e+00	1.007242e+00	4.998922e-02	4.998922e-02
3.078761e+00	3.141593e+00	1.045209e+00	5.180226e-02	5.180226e-02
# END HISTO1D


# BEGIN HISTO1D //eos/home-y/yiyu/monobc/Rivet_New/X1200_Qd600.yoda.gz/JetMETAnalysis/bb_dphi
ErrorBars=1
LineColor=blue
LineStyle=dashed
Path=//eos/home-y/yiyu/monobc/Rivet_New/X1200_Qd600.yoda.gz/JetMETAnalysis/bb_dphi
ScaledBy=1.55734112111162459e-05
Title=X1200_Qd600
# xlow	 xhigh	 val	 errminus	 errplus
0.000000e+00	6.283185e-02	1.114173e-01	8.563124e-03	8.563124e-03
6.283185e-02	1.256637e-01	1.078803e-01	8.440494e-03	8.440494e-03
1.256637e-01	1.884956e-01	9.844803e-02	8.061417e-03	8.061417e-03
1.884956e-01	2.513274e-01	1.143650e-01	8.502037e-03	8.502037e-03
2.513274e-01	3.141593e-01	1.137753e-01	8.842638e-03	8.842638e-03
3.141593e-01	3.769911e-01	1.332293e-01	9.094520e-03	9.094520e-03
3.769911e-01	4.398230e-01	1.520934e-01	9.650682e-03	9.650682e-03
4.398230e-01	5.026548e-01	1.461985e-01	9.864391e-03	9.864391e-03
5.026548e-01	5.654867e-01	1.355871e-01	9.578392e-03	9.578392e-03
5.654867e-01	6.283185e-01	1.456090e-01	9.704562e-03	9.704562e-03
6.283185e-01	6.911504e-01	1.461983e-01	9.650682e-03	9.650682e-03
6.911504e-01	7.539822e-01	1.509146e-01	9.758130e-03	9.758130e-03
7.539822e-01	8.168141e-01	1.503249e-01	9.740291e-03	9.740291e-03
8.168141e-01	8.796459e-01	1.420719e-01	9.668686e-03	9.668686e-03
8.796459e-01	9.424778e-01	1.397137e-01	9.264864e-03	9.264864e-03
9.424778e-01	1.005310e+00	1.568087e-01	9.934539e-03	9.934539e-03
1.005310e+00	1.068142e+00	1.461981e-01	9.686609e-03	9.686609e-03
1.068142e+00	1.130973e+00	1.585803e-01	9.917222e-03	9.917222e-03
1.130973e+00	1.193805e+00	1.579882e-01	1.000429e-02	1.000429e-02
1.193805e+00	1.256637e+00	1.515036e-01	9.952045e-03	9.952045e-03
1.256637e+00	1.319469e+00	1.697785e-01	1.057835e-02	1.057835e-02
1.319469e+00	1.382301e+00	1.703680e-01	1.032902e-02	1.032902e-02
1.382301e+00	1.445133e+00	1.591673e-01	1.024456e-02	1.024456e-02
1.445133e+00	1.507964e+00	1.680126e-01	1.052912e-02	1.052912e-02
1.507964e+00	1.570796e+00	1.756735e-01	1.083798e-02	1.083798e-02
1.570796e+00	1.633628e+00	1.862847e-01	1.115402e-02	1.115402e-02
1.633628e+00	1.696460e+00	1.733155e-01	1.080587e-02	1.080587e-02
1.696460e+00	1.759292e+00	2.086859e-01	1.149163e-02	1.149163e-02
1.759292e+00	1.822124e+00	1.756735e-01	1.099713e-02	1.099713e-02
1.822124e+00	1.884956e+00	2.240131e-01	1.193663e-02	1.193663e-02
1.884956e+00	1.947787e+00	2.251957e-01	1.196590e-02	1.196590e-02
1.947787e+00	2.010619e+00	2.075068e-01	1.179017e-02	1.179017e-02
2.010619e+00	2.073451e+00	2.269606e-01	1.206693e-02	1.206693e-02
2.073451e+00	2.136283e+00	2.287292e-01	1.233749e-02	1.233749e-02
2.136283e+00	2.199115e+00	2.181180e-01	1.205253e-02	1.205253e-02
2.199115e+00	2.261947e+00	2.228341e-01	1.219584e-02	1.219584e-02
2.261947e+00	2.324779e+00	2.251921e-01	1.202366e-02	1.202366e-02
2.324779e+00	2.387610e+00	2.275538e-01	1.244985e-02	1.244985e-02
2.387610e+00	2.450442e+00	2.499515e-01	1.286155e-02	1.286155e-02
2.450442e+00	2.513274e+00	2.334452e-01	1.264354e-02	1.264354e-02
2.513274e+00	2.576106e+00	2.446459e-01	1.308921e-02	1.308921e-02
2.576106e+00	2.638938e+00	2.605626e-01	1.294236e-02	1.294236e-02
2.638938e+00	2.701770e+00	2.564361e-01	1.303600e-02	1.303600e-02
2.701770e+00	2.764602e+00	2.694052e-01	1.340402e-02	1.340402e-02
2.764602e+00	2.827433e+00	2.729466e-01	1.350755e-02	1.350755e-02
2.827433e+00	2.890265e+00	2.688157e-01	1.310248e-02	1.310248e-02
2.890265e+00	2.953097e+00	2.947541e-01	1.390040e-02	1.390040e-02
2.953097e+00	3.015929e+00	2.870905e-01	1.373693e-02	1.373693e-02
3.015929e+00	3.078761e+00	3.030072e-01	1.424611e-02	1.424611e-02
3.078761e+00	3.141593e+00	2.841430e-01	1.392538e-02	1.392538e-02
# END HISTO1D


# BEGIN HISTO1D //eos/home-y/yiyu/monobc/Rivet_New/X2000_Qd10.yoda.gz/JetMETAnalysis/bb_dphi
ErrorBars=1
LineColor=violet
LineStyle=solid
Path=//eos/home-y/yiyu/monobc/Rivet_New/X2000_Qd10.yoda.gz/JetMETAnalysis/bb_dphi
ScaledBy=1.45371328944331763e-05
Title=X2000_Qd10
# xlow	 xhigh	 val	 errminus	 errplus
0.000000e+00	6.283185e-02	4.642637e-03	9.626503e-04	9.626503e-04
6.283185e-02	1.256637e-01	6.444257e-03	1.016036e-03	1.016036e-03
1.256637e-01	1.884956e-01	7.206475e-03	1.023099e-03	1.023099e-03
1.884956e-01	2.513274e-01	8.315176e-03	1.046304e-03	1.046304e-03
2.513274e-01	3.141593e-01	7.968699e-03	1.001758e-03	1.001758e-03
3.141593e-01	3.769911e-01	7.899419e-03	1.073485e-03	1.073485e-03
3.769911e-01	4.398230e-01	9.423852e-03	1.192162e-03	1.192162e-03
4.398230e-01	5.026548e-01	8.453764e-03	1.163630e-03	1.163630e-03
5.026548e-01	5.654867e-01	8.523043e-03	1.206177e-03	1.206177e-03
5.654867e-01	6.283185e-01	9.008109e-03	1.192164e-03	1.192164e-03
6.283185e-01	6.911504e-01	8.800215e-03	1.157422e-03	1.157422e-03
6.911504e-01	7.539822e-01	1.018609e-02	1.153268e-03	1.153268e-03
7.539822e-01	8.168141e-01	8.037992e-03	1.171851e-03	1.171851e-03
8.168141e-01	8.796459e-01	9.077402e-03	1.161565e-03	1.161565e-03
8.796459e-01	9.424778e-01	8.661629e-03	1.177982e-03	1.177982e-03
9.424778e-01	1.005310e+00	9.908856e-03	1.140702e-03	1.140702e-03
1.005310e+00	1.068142e+00	9.770302e-03	1.157420e-03	1.157420e-03
1.068142e+00	1.130973e+00	1.108704e-02	1.220047e-03	1.220047e-03
1.130973e+00	1.193805e+00	8.592322e-03	1.216086e-03	1.216086e-03
1.193805e+00	1.256637e+00	9.908887e-03	1.221994e-03	1.221994e-03
1.256637e+00	1.319469e+00	9.423837e-03	1.266374e-03	1.266374e-03
1.319469e+00	1.382301e+00	9.215958e-03	1.218058e-03	1.218058e-03
1.382301e+00	1.445133e+00	9.008080e-03	1.227874e-03	1.227874e-03
1.445133e+00	1.507964e+00	8.731047e-03	1.204202e-03	1.204202e-03
1.507964e+00	1.570796e+00	1.261131e-02	1.307416e-03	1.307416e-03
1.570796e+00	1.633628e+00	1.219555e-02	1.343640e-03	1.343640e-03
1.633628e+00	1.696460e+00	8.800201e-03	1.298202e-03	1.298202e-03
1.696460e+00	1.759292e+00	1.212626e-02	1.359625e-03	1.359625e-03
1.759292e+00	1.822124e+00	1.087899e-02	1.377170e-03	1.377170e-03
1.822124e+00	1.884956e+00	1.094828e-02	1.403075e-03	1.403075e-03
1.884956e+00	1.947787e+00	9.839751e-03	1.314762e-03	1.314762e-03
1.947787e+00	2.010619e+00	1.122545e-02	1.300050e-03	1.300050e-03
2.010619e+00	2.073451e+00	9.354544e-03	1.387590e-03	1.387590e-03
2.073451e+00	2.136283e+00	1.129475e-02	1.352544e-03	1.352544e-03
2.136283e+00	2.199115e+00	1.101757e-02	1.341852e-03	1.341852e-03
2.199115e+00	2.261947e+00	1.164121e-02	1.426829e-03	1.426829e-03
2.261947e+00	2.324779e+00	1.115616e-02	1.331074e-03	1.331074e-03
2.324779e+00	2.387610e+00	1.261151e-02	1.423482e-03	1.423482e-03
2.387610e+00	2.450442e+00	1.087899e-02	1.445219e-03	1.445219e-03
2.450442e+00	2.513274e+00	9.562424e-03	1.413304e-03	1.413304e-03
2.513274e+00	2.576106e+00	1.378929e-02	1.428510e-03	1.428510e-03
2.576106e+00	2.638938e+00	1.274990e-02	1.482933e-03	1.482933e-03
2.638938e+00	2.701770e+00	1.351212e-02	1.468291e-03	1.468291e-03
2.701770e+00	2.764602e+00	1.434364e-02	1.458447e-03	1.458447e-03
2.764602e+00	2.827433e+00	1.261151e-02	1.403097e-03	1.403097e-03
2.827433e+00	2.890265e+00	1.205697e-02	1.482933e-03	1.482933e-03
2.890265e+00	2.953097e+00	1.046323e-02	1.415001e-03	1.415001e-03
2.953097e+00	3.015929e+00	1.517515e-02	1.494223e-03	1.494223e-03
3.015929e+00	3.078761e+00	1.399717e-02	1.463377e-03	1.463377e-03
3.078761e+00	3.141593e+00	1.482869e-02	1.426829e-03	1.426829e-03
# END HISTO1D


# BEGIN HISTO1D //eos/home-y/yiyu/monobc/Rivet_New/X2000_Qd1000.yoda.gz/JetMETAnalysis/bb_dphi
ErrorBars=1
LineColor=violet
LineStyle=dashed
Path=//eos/home-y/yiyu/monobc/Rivet_New/X2000_Qd1000.yoda.gz/JetMETAnalysis/bb_dphi
ScaledBy=1.51653558954254362e-05
Title=X2000_Qd1000
# xlow	 xhigh	 val	 errminus	 errplus
0.000000e+00	6.283185e-02	1.743398e-03	2.406010e-04	2.406010e-04
6.283185e-02	1.256637e-01	1.546032e-03	2.349123e-04	2.349123e-04
1.256637e-01	1.884956e-01	1.710502e-03	2.515928e-04	2.515928e-04
1.884956e-01	2.513274e-01	1.430903e-03	2.445046e-04	2.445046e-04
2.513274e-01	3.141593e-01	2.022998e-03	2.510546e-04	2.510546e-04
3.141593e-01	3.769911e-01	2.088789e-03	2.521302e-04	2.521302e-04
3.769911e-01	4.398230e-01	1.940763e-03	2.600520e-04	2.600520e-04
4.398230e-01	5.026548e-01	2.023001e-03	2.727453e-04	2.727453e-04
5.026548e-01	5.654867e-01	1.809185e-03	2.712531e-04	2.712531e-04
5.654867e-01	6.283185e-01	2.582204e-03	2.853476e-04	2.853476e-04
6.283185e-01	6.911504e-01	2.434176e-03	2.791171e-04	2.791171e-04
6.911504e-01	7.539822e-01	1.973660e-03	2.682451e-04	2.682451e-04
7.539822e-01	8.168141e-01	2.121680e-03	2.766836e-04	2.766836e-04
8.168141e-01	8.796459e-01	2.417733e-03	2.796017e-04	2.796017e-04
8.796459e-01	9.424778e-01	2.253257e-03	2.909795e-04	2.909795e-04
9.424778e-01	1.005310e+00	2.302588e-03	2.771707e-04	2.771707e-04
1.005310e+00	1.068142e+00	2.434172e-03	2.914435e-04	2.914435e-04
1.068142e+00	1.130973e+00	2.302632e-03	2.905185e-04	2.905185e-04
1.130973e+00	1.193805e+00	2.055889e-03	2.881766e-04	2.881766e-04
1.193805e+00	1.256637e+00	2.878244e-03	3.028234e-04	3.028234e-04
1.256637e+00	1.319469e+00	2.483513e-03	2.853467e-04	2.853467e-04
1.319469e+00	1.382301e+00	2.730220e-03	2.996806e-04	2.996806e-04
1.382301e+00	1.445133e+00	2.779561e-03	3.116282e-04	3.116282e-04
1.445133e+00	1.507964e+00	2.006580e-03	2.942195e-04	2.942195e-04
1.507964e+00	1.570796e+00	2.582195e-03	3.001316e-04	3.001316e-04
1.570796e+00	1.633628e+00	2.697326e-03	3.094505e-04	3.094505e-04
1.633628e+00	1.696460e+00	2.401278e-03	3.222962e-04	3.222962e-04
1.696460e+00	1.759292e+00	2.615091e-03	3.167937e-04	3.167937e-04
1.759292e+00	1.822124e+00	3.124951e-03	3.354565e-04	3.354565e-04
1.822124e+00	1.884956e+00	3.124951e-03	3.362619e-04	3.362619e-04
1.884956e+00	1.947787e+00	2.976975e-03	3.406631e-04	3.406631e-04
1.947787e+00	2.010619e+00	2.697326e-03	3.189213e-04	3.189213e-04
2.010619e+00	2.073451e+00	2.779561e-03	3.350531e-04	3.350531e-04
2.073451e+00	2.136283e+00	3.075610e-03	3.358595e-04	3.358595e-04
2.136283e+00	2.199115e+00	3.256527e-03	3.394645e-04	3.394645e-04
2.199115e+00	2.261947e+00	2.746667e-03	3.422422e-04	3.422422e-04
2.261947e+00	2.324779e+00	3.108504e-03	3.477309e-04	3.477309e-04
2.324779e+00	2.387610e+00	2.631580e-03	3.426426e-04	3.426426e-04
2.387610e+00	2.450442e+00	3.717047e-03	3.573227e-04	3.573227e-04
2.450442e+00	2.513274e+00	2.615091e-03	3.599625e-04	3.599625e-04
2.513274e+00	2.576106e+00	3.174292e-03	3.492833e-04	3.492833e-04
2.576106e+00	2.638938e+00	2.680879e-03	3.485080e-04	3.485080e-04
2.638938e+00	2.701770e+00	2.976927e-03	3.651851e-04	3.651851e-04
2.701770e+00	2.764602e+00	3.996648e-03	3.599625e-04	3.599625e-04
2.764602e+00	2.827433e+00	3.240131e-03	3.739743e-04	3.739743e-04
2.827433e+00	2.890265e+00	3.667706e-03	3.696028e-04	3.696028e-04
2.890265e+00	2.953097e+00	3.881517e-03	3.677685e-04	3.677685e-04
2.953097e+00	3.015929e+00	2.664432e-03	3.558054e-04	3.558054e-04
3.015929e+00	3.078761e+00	2.911138e-03	3.703339e-04	3.703339e-04
3.078761e+00	3.141593e+00	3.157845e-03	3.618364e-04	3.618364e-04
# END HISTO1D

