# BEGIN PLOT
Legend=1
LogY=1
LegendPlacement=manual
LegendAlign=r
LegendXPos=1.36
RightMargin=3.7
Title=$b$-jet $p_\mathrm{T}$ spectrum
XLabel=$p_\mathrm{T}^{bb}$ [GeV]
YLabel=$\mathrm{d}\sigma/\mathrm{d}p_\mathrm{T}^{bb}$ [pb/GeV]
LogX=1
DrawOnly=//eos/home-y/yiyu/monobc/Rivet_New/X600_Qd10.yoda.gz/JetMETAnalysis/bb_pt //eos/home-y/yiyu/monobc/Rivet_New/X600_Qd300.yoda.gz/JetMETAnalysis/bb_pt //eos/home-y/yiyu/monobc/Rivet_New/X1200_Qd10.yoda.gz/JetMETAnalysis/bb_pt //eos/home-y/yiyu/monobc/Rivet_New/X1200_Qd600.yoda.gz/JetMETAnalysis/bb_pt //eos/home-y/yiyu/monobc/Rivet_New/X2000_Qd10.yoda.gz/JetMETAnalysis/bb_pt //eos/home-y/yiyu/monobc/Rivet_New/X2000_Qd1000.yoda.gz/JetMETAnalysis/bb_pt
LegendOnly=//eos/home-y/yiyu/monobc/Rivet_New/X600_Qd10.yoda.gz/JetMETAnalysis/bb_pt //eos/home-y/yiyu/monobc/Rivet_New/X600_Qd300.yoda.gz/JetMETAnalysis/bb_pt //eos/home-y/yiyu/monobc/Rivet_New/X1200_Qd10.yoda.gz/JetMETAnalysis/bb_pt //eos/home-y/yiyu/monobc/Rivet_New/X1200_Qd600.yoda.gz/JetMETAnalysis/bb_pt //eos/home-y/yiyu/monobc/Rivet_New/X2000_Qd10.yoda.gz/JetMETAnalysis/bb_pt //eos/home-y/yiyu/monobc/Rivet_New/X2000_Qd1000.yoda.gz/JetMETAnalysis/bb_pt
RatioPlot=1
RatioPlotReference=//eos/home-y/yiyu/monobc/Rivet_New/X600_Qd10.yoda.gz/JetMETAnalysis/bb_pt
RatioPlotYLabel=Ratio
# END PLOT

# BEGIN HISTO1D //eos/home-y/yiyu/monobc/Rivet_New/X600_Qd10.yoda.gz/JetMETAnalysis/bb_pt
ErrorBars=1
LineColor=red
LineStyle=solid
Path=//eos/home-y/yiyu/monobc/Rivet_New/X600_Qd10.yoda.gz/JetMETAnalysis/bb_pt
ScaledBy=1.84649615786480238e-05
Title=X600_Qd10
# xlow	 xhigh	 val	 errminus	 errplus
2.000000e+01	2.162765e+01	1.697394e-02	6.001193e-03	6.001193e-03
2.162765e+01	2.338777e+01	3.335495e-02	8.089763e-03	8.089763e-03
2.338777e+01	2.529113e+01	2.903037e-02	7.257593e-03	7.257593e-03
2.529113e+01	2.734939e+01	1.342281e-02	4.745679e-03	4.745679e-03
2.734939e+01	2.957515e+01	1.241267e-02	4.906539e-03	4.906539e-03
2.957515e+01	3.198206e+01	1.865250e-02	5.173273e-03	5.173273e-03
3.198206e+01	3.458484e+01	3.051715e-02	6.363265e-03	6.363265e-03
3.458484e+01	3.739945e+01	3.190133e-02	6.256364e-03	6.256364e-03
3.739945e+01	4.044311e+01	3.971235e-02	6.712611e-03	6.712611e-03
4.044311e+01	4.373448e+01	4.511753e-02	6.880359e-03	6.880359e-03
4.373448e+01	4.729371e+01	4.366265e-02	6.651912e-03	6.651912e-03
4.729371e+01	5.114260e+01	4.217120e-02	6.151302e-03	6.151302e-03
5.114260e+01	5.530472e+01	5.144352e-02	6.637874e-03	6.637874e-03
5.530472e+01	5.980556e+01	6.138328e-02	6.862858e-03	6.862858e-03
5.980556e+01	6.467270e+01	5.392541e-02	6.185667e-03	6.185667e-03
6.467270e+01	6.993594e+01	6.102158e-02	6.327643e-03	6.327643e-03
6.993594e+01	7.562751e+01	6.613753e-02	6.334827e-03	6.334827e-03
7.562751e+01	8.178228e+01	6.845443e-02	6.197575e-03	6.197575e-03
8.178228e+01	8.843794e+01	7.368021e-02	6.226496e-03	6.226496e-03
8.843794e+01	9.563525e+01	7.389314e-02	6.031314e-03	6.031314e-03
9.563525e+01	1.034183e+02	8.608065e-02	6.180230e-03	6.180230e-03
1.034183e+02	1.118348e+02	8.903932e-02	6.072173e-03	6.072173e-03
1.118348e+02	1.209362e+02	9.030719e-02	5.878290e-03	5.878290e-03
1.209362e+02	1.307783e+02	9.333563e-02	5.765643e-03	5.765643e-03
1.307783e+02	1.414214e+02	8.923149e-02	5.439245e-03	5.439245e-03
1.414214e+02	1.529306e+02	9.781966e-02	5.450865e-03	5.450865e-03
1.529306e+02	1.653765e+02	1.109908e-01	5.618485e-03	5.618485e-03
1.653765e+02	1.788353e+02	1.157241e-01	5.497353e-03	5.497353e-03
1.788353e+02	1.933894e+02	1.309807e-01	5.595071e-03	5.595071e-03
1.933894e+02	2.091279e+02	1.143215e-01	5.056355e-03	5.056355e-03
2.091279e+02	2.261473e+02	1.304729e-01	5.161328e-03	5.161328e-03
2.261473e+02	2.445518e+02	1.219672e-01	4.827903e-03	4.827903e-03
2.445518e+02	2.644540e+02	1.313555e-01	4.811890e-03	4.811890e-03
2.644540e+02	2.859760e+02	1.277274e-01	4.566816e-03	4.566816e-03
2.859760e+02	3.092495e+02	1.317665e-01	4.481148e-03	4.481148e-03
3.092495e+02	3.344170e+02	1.273390e-01	4.215990e-03	4.215990e-03
3.344170e+02	3.616328e+02	1.167402e-01	3.894555e-03	3.894555e-03
3.616328e+02	3.910634e+02	1.154648e-01	3.714397e-03	3.714397e-03
3.910634e+02	4.228892e+02	1.126346e-01	3.536197e-03	3.536197e-03
4.228892e+02	4.573051e+02	1.025523e-01	3.229791e-03	3.229791e-03
4.573051e+02	4.945218e+02	9.103005e-02	2.924088e-03	2.924088e-03
4.945218e+02	5.347672e+02	7.594175e-02	2.570003e-03	2.570003e-03
5.347672e+02	5.782880e+02	5.419728e-02	2.100950e-03	2.100950e-03
5.782880e+02	6.253506e+02	2.949875e-02	1.485832e-03	1.485832e-03
6.253506e+02	6.762433e+02	1.533580e-02	1.020123e-03	1.020123e-03
6.762433e+02	7.312778e+02	9.287104e-03	7.685360e-04	7.685360e-04
7.312778e+02	7.907911e+02	4.236063e-03	5.091959e-04	5.091959e-04
7.907911e+02	8.551478e+02	3.166006e-03	4.121790e-04	4.121790e-04
8.551478e+02	9.247420e+02	1.587927e-03	2.807085e-04	2.807085e-04
9.247420e+02	1.000000e+03	4.129937e-04	1.376646e-04	1.376646e-04
# END HISTO1D


# BEGIN HISTO1D //eos/home-y/yiyu/monobc/Rivet_New/X600_Qd300.yoda.gz/JetMETAnalysis/bb_pt
ErrorBars=1
LineColor=red
LineStyle=dashed
Path=//eos/home-y/yiyu/monobc/Rivet_New/X600_Qd300.yoda.gz/JetMETAnalysis/bb_pt
ScaledBy=1.82181239199614478e-05
Title=X600_Qd300
# xlow	 xhigh	 val	 errminus	 errplus
2.000000e+01	2.162765e+01	6.768003e-03	1.953755e-03	1.953755e-03
2.162765e+01	2.338777e+01	1.356037e-02	2.659407e-03	2.659407e-03
2.338777e+01	2.529113e+01	8.199143e-03	1.988584e-03	1.988584e-03
2.529113e+01	2.734939e+01	8.474104e-03	1.944093e-03	1.944093e-03
2.734939e+01	2.957515e+01	1.319812e-02	2.404926e-03	2.404926e-03
2.957515e+01	3.198206e+01	1.640020e-02	2.501007e-03	2.501007e-03
3.198206e+01	3.458484e+01	1.692951e-02	2.443563e-03	2.443563e-03
3.458484e+01	3.739945e+01	1.467691e-02	2.187905e-03	2.187905e-03
3.739945e+01	4.044311e+01	1.930298e-02	2.412872e-03	2.412872e-03
4.044311e+01	4.373448e+01	1.924478e-02	2.316799e-03	2.316799e-03
4.373448e+01	4.729371e+01	1.908606e-02	2.218709e-03	2.218709e-03
4.729371e+01	5.114260e+01	2.098880e-02	2.262696e-03	2.262696e-03
5.114260e+01	5.530472e+01	2.337931e-02	2.270800e-03	2.270800e-03
5.530472e+01	5.980556e+01	2.488322e-02	2.252822e-03	2.252822e-03
5.980556e+01	6.467270e+01	2.470802e-02	2.175167e-03	2.175167e-03
6.467270e+01	6.993594e+01	2.529037e-02	2.129023e-03	2.129023e-03
6.993594e+01	7.562751e+01	2.693549e-02	2.133671e-03	2.133671e-03
7.562751e+01	8.178228e+01	2.774224e-02	2.034160e-03	2.034160e-03
8.178228e+01	8.843794e+01	2.551649e-02	1.896183e-03	1.896183e-03
8.843794e+01	9.563525e+01	2.997355e-02	1.980062e-03	1.980062e-03
9.563525e+01	1.034183e+02	3.621005e-02	2.093370e-03	2.093370e-03
1.034183e+02	1.118348e+02	3.533898e-02	1.975358e-03	1.975358e-03
1.118348e+02	1.209362e+02	4.135387e-02	2.062151e-03	2.062151e-03
1.209362e+02	1.307783e+02	3.908109e-02	1.918328e-03	1.918328e-03
1.307783e+02	1.414214e+02	3.838242e-02	1.827660e-03	1.827660e-03
1.414214e+02	1.529306e+02	4.362975e-02	1.879065e-03	1.879065e-03
1.529306e+02	1.653765e+02	4.595177e-02	1.843971e-03	1.843971e-03
1.653765e+02	1.788353e+02	4.269809e-02	1.717429e-03	1.717429e-03
1.788353e+02	1.933894e+02	4.768447e-02	1.743419e-03	1.743419e-03
1.933894e+02	2.091279e+02	4.736234e-02	1.672296e-03	1.672296e-03
2.091279e+02	2.261473e+02	4.180208e-02	1.515077e-03	1.515077e-03
2.261473e+02	2.445518e+02	4.588854e-02	1.525999e-03	1.525999e-03
2.445518e+02	2.644540e+02	4.455706e-02	1.439524e-03	1.439524e-03
2.644540e+02	2.859760e+02	4.141685e-02	1.337318e-03	1.337318e-03
2.859760e+02	3.092495e+02	4.098211e-02	1.276298e-03	1.276298e-03
3.092495e+02	3.344170e+02	3.906518e-02	1.201476e-03	1.201476e-03
3.344170e+02	3.616328e+02	3.342666e-02	1.070370e-03	1.070370e-03
3.616328e+02	3.910634e+02	3.013134e-02	9.774558e-04	9.774558e-04
3.910634e+02	4.228892e+02	2.215248e-02	8.035113e-04	8.035113e-04
4.228892e+02	4.573051e+02	1.373689e-02	6.123315e-04	6.123315e-04
4.573051e+02	4.945218e+02	7.547864e-03	4.342936e-04	4.342936e-04
4.945218e+02	5.347672e+02	3.284631e-03	2.812198e-04	2.812198e-04
5.347672e+02	5.782880e+02	2.193699e-03	2.171684e-04	2.171684e-04
5.782880e+02	6.253506e+02	1.189856e-03	1.523454e-04	1.523454e-04
6.253506e+02	6.762433e+02	5.230978e-04	1.004306e-04	1.004306e-04
6.762433e+02	7.312778e+02	2.168447e-04	6.877489e-05	6.877489e-05
7.312778e+02	7.907911e+02	2.005256e-04	5.561579e-05	5.561579e-05
7.907911e+02	8.551478e+02	9.984923e-05	3.773946e-05	3.773946e-05
8.551478e+02	9.247420e+02	2.638138e-05	1.865445e-05	1.865445e-05
9.247420e+02	1.000000e+03	2.439596e-05	1.725054e-05	1.725054e-05
# END HISTO1D


# BEGIN HISTO1D //eos/home-y/yiyu/monobc/Rivet_New/X1200_Qd10.yoda.gz/JetMETAnalysis/bb_pt
ErrorBars=1
LineColor=blue
LineStyle=solid
Path=//eos/home-y/yiyu/monobc/Rivet_New/X1200_Qd10.yoda.gz/JetMETAnalysis/bb_pt
ScaledBy=1.55089979300998813e-05
Title=X1200_Qd10
# xlow	 xhigh	 val	 errminus	 errplus
2.000000e+01	2.162765e+01	8.621393e-05	8.621390e-05	8.621390e-05
2.162765e+01	2.338777e+01	5.580770e-04	2.109332e-04	2.109332e-04
2.338777e+01	2.529113e+01	2.949018e-04	1.474509e-04	1.474509e-04
2.529113e+01	2.734939e+01	0.000000e+00	0.000000e+00	0.000000e+00
2.734939e+01	2.957515e+01	5.043711e-04	1.783220e-04	1.783220e-04
2.957515e+01	3.198206e+01	1.749040e-04	1.542508e-04	1.542508e-04
3.198206e+01	3.458484e+01	4.852254e-04	1.617417e-04	1.617417e-04
3.458484e+01	3.739945e+01	1.994252e-04	1.221225e-04	1.221225e-04
3.739945e+01	4.044311e+01	4.149396e-04	1.785615e-04	1.785615e-04
4.044311e+01	4.373448e+01	4.263456e-04	1.476904e-04	1.476904e-04
4.373448e+01	4.729371e+01	8.279451e-04	1.890803e-04	1.890803e-04
4.729371e+01	5.114260e+01	5.468826e-04	1.412045e-04	1.412045e-04
5.114260e+01	5.530472e+01	6.068708e-04	1.507783e-04	1.507783e-04
5.530472e+01	5.980556e+01	3.117776e-04	9.859269e-05	9.859269e-05
5.980556e+01	6.467270e+01	5.477950e-04	1.382701e-04	1.382701e-04
6.467270e+01	6.993594e+01	7.198615e-04	1.435768e-04	1.435768e-04
6.993594e+01	7.562751e+01	7.149971e-04	1.327716e-04	1.327716e-04
7.562751e+01	8.178228e+01	7.295860e-04	1.329432e-04	1.329432e-04
8.178228e+01	8.843794e+01	9.065999e-04	1.414339e-04	1.414339e-04
8.843794e+01	9.563525e+01	1.052839e-03	1.535196e-04	1.535196e-04
9.563525e+01	1.034183e+02	9.195147e-04	1.361213e-04	1.361213e-04
1.034183e+02	1.118348e+02	8.836550e-04	1.280657e-04	1.280657e-04
1.118348e+02	1.209362e+02	1.002175e-03	1.299150e-04	1.299150e-04
1.209362e+02	1.307783e+02	9.552683e-04	1.251111e-04	1.251111e-04
1.307783e+02	1.414214e+02	1.397578e-03	1.370194e-04	1.370194e-04
1.414214e+02	1.529306e+02	1.621604e-03	1.437476e-04	1.437476e-04
1.529306e+02	1.653765e+02	1.104938e-03	1.182520e-04	1.182520e-04
1.653765e+02	1.788353e+02	1.386704e-03	1.314712e-04	1.314712e-04
1.788353e+02	1.933894e+02	1.494461e-03	1.304303e-04	1.304303e-04
1.933894e+02	2.091279e+02	1.631647e-03	1.264076e-04	1.264076e-04
2.091279e+02	2.261473e+02	1.747954e-03	1.266631e-04	1.266631e-04
2.261473e+02	2.445518e+02	1.700275e-03	1.203134e-04	1.203134e-04
2.445518e+02	2.644540e+02	1.854356e-03	1.206899e-04	1.206899e-04
2.644540e+02	2.859760e+02	2.060359e-03	1.219803e-04	1.219803e-04
2.859760e+02	3.092495e+02	2.037949e-03	1.144005e-04	1.144005e-04
3.092495e+02	3.344170e+02	2.286031e-03	1.188027e-04	1.188027e-04
3.344170e+02	3.616328e+02	2.191322e-03	1.114232e-04	1.114232e-04
3.616328e+02	3.910634e+02	2.360176e-03	1.111064e-04	1.111064e-04
3.910634e+02	4.228892e+02	2.345690e-03	1.080027e-04	1.080027e-04
4.228892e+02	4.573051e+02	2.589125e-03	1.076454e-04	1.076454e-04
4.573051e+02	4.945218e+02	2.771328e-03	1.072444e-04	1.072444e-04
4.945218e+02	5.347672e+02	2.684806e-03	1.011761e-04	1.011761e-04
5.347672e+02	5.782880e+02	2.502091e-03	9.389433e-05	9.389433e-05
5.782880e+02	6.253506e+02	2.588106e-03	9.190184e-05	9.190184e-05
6.253506e+02	6.762433e+02	2.365758e-03	8.498546e-05	8.498546e-05
6.762433e+02	7.312778e+02	2.501338e-03	8.452830e-05	8.452830e-05
7.312778e+02	7.907911e+02	2.390904e-03	7.898066e-05	7.898066e-05
7.907911e+02	8.551478e+02	2.132473e-03	7.192155e-05	7.192155e-05
8.551478e+02	9.247420e+02	1.992152e-03	6.687468e-05	6.687468e-05
9.247420e+02	1.000000e+03	1.722891e-03	6.070698e-05	6.070698e-05
# END HISTO1D


# BEGIN HISTO1D //eos/home-y/yiyu/monobc/Rivet_New/X1200_Qd600.yoda.gz/JetMETAnalysis/bb_pt
ErrorBars=1
LineColor=blue
LineStyle=dashed
Path=//eos/home-y/yiyu/monobc/Rivet_New/X1200_Qd600.yoda.gz/JetMETAnalysis/bb_pt
ScaledBy=1.55734112111162459e-05
Title=X1200_Qd600
# xlow	 xhigh	 val	 errminus	 errplus
2.000000e+01	2.162765e+01	2.275672e-05	3.941580e-05	3.941580e-05
2.162765e+01	2.338777e+01	1.893961e-04	6.979510e-05	6.979510e-05
2.338777e+01	2.529113e+01	9.730156e-05	5.148715e-05	5.148715e-05
2.529113e+01	2.734939e+01	1.259704e-04	4.761235e-05	4.761235e-05
2.734939e+01	2.957515e+01	1.497735e-04	5.519362e-05	5.519362e-05
2.957515e+01	3.198206e+01	1.846682e-04	5.330913e-05	5.330913e-05
3.198206e+01	3.458484e+01	1.423093e-04	4.500215e-05	4.500215e-05
3.458484e+01	3.739945e+01	6.579949e-05	3.481782e-05	3.481782e-05
3.739945e+01	4.044311e+01	1.582042e-04	4.387796e-05	4.387796e-05
4.044311e+01	4.373448e+01	2.475807e-04	5.278438e-05	5.278438e-05
4.373448e+01	4.729371e+01	3.017956e-04	6.156711e-05	6.156711e-05
4.729371e+01	5.114260e+01	2.020946e-04	4.410065e-05	4.410065e-05
5.114260e+01	5.530472e+01	3.381736e-04	5.767410e-05	5.767410e-05
5.530472e+01	5.980556e+01	1.892802e-04	4.114786e-05	4.114786e-05
5.980556e+01	6.467270e+01	3.805107e-04	5.487805e-05	5.487805e-05
6.467270e+01	6.993594e+01	2.744619e-04	4.926241e-05	4.926241e-05
6.993594e+01	7.562751e+01	3.904720e-04	5.040973e-05	5.040973e-05
7.562751e+01	8.178228e+01	3.430313e-04	4.700282e-05	4.700282e-05
8.178228e+01	8.843794e+01	3.283459e-04	4.622790e-05	4.622790e-05
8.843794e+01	9.563525e+01	3.859774e-04	4.515918e-05	4.515918e-05
9.563525e+01	1.034183e+02	4.235562e-04	4.638555e-05	4.638555e-05
1.034183e+02	1.118348e+02	4.796956e-04	4.880809e-05	4.880809e-05
1.118348e+02	1.209362e+02	4.720854e-04	4.568229e-05	4.568229e-05
1.209362e+02	1.307783e+02	5.344061e-04	4.639859e-05	4.639859e-05
1.307783e+02	1.414214e+02	5.533499e-04	4.497394e-05	4.497394e-05
1.414214e+02	1.529306e+02	6.114758e-04	4.685906e-05	4.685906e-05
1.529306e+02	1.653765e+02	6.160484e-04	4.424260e-05	4.424260e-05
1.653765e+02	1.788353e+02	5.944540e-04	4.368826e-05	4.368826e-05
1.788353e+02	1.933894e+02	6.133417e-04	4.235702e-05	4.235702e-05
1.933894e+02	2.091279e+02	6.307282e-04	4.062708e-05	4.062708e-05
2.091279e+02	2.261473e+02	7.595421e-04	4.248044e-05	4.248044e-05
2.261473e+02	2.445518e+02	7.285430e-04	4.035151e-05	4.035151e-05
2.445518e+02	2.644540e+02	8.468004e-04	4.140686e-05	4.140686e-05
2.644540e+02	2.859760e+02	8.501882e-04	4.036171e-05	4.036171e-05
2.859760e+02	3.092495e+02	8.053035e-04	3.806336e-05	3.806336e-05
3.092495e+02	3.344170e+02	8.874584e-04	3.755098e-05	3.755098e-05
3.344170e+02	3.616328e+02	8.451646e-04	3.628979e-05	3.628979e-05
3.616328e+02	3.910634e+02	9.476908e-04	3.649806e-05	3.649806e-05
3.910634e+02	4.228892e+02	9.275767e-04	3.442670e-05	3.442670e-05
4.228892e+02	4.573051e+02	9.201907e-04	3.322447e-05	3.322447e-05
4.573051e+02	4.945218e+02	9.146364e-04	3.208047e-05	3.208047e-05
4.945218e+02	5.347672e+02	8.991852e-04	3.003512e-05	3.003512e-05
5.347672e+02	5.782880e+02	8.127881e-04	2.790476e-05	2.790476e-05
5.782880e+02	6.253506e+02	8.106475e-04	2.655009e-05	2.655009e-05
6.253506e+02	6.762433e+02	7.321722e-04	2.418242e-05	2.418242e-05
6.762433e+02	7.312778e+02	6.925499e-04	2.259424e-05	2.259424e-05
7.312778e+02	7.907911e+02	5.290244e-04	1.910215e-05	1.910215e-05
7.907911e+02	8.551478e+02	3.781311e-04	1.575135e-05	1.575135e-05
8.551478e+02	9.247420e+02	2.208746e-04	1.172111e-05	1.172111e-05
9.247420e+02	1.000000e+03	9.055990e-05	7.098226e-06	7.098226e-06
# END HISTO1D


# BEGIN HISTO1D //eos/home-y/yiyu/monobc/Rivet_New/X2000_Qd10.yoda.gz/JetMETAnalysis/bb_pt
ErrorBars=1
LineColor=violet
LineStyle=solid
Path=//eos/home-y/yiyu/monobc/Rivet_New/X2000_Qd10.yoda.gz/JetMETAnalysis/bb_pt
ScaledBy=1.45371328944331763e-05
Title=X2000_Qd10
# xlow	 xhigh	 val	 errminus	 errplus
2.000000e+01	2.162765e+01	5.349815e-06	3.782890e-06	3.782890e-06
2.162765e+01	2.338777e+01	0.000000e+00	0.000000e+00	0.000000e+00
2.338777e+01	2.529113e+01	-2.287435e-06	3.961954e-06	3.961954e-06
2.529113e+01	2.734939e+01	8.461152e-06	5.181376e-06	5.181376e-06
2.734939e+01	2.957515e+01	3.912203e-06	2.766345e-06	2.766345e-06
2.957515e+01	3.198206e+01	1.808881e-06	4.044780e-06	4.044780e-06
3.198206e+01	3.458484e+01	0.000000e+00	-nan	-nan
3.458484e+01	3.739945e+01	7.734308e-06	4.092612e-06	4.092612e-06
3.739945e+01	4.044311e+01	-1.430453e-06	1.430453e-06	1.430453e-06
4.044311e+01	4.373448e+01	1.322797e-06	2.291151e-06	2.291151e-06
4.373448e+01	4.729371e+01	1.223246e-06	2.118724e-06	2.118724e-06
4.729371e+01	5.114260e+01	9.049492e-06	3.918545e-06	3.918545e-06
5.114260e+01	5.530472e+01	6.276340e-06	2.958695e-06	2.958695e-06
5.530472e+01	5.980556e+01	1.934667e-06	2.736032e-06	2.736032e-06
5.980556e+01	6.467270e+01	6.261725e-06	2.366709e-06	2.366709e-06
6.467270e+01	6.993594e+01	7.444905e-06	3.203777e-06	3.203777e-06
6.993594e+01	7.562751e+01	7.649582e-06	3.245443e-06	3.245443e-06
7.562751e+01	8.178228e+01	8.488660e-06	2.829554e-06	2.829554e-06
8.178228e+01	8.843794e+01	2.616608e-06	2.616608e-06	2.616608e-06
8.843794e+01	9.563525e+01	-6.049223e-07	2.494158e-06	2.494158e-06
9.563525e+01	1.034183e+02	7.272158e-06	2.906711e-06	2.906711e-06
1.034183e+02	1.118348e+02	5.690244e-06	2.586475e-06	2.586475e-06
1.118348e+02	1.209362e+02	6.218776e-06	2.485670e-06	2.485670e-06
1.209362e+02	1.307783e+02	2.654198e-06	2.340782e-06	2.340782e-06
1.307783e+02	1.414214e+02	1.104499e-05	2.619350e-06	2.619350e-06
1.414214e+02	1.529306e+02	5.674347e-06	2.537645e-06	2.537645e-06
1.529306e+02	1.653765e+02	1.014475e-05	2.947628e-06	2.947628e-06
1.653765e+02	1.788353e+02	1.261618e-05	2.763916e-06	2.763916e-06
1.788353e+02	1.933894e+02	1.017099e-05	2.278235e-06	2.278235e-06
1.933894e+02	2.091279e+02	9.958846e-06	2.347322e-06	2.347322e-06
2.091279e+02	2.261473e+02	9.720960e-06	2.480216e-06	2.480216e-06
2.261473e+02	2.445518e+02	1.088187e-05	2.525795e-06	2.525795e-06
2.445518e+02	2.644540e+02	1.312562e-05	2.436012e-06	2.436012e-06
2.644540e+02	2.859760e+02	1.598138e-05	2.385034e-06	2.385034e-06
2.859760e+02	3.092495e+02	1.459159e-05	2.439116e-06	2.439116e-06
3.092495e+02	3.344170e+02	1.332050e-05	2.352965e-06	2.352965e-06
3.344170e+02	3.616328e+02	1.407769e-05	2.488607e-06	2.488607e-06
3.616328e+02	3.910634e+02	2.026708e-05	2.353049e-06	2.353049e-06
3.910634e+02	4.228892e+02	1.901539e-05	2.252035e-06	2.252035e-06
4.228892e+02	4.573051e+02	1.707829e-05	2.308515e-06	2.308515e-06
4.573051e+02	4.945218e+02	1.801576e-05	2.231940e-06	2.231940e-06
4.945218e+02	5.347672e+02	1.871542e-05	2.171731e-06	2.171731e-06
5.347672e+02	5.782880e+02	1.840733e-05	2.050206e-06	2.050206e-06
5.782880e+02	6.253506e+02	2.118504e-05	2.147772e-06	2.147772e-06
6.253506e+02	6.762433e+02	2.369703e-05	2.083251e-06	2.083251e-06
6.762433e+02	7.312778e+02	2.159720e-05	2.058397e-06	2.058397e-06
7.312778e+02	7.907911e+02	2.670230e-05	1.958914e-06	1.958914e-06
7.907911e+02	8.551478e+02	2.415150e-05	1.885760e-06	1.885760e-06
8.551478e+02	9.247420e+02	1.995663e-05	1.848433e-06	1.848433e-06
9.247420e+02	1.000000e+03	2.071095e-05	1.735555e-06	1.735555e-06
# END HISTO1D


# BEGIN HISTO1D //eos/home-y/yiyu/monobc/Rivet_New/X2000_Qd1000.yoda.gz/JetMETAnalysis/bb_pt
ErrorBars=1
LineColor=violet
LineStyle=dashed
Path=//eos/home-y/yiyu/monobc/Rivet_New/X2000_Qd1000.yoda.gz/JetMETAnalysis/bb_pt
ScaledBy=1.51653558954254362e-05
Title=X2000_Qd1000
# xlow	 xhigh	 val	 errminus	 errplus
2.000000e+01	2.162765e+01	3.174530e-06	1.419693e-06	1.419693e-06
2.162765e+01	2.338777e+01	1.761365e-06	1.016925e-06	1.016925e-06
2.338777e+01	2.529113e+01	5.429372e-07	5.429370e-07	5.429370e-07
2.529113e+01	2.734939e+01	1.004154e-06	1.229832e-06	1.229832e-06
2.734939e+01	2.957515e+01	4.642931e-07	8.041790e-07	8.041790e-07
2.957515e+01	3.198206e+01	1.288047e-06	1.135951e-06	1.135951e-06
3.198206e+01	3.458484e+01	2.382233e-06	1.122995e-06	1.122995e-06
3.458484e+01	3.739945e+01	3.671574e-07	9.714070e-07	9.714070e-07
3.739945e+01	4.044311e+01	1.018581e-06	8.983040e-07	8.983040e-07
4.044311e+01	4.373448e+01	1.255896e-06	7.690762e-07	7.690762e-07
4.373448e+01	4.729371e+01	5.806899e-07	8.212198e-07	8.212198e-07
4.729371e+01	5.114260e+01	0.000000e+00	-nan	-nan
5.114260e+01	5.530472e+01	2.979458e-06	1.053397e-06	1.053397e-06
5.530472e+01	5.980556e+01	2.066424e-06	8.892472e-07	8.892472e-07
5.980556e+01	6.467270e+01	1.061614e-06	1.018264e-06	1.018264e-06
6.467270e+01	6.993594e+01	2.356127e-06	8.330164e-07	8.330164e-07
6.993594e+01	7.562751e+01	2.541947e-06	9.607655e-07	9.607655e-07
7.562751e+01	8.178228e+01	8.395154e-07	7.694285e-07	7.694285e-07
8.178228e+01	8.843794e+01	1.863205e-06	8.783231e-07	8.783231e-07
8.843794e+01	9.563525e+01	1.292239e-06	8.248163e-07	8.248163e-07
9.563525e+01	1.034183e+02	1.726092e-06	7.627419e-07	7.627419e-07
1.034183e+02	1.118348e+02	3.437929e-06	9.188253e-07	9.188253e-07
1.118348e+02	1.209362e+02	1.703152e-06	7.616729e-07	7.616729e-07
1.209362e+02	1.307783e+02	1.994970e-06	8.721822e-07	8.721822e-07
1.307783e+02	1.414214e+02	3.883849e-06	7.394627e-07	7.394627e-07
1.414214e+02	1.529306e+02	3.411999e-06	8.612301e-07	8.612301e-07
1.529306e+02	1.653765e+02	3.072175e-06	8.177680e-07	8.177680e-07
1.653765e+02	1.788353e+02	2.994530e-06	7.867900e-07	7.867900e-07
1.788353e+02	1.933894e+02	4.402271e-06	7.713049e-07	7.713049e-07
1.933894e+02	2.091279e+02	4.399283e-06	7.960965e-07	7.960965e-07
2.091279e+02	2.261473e+02	6.071924e-06	8.236357e-07	8.236357e-07
2.261473e+02	2.445518e+02	3.593572e-06	8.019763e-07	8.019763e-07
2.445518e+02	2.644540e+02	5.452035e-06	7.648904e-07	7.648904e-07
2.644540e+02	2.859760e+02	4.897654e-06	6.824384e-07	6.824384e-07
2.859760e+02	3.092495e+02	5.195110e-06	7.336519e-07	7.336519e-07
3.092495e+02	3.344170e+02	5.584305e-06	7.206190e-07	7.206190e-07
3.344170e+02	3.616328e+02	7.518210e-06	7.343197e-07	7.343197e-07
3.616328e+02	3.910634e+02	6.531070e-06	7.144494e-07	7.144494e-07
3.910634e+02	4.228892e+02	6.591545e-06	6.941434e-07	6.941434e-07
4.228892e+02	4.573051e+02	6.756066e-06	6.599102e-07	6.599102e-07
4.573051e+02	4.945218e+02	7.913660e-06	6.750351e-07	6.750351e-07
4.945218e+02	5.347672e+02	7.087014e-06	6.465451e-07	6.465451e-07
5.347672e+02	5.782880e+02	6.838583e-06	6.362617e-07	6.362617e-07
5.782880e+02	6.253506e+02	7.882954e-06	6.214566e-07	6.214566e-07
6.253506e+02	6.762433e+02	8.162835e-06	6.064533e-07	6.064533e-07
6.762433e+02	7.312778e+02	8.393497e-06	5.839137e-07	5.839137e-07
7.312778e+02	7.907911e+02	7.883376e-06	5.534817e-07	5.534817e-07
7.907911e+02	8.551478e+02	7.932382e-06	5.257437e-07	5.257437e-07
8.551478e+02	9.247420e+02	7.766031e-06	5.042107e-07	5.042107e-07
9.247420e+02	1.000000e+03	6.824553e-06	4.568688e-07	4.568688e-07
# END HISTO1D

