# BEGIN PLOT
Legend=1
LogY=1
LegendPlacement=manual
LegendAlign=r
LegendXPos=1.36
RightMargin=3.7
Title=$b$-jet $p_\mathrm{T}$ spectrum
XLabel=$p_\mathrm{T}^{b\mathrm{-jet}}$ [GeV]
YLabel=$\mathrm{d}\sigma/\mathrm{d}p_\mathrm{T}^{b\mathrm{-jet}}$ [pb/GeV]
LogX=1
DrawOnly=//eos/home-y/yiyu/monobc/Rivet_New/X600_Qd10.yoda.gz/JetMETAnalysis/bjet_pt //eos/home-y/yiyu/monobc/Rivet_New/X600_Qd300.yoda.gz/JetMETAnalysis/bjet_pt //eos/home-y/yiyu/monobc/Rivet_New/X1200_Qd10.yoda.gz/JetMETAnalysis/bjet_pt //eos/home-y/yiyu/monobc/Rivet_New/X1200_Qd600.yoda.gz/JetMETAnalysis/bjet_pt //eos/home-y/yiyu/monobc/Rivet_New/X2000_Qd10.yoda.gz/JetMETAnalysis/bjet_pt //eos/home-y/yiyu/monobc/Rivet_New/X2000_Qd1000.yoda.gz/JetMETAnalysis/bjet_pt
LegendOnly=//eos/home-y/yiyu/monobc/Rivet_New/X600_Qd10.yoda.gz/JetMETAnalysis/bjet_pt //eos/home-y/yiyu/monobc/Rivet_New/X600_Qd300.yoda.gz/JetMETAnalysis/bjet_pt //eos/home-y/yiyu/monobc/Rivet_New/X1200_Qd10.yoda.gz/JetMETAnalysis/bjet_pt //eos/home-y/yiyu/monobc/Rivet_New/X1200_Qd600.yoda.gz/JetMETAnalysis/bjet_pt //eos/home-y/yiyu/monobc/Rivet_New/X2000_Qd10.yoda.gz/JetMETAnalysis/bjet_pt //eos/home-y/yiyu/monobc/Rivet_New/X2000_Qd1000.yoda.gz/JetMETAnalysis/bjet_pt
RatioPlot=1
RatioPlotReference=//eos/home-y/yiyu/monobc/Rivet_New/X600_Qd10.yoda.gz/JetMETAnalysis/bjet_pt
RatioPlotYLabel=Ratio
# END PLOT

# BEGIN HISTO1D //eos/home-y/yiyu/monobc/Rivet_New/X600_Qd10.yoda.gz/JetMETAnalysis/bjet_pt
ErrorBars=1
LineColor=red
LineStyle=solid
Path=//eos/home-y/yiyu/monobc/Rivet_New/X600_Qd10.yoda.gz/JetMETAnalysis/bjet_pt
ScaledBy=8.46504408586937597e-06
Title=X600_Qd10
# xlow	 xhigh	 val	 errminus	 errplus
2.000000e+01	2.162765e+01	6.225202e-02	7.902151e-03	7.902151e-03
2.162765e+01	2.338777e+01	3.328081e-02	5.617259e-03	5.617259e-03
2.338777e+01	2.529113e+01	5.073917e-02	6.496484e-03	6.496484e-03
2.529113e+01	2.734939e+01	3.845955e-02	5.439001e-03	5.439001e-03
2.734939e+01	2.957515e+01	7.041923e-02	7.077398e-03	7.077398e-03
2.957515e+01	3.198206e+01	5.196389e-02	5.846394e-03	5.846394e-03
3.198206e+01	3.458484e+01	5.413612e-02	5.738415e-03	5.738415e-03
3.458484e+01	3.739945e+01	5.681167e-02	5.708669e-03	5.708669e-03
3.739945e+01	4.044311e+01	7.126213e-02	6.088335e-03	6.088335e-03
4.044311e+01	4.373448e+01	6.301282e-02	5.547324e-03	5.547324e-03
4.373448e+01	4.729371e+01	7.339430e-02	5.713738e-03	5.713738e-03
4.729371e+01	5.114260e+01	6.787079e-02	5.347395e-03	5.347395e-03
5.114260e+01	5.530472e+01	7.341369e-02	5.338914e-03	5.338914e-03
5.530472e+01	5.980556e+01	7.984849e-02	5.346220e-03	5.346220e-03
5.980556e+01	6.467270e+01	7.611608e-02	5.039254e-03	5.039254e-03
6.467270e+01	6.993594e+01	7.790781e-02	4.859611e-03	4.859611e-03
6.993594e+01	7.562751e+01	8.150231e-02	4.825981e-03	4.825981e-03
7.562751e+01	8.178228e+01	9.311747e-02	4.961284e-03	4.961284e-03
8.178228e+01	8.843794e+01	9.633815e-02	4.857483e-03	4.857483e-03
8.843794e+01	9.563525e+01	1.014063e-01	4.773916e-03	4.773916e-03
9.563525e+01	1.034183e+02	1.153367e-01	4.877738e-03	4.877738e-03
1.034183e+02	1.118348e+02	1.237738e-01	4.861733e-03	4.861733e-03
1.118348e+02	1.209362e+02	1.168949e-01	4.536079e-03	4.536079e-03
1.209362e+02	1.307783e+02	1.286876e-01	4.589431e-03	4.589431e-03
1.307783e+02	1.414214e+02	1.377455e-01	4.550972e-03	4.550972e-03
1.414214e+02	1.529306e+02	1.488389e-01	4.562319e-03	4.562319e-03
1.529306e+02	1.653765e+02	1.526474e-01	4.435830e-03	4.435830e-03
1.653765e+02	1.788353e+02	1.608039e-01	4.374608e-03	4.374608e-03
1.788353e+02	1.933894e+02	1.613207e-01	4.220047e-03	4.220047e-03
1.933894e+02	2.091279e+02	1.530031e-01	3.964212e-03	3.964212e-03
2.091279e+02	2.261473e+02	1.569297e-01	3.859052e-03	3.859052e-03
2.261473e+02	2.445518e+02	1.483882e-01	3.593421e-03	3.593421e-03
2.445518e+02	2.644540e+02	1.400853e-01	3.358992e-03	3.358992e-03
2.644540e+02	2.859760e+02	1.366776e-01	3.194645e-03	3.194645e-03
2.859760e+02	3.092495e+02	1.227863e-01	2.904464e-03	2.904464e-03
3.092495e+02	3.344170e+02	1.183268e-01	2.762870e-03	2.762870e-03
3.344170e+02	3.616328e+02	1.085488e-01	2.532984e-03	2.532984e-03
3.616328e+02	3.910634e+02	9.763644e-02	2.305631e-03	2.305631e-03
3.910634e+02	4.228892e+02	8.252804e-02	2.052875e-03	2.052875e-03
4.228892e+02	4.573051e+02	6.638066e-02	1.765536e-03	1.765536e-03
4.573051e+02	4.945218e+02	5.398313e-02	1.532027e-03	1.532027e-03
4.945218e+02	5.347672e+02	3.973192e-02	1.257603e-03	1.257603e-03
5.347672e+02	5.782880e+02	3.008451e-02	1.057465e-03	1.057465e-03
5.782880e+02	6.253506e+02	2.230344e-02	8.714045e-04	8.714045e-04
6.253506e+02	6.762433e+02	1.412325e-02	6.700974e-04	6.700974e-04
6.762433e+02	7.312778e+02	8.889102e-03	5.154089e-04	5.154089e-04
7.312778e+02	7.907911e+02	5.852522e-03	4.051953e-04	4.051953e-04
7.907911e+02	8.551478e+02	4.034452e-03	3.188565e-04	3.188565e-04
8.551478e+02	9.247420e+02	2.138401e-03	2.319947e-04	2.319947e-04
9.247420e+02	1.000000e+03	1.220140e-03	1.656447e-04	1.656447e-04
# END HISTO1D


# BEGIN HISTO1D //eos/home-y/yiyu/monobc/Rivet_New/X600_Qd300.yoda.gz/JetMETAnalysis/bjet_pt
ErrorBars=1
LineColor=red
LineStyle=dashed
Path=//eos/home-y/yiyu/monobc/Rivet_New/X600_Qd300.yoda.gz/JetMETAnalysis/bjet_pt
ScaledBy=8.37523427731026437e-06
Title=X600_Qd300
# xlow	 xhigh	 val	 errminus	 errplus
2.000000e+01	2.162765e+01	1.996473e-02	2.275193e-03	2.275193e-03
2.162765e+01	2.338777e+01	2.709380e-02	2.548771e-03	2.548771e-03
2.338777e+01	2.529113e+01	2.239413e-02	2.250253e-03	2.250253e-03
2.529113e+01	2.734939e+01	2.398940e-02	2.217821e-03	2.217821e-03
2.734939e+01	2.957515e+01	2.483858e-02	2.219299e-03	2.219299e-03
2.957515e+01	3.198206e+01	2.314450e-02	2.014471e-03	2.014471e-03
3.198206e+01	3.458484e+01	2.464563e-02	2.012133e-03	2.012133e-03
3.458484e+01	3.739945e+01	2.593950e-02	1.994813e-03	1.994813e-03
3.739945e+01	4.044311e+01	2.176894e-02	1.748382e-03	1.748382e-03
4.044311e+01	4.373448e+01	2.897781e-02	1.944559e-03	1.944559e-03
4.373448e+01	4.729371e+01	3.142126e-02	1.930193e-03	1.930193e-03
4.729371e+01	5.114260e+01	3.179774e-02	1.886445e-03	1.886445e-03
5.114260e+01	5.530472e+01	3.163544e-02	1.796735e-03	1.796735e-03
5.530472e+01	5.980556e+01	3.141123e-02	1.736550e-03	1.736550e-03
5.980556e+01	6.467270e+01	3.494340e-02	1.749271e-03	1.749271e-03
6.467270e+01	6.993594e+01	3.528038e-02	1.697148e-03	1.697148e-03
6.993594e+01	7.562751e+01	3.944694e-02	1.726241e-03	1.726241e-03
7.562751e+01	8.178228e+01	3.997519e-02	1.666924e-03	1.666924e-03
8.178228e+01	8.843794e+01	4.089803e-02	1.620314e-03	1.620314e-03
8.843794e+01	9.563525e+01	4.485647e-02	1.626024e-03	1.626024e-03
9.563525e+01	1.034183e+02	4.885497e-02	1.636602e-03	1.636602e-03
1.034183e+02	1.118348e+02	5.224804e-02	1.629424e-03	1.629424e-03
1.118348e+02	1.209362e+02	5.536432e-02	1.615604e-03	1.615604e-03
1.209362e+02	1.307783e+02	5.308437e-02	1.514793e-03	1.514793e-03
1.307783e+02	1.414214e+02	5.733687e-02	1.516140e-03	1.516140e-03
1.414214e+02	1.529306e+02	5.595555e-02	1.441761e-03	1.441761e-03
1.529306e+02	1.653765e+02	5.408392e-02	1.360146e-03	1.360146e-03
1.653765e+02	1.788353e+02	5.017039e-02	1.264409e-03	1.264409e-03
1.788353e+02	1.933894e+02	5.065722e-02	1.215442e-03	1.215442e-03
1.933894e+02	2.091279e+02	4.864159e-02	1.149591e-03	1.149591e-03
2.091279e+02	2.261473e+02	4.307144e-02	1.039382e-03	1.039382e-03
2.261473e+02	2.445518e+02	4.299432e-02	9.987192e-04	9.987192e-04
2.445518e+02	2.644540e+02	3.933477e-02	9.181916e-04	9.181916e-04
2.644540e+02	2.859760e+02	3.776656e-02	8.659014e-04	8.659014e-04
2.859760e+02	3.092495e+02	3.088067e-02	7.557393e-04	7.557393e-04
3.092495e+02	3.344170e+02	2.604145e-02	6.667448e-04	6.667448e-04
3.344170e+02	3.616328e+02	2.169354e-02	5.882245e-04	5.882245e-04
3.616328e+02	3.910634e+02	1.575914e-02	4.809622e-04	4.809622e-04
3.910634e+02	4.228892e+02	1.208016e-02	4.037331e-04	4.037331e-04
4.228892e+02	4.573051e+02	8.792125e-03	3.328959e-04	3.328959e-04
4.573051e+02	4.945218e+02	6.520242e-03	2.742672e-04	2.742672e-04
4.945218e+02	5.347672e+02	4.047668e-03	2.123291e-04	2.123291e-04
5.347672e+02	5.782880e+02	2.889703e-03	1.701815e-04	1.701815e-04
5.782880e+02	6.253506e+02	1.614100e-03	1.203079e-04	1.203079e-04
6.253506e+02	6.762433e+02	9.784989e-04	9.308154e-05	9.308154e-05
6.762433e+02	7.312778e+02	7.361562e-04	7.591225e-05	7.591225e-05
7.312778e+02	7.907911e+02	4.112896e-04	5.760919e-05	5.760919e-05
7.907911e+02	8.551478e+02	2.623011e-04	4.249763e-05	4.249763e-05
8.551478e+02	9.247420e+02	1.819206e-04	3.321401e-05	3.321401e-05
9.247420e+02	1.000000e+03	7.289949e-05	2.021868e-05	2.021868e-05
# END HISTO1D


# BEGIN HISTO1D //eos/home-y/yiyu/monobc/Rivet_New/X1200_Qd10.yoda.gz/JetMETAnalysis/bjet_pt
ErrorBars=1
LineColor=blue
LineStyle=solid
Path=//eos/home-y/yiyu/monobc/Rivet_New/X1200_Qd10.yoda.gz/JetMETAnalysis/bjet_pt
ScaledBy=7.24057716000605027e-06
Title=X1200_Qd10
# xlow	 xhigh	 val	 errminus	 errplus
2.000000e+01	2.162765e+01	1.449003e-03	2.481182e-04	2.481182e-04
2.162765e+01	2.338777e+01	1.042182e-03	2.038666e-04	2.038666e-04
2.338777e+01	2.529113e+01	1.514466e-03	2.482039e-04	2.482039e-04
2.529113e+01	2.734939e+01	1.559637e-03	2.317210e-04	2.317210e-04
2.734939e+01	2.957515e+01	1.265663e-03	2.142828e-04	2.142828e-04
2.957515e+01	3.198206e+01	8.982185e-04	1.784852e-04	1.784852e-04
3.198206e+01	3.458484e+01	9.061350e-04	1.815064e-04	1.815064e-04
3.458484e+01	3.739945e+01	1.117251e-03	1.678461e-04	1.678461e-04
3.739945e+01	4.044311e+01	1.140795e-03	1.708449e-04	1.708449e-04
4.044311e+01	4.373448e+01	1.134556e-03	1.604752e-04	1.604752e-04
4.373448e+01	4.729371e+01	1.122798e-03	1.460972e-04	1.460972e-04
4.729371e+01	5.114260e+01	9.021279e-04	1.372300e-04	1.372300e-04
5.114260e+01	5.530472e+01	1.385147e-03	1.558211e-04	1.558211e-04
5.530472e+01	5.980556e+01	1.062569e-03	1.293742e-04	1.293742e-04
5.980556e+01	6.467270e+01	1.022981e-03	1.203924e-04	1.203924e-04
6.467270e+01	6.993594e+01	1.232281e-03	1.287557e-04	1.287557e-04
6.993594e+01	7.562751e+01	1.266159e-03	1.271381e-04	1.271381e-04
7.562751e+01	8.178228e+01	1.021850e-03	1.095895e-04	1.095895e-04
8.178228e+01	8.843794e+01	1.082753e-03	1.096093e-04	1.096093e-04
8.843794e+01	9.563525e+01	1.319853e-03	1.176294e-04	1.176294e-04
9.563525e+01	1.034183e+02	1.254193e-03	1.107136e-04	1.107136e-04
1.034183e+02	1.118348e+02	1.362179e-03	1.081371e-04	1.081371e-04
1.118348e+02	1.209362e+02	1.490013e-03	1.103452e-04	1.103452e-04
1.209362e+02	1.307783e+02	1.624164e-03	1.113831e-04	1.113831e-04
1.307783e+02	1.414214e+02	1.649660e-03	1.048235e-04	1.048235e-04
1.414214e+02	1.529306e+02	1.764592e-03	1.061872e-04	1.061872e-04
1.529306e+02	1.653765e+02	1.816020e-03	1.038189e-04	1.038189e-04
1.653765e+02	1.788353e+02	1.766966e-03	9.674310e-05	9.674310e-05
1.788353e+02	1.933894e+02	2.178651e-03	1.038241e-04	1.038241e-04
1.933894e+02	2.091279e+02	2.047998e-03	9.619114e-05	9.619114e-05
2.091279e+02	2.261473e+02	2.228754e-03	9.776050e-05	9.776050e-05
2.261473e+02	2.445518e+02	2.420542e-03	9.657010e-05	9.657010e-05
2.445518e+02	2.644540e+02	2.715693e-03	9.902640e-05	9.902640e-05
2.644540e+02	2.859760e+02	2.885716e-03	9.854300e-05	9.854300e-05
2.859760e+02	3.092495e+02	3.037299e-03	9.795761e-05	9.795761e-05
3.092495e+02	3.344170e+02	3.144522e-03	9.507485e-05	9.507485e-05
3.344170e+02	3.616328e+02	3.175057e-03	9.182019e-05	9.182019e-05
3.616328e+02	3.910634e+02	3.312315e-03	8.987160e-05	8.987160e-05
3.910634e+02	4.228892e+02	3.303873e-03	8.613736e-05	8.613736e-05
4.228892e+02	4.573051e+02	3.102819e-03	8.089609e-05	8.089609e-05
4.573051e+02	4.945218e+02	3.040060e-03	7.642679e-05	7.642679e-05
4.945218e+02	5.347672e+02	2.791745e-03	7.112373e-05	7.112373e-05
5.347672e+02	5.782880e+02	2.753244e-03	6.737076e-05	6.737076e-05
5.782880e+02	6.253506e+02	2.540474e-03	6.295041e-05	6.295041e-05
6.253506e+02	6.762433e+02	2.400773e-03	5.835502e-05	5.835502e-05
6.762433e+02	7.312778e+02	2.224857e-03	5.401582e-05	5.401582e-05
7.312778e+02	7.907911e+02	1.861476e-03	4.725812e-05	4.725812e-05
7.907911e+02	8.551478e+02	1.579885e-03	4.211976e-05	4.211976e-05
8.551478e+02	9.247420e+02	1.239768e-03	3.634909e-05	3.634909e-05
9.247420e+02	1.000000e+03	8.966281e-04	3.007996e-05	3.007996e-05
# END HISTO1D


# BEGIN HISTO1D //eos/home-y/yiyu/monobc/Rivet_New/X1200_Qd600.yoda.gz/JetMETAnalysis/bjet_pt
ErrorBars=1
LineColor=blue
LineStyle=dashed
Path=//eos/home-y/yiyu/monobc/Rivet_New/X1200_Qd600.yoda.gz/JetMETAnalysis/bjet_pt
ScaledBy=7.33477238174204928e-06
Title=X1200_Qd600
# xlow	 xhigh	 val	 errminus	 errplus
2.000000e+01	2.162765e+01	4.180010e-04	7.028245e-05	7.028245e-05
2.162765e+01	2.338777e+01	5.748563e-04	7.677274e-05	7.677274e-05
2.338777e+01	2.529113e+01	3.207900e-04	5.868739e-05	5.868739e-05
2.529113e+01	2.734939e+01	2.881724e-04	5.360476e-05	5.360476e-05
2.734939e+01	2.957515e+01	3.213507e-04	5.257770e-05	5.257770e-05
2.957515e+01	3.198206e+01	4.276275e-04	5.752865e-05	5.752865e-05
3.198206e+01	3.458484e+01	4.423643e-04	5.687252e-05	5.687252e-05
3.458484e+01	3.739945e+01	4.958445e-04	5.747841e-05	5.747841e-05
3.739945e+01	4.044311e+01	3.897502e-04	4.930528e-05	4.930528e-05
4.044311e+01	4.373448e+01	3.498169e-04	4.620658e-05	4.620658e-05
4.373448e+01	4.729371e+01	4.999399e-04	5.187125e-05	5.187125e-05
4.729371e+01	5.114260e+01	4.169904e-04	4.666498e-05	4.666498e-05
5.114260e+01	5.530472e+01	4.778195e-04	4.815552e-05	4.815552e-05
5.530472e+01	5.980556e+01	4.186045e-04	4.210379e-05	4.210379e-05
5.980556e+01	6.467270e+01	4.086059e-04	3.991266e-05	3.991266e-05
6.467270e+01	6.993594e+01	4.209439e-04	4.072949e-05	4.072949e-05
6.993594e+01	7.562751e+01	4.934777e-04	4.077822e-05	4.077822e-05
7.562751e+01	8.178228e+01	4.790143e-04	3.875990e-05	3.875990e-05
8.178228e+01	8.843794e+01	4.796602e-04	3.825360e-05	3.825360e-05
8.843794e+01	9.563525e+01	5.283966e-04	3.723570e-05	3.723570e-05
9.563525e+01	1.034183e+02	5.917358e-04	3.817006e-05	3.817006e-05
1.034183e+02	1.118348e+02	5.658546e-04	3.607975e-05	3.607975e-05
1.118348e+02	1.209362e+02	5.692747e-04	3.549871e-05	3.549871e-05
1.209362e+02	1.307783e+02	6.895019e-04	3.654099e-05	3.654099e-05
1.307783e+02	1.414214e+02	7.638208e-04	3.672463e-05	3.672463e-05
1.414214e+02	1.529306e+02	7.745500e-04	3.602905e-05	3.602905e-05
1.529306e+02	1.653765e+02	8.424067e-04	3.598240e-05	3.598240e-05
1.653765e+02	1.788353e+02	8.360404e-04	3.499702e-05	3.499702e-05
1.788353e+02	1.933894e+02	8.881916e-04	3.421898e-05	3.421898e-05
1.933894e+02	2.091279e+02	9.177844e-04	3.362051e-05	3.362051e-05
2.091279e+02	2.261473e+02	1.014763e-03	3.359167e-05	3.359167e-05
2.261473e+02	2.445518e+02	1.081522e-03	3.352574e-05	3.352574e-05
2.445518e+02	2.644540e+02	1.132492e-03	3.293745e-05	3.293745e-05
2.644540e+02	2.859760e+02	1.142905e-03	3.182975e-05	3.182975e-05
2.859760e+02	3.092495e+02	1.149090e-03	3.065914e-05	3.065914e-05
3.092495e+02	3.344170e+02	1.195701e-03	3.006270e-05	3.006270e-05
3.344170e+02	3.616328e+02	1.087123e-03	2.758501e-05	2.758501e-05
3.616328e+02	3.910634e+02	1.007682e-03	2.587832e-05	2.587832e-05
3.910634e+02	4.228892e+02	9.822735e-04	2.441548e-05	2.441548e-05
4.228892e+02	4.573051e+02	9.078417e-04	2.267452e-05	2.267452e-05
4.573051e+02	4.945218e+02	8.685829e-04	2.103089e-05	2.103089e-05
4.945218e+02	5.347672e+02	7.819771e-04	1.928813e-05	1.928813e-05
5.347672e+02	5.782880e+02	7.110995e-04	1.765541e-05	1.765541e-05
5.782880e+02	6.253506e+02	6.205163e-04	1.607225e-05	1.607225e-05
6.253506e+02	6.762433e+02	4.908641e-04	1.379672e-05	1.379672e-05
6.762433e+02	7.312778e+02	3.705554e-04	1.146855e-05	1.146855e-05
7.312778e+02	7.907911e+02	2.667479e-04	9.498484e-06	9.498484e-06
7.907911e+02	8.551478e+02	1.946276e-04	7.865674e-06	7.865674e-06
8.551478e+02	9.247420e+02	1.158091e-04	5.921310e-06	5.921310e-06
9.247420e+02	1.000000e+03	7.070023e-05	4.428610e-06	4.428610e-06
# END HISTO1D


# BEGIN HISTO1D //eos/home-y/yiyu/monobc/Rivet_New/X2000_Qd10.yoda.gz/JetMETAnalysis/bjet_pt
ErrorBars=1
LineColor=violet
LineStyle=solid
Path=//eos/home-y/yiyu/monobc/Rivet_New/X2000_Qd10.yoda.gz/JetMETAnalysis/bjet_pt
ScaledBy=6.30673641241568105e-06
Title=X2000_Qd10
# xlow	 xhigh	 val	 errminus	 errplus
2.000000e+01	2.162765e+01	2.320944e-05	7.697700e-06	7.697700e-06
2.162765e+01	2.338777e+01	2.253579e-05	6.871401e-06	6.871401e-06
2.338777e+01	2.529113e+01	3.969490e-05	6.582655e-06	6.582655e-06
2.529113e+01	2.734939e+01	2.294222e-05	5.730966e-06	5.730966e-06
2.734939e+01	2.957515e+01	2.376158e-05	6.119543e-06	6.119543e-06
2.957515e+01	3.198206e+01	2.511226e-05	5.549077e-06	5.549077e-06
3.198206e+01	3.458484e+01	2.322246e-05	5.027810e-06	5.027810e-06
3.458484e+01	3.739945e+01	2.214580e-05	4.976899e-06	4.976899e-06
3.739945e+01	4.044311e+01	2.172039e-05	4.925721e-06	4.925721e-06
4.044311e+01	4.373448e+01	1.606856e-05	3.975938e-06	3.975938e-06
4.373448e+01	4.729371e+01	1.326721e-05	3.559966e-06	3.559966e-06
4.729371e+01	5.114260e+01	1.570400e-05	3.672436e-06	3.672436e-06
5.114260e+01	5.530472e+01	1.588361e-05	3.485837e-06	3.485837e-06
5.530472e+01	5.980556e+01	1.342926e-05	3.026243e-06	3.026243e-06
5.980556e+01	6.467270e+01	1.086625e-05	3.055749e-06	3.055749e-06
6.467270e+01	6.993594e+01	1.507273e-05	3.087154e-06	3.087154e-06
6.993594e+01	7.562751e+01	1.526587e-05	2.815982e-06	2.815982e-06
7.562751e+01	8.178228e+01	1.104807e-05	2.744915e-06	2.744915e-06
8.178228e+01	8.843794e+01	1.447354e-05	2.585495e-06	2.585495e-06
8.843794e+01	9.563525e+01	1.364674e-05	2.347310e-06	2.347310e-06
9.563525e+01	1.034183e+02	1.019284e-05	2.276602e-06	2.276602e-06
1.034183e+02	1.118348e+02	6.957062e-06	2.232964e-06	2.232964e-06
1.118348e+02	1.209362e+02	9.961592e-06	2.095982e-06	2.095982e-06
1.209362e+02	1.307783e+02	1.036339e-05	2.102319e-06	2.102319e-06
1.307783e+02	1.414214e+02	9.405963e-06	1.935981e-06	1.935981e-06
1.414214e+02	1.529306e+02	1.296515e-05	2.120844e-06	2.120844e-06
1.529306e+02	1.653765e+02	1.031997e-05	1.808479e-06	1.808479e-06
1.653765e+02	1.788353e+02	9.402948e-06	1.929391e-06	1.929391e-06
1.788353e+02	1.933894e+02	1.219939e-05	1.933690e-06	1.933690e-06
1.933894e+02	2.091279e+02	1.452171e-05	1.792193e-06	1.792193e-06
2.091279e+02	2.261473e+02	1.398370e-05	1.883422e-06	1.883422e-06
2.261473e+02	2.445518e+02	1.467600e-05	1.780553e-06	1.780553e-06
2.445518e+02	2.644540e+02	1.442574e-05	1.790687e-06	1.790687e-06
2.644540e+02	2.859760e+02	1.334002e-05	1.785719e-06	1.785719e-06
2.859760e+02	3.092495e+02	1.704329e-05	1.713963e-06	1.713963e-06
3.092495e+02	3.344170e+02	1.943817e-05	1.774441e-06	1.774441e-06
3.344170e+02	3.616328e+02	1.984909e-05	1.769421e-06	1.769421e-06
3.616328e+02	3.910634e+02	2.060163e-05	1.667433e-06	1.667433e-06
3.910634e+02	4.228892e+02	2.184058e-05	1.766580e-06	1.766580e-06
4.228892e+02	4.573051e+02	2.376427e-05	1.692493e-06	1.692493e-06
4.573051e+02	4.945218e+02	2.339692e-05	1.676371e-06	1.676371e-06
4.945218e+02	5.347672e+02	3.139825e-05	1.716110e-06	1.716110e-06
5.347672e+02	5.782880e+02	2.946922e-05	1.641794e-06	1.641794e-06
5.782880e+02	6.253506e+02	3.090369e-05	1.639147e-06	1.639147e-06
6.253506e+02	6.762433e+02	3.381104e-05	1.577681e-06	1.577681e-06
6.762433e+02	7.312778e+02	3.452698e-05	1.518682e-06	1.518682e-06
7.312778e+02	7.907911e+02	3.084949e-05	1.425039e-06	1.425039e-06
7.907911e+02	8.551478e+02	3.028877e-05	1.353267e-06	1.353267e-06
8.551478e+02	9.247420e+02	2.950204e-05	1.284824e-06	1.284824e-06
9.247420e+02	1.000000e+03	2.725668e-05	1.165920e-06	1.165920e-06
# END HISTO1D


# BEGIN HISTO1D //eos/home-y/yiyu/monobc/Rivet_New/X2000_Qd1000.yoda.gz/JetMETAnalysis/bjet_pt
ErrorBars=1
LineColor=violet
LineStyle=dashed
Path=//eos/home-y/yiyu/monobc/Rivet_New/X2000_Qd1000.yoda.gz/JetMETAnalysis/bjet_pt
ScaledBy=7.02437342203950093e-06
Title=X2000_Qd1000
# xlow	 xhigh	 val	 errminus	 errplus
2.000000e+01	2.162765e+01	3.234872e-06	1.689357e-06	1.689357e-06
2.162765e+01	2.338777e+01	5.438926e-06	1.676390e-06	1.676390e-06
2.338777e+01	2.529113e+01	2.263325e-06	1.206059e-06	1.206059e-06
2.529113e+01	2.734939e+01	3.023212e-06	1.594315e-06	1.594315e-06
2.734939e+01	2.957515e+01	3.655914e-06	1.442625e-06	1.442625e-06
2.957515e+01	3.198206e+01	4.176234e-06	1.241932e-06	1.241932e-06
3.198206e+01	3.458484e+01	2.758540e-06	1.205930e-06	1.205930e-06
3.458484e+01	3.739945e+01	3.061115e-06	1.075566e-06	1.075566e-06
3.739945e+01	4.044311e+01	2.044432e-06	1.078148e-06	1.078148e-06
4.044311e+01	4.373448e+01	1.745139e-06	8.725694e-07	8.725694e-07
4.373448e+01	4.729371e+01	1.613803e-06	9.121125e-07	9.121125e-07
4.729371e+01	5.114260e+01	2.238527e-06	8.616095e-07	8.616095e-07
5.114260e+01	5.530472e+01	2.530076e-06	8.293017e-07	8.293017e-07
5.530472e+01	5.980556e+01	2.977762e-06	8.897763e-07	8.897763e-07
5.980556e+01	6.467270e+01	2.065242e-06	7.928814e-07	7.928814e-07
6.467270e+01	6.993594e+01	2.000760e-06	8.335120e-07	8.335120e-07
6.993594e+01	7.562751e+01	3.195781e-06	8.066539e-07	8.066539e-07
7.562751e+01	8.178228e+01	3.499663e-06	7.499892e-07	7.499892e-07
8.178228e+01	8.843794e+01	2.445194e-06	7.046443e-07	7.046443e-07
8.843794e+01	9.563525e+01	3.724287e-06	6.583673e-07	6.583673e-07
9.563525e+01	1.034183e+02	3.690005e-06	7.119148e-07	7.119148e-07
1.034183e+02	1.118348e+02	4.322227e-06	7.057554e-07	7.057554e-07
1.118348e+02	1.209362e+02	3.891786e-06	6.816663e-07	6.816663e-07
1.209362e+02	1.307783e+02	3.598897e-06	6.378255e-07	6.378255e-07
1.307783e+02	1.414214e+02	3.283070e-06	6.775951e-07	6.775951e-07
1.414214e+02	1.529306e+02	4.408452e-06	6.307311e-07	6.307311e-07
1.529306e+02	1.653765e+02	4.807388e-06	6.141426e-07	6.141426e-07
1.653765e+02	1.788353e+02	4.765669e-06	5.908451e-07	5.908451e-07
1.788353e+02	1.933894e+02	5.360776e-06	6.055359e-07	6.055359e-07
1.933894e+02	2.091279e+02	5.291896e-06	5.897338e-07	5.897338e-07
2.091279e+02	2.261473e+02	4.471758e-06	5.865780e-07	5.865780e-07
2.261473e+02	2.445518e+02	5.851726e-06	5.913528e-07	5.913528e-07
2.445518e+02	2.644540e+02	6.421486e-06	5.846797e-07	5.846797e-07
2.644540e+02	2.859760e+02	7.183654e-06	5.812369e-07	5.812369e-07
2.859760e+02	3.092495e+02	8.226661e-06	5.817130e-07	5.817130e-07
3.092495e+02	3.344170e+02	7.360314e-06	5.858932e-07	5.858932e-07
3.344170e+02	3.616328e+02	1.011282e-05	5.888533e-07	5.888533e-07
3.616328e+02	3.910634e+02	9.124082e-06	5.724821e-07	5.724821e-07
3.910634e+02	4.228892e+02	8.076447e-06	5.556642e-07	5.556642e-07
4.228892e+02	4.573051e+02	1.147414e-05	5.568434e-07	5.568434e-07
4.573051e+02	4.945218e+02	9.954709e-06	5.383375e-07	5.383375e-07
4.945218e+02	5.347672e+02	1.037112e-05	5.186979e-07	5.186979e-07
5.347672e+02	5.782880e+02	1.108636e-05	4.923539e-07	4.923539e-07
5.782880e+02	6.253506e+02	1.056733e-05	4.601595e-07	4.601595e-07
6.253506e+02	6.762433e+02	9.800262e-06	4.320273e-07	4.320273e-07
6.762433e+02	7.312778e+02	8.253852e-06	3.956131e-07	3.956131e-07
7.312778e+02	7.907911e+02	8.356549e-06	3.724990e-07	3.724990e-07
7.907911e+02	8.551478e+02	7.415267e-06	3.430168e-07	3.430168e-07
8.551478e+02	9.247420e+02	7.180470e-06	3.181700e-07	3.181700e-07
9.247420e+02	1.000000e+03	5.215388e-06	2.824400e-07	2.824400e-07
# END HISTO1D

