# BEGIN PLOT
Legend=1
LogY=1
LegendPlacement=manual
LegendAlign=r
LegendXPos=1.36
RightMargin=3.7
DrawOnly=//eos/home-y/yiyu/monobc/Rivet_New/X600_Qd10.yoda.gz/JetMETAnalysis/bjet_eta //eos/home-y/yiyu/monobc/Rivet_New/X600_Qd300.yoda.gz/JetMETAnalysis/bjet_eta //eos/home-y/yiyu/monobc/Rivet_New/X1200_Qd10.yoda.gz/JetMETAnalysis/bjet_eta //eos/home-y/yiyu/monobc/Rivet_New/X1200_Qd600.yoda.gz/JetMETAnalysis/bjet_eta //eos/home-y/yiyu/monobc/Rivet_New/X2000_Qd10.yoda.gz/JetMETAnalysis/bjet_eta //eos/home-y/yiyu/monobc/Rivet_New/X2000_Qd1000.yoda.gz/JetMETAnalysis/bjet_eta
LegendOnly=//eos/home-y/yiyu/monobc/Rivet_New/X600_Qd10.yoda.gz/JetMETAnalysis/bjet_eta //eos/home-y/yiyu/monobc/Rivet_New/X600_Qd300.yoda.gz/JetMETAnalysis/bjet_eta //eos/home-y/yiyu/monobc/Rivet_New/X1200_Qd10.yoda.gz/JetMETAnalysis/bjet_eta //eos/home-y/yiyu/monobc/Rivet_New/X1200_Qd600.yoda.gz/JetMETAnalysis/bjet_eta //eos/home-y/yiyu/monobc/Rivet_New/X2000_Qd10.yoda.gz/JetMETAnalysis/bjet_eta //eos/home-y/yiyu/monobc/Rivet_New/X2000_Qd1000.yoda.gz/JetMETAnalysis/bjet_eta
RatioPlot=1
RatioPlotReference=//eos/home-y/yiyu/monobc/Rivet_New/X600_Qd10.yoda.gz/JetMETAnalysis/bjet_eta
RatioPlotYLabel=Ratio
# END PLOT

# BEGIN HISTO1D //eos/home-y/yiyu/monobc/Rivet_New/X600_Qd10.yoda.gz/JetMETAnalysis/bjet_eta
ErrorBars=1
LineColor=red
LineStyle=solid
Path=//eos/home-y/yiyu/monobc/Rivet_New/X600_Qd10.yoda.gz/JetMETAnalysis/bjet_eta
ScaledBy=8.46504408586937597e-06
Title=X600_Qd10
# xlow	 xhigh	 val	 errminus	 errplus
-2.500000e+00	-2.400000e+00	2.453952e+00	2.045939e-01	2.045939e-01
-2.400000e+00	-2.300000e+00	3.229718e+00	2.316015e-01	2.316015e-01
-2.300000e+00	-2.200000e+00	4.021315e+00	2.562625e-01	2.562625e-01
-2.200000e+00	-2.100000e+00	4.132139e+00	2.606268e-01	2.606268e-01
-2.100000e+00	-2.000000e+00	4.622929e+00	2.787502e-01	2.787502e-01
-2.000000e+00	-1.900000e+00	5.588678e+00	3.057657e-01	3.057657e-01
-1.900000e+00	-1.800000e+00	6.063637e+00	3.154494e-01	3.154494e-01
-1.800000e+00	-1.700000e+00	6.886898e+00	3.332239e-01	3.332239e-01
-1.700000e+00	-1.600000e+00	7.615168e+00	3.500974e-01	3.500974e-01
-1.600000e+00	-1.500000e+00	9.024212e+00	3.839044e-01	3.839044e-01
-1.500000e+00	-1.400000e+00	9.847473e+00	4.017698e-01	4.017698e-01
-1.400000e+00	-1.300000e+00	1.086072e+01	4.200692e-01	4.200692e-01
-1.300000e+00	-1.200000e+00	1.207978e+01	4.413112e-01	4.413112e-01
-1.200000e+00	-1.100000e+00	1.279222e+01	4.544624e-01	4.544624e-01
-1.100000e+00	-1.000000e+00	1.359965e+01	4.693846e-01	4.693846e-01
-1.000000e+00	-9.000000e-01	1.428042e+01	4.796846e-01	4.796846e-01
-9.000000e-01	-8.000000e-01	1.572113e+01	5.043911e-01	5.043911e-01
-8.000000e-01	-7.000000e-01	1.663938e+01	5.152077e-01	5.152077e-01
-7.000000e-01	-6.000000e-01	1.697185e+01	5.207725e-01	5.207725e-01
-6.000000e-01	-5.000000e-01	1.752597e+01	5.286544e-01	5.286544e-01
-5.000000e-01	-4.000000e-01	1.857088e+01	5.482063e-01	5.482063e-01
-4.000000e-01	-3.000000e-01	1.841256e+01	5.436148e-01	5.436148e-01
-3.000000e-01	-2.000000e-01	1.906167e+01	5.511702e-01	5.511702e-01
-2.000000e-01	-1.000000e-01	1.931498e+01	5.538920e-01	5.538920e-01
-1.000000e-01	0.000000e+00	1.929915e+01	5.563753e-01	5.563753e-01
0.000000e+00	1.000000e-01	1.929915e+01	5.536657e-01	5.536657e-01
1.000000e-01	2.000000e-01	1.934664e+01	5.561501e-01	5.561501e-01
2.000000e-01	3.000000e-01	1.779511e+01	5.336095e-01	5.336095e-01
3.000000e-01	4.000000e-01	1.953663e+01	5.597440e-01	5.597440e-01
4.000000e-01	5.000000e-01	1.695602e+01	5.190852e-01	5.190852e-01
5.000000e-01	6.000000e-01	1.808009e+01	5.382863e-01	5.382863e-01
6.000000e-01	7.000000e-01	1.808009e+01	5.368875e-01	5.368875e-01
7.000000e-01	8.000000e-01	1.681353e+01	5.193266e-01	5.193266e-01
8.000000e-01	9.000000e-01	1.549948e+01	4.978890e-01	4.978890e-01
9.000000e-01	1.000000e+00	1.437541e+01	4.807285e-01	4.807285e-01
1.000000e+00	1.100000e+00	1.378963e+01	4.715157e-01	4.715157e-01
1.100000e+00	1.200000e+00	1.283971e+01	4.558392e-01	4.558392e-01
1.200000e+00	1.300000e+00	1.182647e+01	4.378901e-01	4.378901e-01
1.300000e+00	1.400000e+00	1.081322e+01	4.167744e-01	4.167744e-01
1.400000e+00	1.500000e+00	1.027494e+01	4.101056e-01	4.101056e-01
1.500000e+00	1.600000e+00	9.040044e+00	3.816124e-01	3.816124e-01
1.600000e+00	1.700000e+00	7.947639e+00	3.589351e-01	3.589351e-01
1.700000e+00	1.800000e+00	7.741824e+00	3.550737e-01	3.550737e-01
1.800000e+00	1.900000e+00	6.807739e+00	3.313382e-01	3.313382e-01
1.900000e+00	2.000000e+00	5.715334e+00	3.041218e-01	3.041218e-01
2.000000e+00	2.100000e+00	4.765417e+00	2.791995e-01	2.791995e-01
2.100000e+00	2.200000e+00	3.989651e+00	2.582113e-01	2.582113e-01
2.200000e+00	2.300000e+00	3.372205e+00	2.321420e-01	2.321420e-01
2.300000e+00	2.400000e+00	3.150558e+00	2.288799e-01	2.288799e-01
2.400000e+00	2.500000e+00	1.947330e+00	1.839506e-01	1.839506e-01
# END HISTO1D


# BEGIN HISTO1D //eos/home-y/yiyu/monobc/Rivet_New/X600_Qd300.yoda.gz/JetMETAnalysis/bjet_eta
ErrorBars=1
LineColor=red
LineStyle=dashed
Path=//eos/home-y/yiyu/monobc/Rivet_New/X600_Qd300.yoda.gz/JetMETAnalysis/bjet_eta
ScaledBy=8.37523427731026437e-06
Title=X600_Qd300
# xlow	 xhigh	 val	 errminus	 errplus
-2.500000e+00	-2.400000e+00	5.908290e-01	5.099296e-02	5.099296e-02
-2.400000e+00	-2.300000e+00	7.554171e-01	5.893199e-02	5.893199e-02
-2.300000e+00	-2.200000e+00	8.989042e-01	6.302113e-02	6.302113e-02
-2.200000e+00	-2.100000e+00	1.093034e+00	6.921654e-02	6.921654e-02
-2.100000e+00	-2.000000e+00	1.278723e+00	7.394401e-02	7.394401e-02
-2.000000e+00	-1.900000e+00	1.401109e+00	7.804531e-02	7.804531e-02
-1.900000e+00	-1.800000e+00	1.650101e+00	8.450959e-02	8.450959e-02
-1.800000e+00	-1.700000e+00	1.852671e+00	8.982204e-02	8.982204e-02
-1.700000e+00	-1.600000e+00	2.093223e+00	9.511864e-02	9.511864e-02
-1.600000e+00	-1.500000e+00	2.392858e+00	1.011970e-01	1.011970e-01
-1.500000e+00	-1.400000e+00	2.667171e+00	1.075946e-01	1.075946e-01
-1.400000e+00	-1.300000e+00	2.755795e+00	1.085012e-01	1.085012e-01
-1.300000e+00	-1.200000e+00	3.021668e+00	1.141798e-01	1.141798e-01
-1.200000e+00	-1.100000e+00	3.523873e+00	1.232561e-01	1.232561e-01
-1.100000e+00	-1.000000e+00	3.633599e+00	1.249780e-01	1.249780e-01
-1.000000e+00	-9.000000e-01	3.823508e+00	1.280052e-01	1.280052e-01
-9.000000e-01	-8.000000e-01	4.342593e+00	1.362938e-01	1.362938e-01
-8.000000e-01	-7.000000e-01	4.325713e+00	1.359012e-01	1.359012e-01
-7.000000e-01	-6.000000e-01	4.684430e+00	1.412352e-01	1.412352e-01
-6.000000e-01	-5.000000e-01	4.684430e+00	1.412352e-01	1.412352e-01
-5.000000e-01	-4.000000e-01	4.798376e+00	1.429274e-01	1.429274e-01
-4.000000e-01	-3.000000e-01	4.937643e+00	1.448460e-01	1.448460e-01
-3.000000e-01	-2.000000e-01	5.148653e+00	1.483690e-01	1.483690e-01
-2.000000e-01	-1.000000e-01	5.224617e+00	1.489679e-01	1.489679e-01
-1.000000e-01	0.000000e+00	5.144433e+00	1.481888e-01	1.481888e-01
0.000000e+00	1.000000e-01	5.325902e+00	1.506324e-01	1.506324e-01
1.000000e-01	2.000000e-01	5.203516e+00	1.486688e-01	1.486688e-01
2.000000e-01	3.000000e-01	4.857459e+00	1.442916e-01	1.442916e-01
3.000000e-01	4.000000e-01	5.347003e+00	1.509277e-01	1.509277e-01
4.000000e-01	5.000000e-01	4.844798e+00	1.437351e-01	1.437351e-01
5.000000e-01	6.000000e-01	4.785715e+00	1.424906e-01	1.424906e-01
6.000000e-01	7.000000e-01	4.625347e+00	1.403497e-01	1.403497e-01
7.000000e-01	8.000000e-01	4.540943e+00	1.388185e-01	1.388185e-01
8.000000e-01	9.000000e-01	3.869930e+00	1.291825e-01	1.291825e-01
9.000000e-01	1.000000e+00	4.076720e+00	1.318435e-01	1.318435e-01
1.000000e+00	1.100000e+00	3.726443e+00	1.262540e-01	1.262540e-01
1.100000e+00	1.200000e+00	3.477451e+00	1.217294e-01	1.217294e-01
1.200000e+00	1.300000e+00	3.300202e+00	1.187672e-01	1.187672e-01
1.300000e+00	1.400000e+00	2.911943e+00	1.118156e-01	1.118156e-01
1.400000e+00	1.500000e+00	2.633409e+00	1.072630e-01	1.072630e-01
1.500000e+00	1.600000e+00	2.435060e+00	1.025953e-01	1.025953e-01
1.600000e+00	1.700000e+00	2.164966e+00	9.651274e-02	9.651274e-02
1.700000e+00	1.800000e+00	1.937075e+00	9.158920e-02	9.158920e-02
1.800000e+00	1.900000e+00	1.700744e+00	8.576475e-02	8.576475e-02
1.900000e+00	2.000000e+00	1.443311e+00	7.895285e-02	7.895285e-02
2.000000e+00	2.100000e+00	1.354687e+00	7.654763e-02	7.654763e-02
2.100000e+00	2.200000e+00	1.021290e+00	6.672734e-02	6.672734e-02
2.200000e+00	2.300000e+00	9.031244e-01	6.259579e-02	6.259579e-02
2.300000e+00	2.400000e+00	7.469767e-01	5.677708e-02	5.677708e-02
2.400000e+00	2.500000e+00	5.866088e-01	5.081803e-02	5.081803e-02
# END HISTO1D


# BEGIN HISTO1D //eos/home-y/yiyu/monobc/Rivet_New/X1200_Qd10.yoda.gz/JetMETAnalysis/bjet_eta
ErrorBars=1
LineColor=blue
LineStyle=solid
Path=//eos/home-y/yiyu/monobc/Rivet_New/X1200_Qd10.yoda.gz/JetMETAnalysis/bjet_eta
ScaledBy=7.24057716000605027e-06
Title=X1200_Qd10
# xlow	 xhigh	 val	 errminus	 errplus
-2.500000e+00	-2.400000e+00	4.192835e-02	6.004370e-03	6.004370e-03
-2.400000e+00	-2.300000e+00	9.630418e-02	8.415303e-03	8.415303e-03
-2.300000e+00	-2.200000e+00	8.909774e-02	8.234862e-03	8.234862e-03
-2.200000e+00	-2.100000e+00	9.695931e-02	8.691288e-03	8.691288e-03
-2.100000e+00	-2.000000e+00	1.303710e-01	1.000013e-02	1.000013e-02
-2.000000e+00	-1.900000e+00	1.506800e-01	1.068485e-02	1.068485e-02
-1.900000e+00	-1.800000e+00	2.004699e-01	1.204443e-02	1.204443e-02
-1.800000e+00	-1.700000e+00	2.351918e-01	1.324919e-02	1.324919e-02
-1.700000e+00	-1.600000e+00	2.456739e-01	1.381999e-02	1.381999e-02
-1.600000e+00	-1.500000e+00	2.699138e-01	1.411194e-02	1.411194e-02
-1.500000e+00	-1.400000e+00	3.229793e-01	1.565474e-02	1.565474e-02
-1.400000e+00	-1.300000e+00	3.793205e-01	1.709627e-02	1.709627e-02
-1.300000e+00	-1.200000e+00	4.546605e-01	1.827332e-02	1.827332e-02
-1.200000e+00	-1.100000e+00	4.920030e-01	1.877152e-02	1.877152e-02
-1.100000e+00	-1.000000e+00	5.306557e-01	1.961019e-02	1.961019e-02
-1.000000e+00	-9.000000e-01	5.804456e-01	2.031961e-02	2.031961e-02
-9.000000e-01	-8.000000e-01	6.243393e-01	2.127914e-02	2.127914e-02
-8.000000e-01	-7.000000e-01	6.806806e-01	2.234177e-02	2.234177e-02
-7.000000e-01	-6.000000e-01	7.442282e-01	2.321788e-02	2.321788e-02
-6.000000e-01	-5.000000e-01	7.488141e-01	2.317162e-02	2.317162e-02
-5.000000e-01	-4.000000e-01	7.763296e-01	2.353916e-02	2.353916e-02
-4.000000e-01	-3.000000e-01	8.411875e-01	2.466982e-02	2.466982e-02
-3.000000e-01	-2.000000e-01	8.182580e-01	2.415113e-02	2.415113e-02
-2.000000e-01	-1.000000e-01	8.759094e-01	2.502393e-02	2.502393e-02
-1.000000e-01	0.000000e+00	8.542901e-01	2.456521e-02	2.456521e-02
0.000000e+00	1.000000e-01	8.667376e-01	2.479996e-02	2.479996e-02
1.000000e-01	2.000000e-01	8.824607e-01	2.497242e-02	2.497242e-02
2.000000e-01	3.000000e-01	8.628068e-01	2.479996e-02	2.479996e-02
3.000000e-01	4.000000e-01	8.307054e-01	2.438987e-02	2.438987e-02
4.000000e-01	5.000000e-01	8.169477e-01	2.422211e-02	2.422211e-02
5.000000e-01	6.000000e-01	7.802604e-01	2.372079e-02	2.372079e-02
6.000000e-01	7.000000e-01	7.114717e-01	2.278875e-02	2.278875e-02
7.000000e-01	8.000000e-01	6.734741e-01	2.178740e-02	2.178740e-02
8.000000e-01	9.000000e-01	6.407176e-01	2.144990e-02	2.144990e-02
9.000000e-01	1.000000e+00	5.509647e-01	2.033017e-02	2.033017e-02
1.000000e+00	1.100000e+00	5.129672e-01	1.944535e-02	1.944535e-02
1.100000e+00	1.200000e+00	4.376272e-01	1.813185e-02	1.813185e-02
1.200000e+00	1.300000e+00	4.094565e-01	1.749333e-02	1.749333e-02
1.300000e+00	1.400000e+00	3.603218e-01	1.641752e-02	1.641752e-02
1.400000e+00	1.500000e+00	3.354268e-01	1.577763e-02	1.577763e-02
1.500000e+00	1.600000e+00	2.705689e-01	1.454626e-02	1.454626e-02
1.600000e+00	1.700000e+00	2.371572e-01	1.358508e-02	1.358508e-02
1.700000e+00	1.800000e+00	2.089866e-01	1.282115e-02	1.282115e-02
1.800000e+00	1.900000e+00	1.709891e-01	1.144136e-02	1.144136e-02
1.900000e+00	2.000000e+00	1.591967e-01	1.109861e-02	1.109861e-02
2.000000e+00	2.100000e+00	1.205440e-01	9.761224e-03	9.761224e-03
2.100000e+00	2.200000e+00	1.035106e-01	9.077754e-03	9.077754e-03
2.200000e+00	2.300000e+00	1.094068e-01	8.910738e-03	8.910738e-03
2.300000e+00	2.400000e+00	7.009896e-02	7.440852e-03	7.440852e-03
2.400000e+00	2.500000e+00	5.699635e-02	7.086319e-03	7.086319e-03
# END HISTO1D


# BEGIN HISTO1D //eos/home-y/yiyu/monobc/Rivet_New/X1200_Qd600.yoda.gz/JetMETAnalysis/bjet_eta
ErrorBars=1
LineColor=blue
LineStyle=dashed
Path=//eos/home-y/yiyu/monobc/Rivet_New/X1200_Qd600.yoda.gz/JetMETAnalysis/bjet_eta
ScaledBy=7.33477238174204928e-06
Title=X1200_Qd600
# xlow	 xhigh	 val	 errminus	 errplus
-2.500000e+00	-2.400000e+00	1.343273e-02	1.753212e-03	1.753212e-03
-2.400000e+00	-2.300000e+00	1.674730e-02	1.895024e-03	1.895024e-03
-2.300000e+00	-2.200000e+00	2.424870e-02	2.227242e-03	2.227242e-03
-2.200000e+00	-2.100000e+00	2.267864e-02	2.206651e-03	2.206651e-03
-2.100000e+00	-2.000000e+00	3.297126e-02	2.557955e-03	2.557955e-03
-2.000000e+00	-1.900000e+00	3.750698e-02	2.730592e-03	2.730592e-03
-1.900000e+00	-1.800000e+00	4.936966e-02	3.183434e-03	3.183434e-03
-1.800000e+00	-1.700000e+00	5.791776e-02	3.427420e-03	3.427420e-03
-1.700000e+00	-1.600000e+00	7.117605e-02	3.684182e-03	3.684182e-03
-1.600000e+00	-1.500000e+00	7.117605e-02	3.765881e-03	3.765881e-03
-1.500000e+00	-1.400000e+00	8.425988e-02	4.146655e-03	4.146655e-03
-1.400000e+00	-1.300000e+00	9.106347e-02	4.251742e-03	4.251742e-03
-1.300000e+00	-1.200000e+00	1.177545e-01	4.767975e-03	4.767975e-03
-1.200000e+00	-1.100000e+00	1.226391e-01	4.837677e-03	4.837677e-03
-1.100000e+00	-1.000000e+00	1.427010e-01	5.245150e-03	5.245150e-03
-1.000000e+00	-9.000000e-01	1.514235e-01	5.399536e-03	5.399536e-03
-9.000000e-01	-8.000000e-01	1.727066e-01	5.764810e-03	5.764810e-03
-8.000000e-01	-7.000000e-01	1.810802e-01	5.936466e-03	5.936466e-03
-7.000000e-01	-6.000000e-01	1.823014e-01	5.933902e-03	5.933902e-03
-6.000000e-01	-5.000000e-01	2.096902e-01	6.270540e-03	6.270540e-03
-5.000000e-01	-4.000000e-01	2.178894e-01	6.543660e-03	6.543660e-03
-4.000000e-01	-3.000000e-01	2.287054e-01	6.520365e-03	6.520365e-03
-3.000000e-01	-2.000000e-01	2.341134e-01	6.615355e-03	6.615355e-03
-2.000000e-01	-1.000000e-01	2.391724e-01	6.749702e-03	6.749702e-03
-1.000000e-01	0.000000e+00	2.409170e-01	6.754209e-03	6.754209e-03
0.000000e+00	1.000000e-01	2.353345e-01	6.686281e-03	6.686281e-03
1.000000e-01	2.000000e-01	2.398703e-01	6.794641e-03	6.794641e-03
2.000000e-01	3.000000e-01	2.313221e-01	6.674892e-03	6.674892e-03
3.000000e-01	4.000000e-01	2.287054e-01	6.603844e-03	6.603844e-03
4.000000e-01	5.000000e-01	2.150982e-01	6.321295e-03	6.321295e-03
5.000000e-01	6.000000e-01	2.049800e-01	6.214476e-03	6.214476e-03
6.000000e-01	7.000000e-01	1.953852e-01	6.187483e-03	6.187483e-03
7.000000e-01	8.000000e-01	1.754978e-01	5.879804e-03	5.879804e-03
8.000000e-01	9.000000e-01	1.667752e-01	5.706445e-03	5.706445e-03
9.000000e-01	1.000000e+00	1.538659e-01	5.461183e-03	5.461183e-03
1.000000e+00	1.100000e+00	1.339784e-01	5.121855e-03	5.121855e-03
1.100000e+00	1.200000e+00	1.254303e-01	5.016796e-03	5.016796e-03
1.200000e+00	1.300000e+00	1.172311e-01	4.771165e-03	4.771165e-03
1.300000e+00	1.400000e+00	9.961157e-02	4.451067e-03	4.451067e-03
1.400000e+00	1.500000e+00	8.268982e-02	4.150323e-03	4.150323e-03
1.500000e+00	1.600000e+00	7.152495e-02	3.893036e-03	3.893036e-03
1.600000e+00	1.700000e+00	6.576806e-02	3.596401e-03	3.596401e-03
1.700000e+00	1.800000e+00	5.303313e-02	3.364690e-03	3.364690e-03
1.800000e+00	1.900000e+00	4.675289e-02	3.061604e-03	3.061604e-03
1.900000e+00	2.000000e+00	3.576247e-02	2.752792e-03	2.752792e-03
2.000000e+00	2.100000e+00	3.803034e-02	2.769325e-03	2.769325e-03
2.100000e+00	2.200000e+00	2.965669e-02	2.391953e-03	2.391953e-03
2.200000e+00	2.300000e+00	2.477206e-02	2.234064e-03	2.234064e-03
2.300000e+00	2.400000e+00	1.936407e-02	2.011868e-03	2.011868e-03
2.400000e+00	2.500000e+00	1.186267e-02	1.617793e-03	1.617793e-03
# END HISTO1D


# BEGIN HISTO1D //eos/home-y/yiyu/monobc/Rivet_New/X2000_Qd10.yoda.gz/JetMETAnalysis/bjet_eta
ErrorBars=1
LineColor=violet
LineStyle=solid
Path=//eos/home-y/yiyu/monobc/Rivet_New/X2000_Qd10.yoda.gz/JetMETAnalysis/bjet_eta
ScaledBy=6.30673641241568105e-06
Title=X2000_Qd10
# xlow	 xhigh	 val	 errminus	 errplus
-2.500000e+00	-2.400000e+00	8.877558e-04	1.781930e-04	1.781930e-04
-2.400000e+00	-2.300000e+00	8.877558e-04	1.990019e-04	1.990019e-04
-2.300000e+00	-2.200000e+00	1.284413e-03	2.153611e-04	2.153611e-04
-2.200000e+00	-2.100000e+00	1.265524e-03	2.440922e-04	2.440922e-04
-2.100000e+00	-2.000000e+00	1.435520e-03	2.657837e-04	2.657837e-04
-2.000000e+00	-1.900000e+00	2.625491e-03	2.870792e-04	2.870792e-04
-1.900000e+00	-1.800000e+00	2.058838e-03	3.154988e-04	3.154988e-04
-1.800000e+00	-1.700000e+00	3.286585e-03	3.533701e-04	3.533701e-04
-1.700000e+00	-1.600000e+00	3.078813e-03	3.725379e-04	3.725379e-04
-1.600000e+00	-1.500000e+00	3.721019e-03	3.975553e-04	3.975553e-04
-1.500000e+00	-1.400000e+00	4.703217e-03	4.327882e-04	4.327882e-04
-1.400000e+00	-1.300000e+00	4.910990e-03	4.580199e-04	4.580199e-04
-1.300000e+00	-1.200000e+00	5.817634e-03	4.889147e-04	4.889147e-04
-1.200000e+00	-1.100000e+00	5.515419e-03	5.068296e-04	5.068296e-04
-1.100000e+00	-1.000000e+00	7.819807e-03	5.628623e-04	5.628623e-04
-1.000000e+00	-9.000000e-01	9.085331e-03	6.100112e-04	6.100112e-04
-9.000000e-01	-8.000000e-01	8.613120e-03	5.937097e-04	5.937097e-04
-8.000000e-01	-7.000000e-01	9.274215e-03	6.340998e-04	6.340998e-04
-7.000000e-01	-6.000000e-01	1.040752e-02	6.474625e-04	6.474625e-04
-6.000000e-01	-5.000000e-01	1.125750e-02	6.836461e-04	6.836461e-04
-5.000000e-01	-4.000000e-01	1.233414e-02	7.064876e-04	7.064876e-04
-4.000000e-01	-3.000000e-01	1.405299e-02	7.291029e-04	7.291029e-04
-3.000000e-01	-2.000000e-01	1.267413e-02	7.283685e-04	7.283685e-04
-2.000000e-01	-1.000000e-01	1.367522e-02	7.295920e-04	7.295920e-04
-1.000000e-01	0.000000e+00	1.293857e-02	7.313016e-04	7.313016e-04
0.000000e+00	1.000000e-01	1.282524e-02	7.308135e-04	7.308135e-04
1.000000e-01	2.000000e-01	1.401521e-02	7.227136e-04	7.227136e-04
2.000000e-01	3.000000e-01	1.420409e-02	7.354367e-04	7.354367e-04
3.000000e-01	4.000000e-01	1.288190e-02	7.232071e-04	7.232071e-04
4.000000e-01	5.000000e-01	1.110639e-02	6.919456e-04	6.919456e-04
5.000000e-01	6.000000e-01	1.087973e-02	6.720670e-04	6.720670e-04
6.000000e-01	7.000000e-01	1.033197e-02	6.518558e-04	6.518558e-04
7.000000e-01	8.000000e-01	1.040752e-02	6.261733e-04	6.261733e-04
8.000000e-01	9.000000e-01	7.800918e-03	6.117633e-04	6.117633e-04
9.000000e-01	1.000000e+00	7.857584e-03	5.882766e-04	5.882766e-04
1.000000e+00	1.100000e+00	7.045381e-03	5.669674e-04	5.669674e-04
1.100000e+00	1.200000e+00	6.327621e-03	5.345791e-04	5.345791e-04
1.200000e+00	1.300000e+00	5.949853e-03	5.078843e-04	5.078843e-04
1.300000e+00	1.400000e+00	5.477642e-03	4.763479e-04	4.763479e-04
1.400000e+00	1.500000e+00	4.004345e-03	4.315498e-04	4.315498e-04
1.500000e+00	1.600000e+00	3.891015e-03	4.086190e-04	4.086190e-04
1.600000e+00	1.700000e+00	3.683242e-03	3.753999e-04	3.753999e-04
1.700000e+00	1.800000e+00	2.323276e-03	3.331009e-04	3.331009e-04
1.800000e+00	1.900000e+00	2.644379e-03	3.137980e-04	3.137980e-04
1.900000e+00	2.000000e+00	2.323276e-03	2.895540e-04	2.895540e-04
2.000000e+00	2.100000e+00	1.341078e-03	2.624063e-04	2.624063e-04
2.100000e+00	2.200000e+00	1.926619e-03	2.418898e-04	2.418898e-04
2.200000e+00	2.300000e+00	1.038863e-03	2.242876e-04	2.242876e-04
2.300000e+00	2.400000e+00	5.099874e-04	1.879374e-04	1.879374e-04
2.400000e+00	2.500000e+00	1.001086e-03	1.972009e-04	1.972009e-04
# END HISTO1D


# BEGIN HISTO1D //eos/home-y/yiyu/monobc/Rivet_New/X2000_Qd1000.yoda.gz/JetMETAnalysis/bjet_eta
ErrorBars=1
LineColor=violet
LineStyle=dashed
Path=//eos/home-y/yiyu/monobc/Rivet_New/X2000_Qd1000.yoda.gz/JetMETAnalysis/bjet_eta
ScaledBy=7.02437342203950093e-06
Title=X2000_Qd1000
# xlow	 xhigh	 val	 errminus	 errplus
-2.500000e+00	-2.400000e+00	1.675303e-04	3.917985e-05	3.917985e-05
-2.400000e+00	-2.300000e+00	2.536888e-04	5.042976e-05	5.042976e-05
-2.300000e+00	-2.200000e+00	2.632620e-04	4.810454e-05	4.810454e-05
-2.200000e+00	-2.100000e+00	4.260057e-04	5.842767e-05	5.842767e-05
-2.100000e+00	-2.000000e+00	3.685668e-04	6.545551e-05	6.545551e-05
-2.000000e+00	-1.900000e+00	4.547252e-04	7.243411e-05	7.243411e-05
-1.900000e+00	-1.800000e+00	5.408837e-04	8.023772e-05	8.023772e-05
-1.800000e+00	-1.700000e+00	7.754262e-04	8.695257e-05	8.695257e-05
-1.700000e+00	-1.600000e+00	6.892677e-04	9.379745e-05	9.379745e-05
-1.600000e+00	-1.500000e+00	8.950907e-04	9.983206e-05	9.983206e-05
-1.500000e+00	-1.400000e+00	1.038688e-03	1.077778e-04	1.077778e-04
-1.400000e+00	-1.300000e+00	1.421615e-03	1.167573e-04	1.167573e-04
-1.300000e+00	-1.200000e+00	1.512560e-03	1.255509e-04	1.255509e-04
-1.200000e+00	-1.100000e+00	1.412041e-03	1.315222e-04	1.315222e-04
-1.100000e+00	-1.000000e+00	1.976858e-03	1.417507e-04	1.417507e-04
-1.000000e+00	-9.000000e-01	2.005578e-03	1.508343e-04	1.508343e-04
-9.000000e-01	-8.000000e-01	2.398077e-03	1.572303e-04	1.572303e-04
-8.000000e-01	-7.000000e-01	2.091736e-03	1.618261e-04	1.618261e-04
-7.000000e-01	-6.000000e-01	2.311919e-03	1.723834e-04	1.723834e-04
-6.000000e-01	-5.000000e-01	2.862376e-03	1.739051e-04	1.739051e-04
-5.000000e-01	-4.000000e-01	3.058625e-03	1.800544e-04	1.800544e-04
-4.000000e-01	-3.000000e-01	3.589936e-03	1.884479e-04	1.884479e-04
-3.000000e-01	-2.000000e-01	3.221369e-03	1.881437e-04	1.881437e-04
-2.000000e-01	-1.000000e-01	3.551643e-03	1.925372e-04	1.925372e-04
-1.000000e-01	0.000000e+00	3.264448e-03	1.927751e-04	1.927751e-04
0.000000e+00	1.000000e-01	3.556430e-03	1.894785e-04	1.894785e-04
1.000000e-01	2.000000e-01	3.489418e-03	1.911639e-04	1.911639e-04
2.000000e-01	3.000000e-01	3.728747e-03	1.894785e-04	1.894785e-04
3.000000e-01	4.000000e-01	3.154357e-03	1.906838e-04	1.906838e-04
4.000000e-01	5.000000e-01	2.800150e-03	1.808162e-04	1.808162e-04
5.000000e-01	6.000000e-01	3.388899e-03	1.790975e-04	1.790975e-04
6.000000e-01	7.000000e-01	2.455516e-03	1.687567e-04	1.687567e-04
7.000000e-01	8.000000e-01	2.287986e-03	1.623209e-04	1.623209e-04
8.000000e-01	9.000000e-01	2.388504e-03	1.601181e-04	1.601181e-04
9.000000e-01	1.000000e+00	2.211401e-03	1.546592e-04	1.546592e-04
1.000000e+00	1.100000e+00	1.718383e-03	1.399615e-04	1.399615e-04
1.100000e+00	1.200000e+00	1.613078e-03	1.334246e-04	1.334246e-04
1.200000e+00	1.300000e+00	1.287590e-03	1.243590e-04	1.243590e-04
1.300000e+00	1.400000e+00	1.301950e-03	1.195688e-04	1.195688e-04
1.400000e+00	1.500000e+00	1.239725e-03	1.082021e-04	1.082021e-04
1.500000e+00	1.600000e+00	8.232920e-04	9.597066e-05	9.597066e-05
1.600000e+00	1.700000e+00	8.567980e-04	9.269175e-05	9.269175e-05
1.700000e+00	1.800000e+00	6.749079e-04	8.629132e-05	8.629132e-05
1.800000e+00	1.900000e+00	7.036274e-04	7.908730e-05	7.908730e-05
1.900000e+00	2.000000e+00	4.355789e-04	6.985786e-05	6.985786e-05
2.000000e+00	2.100000e+00	4.212191e-04	6.313935e-05	6.313935e-05
2.100000e+00	2.200000e+00	2.441156e-04	5.842767e-05	5.842767e-05
2.200000e+00	2.300000e+00	3.015546e-04	5.265240e-05	5.265240e-05
2.300000e+00	2.400000e+00	2.536888e-04	5.221544e-05	5.221544e-05
2.400000e+00	2.500000e+00	1.196645e-04	4.089656e-05	4.089656e-05
# END HISTO1D

