# BEGIN PLOT
Legend=1
LogY=1
LegendPlacement=manual
LegendAlign=r
LegendXPos=1.36
RightMargin=3.7
Title=Di-jet $\Delta\eta$
XLabel=$\Delta\eta_{jj}$
YLabel=$\mathrm{d}\sigma/\mathrm{d}\Delta\eta_{jj}$ [pb]
DrawOnly=//eos/home-y/yiyu/monobc/Rivet_New/X600_Qd10.yoda.gz/JetMETAnalysis/jet12_deta //eos/home-y/yiyu/monobc/Rivet_New/X600_Qd300.yoda.gz/JetMETAnalysis/jet12_deta //eos/home-y/yiyu/monobc/Rivet_New/X1200_Qd10.yoda.gz/JetMETAnalysis/jet12_deta //eos/home-y/yiyu/monobc/Rivet_New/X1200_Qd600.yoda.gz/JetMETAnalysis/jet12_deta //eos/home-y/yiyu/monobc/Rivet_New/X2000_Qd10.yoda.gz/JetMETAnalysis/jet12_deta //eos/home-y/yiyu/monobc/Rivet_New/X2000_Qd1000.yoda.gz/JetMETAnalysis/jet12_deta
LegendOnly=//eos/home-y/yiyu/monobc/Rivet_New/X600_Qd10.yoda.gz/JetMETAnalysis/jet12_deta //eos/home-y/yiyu/monobc/Rivet_New/X600_Qd300.yoda.gz/JetMETAnalysis/jet12_deta //eos/home-y/yiyu/monobc/Rivet_New/X1200_Qd10.yoda.gz/JetMETAnalysis/jet12_deta //eos/home-y/yiyu/monobc/Rivet_New/X1200_Qd600.yoda.gz/JetMETAnalysis/jet12_deta //eos/home-y/yiyu/monobc/Rivet_New/X2000_Qd10.yoda.gz/JetMETAnalysis/jet12_deta //eos/home-y/yiyu/monobc/Rivet_New/X2000_Qd1000.yoda.gz/JetMETAnalysis/jet12_deta
RatioPlot=1
RatioPlotReference=//eos/home-y/yiyu/monobc/Rivet_New/X600_Qd10.yoda.gz/JetMETAnalysis/jet12_deta
RatioPlotYLabel=Ratio
# END PLOT

# BEGIN HISTO1D //eos/home-y/yiyu/monobc/Rivet_New/X600_Qd10.yoda.gz/JetMETAnalysis/jet12_deta
ErrorBars=1
LineColor=red
LineStyle=solid
Path=//eos/home-y/yiyu/monobc/Rivet_New/X600_Qd10.yoda.gz/JetMETAnalysis/jet12_deta
ScaledBy=1.71288025274201010e-05
Title=X600_Qd10
# xlow	 xhigh	 val	 errminus	 errplus
0.000000e+00	1.000000e-01	2.841553e+01	9.637324e-01	9.637324e-01
1.000000e-01	2.000000e-01	2.700597e+01	9.400128e-01	9.400128e-01
2.000000e-01	3.000000e-01	2.780686e+01	9.546379e-01	9.546379e-01
3.000000e-01	4.000000e-01	2.966492e+01	9.811460e-01	9.811460e-01
4.000000e-01	5.000000e-01	2.988917e+01	9.961975e-01	9.961975e-01
5.000000e-01	6.000000e-01	2.947271e+01	9.811460e-01	9.811460e-01
6.000000e-01	7.000000e-01	2.658951e+01	9.306865e-01	9.306865e-01
7.000000e-01	8.000000e-01	2.556437e+01	9.151184e-01	9.151184e-01
8.000000e-01	9.000000e-01	2.594880e+01	9.162392e-01	9.162392e-01
9.000000e-01	1.000000e+00	2.380241e+01	8.802493e-01	8.802493e-01
1.000000e+00	1.100000e+00	2.322577e+01	8.673296e-01	8.673296e-01
1.100000e+00	1.200000e+00	2.123957e+01	8.286006e-01	8.286006e-01
1.200000e+00	1.300000e+00	2.328985e+01	8.685121e-01	8.685121e-01
1.300000e+00	1.400000e+00	2.172010e+01	8.402846e-01	8.402846e-01
1.400000e+00	1.500000e+00	2.024647e+01	8.117078e-01	8.117078e-01
1.500000e+00	1.600000e+00	1.934947e+01	7.938097e-01	7.938097e-01
1.600000e+00	1.700000e+00	1.665849e+01	7.361209e-01	7.361209e-01
1.700000e+00	1.800000e+00	1.739530e+01	7.547076e-01	7.547076e-01
1.800000e+00	1.900000e+00	1.534503e+01	7.040537e-01	7.040537e-01
1.900000e+00	2.000000e+00	1.374325e+01	6.712193e-01	6.712193e-01
2.000000e+00	2.100000e+00	1.313458e+01	6.549684e-01	6.549684e-01
2.100000e+00	2.200000e+00	1.230165e+01	6.342716e-01	6.342716e-01
2.200000e+00	2.300000e+00	1.005916e+01	5.694764e-01	5.694764e-01
2.300000e+00	2.400000e+00	9.866950e+00	5.622217e-01	5.622217e-01
2.400000e+00	2.500000e+00	8.777741e+00	5.341394e-01	5.341394e-01
2.500000e+00	2.600000e+00	7.880745e+00	5.044964e-01	5.044964e-01
2.600000e+00	2.700000e+00	7.207999e+00	4.890014e-01	4.890014e-01
2.700000e+00	2.800000e+00	6.407110e+00	4.575592e-01	4.575592e-01
2.800000e+00	2.900000e+00	6.054719e+00	4.404161e-01	4.404161e-01
2.900000e+00	3.000000e+00	5.414008e+00	4.164621e-01	4.164621e-01
3.000000e+00	3.100000e+00	3.716124e+00	3.450335e-01	3.450335e-01
3.100000e+00	3.200000e+00	3.940373e+00	3.638540e-01	3.638540e-01
3.200000e+00	3.300000e+00	3.491875e+00	3.405425e-01	3.405425e-01
3.300000e+00	3.400000e+00	2.402666e+00	2.811108e-01	2.811108e-01
3.400000e+00	3.500000e+00	2.498773e+00	2.865347e-01	2.865347e-01
3.500000e+00	3.600000e+00	2.018240e+00	2.542743e-01	2.542743e-01
3.600000e+00	3.700000e+00	1.313458e+00	2.149010e-01	2.149010e-01
3.700000e+00	3.800000e+00	1.153280e+00	2.076141e-01	2.076141e-01
3.800000e+00	3.900000e+00	1.377529e+00	2.100712e-01	2.100712e-01
3.900000e+00	4.000000e+00	7.047821e-01	1.502600e-01	1.502600e-01
4.000000e+00	4.100000e+00	7.047821e-01	1.502600e-01	1.502600e-01
4.100000e+00	4.200000e+00	4.164622e-01	1.240732e-01	1.240732e-01
4.200000e+00	4.300000e+00	5.125688e-01	1.281422e-01	1.281422e-01
4.300000e+00	4.400000e+00	3.523911e-01	1.240732e-01	1.240732e-01
4.400000e+00	4.500000e+00	2.242489e-01	8.475810e-02	8.475810e-02
4.500000e+00	4.600000e+00	1.281422e-01	6.407110e-02	6.407110e-02
4.600000e+00	4.700000e+00	1.601778e-01	7.163367e-02	7.163367e-02
4.700000e+00	4.800000e+00	3.203555e-02	3.203556e-02	3.203556e-02
4.800000e+00	4.900000e+00	0.000000e+00	0.000000e+00	0.000000e+00
4.900000e+00	5.000000e+00	0.000000e+00	0.000000e+00	0.000000e+00
# END HISTO1D


# BEGIN HISTO1D //eos/home-y/yiyu/monobc/Rivet_New/X600_Qd300.yoda.gz/JetMETAnalysis/jet12_deta
ErrorBars=1
LineColor=red
LineStyle=dashed
Path=//eos/home-y/yiyu/monobc/Rivet_New/X600_Qd300.yoda.gz/JetMETAnalysis/jet12_deta
ScaledBy=1.69265217551531578e-05
Title=X600_Qd300
# xlow	 xhigh	 val	 errminus	 errplus
0.000000e+00	1.000000e-01	7.590922e+00	2.553045e-01	2.553045e-01
1.000000e-01	2.000000e-01	7.283874e+00	2.509941e-01	2.509941e-01
2.000000e-01	3.000000e-01	7.650626e+00	2.582791e-01	2.582791e-01
3.000000e-01	4.000000e-01	7.838267e+00	2.602432e-01	2.602432e-01
4.000000e-01	5.000000e-01	8.205020e+00	2.678200e-01	2.678200e-01
5.000000e-01	6.000000e-01	8.051495e+00	2.639899e-01	2.639899e-01
6.000000e-01	7.000000e-01	7.693272e+00	2.581382e-01	2.581382e-01
7.000000e-01	8.000000e-01	7.190054e+00	2.493949e-01	2.493949e-01
8.000000e-01	9.000000e-01	6.900063e+00	2.443859e-01	2.443859e-01
9.000000e-01	1.000000e+00	6.448020e+00	2.354410e-01	2.354410e-01
1.000000e+00	1.100000e+00	6.558898e+00	2.377470e-01	2.377470e-01
1.100000e+00	1.200000e+00	6.567427e+00	2.379000e-01	2.379000e-01
1.200000e+00	1.300000e+00	5.833922e+00	2.256595e-01	2.256595e-01
1.300000e+00	1.400000e+00	5.791277e+00	2.242041e-01	2.242041e-01
1.400000e+00	1.500000e+00	5.074830e+00	2.090941e-01	2.090941e-01
1.500000e+00	1.600000e+00	4.989539e+00	2.073472e-01	2.073472e-01
1.600000e+00	1.700000e+00	4.716607e+00	2.023759e-01	2.023759e-01
1.700000e+00	1.800000e+00	4.051335e+00	1.870583e-01	1.870583e-01
1.800000e+00	1.900000e+00	4.204859e+00	1.916683e-01	1.916683e-01
1.900000e+00	2.000000e+00	3.812519e+00	1.811310e-01	1.811310e-01
2.000000e+00	2.100000e+00	3.369005e+00	1.712210e-01	1.712210e-01
2.100000e+00	2.200000e+00	3.198422e+00	1.656057e-01	1.656057e-01
2.200000e+00	2.300000e+00	2.737850e+00	1.528118e-01	1.528118e-01
2.300000e+00	2.400000e+00	2.635500e+00	1.513770e-01	1.513770e-01
2.400000e+00	2.500000e+00	2.379626e+00	1.434821e-01	1.434821e-01
2.500000e+00	2.600000e+00	1.867879e+00	1.273670e-01	1.273670e-01
2.600000e+00	2.700000e+00	1.782587e+00	1.233041e-01	1.233041e-01
2.700000e+00	2.800000e+00	1.646121e+00	1.197120e-01	1.197120e-01
2.800000e+00	2.900000e+00	1.424364e+00	1.108786e-01	1.108786e-01
2.900000e+00	3.000000e+00	1.296427e+00	1.058437e-01	1.058437e-01
3.000000e+00	3.100000e+00	9.637913e-01	9.066586e-02	9.066586e-02
3.100000e+00	3.200000e+00	8.529126e-01	8.529127e-02	8.529127e-02
3.200000e+00	3.300000e+00	6.993884e-01	7.909587e-02	7.909587e-02
3.300000e+00	3.400000e+00	6.311554e-01	7.435520e-02	7.435520e-02
3.400000e+00	3.500000e+00	5.202767e-01	6.661461e-02	6.661461e-02
3.500000e+00	3.600000e+00	4.691020e-01	6.325370e-02	6.325370e-02
3.600000e+00	3.700000e+00	4.093981e-01	6.031003e-02	6.031003e-02
3.700000e+00	3.800000e+00	2.644029e-01	5.045899e-02	5.045899e-02
3.800000e+00	3.900000e+00	1.876408e-01	4.000515e-02	4.000515e-02
3.900000e+00	4.000000e+00	1.791117e-01	3.908537e-02	3.908537e-02
4.000000e+00	4.100000e+00	2.046990e-01	4.178402e-02	4.178402e-02
4.100000e+00	4.200000e+00	1.535243e-01	3.618602e-02	3.618602e-02
4.200000e+00	4.300000e+00	9.382039e-02	2.828791e-02	2.828791e-02
4.300000e+00	4.400000e+00	5.117476e-02	2.089201e-02	2.089201e-02
4.400000e+00	4.500000e+00	5.117476e-02	2.089201e-02	2.089201e-02
4.500000e+00	4.600000e+00	1.705825e-02	1.206201e-02	1.206201e-02
4.600000e+00	4.700000e+00	3.411651e-02	1.705825e-02	1.705825e-02
4.700000e+00	4.800000e+00	8.529126e-03	8.529127e-03	8.529127e-03
4.800000e+00	4.900000e+00	0.000000e+00	0.000000e+00	0.000000e+00
4.900000e+00	5.000000e+00	0.000000e+00	0.000000e+00	0.000000e+00
# END HISTO1D


# BEGIN HISTO1D //eos/home-y/yiyu/monobc/Rivet_New/X1200_Qd10.yoda.gz/JetMETAnalysis/jet12_deta
ErrorBars=1
LineColor=blue
LineStyle=solid
Path=//eos/home-y/yiyu/monobc/Rivet_New/X1200_Qd10.yoda.gz/JetMETAnalysis/jet12_deta
ScaledBy=1.46067922390884243e-05
Title=X1200_Qd10
# xlow	 xhigh	 val	 errminus	 errplus
0.000000e+00	1.000000e-01	1.078449e+00	3.991232e-02	3.991232e-02
1.000000e-01	2.000000e-01	1.237044e+00	4.175175e-02	4.175175e-02
2.000000e-01	3.000000e-01	1.188144e+00	4.156307e-02	4.156307e-02
3.000000e-01	4.000000e-01	1.297839e+00	4.371375e-02	4.371375e-02
4.000000e-01	5.000000e-01	1.285945e+00	4.300881e-02	4.300881e-02
5.000000e-01	6.000000e-01	1.283301e+00	4.349344e-02	4.349344e-02
6.000000e-01	7.000000e-01	1.082414e+00	3.949437e-02	3.949437e-02
7.000000e-01	8.000000e-01	1.126028e+00	4.030426e-02	4.030426e-02
8.000000e-01	9.000000e-01	1.112811e+00	4.021748e-02	4.021748e-02
9.000000e-01	1.000000e+00	1.045408e+00	3.882530e-02	3.882530e-02
1.000000e+00	1.100000e+00	9.277834e-01	3.691108e-02	3.691108e-02
1.100000e+00	1.200000e+00	8.815264e-01	3.563500e-02	3.563500e-02
1.200000e+00	1.300000e+00	8.365910e-01	3.563500e-02	3.563500e-02
1.300000e+00	1.400000e+00	8.141233e-01	3.501692e-02	3.501692e-02
1.400000e+00	1.500000e+00	8.022286e-01	3.372096e-02	3.372096e-02
1.500000e+00	1.600000e+00	6.951767e-01	3.149805e-02	3.149805e-02
1.600000e+00	1.700000e+00	5.934113e-01	2.987583e-02	2.987583e-02
1.700000e+00	1.800000e+00	5.524408e-01	2.883453e-02	2.883453e-02
1.800000e+00	1.900000e+00	5.920897e-01	2.889505e-02	2.889505e-02
1.900000e+00	2.000000e+00	5.101487e-01	2.708533e-02	2.708533e-02
2.000000e+00	2.100000e+00	4.414240e-01	2.583099e-02	2.583099e-02
2.100000e+00	2.200000e+00	4.136698e-01	2.461922e-02	2.461922e-02
2.200000e+00	2.300000e+00	4.123482e-01	2.486630e-02	2.486630e-02
2.300000e+00	2.400000e+00	3.185125e-01	2.231166e-02	2.231166e-02
2.400000e+00	2.500000e+00	3.119044e-01	2.227248e-02	2.227248e-02
2.500000e+00	2.600000e+00	2.815069e-01	2.077103e-02	2.077103e-02
2.600000e+00	2.700000e+00	2.180687e-01	1.845554e-02	1.845554e-02
2.700000e+00	2.800000e+00	2.154255e-01	1.826527e-02	1.826527e-02
2.800000e+00	2.900000e+00	1.585954e-01	1.574902e-02	1.574902e-02
2.900000e+00	3.000000e+00	1.519873e-01	1.512673e-02	1.512673e-02
3.000000e+00	3.100000e+00	9.780052e-02	1.267662e-02	1.267662e-02
3.100000e+00	3.200000e+00	9.912215e-02	1.315004e-02	1.315004e-02
3.200000e+00	3.300000e+00	6.608144e-02	1.073696e-02	1.073696e-02
3.300000e+00	3.400000e+00	6.608144e-02	1.023729e-02	1.023729e-02
3.400000e+00	3.500000e+00	8.194098e-02	1.136908e-02	1.136908e-02
3.500000e+00	3.600000e+00	3.568398e-02	8.462553e-03	8.462553e-03
3.600000e+00	3.700000e+00	3.832723e-02	7.117188e-03	7.117188e-03
3.700000e+00	3.800000e+00	2.246769e-02	6.867385e-03	6.867385e-03
3.800000e+00	3.900000e+00	3.039746e-02	6.338309e-03	6.338309e-03
3.900000e+00	4.000000e+00	1.982443e-02	5.118646e-03	5.118646e-03
4.000000e+00	4.100000e+00	3.964886e-03	2.955252e-03	2.955252e-03
4.100000e+00	4.200000e+00	6.608144e-03	3.964886e-03	3.964886e-03
4.200000e+00	4.300000e+00	1.453792e-02	4.383347e-03	4.383347e-03
4.300000e+00	4.400000e+00	9.251401e-03	3.964886e-03	3.964886e-03
4.400000e+00	4.500000e+00	6.608144e-03	2.955252e-03	2.955252e-03
4.500000e+00	4.600000e+00	0.000000e+00	0.000000e+00	0.000000e+00
4.600000e+00	4.700000e+00	1.321629e-03	1.321629e-03	1.321629e-03
4.700000e+00	4.800000e+00	1.321629e-03	1.321629e-03	1.321629e-03
4.800000e+00	4.900000e+00	0.000000e+00	0.000000e+00	0.000000e+00
4.900000e+00	5.000000e+00	1.321629e-03	1.321629e-03	1.321629e-03
# END HISTO1D


# BEGIN HISTO1D //eos/home-y/yiyu/monobc/Rivet_New/X1200_Qd600.yoda.gz/JetMETAnalysis/jet12_deta
ErrorBars=1
LineColor=blue
LineStyle=dashed
Path=//eos/home-y/yiyu/monobc/Rivet_New/X1200_Qd600.yoda.gz/JetMETAnalysis/jet12_deta
ScaledBy=1.47654297365515806e-05
Title=X1200_Qd600
# xlow	 xhigh	 val	 errminus	 errplus
0.000000e+00	1.000000e-01	3.455638e-01	1.143368e-02	1.143368e-02
1.000000e-01	2.000000e-01	3.318677e-01	1.127619e-02	1.127619e-02
2.000000e-01	3.000000e-01	3.385401e-01	1.135793e-02	1.135793e-02
3.000000e-01	4.000000e-01	3.280047e-01	1.133619e-02	1.133619e-02
4.000000e-01	5.000000e-01	3.490756e-01	1.146599e-02	1.146599e-02
5.000000e-01	6.000000e-01	3.504804e-01	1.151965e-02	1.151965e-02
6.000000e-01	7.000000e-01	3.111479e-01	1.109426e-02	1.109426e-02
7.000000e-01	8.000000e-01	3.167668e-01	1.092624e-02	1.092624e-02
8.000000e-01	9.000000e-01	2.876187e-01	1.062291e-02	1.062291e-02
9.000000e-01	1.000000e+00	2.637382e-01	1.007472e-02	1.007472e-02
1.000000e+00	1.100000e+00	2.560122e-01	9.901858e-03	9.901858e-03
1.100000e+00	1.200000e+00	2.412625e-01	9.623945e-03	9.623945e-03
1.200000e+00	1.300000e+00	2.237034e-01	9.416675e-03	9.416675e-03
1.300000e+00	1.400000e+00	2.114120e-01	9.090139e-03	9.090139e-03
1.400000e+00	1.500000e+00	2.005253e-01	8.877355e-03	8.877355e-03
1.500000e+00	1.600000e+00	1.984182e-01	8.807618e-03	8.807618e-03
1.600000e+00	1.700000e+00	1.618952e-01	8.122880e-03	8.122880e-03
1.700000e+00	1.800000e+00	1.590858e-01	7.923044e-03	7.923044e-03
1.800000e+00	1.900000e+00	1.415266e-01	7.507429e-03	7.507429e-03
1.900000e+00	2.000000e+00	1.404731e-01	7.482747e-03	7.482747e-03
2.000000e+00	2.100000e+00	1.176462e-01	6.727693e-03	6.727693e-03
2.100000e+00	2.200000e+00	9.552170e-02	6.262485e-03	6.262485e-03
2.200000e+00	2.300000e+00	9.271224e-02	6.222974e-03	6.222974e-03
2.300000e+00	2.400000e+00	8.463504e-02	5.759825e-03	5.759825e-03
2.400000e+00	2.500000e+00	8.042084e-02	5.673531e-03	5.673531e-03
2.500000e+00	2.600000e+00	6.637353e-02	5.197030e-03	5.197030e-03
2.600000e+00	2.700000e+00	5.057031e-02	4.442149e-03	4.442149e-03
2.700000e+00	2.800000e+00	4.319547e-02	4.140383e-03	4.140383e-03
2.800000e+00	2.900000e+00	3.863010e-02	4.125462e-03	4.125462e-03
2.900000e+00	3.000000e+00	3.441591e-02	3.749605e-03	3.749605e-03
3.000000e+00	3.100000e+00	2.844580e-02	3.350070e-03	3.350070e-03
3.100000e+00	3.200000e+00	2.458279e-02	3.256735e-03	3.256735e-03
3.200000e+00	3.300000e+00	2.247569e-02	3.141074e-03	3.141074e-03
3.300000e+00	3.400000e+00	1.580322e-02	2.697486e-03	2.697486e-03
3.400000e+00	3.500000e+00	1.650559e-02	2.787426e-03	2.787426e-03
3.500000e+00	3.600000e+00	9.833116e-03	2.329483e-03	2.329483e-03
3.600000e+00	3.700000e+00	9.130751e-03	2.107096e-03	2.107096e-03
3.700000e+00	3.800000e+00	7.726020e-03	1.858284e-03	1.858284e-03
3.800000e+00	3.900000e+00	8.428385e-03	1.986590e-03	1.986590e-03
3.900000e+00	4.000000e+00	4.214193e-03	1.314005e-03	1.314005e-03
4.000000e+00	4.100000e+00	4.916558e-03	1.404731e-03	1.404731e-03
4.100000e+00	4.200000e+00	1.053548e-03	7.852684e-04	7.852684e-04
4.200000e+00	4.300000e+00	3.511827e-04	6.082663e-04	6.082663e-04
4.300000e+00	4.400000e+00	1.755914e-03	7.852684e-04	7.852684e-04
4.400000e+00	4.500000e+00	3.511827e-04	3.511827e-04	3.511827e-04
4.500000e+00	4.600000e+00	3.511827e-04	3.511827e-04	3.511827e-04
4.600000e+00	4.700000e+00	3.511827e-04	3.511827e-04	3.511827e-04
4.700000e+00	4.800000e+00	0.000000e+00	0.000000e+00	0.000000e+00
4.800000e+00	4.900000e+00	0.000000e+00	0.000000e+00	0.000000e+00
4.900000e+00	5.000000e+00	0.000000e+00	0.000000e+00	0.000000e+00
# END HISTO1D


# BEGIN HISTO1D //eos/home-y/yiyu/monobc/Rivet_New/X2000_Qd10.yoda.gz/JetMETAnalysis/jet12_deta
ErrorBars=1
LineColor=violet
LineStyle=solid
Path=//eos/home-y/yiyu/monobc/Rivet_New/X2000_Qd10.yoda.gz/JetMETAnalysis/jet12_deta
ScaledBy=1.31016479847955093e-05
Title=X2000_Qd10
# xlow	 xhigh	 val	 errminus	 errplus
0.000000e+00	1.000000e-01	1.958022e-02	1.204961e-03	1.204961e-03
1.000000e-01	2.000000e-01	2.099282e-02	1.264808e-03	1.264808e-03
2.000000e-01	3.000000e-01	2.126749e-02	1.249499e-03	1.249499e-03
3.000000e-01	4.000000e-01	2.162064e-02	1.291312e-03	1.291312e-03
4.000000e-01	5.000000e-01	2.048271e-02	1.296666e-03	1.296666e-03
5.000000e-01	6.000000e-01	2.185607e-02	1.292504e-03	1.292504e-03
6.000000e-01	7.000000e-01	2.009032e-02	1.230877e-03	1.230877e-03
7.000000e-01	8.000000e-01	1.789294e-02	1.178474e-03	1.178474e-03
8.000000e-01	9.000000e-01	1.836381e-02	1.191468e-03	1.191468e-03
9.000000e-01	1.000000e+00	1.769675e-02	1.151380e-03	1.151380e-03
1.000000e+00	1.100000e+00	1.487155e-02	1.110537e-03	1.110537e-03
1.100000e+00	1.200000e+00	1.381210e-02	1.081742e-03	1.081742e-03
1.200000e+00	1.300000e+00	1.130081e-02	1.024729e-03	1.024729e-03
1.300000e+00	1.400000e+00	1.130081e-02	1.047025e-03	1.047025e-03
1.400000e+00	1.500000e+00	9.731249e-03	9.514930e-04	9.514930e-04
1.500000e+00	1.600000e+00	8.907232e-03	9.343476e-04	9.343476e-04
1.600000e+00	1.700000e+00	7.887021e-03	9.075986e-04	9.075986e-04
1.700000e+00	1.800000e+00	7.926260e-03	8.323830e-04	8.323830e-04
1.800000e+00	1.900000e+00	6.082031e-03	8.051151e-04	8.051151e-04
1.900000e+00	2.000000e+00	4.787147e-03	7.588444e-04	7.588444e-04
2.000000e+00	2.100000e+00	4.041608e-03	7.618818e-04	7.618818e-04
2.100000e+00	2.200000e+00	5.258014e-03	7.041170e-04	7.041170e-04
2.200000e+00	2.300000e+00	2.903679e-03	6.542434e-04	6.542434e-04
2.300000e+00	2.400000e+00	1.844229e-03	6.116741e-04	6.116741e-04
2.400000e+00	2.500000e+00	2.354335e-03	5.898902e-04	5.898902e-04
2.500000e+00	2.600000e+00	2.432812e-03	5.322624e-04	5.322624e-04
2.600000e+00	2.700000e+00	2.629007e-03	5.451244e-04	5.451244e-04
2.700000e+00	2.800000e+00	1.059451e-03	4.244337e-04	4.244337e-04
2.800000e+00	2.900000e+00	1.412601e-03	4.262437e-04	4.262437e-04
2.900000e+00	3.000000e+00	1.020212e-03	3.763664e-04	3.763664e-04
3.000000e+00	3.100000e+00	7.063004e-04	3.962936e-04	3.962936e-04
3.100000e+00	3.200000e+00	5.493447e-04	3.187784e-04	3.187784e-04
3.200000e+00	3.300000e+00	7.455393e-04	3.306329e-04	3.306329e-04
3.300000e+00	3.400000e+00	3.531502e-04	2.690084e-04	2.690084e-04
3.400000e+00	3.500000e+00	5.493447e-04	2.602815e-04	2.602815e-04
3.500000e+00	3.600000e+00	1.177167e-04	2.321405e-04	2.321405e-04
3.600000e+00	3.700000e+00	4.708669e-04	2.149204e-04	2.149204e-04
3.700000e+00	3.800000e+00	7.847782e-05	1.569556e-04	1.569556e-04
3.800000e+00	3.900000e+00	7.847782e-05	1.468186e-04	1.468186e-04
3.900000e+00	4.000000e+00	-7.847782e-05	1.359276e-04	1.359276e-04
4.000000e+00	4.100000e+00	7.847782e-05	1.664766e-04	1.664766e-04
4.100000e+00	4.200000e+00	0.000000e+00	-nan	-nan
4.200000e+00	4.300000e+00	1.177167e-04	6.796378e-05	6.796378e-05
4.300000e+00	4.400000e+00	3.923891e-05	6.796378e-05	6.796378e-05
4.400000e+00	4.500000e+00	3.923891e-05	3.923891e-05	3.923891e-05
4.500000e+00	4.600000e+00	1.569556e-04	7.847782e-05	7.847782e-05
4.600000e+00	4.700000e+00	0.000000e+00	0.000000e+00	0.000000e+00
4.700000e+00	4.800000e+00	3.923891e-05	3.923891e-05	3.923891e-05
4.800000e+00	4.900000e+00	0.000000e+00	0.000000e+00	0.000000e+00
4.900000e+00	5.000000e+00	0.000000e+00	0.000000e+00	0.000000e+00
# END HISTO1D


# BEGIN HISTO1D //eos/home-y/yiyu/monobc/Rivet_New/X2000_Qd1000.yoda.gz/JetMETAnalysis/jet12_deta
ErrorBars=1
LineColor=violet
LineStyle=dashed
Path=//eos/home-y/yiyu/monobc/Rivet_New/X2000_Qd1000.yoda.gz/JetMETAnalysis/jet12_deta
ScaledBy=1.43058175444126944e-05
Title=X2000_Qd1000
# xlow	 xhigh	 val	 errminus	 errplus
0.000000e+00	1.000000e-01	5.361585e-03	3.233158e-04	3.233158e-04
1.000000e-01	2.000000e-01	5.780764e-03	3.272597e-04	3.272597e-04
2.000000e-01	3.000000e-01	5.049638e-03	3.215474e-04	3.215474e-04
3.000000e-01	4.000000e-01	5.654035e-03	3.276950e-04	3.276950e-04
4.000000e-01	5.000000e-01	5.449320e-03	3.292860e-04	3.292860e-04
5.000000e-01	6.000000e-01	4.815678e-03	3.256587e-04	3.256587e-04
6.000000e-01	7.000000e-01	4.874168e-03	3.119468e-04	3.119468e-04
7.000000e-01	8.000000e-01	4.367255e-03	3.061040e-04	3.061040e-04
8.000000e-01	9.000000e-01	4.386752e-03	2.976038e-04	2.976038e-04
9.000000e-01	1.000000e+00	3.733613e-03	2.863755e-04	2.863755e-04
1.000000e+00	1.100000e+00	3.714116e-03	2.833733e-04	2.833733e-04
1.100000e+00	1.200000e+00	3.636130e-03	2.786388e-04	2.786388e-04
1.200000e+00	1.300000e+00	3.275441e-03	2.655415e-04	2.655415e-04
1.300000e+00	1.400000e+00	2.349349e-03	2.483435e-04	2.483435e-04
1.400000e+00	1.500000e+00	2.661296e-03	2.433182e-04	2.433182e-04
1.500000e+00	1.600000e+00	2.115389e-03	2.259008e-04	2.259008e-04
1.600000e+00	1.700000e+00	1.783946e-03	2.203642e-04	2.203642e-04
1.700000e+00	1.800000e+00	1.871681e-03	2.140198e-04	2.140198e-04
1.800000e+00	1.900000e+00	1.783946e-03	2.004937e-04	2.004937e-04
1.900000e+00	2.000000e+00	1.267284e-03	1.915244e-04	1.915244e-04
2.000000e+00	2.100000e+00	1.384264e-03	1.818529e-04	1.818529e-04
2.100000e+00	2.200000e+00	9.260920e-04	1.762805e-04	1.762805e-04
2.200000e+00	2.300000e+00	1.082065e-03	1.657217e-04	1.657217e-04
2.300000e+00	2.400000e+00	9.455887e-04	1.610690e-04	1.610690e-04
2.400000e+00	2.500000e+00	8.870986e-04	1.488019e-04	1.488019e-04
2.500000e+00	2.600000e+00	4.679202e-04	1.300590e-04	1.300590e-04
2.600000e+00	2.700000e+00	4.386752e-04	1.229218e-04	1.229218e-04
2.700000e+00	2.800000e+00	3.509401e-04	1.153439e-04	1.153439e-04
2.800000e+00	2.900000e+00	2.437084e-04	1.036263e-04	1.036263e-04
2.900000e+00	3.000000e+00	4.581718e-04	1.045393e-04	1.045393e-04
3.000000e+00	3.100000e+00	1.462251e-04	8.664511e-05	8.664511e-05
3.100000e+00	3.200000e+00	1.169800e-04	8.385836e-05	8.385836e-05
3.200000e+00	3.300000e+00	1.949667e-04	7.551029e-05	7.551029e-05
3.300000e+00	3.400000e+00	5.849002e-05	6.317644e-05	6.317644e-05
3.400000e+00	3.500000e+00	1.169800e-04	5.339384e-05	5.339384e-05
3.500000e+00	3.600000e+00	6.823836e-05	4.874169e-05	4.874169e-05
3.600000e+00	3.700000e+00	6.823836e-05	4.874169e-05	4.874169e-05
3.700000e+00	3.800000e+00	1.949667e-05	3.376923e-05	3.376923e-05
3.800000e+00	3.900000e+00	6.823836e-05	3.775515e-05	3.775515e-05
3.900000e+00	4.000000e+00	1.949667e-05	3.647494e-05	3.647494e-05
4.000000e+00	4.100000e+00	1.949667e-05	3.647494e-05	3.647494e-05
4.100000e+00	4.200000e+00	-9.748337e-06	2.579168e-05	2.579168e-05
4.200000e+00	4.300000e+00	9.748337e-06	9.748337e-06	9.748337e-06
4.300000e+00	4.400000e+00	-9.748337e-06	2.579168e-05	2.579168e-05
4.400000e+00	4.500000e+00	1.949667e-05	1.949667e-05	1.949667e-05
4.500000e+00	4.600000e+00	1.949667e-05	1.378623e-05	1.378623e-05
4.600000e+00	4.700000e+00	9.748337e-06	9.748337e-06	9.748337e-06
4.700000e+00	4.800000e+00	-9.748337e-06	9.748337e-06	9.748337e-06
4.800000e+00	4.900000e+00	0.000000e+00	0.000000e+00	0.000000e+00
4.900000e+00	5.000000e+00	0.000000e+00	0.000000e+00	0.000000e+00
# END HISTO1D

