# BEGIN PLOT
Legend=1
LogY=1
LegendPlacement=manual
LegendAlign=r
LegendXPos=1.36
RightMargin=3.7
Title=Di-jet $\Delta R$
XLabel=$\Delta R_{jj}$
YLabel=$\mathrm{d}\sigma/\mathrm{d}\Delta R_{jj}$ [pb]
DrawOnly=//eos/home-y/yiyu/monobc/Rivet_New/X600_Qd10.yoda.gz/JetMETAnalysis/jet12_dR //eos/home-y/yiyu/monobc/Rivet_New/X600_Qd300.yoda.gz/JetMETAnalysis/jet12_dR //eos/home-y/yiyu/monobc/Rivet_New/X1200_Qd10.yoda.gz/JetMETAnalysis/jet12_dR //eos/home-y/yiyu/monobc/Rivet_New/X1200_Qd600.yoda.gz/JetMETAnalysis/jet12_dR //eos/home-y/yiyu/monobc/Rivet_New/X2000_Qd10.yoda.gz/JetMETAnalysis/jet12_dR //eos/home-y/yiyu/monobc/Rivet_New/X2000_Qd1000.yoda.gz/JetMETAnalysis/jet12_dR
LegendOnly=//eos/home-y/yiyu/monobc/Rivet_New/X600_Qd10.yoda.gz/JetMETAnalysis/jet12_dR //eos/home-y/yiyu/monobc/Rivet_New/X600_Qd300.yoda.gz/JetMETAnalysis/jet12_dR //eos/home-y/yiyu/monobc/Rivet_New/X1200_Qd10.yoda.gz/JetMETAnalysis/jet12_dR //eos/home-y/yiyu/monobc/Rivet_New/X1200_Qd600.yoda.gz/JetMETAnalysis/jet12_dR //eos/home-y/yiyu/monobc/Rivet_New/X2000_Qd10.yoda.gz/JetMETAnalysis/jet12_dR //eos/home-y/yiyu/monobc/Rivet_New/X2000_Qd1000.yoda.gz/JetMETAnalysis/jet12_dR
RatioPlot=1
RatioPlotReference=//eos/home-y/yiyu/monobc/Rivet_New/X600_Qd10.yoda.gz/JetMETAnalysis/jet12_dR
RatioPlotYLabel=Ratio
# END PLOT

# BEGIN HISTO1D //eos/home-y/yiyu/monobc/Rivet_New/X600_Qd10.yoda.gz/JetMETAnalysis/jet12_dR
ErrorBars=1
LineColor=red
LineStyle=solid
Path=//eos/home-y/yiyu/monobc/Rivet_New/X600_Qd10.yoda.gz/JetMETAnalysis/jet12_dR
ScaledBy=1.71288025274201010e-05
Title=X600_Qd10
# xlow	 xhigh	 val	 errminus	 errplus
0.000000e+00	1.000000e-01	0.000000e+00	0.000000e+00	0.000000e+00
1.000000e-01	2.000000e-01	0.000000e+00	0.000000e+00	0.000000e+00
2.000000e-01	3.000000e-01	0.000000e+00	0.000000e+00	0.000000e+00
3.000000e-01	4.000000e-01	9.610665e-02	5.548721e-02	5.548721e-02
4.000000e-01	5.000000e-01	6.278968e+00	4.553108e-01	4.553108e-01
5.000000e-01	6.000000e-01	9.546594e+00	5.603933e-01	5.603933e-01
6.000000e-01	7.000000e-01	8.585528e+00	5.283438e-01	5.283438e-01
7.000000e-01	8.000000e-01	9.001990e+00	5.370137e-01	5.370137e-01
8.000000e-01	9.000000e-01	7.912781e+00	5.034782e-01	5.034782e-01
9.000000e-01	1.000000e+00	8.008888e+00	5.145671e-01	5.145671e-01
1.000000e+00	1.100000e+00	9.898985e+00	5.667667e-01	5.667667e-01
1.100000e+00	1.200000e+00	1.105226e+01	6.035961e-01	6.035961e-01
1.200000e+00	1.300000e+00	1.153280e+01	6.145485e-01	6.145485e-01
1.300000e+00	1.400000e+00	1.159687e+01	6.162161e-01	6.162161e-01
1.400000e+00	1.500000e+00	1.364714e+01	6.658464e-01	6.658464e-01
1.500000e+00	1.600000e+00	1.367918e+01	6.712193e-01	6.712193e-01
1.600000e+00	1.700000e+00	1.412768e+01	6.773076e-01	6.773076e-01
1.700000e+00	1.800000e+00	1.569742e+01	7.149026e-01	7.149026e-01
1.800000e+00	1.900000e+00	1.701088e+01	7.437493e-01	7.437493e-01
1.900000e+00	2.000000e+00	1.681866e+01	7.423682e-01	7.423682e-01
2.000000e+00	2.100000e+00	2.011833e+01	8.079059e-01	8.079059e-01
2.100000e+00	2.200000e+00	2.024647e+01	8.142325e-01	8.142325e-01
2.200000e+00	2.300000e+00	2.111143e+01	8.261198e-01	8.261198e-01
2.300000e+00	2.400000e+00	2.146382e+01	8.366126e-01	8.366126e-01
2.400000e+00	2.500000e+00	2.325781e+01	8.714612e-01	8.714612e-01
2.500000e+00	2.600000e+00	2.517994e+01	9.038341e-01	9.038341e-01
2.600000e+00	2.700000e+00	2.687783e+01	9.367318e-01	9.367318e-01
2.700000e+00	2.800000e+00	2.546826e+01	9.145574e-01	9.145574e-01
2.800000e+00	2.900000e+00	2.828739e+01	9.626670e-01	9.626670e-01
2.900000e+00	3.000000e+00	2.918439e+01	9.711581e-01	9.711581e-01
3.000000e+00	3.100000e+00	3.075413e+01	9.967124e-01	9.967124e-01
3.100000e+00	3.200000e+00	2.735836e+01	9.416490e-01	9.416490e-01
3.200000e+00	3.300000e+00	2.079107e+01	8.248765e-01	8.248765e-01
3.300000e+00	3.400000e+00	1.431989e+01	6.803313e-01	6.803313e-01
3.400000e+00	3.500000e+00	1.207740e+01	6.285829e-01	6.285829e-01
3.500000e+00	3.600000e+00	9.226239e+00	5.492953e-01	5.492953e-01
3.600000e+00	3.700000e+00	7.976852e+00	5.115667e-01	5.115667e-01
3.700000e+00	3.800000e+00	6.118790e+00	4.473521e-01	4.473521e-01
3.800000e+00	3.900000e+00	5.766399e+00	4.298020e-01	4.298020e-01
3.900000e+00	4.000000e+00	3.940373e+00	3.666636e-01	3.666636e-01
4.000000e+00	4.100000e+00	3.267626e+00	3.266999e-01	3.266999e-01
4.100000e+00	4.200000e+00	2.530808e+00	2.918578e-01	2.918578e-01
4.200000e+00	4.300000e+00	2.338595e+00	2.811108e-01	2.811108e-01
4.300000e+00	4.400000e+00	1.697884e+00	2.332223e-01	2.332223e-01
4.400000e+00	4.500000e+00	1.217351e+00	2.026106e-01	2.026106e-01
4.500000e+00	4.600000e+00	1.121244e+00	2.000619e-01	2.000619e-01
4.600000e+00	4.700000e+00	8.329243e-01	1.633499e-01	1.633499e-01
4.700000e+00	4.800000e+00	5.446044e-01	1.320860e-01	1.320860e-01
4.800000e+00	4.900000e+00	5.446044e-01	1.320860e-01	1.320860e-01
4.900000e+00	5.000000e+00	1.281422e-01	9.061022e-02	9.061022e-02
# END HISTO1D


# BEGIN HISTO1D //eos/home-y/yiyu/monobc/Rivet_New/X600_Qd300.yoda.gz/JetMETAnalysis/jet12_dR
ErrorBars=1
LineColor=red
LineStyle=dashed
Path=//eos/home-y/yiyu/monobc/Rivet_New/X600_Qd300.yoda.gz/JetMETAnalysis/jet12_dR
ScaledBy=1.69265217551531578e-05
Title=X600_Qd300
# xlow	 xhigh	 val	 errminus	 errplus
0.000000e+00	1.000000e-01	0.000000e+00	0.000000e+00	0.000000e+00
1.000000e-01	2.000000e-01	0.000000e+00	0.000000e+00	0.000000e+00
2.000000e-01	3.000000e-01	0.000000e+00	0.000000e+00	0.000000e+00
3.000000e-01	4.000000e-01	0.000000e+00	0.000000e+00	0.000000e+00
4.000000e-01	5.000000e-01	1.663180e+00	1.209213e-01	1.209213e-01
5.000000e-01	6.000000e-01	2.422272e+00	1.447441e-01	1.447441e-01
6.000000e-01	7.000000e-01	2.422272e+00	1.447441e-01	1.447441e-01
7.000000e-01	8.000000e-01	2.029932e+00	1.326821e-01	1.326821e-01
8.000000e-01	9.000000e-01	2.345510e+00	1.434821e-01	1.434821e-01
9.000000e-01	1.000000e+00	2.737850e+00	1.532872e-01	1.532872e-01
1.000000e+00	1.100000e+00	2.567267e+00	1.489548e-01	1.489548e-01
1.100000e+00	1.200000e+00	2.763437e+00	1.539974e-01	1.539974e-01
1.200000e+00	1.300000e+00	3.036369e+00	1.627254e-01	1.627254e-01
1.300000e+00	1.400000e+00	3.394592e+00	1.714333e-01	1.714333e-01
1.400000e+00	1.500000e+00	3.164306e+00	1.647248e-01	1.647248e-01
1.500000e+00	1.600000e+00	3.727228e+00	1.791116e-01	1.791116e-01
1.600000e+00	1.700000e+00	4.017219e+00	1.858880e-01	1.858880e-01
1.700000e+00	1.800000e+00	4.213388e+00	1.903353e-01	1.903353e-01
1.800000e+00	1.900000e+00	4.358384e+00	1.939322e-01	1.939322e-01
1.900000e+00	2.000000e+00	4.435146e+00	1.956129e-01	1.956129e-01
2.000000e+00	2.100000e+00	5.100418e+00	2.096153e-01	2.096153e-01
2.100000e+00	2.200000e+00	5.415995e+00	2.166129e-01	2.166129e-01
2.200000e+00	2.300000e+00	5.927743e+00	2.248521e-01	2.248521e-01
2.300000e+00	2.400000e+00	5.902155e+00	2.256595e-01	2.256595e-01
2.400000e+00	2.500000e+00	6.712422e+00	2.407874e-01	2.407874e-01
2.500000e+00	2.600000e+00	6.516253e+00	2.375940e-01	2.375940e-01
2.600000e+00	2.700000e+00	7.155937e+00	2.476386e-01	2.476386e-01
2.700000e+00	2.800000e+00	7.215641e+00	2.498321e-01	2.498321e-01
2.800000e+00	2.900000e+00	7.863855e+00	2.623313e-01	2.623313e-01
2.900000e+00	3.000000e+00	8.477952e+00	2.710599e-01	2.710599e-01
3.000000e+00	3.100000e+00	8.025908e+00	2.649526e-01	2.649526e-01
3.100000e+00	3.200000e+00	7.480044e+00	2.551620e-01	2.551620e-01
3.200000e+00	3.300000e+00	4.767782e+00	2.034514e-01	2.034514e-01
3.300000e+00	3.400000e+00	3.684583e+00	1.780934e-01	1.780934e-01
3.400000e+00	3.500000e+00	2.934019e+00	1.604745e-01	1.604745e-01
3.500000e+00	3.600000e+00	2.422272e+00	1.442406e-01	1.442406e-01
3.600000e+00	3.700000e+00	2.106694e+00	1.351268e-01	1.351268e-01
3.700000e+00	3.800000e+00	1.671709e+00	1.206201e-01	1.206201e-01
3.800000e+00	3.900000e+00	1.364660e+00	1.078859e-01	1.078859e-01
3.900000e+00	4.000000e+00	1.014966e+00	9.382039e-02	9.382039e-02
4.000000e+00	4.100000e+00	8.443835e-01	8.486374e-02	8.486374e-02
4.100000e+00	4.200000e+00	6.652719e-01	7.628683e-02	7.628683e-02
4.200000e+00	4.300000e+00	4.605728e-01	6.495589e-02	6.495589e-02
4.300000e+00	4.400000e+00	4.264563e-01	6.031003e-02	6.031003e-02
4.400000e+00	4.500000e+00	2.388155e-01	4.513190e-02	4.513190e-02
4.500000e+00	4.600000e+00	3.155777e-01	5.326438e-02	5.326438e-02
4.600000e+00	4.700000e+00	2.132282e-01	4.431864e-02	4.431864e-02
4.700000e+00	4.800000e+00	1.023495e-01	2.954576e-02	2.954576e-02
4.800000e+00	4.900000e+00	8.529126e-02	2.697147e-02	2.697147e-02
4.900000e+00	5.000000e+00	3.411651e-02	1.705825e-02	1.705825e-02
# END HISTO1D


# BEGIN HISTO1D //eos/home-y/yiyu/monobc/Rivet_New/X1200_Qd10.yoda.gz/JetMETAnalysis/jet12_dR
ErrorBars=1
LineColor=blue
LineStyle=solid
Path=//eos/home-y/yiyu/monobc/Rivet_New/X1200_Qd10.yoda.gz/JetMETAnalysis/jet12_dR
ScaledBy=1.46067922390884243e-05
Title=X1200_Qd10
# xlow	 xhigh	 val	 errminus	 errplus
0.000000e+00	1.000000e-01	0.000000e+00	0.000000e+00	0.000000e+00
1.000000e-01	2.000000e-01	0.000000e+00	0.000000e+00	0.000000e+00
2.000000e-01	3.000000e-01	0.000000e+00	0.000000e+00	0.000000e+00
3.000000e-01	4.000000e-01	0.000000e+00	0.000000e+00	0.000000e+00
4.000000e-01	5.000000e-01	2.682906e-01	1.991235e-02	1.991235e-02
5.000000e-01	6.000000e-01	3.819507e-01	2.433376e-02	2.433376e-02
6.000000e-01	7.000000e-01	3.964886e-01	2.393571e-02	2.393571e-02
7.000000e-01	8.000000e-01	3.647695e-01	2.250653e-02	2.250653e-02
8.000000e-01	9.000000e-01	4.255644e-01	2.436963e-02	2.436963e-02
9.000000e-01	1.000000e+00	4.414240e-01	2.549065e-02	2.549065e-02
1.000000e+00	1.100000e+00	4.704998e-01	2.596588e-02	2.596588e-02
1.100000e+00	1.200000e+00	4.744647e-01	2.633327e-02	2.633327e-02
1.200000e+00	1.300000e+00	4.744647e-01	2.646559e-02	2.646559e-02
1.300000e+00	1.400000e+00	5.207217e-01	2.714974e-02	2.714974e-02
1.400000e+00	1.500000e+00	5.339380e-01	2.822227e-02	2.822227e-02
1.500000e+00	1.600000e+00	5.749085e-01	2.843806e-02	2.843806e-02
1.600000e+00	1.700000e+00	6.475981e-01	3.025346e-02	3.025346e-02
1.700000e+00	1.800000e+00	6.753523e-01	3.180159e-02	3.180159e-02
1.800000e+00	1.900000e+00	6.594927e-01	3.102311e-02	3.102311e-02
1.900000e+00	2.000000e+00	7.956205e-01	3.400466e-02	3.400466e-02
2.000000e+00	2.100000e+00	7.969421e-01	3.372096e-02	3.372096e-02
2.100000e+00	2.200000e+00	8.141233e-01	3.461557e-02	3.461557e-02
2.200000e+00	2.300000e+00	8.934210e-01	3.609765e-02	3.609765e-02
2.300000e+00	2.400000e+00	8.934210e-01	3.600074e-02	3.600074e-02
2.400000e+00	2.500000e+00	1.008403e+00	3.763743e-02	3.763743e-02
2.500000e+00	2.600000e+00	1.034835e+00	3.850909e-02	3.850909e-02
2.600000e+00	2.700000e+00	1.001795e+00	3.893762e-02	3.893762e-02
2.700000e+00	2.800000e+00	1.024262e+00	3.869010e-02	3.869010e-02
2.800000e+00	2.900000e+00	1.037479e+00	3.909431e-02	3.909431e-02
2.900000e+00	3.000000e+00	1.033514e+00	3.916127e-02	3.916127e-02
3.000000e+00	3.100000e+00	1.090344e+00	4.023920e-02	4.023920e-02
3.100000e+00	3.200000e+00	9.039940e-01	3.667371e-02	3.667371e-02
3.200000e+00	3.300000e+00	7.070714e-01	3.277533e-02	3.277533e-02
3.300000e+00	3.400000e+00	4.334942e-01	2.589853e-02	2.589853e-02
3.400000e+00	3.500000e+00	3.819507e-01	2.426188e-02	2.426188e-02
3.500000e+00	3.600000e+00	2.656474e-01	2.017379e-02	2.017379e-02
3.600000e+00	3.700000e+00	2.405364e-01	1.924320e-02	1.924320e-02
3.700000e+00	3.800000e+00	1.638820e-01	1.661262e-02	1.661262e-02
3.800000e+00	3.900000e+00	1.678468e-01	1.602390e-02	1.602390e-02
3.900000e+00	4.000000e+00	1.202682e-01	1.404911e-02	1.404911e-02
4.000000e+00	4.100000e+00	7.136795e-02	1.057303e-02	1.057303e-02
4.100000e+00	4.200000e+00	6.872469e-02	1.040652e-02	1.040652e-02
4.200000e+00	4.300000e+00	5.947329e-02	1.065531e-02	1.065531e-02
4.300000e+00	4.400000e+00	4.097049e-02	7.592179e-03	7.592179e-03
4.400000e+00	4.500000e+00	3.964886e-02	7.706353e-03	7.706353e-03
4.500000e+00	4.600000e+00	2.114606e-02	5.286515e-03	5.286515e-03
4.600000e+00	4.700000e+00	1.585954e-02	4.945081e-03	4.945081e-03
4.700000e+00	4.800000e+00	7.929772e-03	3.738131e-03	3.738131e-03
4.800000e+00	4.900000e+00	6.608144e-03	3.496701e-03	3.496701e-03
4.900000e+00	5.000000e+00	6.608144e-03	2.955252e-03	2.955252e-03
# END HISTO1D


# BEGIN HISTO1D //eos/home-y/yiyu/monobc/Rivet_New/X1200_Qd600.yoda.gz/JetMETAnalysis/jet12_dR
ErrorBars=1
LineColor=blue
LineStyle=dashed
Path=//eos/home-y/yiyu/monobc/Rivet_New/X1200_Qd600.yoda.gz/JetMETAnalysis/jet12_dR
ScaledBy=1.47654297365515806e-05
Title=X1200_Qd600
# xlow	 xhigh	 val	 errminus	 errplus
0.000000e+00	1.000000e-01	0.000000e+00	0.000000e+00	0.000000e+00
1.000000e-01	2.000000e-01	0.000000e+00	0.000000e+00	0.000000e+00
2.000000e-01	3.000000e-01	0.000000e+00	0.000000e+00	0.000000e+00
3.000000e-01	4.000000e-01	0.000000e+00	0.000000e+00	0.000000e+00
4.000000e-01	5.000000e-01	8.287912e-02	5.463121e-03	5.463121e-03
5.000000e-01	6.000000e-01	1.007894e-01	6.072517e-03	6.072517e-03
6.000000e-01	7.000000e-01	8.779568e-02	5.939039e-03	5.939039e-03
7.000000e-01	8.000000e-01	1.095690e-01	6.475489e-03	6.475489e-03
8.000000e-01	9.000000e-01	1.039501e-01	6.282148e-03	6.282148e-03
9.000000e-01	1.000000e+00	1.088666e-01	6.379551e-03	6.379551e-03
1.000000e+00	1.100000e+00	1.109737e-01	6.398854e-03	6.398854e-03
1.100000e+00	1.200000e+00	1.292352e-01	6.863803e-03	6.863803e-03
1.200000e+00	1.300000e+00	1.408243e-01	7.239817e-03	7.239817e-03
1.300000e+00	1.400000e+00	1.390684e-01	7.316073e-03	7.316073e-03
1.400000e+00	1.500000e+00	1.520621e-01	7.523839e-03	7.523839e-03
1.500000e+00	1.600000e+00	1.618952e-01	7.923044e-03	7.923044e-03
1.600000e+00	1.700000e+00	1.794544e-01	8.213472e-03	8.213472e-03
1.700000e+00	1.800000e+00	1.829662e-01	8.362280e-03	8.362280e-03
1.800000e+00	1.900000e+00	1.857757e-01	8.566268e-03	8.566268e-03
1.900000e+00	2.000000e+00	2.068466e-01	8.891236e-03	8.891236e-03
2.000000e+00	2.100000e+00	2.303759e-01	9.501424e-03	9.501424e-03
2.100000e+00	2.200000e+00	2.349412e-01	9.494931e-03	9.494931e-03
2.200000e+00	2.300000e+00	2.124655e-01	9.231498e-03	9.231498e-03
2.300000e+00	2.400000e+00	2.300247e-01	9.546746e-03	9.546746e-03
2.400000e+00	2.500000e+00	2.602264e-01	1.012357e-02	1.012357e-02
2.500000e+00	2.600000e+00	2.812974e-01	1.044732e-02	1.044732e-02
2.600000e+00	2.700000e+00	2.661965e-01	1.031067e-02	1.031067e-02
2.700000e+00	2.800000e+00	2.834045e-01	1.039999e-02	1.039999e-02
2.800000e+00	2.900000e+00	2.683036e-01	1.038219e-02	1.038219e-02
2.900000e+00	3.000000e+00	2.960470e-01	1.069235e-02	1.069235e-02
3.000000e+00	3.100000e+00	2.981541e-01	1.081848e-02	1.081848e-02
3.100000e+00	3.200000e+00	2.468815e-01	1.003793e-02	1.003793e-02
3.200000e+00	3.300000e+00	1.734843e-01	8.235965e-03	8.235965e-03
3.300000e+00	3.400000e+00	1.204557e-01	6.997266e-03	6.997266e-03
3.400000e+00	3.500000e+00	9.903353e-02	6.607463e-03	6.607463e-03
3.500000e+00	3.600000e+00	7.620665e-02	5.474397e-03	5.474397e-03
3.600000e+00	3.700000e+00	6.461762e-02	5.040421e-03	5.040421e-03
3.700000e+00	3.800000e+00	5.302859e-02	4.483601e-03	4.483601e-03
3.800000e+00	3.900000e+00	3.933246e-02	4.214193e-03	4.214193e-03
3.900000e+00	4.000000e+00	2.423161e-02	3.275614e-03	3.275614e-03
4.000000e+00	4.100000e+00	2.036860e-02	3.101562e-03	3.101562e-03
4.100000e+00	4.200000e+00	1.439849e-02	2.458279e-03	2.458279e-03
4.200000e+00	4.300000e+00	9.833116e-03	2.107096e-03	2.107096e-03
4.300000e+00	4.400000e+00	8.428385e-03	1.858284e-03	1.858284e-03
4.400000e+00	4.500000e+00	6.672472e-03	1.824799e-03	1.824799e-03
4.500000e+00	4.600000e+00	5.618924e-03	1.858284e-03	1.858284e-03
4.600000e+00	4.700000e+00	3.160645e-03	1.266207e-03	1.266207e-03
4.700000e+00	4.800000e+00	2.458279e-03	9.291421e-04	9.291421e-04
4.800000e+00	4.900000e+00	1.755914e-03	7.852684e-04	7.852684e-04
4.900000e+00	5.000000e+00	1.053548e-03	6.082663e-04	6.082663e-04
# END HISTO1D


# BEGIN HISTO1D //eos/home-y/yiyu/monobc/Rivet_New/X2000_Qd10.yoda.gz/JetMETAnalysis/jet12_dR
ErrorBars=1
LineColor=violet
LineStyle=solid
Path=//eos/home-y/yiyu/monobc/Rivet_New/X2000_Qd10.yoda.gz/JetMETAnalysis/jet12_dR
ScaledBy=1.31016479847955093e-05
Title=X2000_Qd10
# xlow	 xhigh	 val	 errminus	 errplus
0.000000e+00	1.000000e-01	0.000000e+00	0.000000e+00	0.000000e+00
1.000000e-01	2.000000e-01	0.000000e+00	0.000000e+00	0.000000e+00
2.000000e-01	3.000000e-01	0.000000e+00	0.000000e+00	0.000000e+00
3.000000e-01	4.000000e-01	0.000000e+00	0.000000e+00	0.000000e+00
4.000000e-01	5.000000e-01	7.769304e-03	7.041170e-04	7.041170e-04
5.000000e-01	6.000000e-01	8.475604e-03	7.506846e-04	7.506846e-04
6.000000e-01	7.000000e-01	6.866809e-03	7.476016e-04	7.476016e-04
7.000000e-01	8.000000e-01	7.769304e-03	7.424350e-04	7.424350e-04
8.000000e-01	9.000000e-01	8.279410e-03	7.496583e-04	7.496583e-04
9.000000e-01	1.000000e+00	7.769304e-03	7.828138e-04	7.828138e-04
1.000000e+00	1.100000e+00	8.593321e-03	8.051151e-04	8.051151e-04
1.100000e+00	1.200000e+00	9.103427e-03	8.155654e-04	8.155654e-04
1.200000e+00	1.300000e+00	9.770488e-03	8.443207e-04	8.443207e-04
1.300000e+00	1.400000e+00	1.079070e-02	8.887418e-04	8.887418e-04
1.400000e+00	1.500000e+00	1.020212e-02	8.524873e-04	8.524873e-04
1.500000e+00	1.600000e+00	1.047679e-02	9.160415e-04	9.160415e-04
1.600000e+00	1.700000e+00	1.181091e-02	9.458123e-04	9.458123e-04
1.700000e+00	1.800000e+00	1.008440e-02	9.359940e-04	9.359940e-04
1.800000e+00	1.900000e+00	1.094766e-02	9.730933e-04	9.730933e-04
1.900000e+00	2.000000e+00	1.330199e-02	9.918988e-04	9.918988e-04
2.000000e+00	2.100000e+00	1.090842e-02	1.049961e-03	1.049961e-03
2.100000e+00	2.200000e+00	1.067298e-02	1.009592e-03	1.009592e-03
2.200000e+00	2.300000e+00	1.031983e-02	1.043342e-03	1.043342e-03
2.300000e+00	2.400000e+00	1.514622e-02	1.080318e-03	1.080318e-03
2.400000e+00	2.500000e+00	1.236026e-02	1.053621e-03	1.053621e-03
2.500000e+00	2.600000e+00	1.220330e-02	1.102187e-03	1.102187e-03
2.600000e+00	2.700000e+00	1.236026e-02	1.092365e-03	1.092365e-03
2.700000e+00	2.800000e+00	1.290960e-02	1.079605e-03	1.079605e-03
2.800000e+00	2.900000e+00	1.247797e-02	1.109844e-03	1.109844e-03
2.900000e+00	3.000000e+00	1.357666e-02	1.104281e-03	1.104281e-03
3.000000e+00	3.100000e+00	1.369438e-02	1.114689e-03	1.114689e-03
3.100000e+00	3.200000e+00	1.204635e-02	1.056540e-03	1.056540e-03
3.200000e+00	3.300000e+00	7.533871e-03	8.305312e-04	8.305312e-04
3.300000e+00	3.400000e+00	4.787147e-03	7.192611e-04	7.192611e-04
3.400000e+00	3.500000e+00	2.589768e-03	6.447610e-04	6.447610e-04
3.500000e+00	3.600000e+00	3.335307e-03	5.859619e-04	5.859619e-04
3.600000e+00	3.700000e+00	1.137928e-03	5.279055e-04	5.279055e-04
3.700000e+00	3.800000e+00	1.412601e-03	4.576004e-04	4.576004e-04
3.800000e+00	3.900000e+00	1.451840e-03	4.020792e-04	4.020792e-04
3.900000e+00	4.000000e+00	5.101058e-04	3.163542e-04	3.163542e-04
4.000000e+00	4.100000e+00	2.354335e-04	2.883459e-04	2.883459e-04
4.100000e+00	4.200000e+00	3.531502e-04	2.856636e-04	2.856636e-04
4.200000e+00	4.300000e+00	5.101058e-04	2.321405e-04	2.321405e-04
4.300000e+00	4.400000e+00	3.139113e-04	2.076328e-04	2.076328e-04
4.400000e+00	4.500000e+00	-7.847782e-05	1.664766e-04	1.664766e-04
4.500000e+00	4.600000e+00	1.177167e-04	1.414779e-04	1.414779e-04
4.600000e+00	4.700000e+00	1.177167e-04	1.617862e-04	1.617862e-04
4.700000e+00	4.800000e+00	2.746724e-04	1.301407e-04	1.301407e-04
4.800000e+00	4.900000e+00	3.923891e-05	8.774087e-05	8.774087e-05
4.900000e+00	5.000000e+00	0.000000e+00	-nan	-nan
# END HISTO1D


# BEGIN HISTO1D //eos/home-y/yiyu/monobc/Rivet_New/X2000_Qd1000.yoda.gz/JetMETAnalysis/jet12_dR
ErrorBars=1
LineColor=violet
LineStyle=dashed
Path=//eos/home-y/yiyu/monobc/Rivet_New/X2000_Qd1000.yoda.gz/JetMETAnalysis/jet12_dR
ScaledBy=1.43058175444126944e-05
Title=X2000_Qd1000
# xlow	 xhigh	 val	 errminus	 errplus
0.000000e+00	1.000000e-01	0.000000e+00	0.000000e+00	0.000000e+00
1.000000e-01	2.000000e-01	0.000000e+00	0.000000e+00	0.000000e+00
2.000000e-01	3.000000e-01	0.000000e+00	0.000000e+00	0.000000e+00
3.000000e-01	4.000000e-01	0.000000e+00	0.000000e+00	0.000000e+00
4.000000e-01	5.000000e-01	1.442754e-03	1.642819e-04	1.642819e-04
5.000000e-01	6.000000e-01	1.744952e-03	1.762805e-04	1.762805e-04
6.000000e-01	7.000000e-01	1.686462e-03	1.815914e-04	1.815914e-04
7.000000e-01	8.000000e-01	1.871681e-03	1.875130e-04	1.875130e-04
8.000000e-01	9.000000e-01	2.027654e-03	1.802783e-04	1.802783e-04
9.000000e-01	1.000000e+00	1.959416e-03	1.831546e-04	1.831546e-04
1.000000e+00	1.100000e+00	1.861932e-03	2.004937e-04	2.004937e-04
1.100000e+00	1.200000e+00	2.281111e-03	2.054102e-04	2.054102e-04
1.200000e+00	1.300000e+00	2.144634e-03	2.099856e-04	2.099856e-04
1.300000e+00	1.400000e+00	2.446833e-03	2.199325e-04	2.199325e-04
1.400000e+00	1.500000e+00	2.554064e-03	2.184149e-04	2.184149e-04
1.500000e+00	1.600000e+00	2.437084e-03	2.277859e-04	2.277859e-04
1.600000e+00	1.700000e+00	2.359097e-03	2.306878e-04	2.306878e-04
1.700000e+00	1.800000e+00	2.836766e-03	2.361835e-04	2.361835e-04
1.800000e+00	1.900000e+00	3.402170e-03	2.494889e-04	2.494889e-04
1.900000e+00	2.000000e+00	2.885508e-03	2.530815e-04	2.530815e-04
2.000000e+00	2.100000e+00	2.875759e-03	2.498695e-04	2.498695e-04
2.100000e+00	2.200000e+00	3.226699e-03	2.628438e-04	2.628438e-04
2.200000e+00	2.300000e+00	3.372925e-03	2.788093e-04	2.788093e-04
2.300000e+00	2.400000e+00	2.934249e-03	2.675026e-04	2.675026e-04
2.400000e+00	2.500000e+00	3.792103e-03	2.796601e-04	2.796601e-04
2.500000e+00	2.600000e+00	3.363176e-03	2.782975e-04	2.782975e-04
2.600000e+00	2.700000e+00	3.226699e-03	2.738224e-04	2.738224e-04
2.700000e+00	2.800000e+00	3.655626e-03	2.847115e-04	2.847115e-04
2.800000e+00	2.900000e+00	3.938328e-03	2.953601e-04	2.953601e-04
2.900000e+00	3.000000e+00	3.207203e-03	2.806776e-04	2.806776e-04
3.000000e+00	3.100000e+00	3.177958e-03	2.875346e-04	2.875346e-04
3.100000e+00	3.200000e+00	3.177958e-03	2.729534e-04	2.729534e-04
3.200000e+00	3.300000e+00	1.666966e-03	2.246352e-04	2.246352e-04
3.300000e+00	3.400000e+00	1.013827e-03	1.813295e-04	1.813295e-04
3.400000e+00	3.500000e+00	6.726352e-04	1.580915e-04	1.580915e-04
3.500000e+00	3.600000e+00	7.896153e-04	1.475191e-04	1.475191e-04
3.600000e+00	3.700000e+00	6.336419e-04	1.304238e-04	1.304238e-04
3.700000e+00	3.800000e+00	4.874168e-04	1.136842e-04	1.136842e-04
3.800000e+00	3.900000e+00	2.437084e-04	9.699473e-05	9.699473e-05
3.900000e+00	4.000000e+00	2.437084e-04	8.987522e-05	8.987522e-05
4.000000e+00	4.100000e+00	1.072317e-04	7.229560e-05	7.229560e-05
4.100000e+00	4.200000e+00	2.924501e-05	6.087835e-05	6.087835e-05
4.200000e+00	4.300000e+00	1.267284e-04	6.241981e-05	6.241981e-05
4.300000e+00	4.400000e+00	2.924501e-05	4.675139e-05	4.675139e-05
4.400000e+00	4.500000e+00	3.899335e-05	4.572376e-05	4.572376e-05
4.500000e+00	4.600000e+00	3.899335e-05	3.082695e-05	3.082695e-05
4.600000e+00	4.700000e+00	2.924501e-05	3.233158e-05	3.233158e-05
4.700000e+00	4.800000e+00	4.874168e-05	2.179794e-05	2.179794e-05
4.800000e+00	4.900000e+00	-2.924501e-05	2.579168e-05	2.579168e-05
4.900000e+00	5.000000e+00	-2.924501e-05	1.688461e-05	1.688461e-05
# END HISTO1D

