# BEGIN PLOT
Legend=1
LogY=1
LegendPlacement=manual
LegendAlign=r
LegendXPos=1.36
RightMargin=3.7
Title=Di-jet invariant mass
XLabel=$m_{jj}$ [GeV]
YLabel=$\mathrm{d}\sigma/\mathrm{d}m_{jj}$ [pb/GeV]
LogX=1
DrawOnly=//eos/home-y/yiyu/monobc/Rivet_New/X600_Qd10.yoda.gz/JetMETAnalysis/jet12_m //eos/home-y/yiyu/monobc/Rivet_New/X600_Qd300.yoda.gz/JetMETAnalysis/jet12_m //eos/home-y/yiyu/monobc/Rivet_New/X1200_Qd10.yoda.gz/JetMETAnalysis/jet12_m //eos/home-y/yiyu/monobc/Rivet_New/X1200_Qd600.yoda.gz/JetMETAnalysis/jet12_m //eos/home-y/yiyu/monobc/Rivet_New/X2000_Qd10.yoda.gz/JetMETAnalysis/jet12_m //eos/home-y/yiyu/monobc/Rivet_New/X2000_Qd1000.yoda.gz/JetMETAnalysis/jet12_m
LegendOnly=//eos/home-y/yiyu/monobc/Rivet_New/X600_Qd10.yoda.gz/JetMETAnalysis/jet12_m //eos/home-y/yiyu/monobc/Rivet_New/X600_Qd300.yoda.gz/JetMETAnalysis/jet12_m //eos/home-y/yiyu/monobc/Rivet_New/X1200_Qd10.yoda.gz/JetMETAnalysis/jet12_m //eos/home-y/yiyu/monobc/Rivet_New/X1200_Qd600.yoda.gz/JetMETAnalysis/jet12_m //eos/home-y/yiyu/monobc/Rivet_New/X2000_Qd10.yoda.gz/JetMETAnalysis/jet12_m //eos/home-y/yiyu/monobc/Rivet_New/X2000_Qd1000.yoda.gz/JetMETAnalysis/jet12_m
RatioPlot=1
RatioPlotReference=//eos/home-y/yiyu/monobc/Rivet_New/X600_Qd10.yoda.gz/JetMETAnalysis/jet12_m
RatioPlotYLabel=Ratio
# END PLOT

# BEGIN HISTO1D //eos/home-y/yiyu/monobc/Rivet_New/X600_Qd10.yoda.gz/JetMETAnalysis/jet12_m
ErrorBars=1
LineColor=red
LineStyle=solid
Path=//eos/home-y/yiyu/monobc/Rivet_New/X600_Qd10.yoda.gz/JetMETAnalysis/jet12_m
ScaledBy=1.71288025274201010e-05
Title=X600_Qd10
# xlow	 xhigh	 val	 errminus	 errplus
5.000000e+01	5.426665e+01	1.877090e-02	3.901459e-03	3.901459e-03
5.426665e+01	5.889739e+01	1.798685e-02	3.527512e-03	3.527512e-03
5.889739e+01	6.392328e+01	2.422160e-02	4.130892e-03	4.130892e-03
6.392328e+01	6.937805e+01	2.172988e-02	3.760518e-03	3.760518e-03
6.937805e+01	7.529829e+01	2.759707e-02	3.939406e-03	3.939406e-03
7.529829e+01	8.172373e+01	3.589731e-02	4.288893e-03	4.288893e-03
8.172373e+01	8.869746e+01	3.445310e-02	3.978302e-03	3.978302e-03
8.869746e+01	9.626628e+01	3.343729e-02	3.809312e-03	3.809312e-03
9.626628e+01	1.044810e+02	4.601733e-02	4.271989e-03	4.271989e-03
1.044810e+02	1.133967e+02	4.527383e-02	4.065198e-03	4.065198e-03
1.133967e+02	1.230731e+02	4.370110e-02	3.832400e-03	3.832400e-03
1.230731e+02	1.335753e+02	5.033104e-02	3.988871e-03	3.988871e-03
1.335753e+02	1.449737e+02	4.946534e-02	3.749715e-03	3.749715e-03
1.449737e+02	1.573448e+02	5.541632e-02	3.805842e-03	3.805842e-03
1.573448e+02	1.707715e+02	5.392266e-02	3.586882e-03	3.586882e-03
1.707715e+02	1.853439e+02	5.605847e-02	3.537944e-03	3.537944e-03
1.853439e+02	2.011599e+02	5.246085e-02	3.284834e-03	3.284834e-03
2.011599e+02	2.183255e+02	5.748095e-02	3.317545e-03	3.317545e-03
2.183255e+02	2.369559e+02	6.551411e-02	3.365189e-03	3.365189e-03
2.369559e+02	2.571760e+02	6.337367e-02	3.208048e-03	3.208048e-03
2.571760e+02	2.791217e+02	6.525146e-02	3.100067e-03	3.100067e-03
2.791217e+02	3.029400e+02	6.630838e-02	3.004497e-03	3.004497e-03
3.029400e+02	3.287907e+02	6.444116e-02	2.842188e-03	2.842188e-03
3.287907e+02	3.568475e+02	7.159152e-02	2.886320e-03	2.886320e-03
3.568475e+02	3.872983e+02	7.206494e-02	2.769492e-03	2.769492e-03
3.872983e+02	4.203477e+02	7.279618e-02	2.677509e-03	2.677509e-03
4.203477e+02	4.562172e+02	6.921633e-02	2.521367e-03	2.521367e-03
4.562172e+02	4.951476e+02	6.830012e-02	2.373586e-03	2.373586e-03
4.951476e+02	5.374001e+02	6.118618e-02	2.169810e-03	2.169810e-03
5.374001e+02	5.832581e+02	6.378050e-02	2.122355e-03	2.122355e-03
5.832581e+02	6.330293e+02	6.031060e-02	1.987012e-03	1.987012e-03
6.330293e+02	6.870476e+02	5.301866e-02	1.792934e-03	1.792934e-03
6.870476e+02	7.456754e+02	4.775733e-02	1.626468e-03	1.626468e-03
7.456754e+02	8.093062e+02	4.218993e-02	1.466097e-03	1.466097e-03
8.093062e+02	8.783667e+02	3.636792e-02	1.310400e-03	1.310400e-03
8.783667e+02	9.533204e+02	3.051668e-02	1.148438e-03	1.148438e-03
9.533204e+02	1.034670e+03	2.480946e-02	9.993548e-04	9.993548e-04
1.034670e+03	1.122962e+03	2.079052e-02	8.775842e-04	8.775842e-04
1.122962e+03	1.218787e+03	1.511095e-02	7.154612e-04	7.154612e-04
1.218787e+03	1.322790e+03	1.284465e-02	6.350103e-04	6.350103e-04
1.322790e+03	1.435668e+03	7.691166e-03	4.723488e-04	4.723488e-04
1.435668e+03	1.558178e+03	5.465211e-03	3.834245e-04	3.834245e-04
1.558178e+03	1.691142e+03	3.204422e-03	2.901230e-04	2.901230e-04
1.691142e+03	1.835452e+03	2.619496e-03	2.451973e-04	2.451973e-04
1.835452e+03	1.992077e+03	1.431757e-03	1.806419e-04	1.806419e-04
1.992077e+03	2.162067e+03	7.161309e-04	1.250072e-04	1.250072e-04
2.162067e+03	2.346563e+03	3.820040e-04	8.506500e-05	8.506500e-05
2.346563e+03	2.546802e+03	2.559785e-04	6.787656e-05	6.787656e-05
2.546802e+03	2.764129e+03	1.031850e-04	4.888941e-05	4.888941e-05
2.764129e+03	3.000000e+03	4.074543e-05	2.352439e-05	2.352439e-05
# END HISTO1D


# BEGIN HISTO1D //eos/home-y/yiyu/monobc/Rivet_New/X600_Qd300.yoda.gz/JetMETAnalysis/jet12_m
ErrorBars=1
LineColor=red
LineStyle=dashed
Path=//eos/home-y/yiyu/monobc/Rivet_New/X600_Qd300.yoda.gz/JetMETAnalysis/jet12_m
ScaledBy=1.69265217551531578e-05
Title=X600_Qd300
# xlow	 xhigh	 val	 errminus	 errplus
5.000000e+01	5.426665e+01	7.996088e-03	1.264292e-03	1.264292e-03
5.426665e+01	5.889739e+01	9.209247e-03	1.328177e-03	1.328177e-03
5.889739e+01	6.392328e+01	1.052163e-02	1.336249e-03	1.336249e-03
6.392328e+01	6.937805e+01	9.850736e-03	1.241076e-03	1.241076e-03
6.937805e+01	7.529829e+01	1.138131e-02	1.280498e-03	1.280498e-03
7.529829e+01	8.172373e+01	1.367222e-02	1.360180e-03	1.360180e-03
8.172373e+01	8.869746e+01	1.553256e-02	1.378292e-03	1.378292e-03
8.869746e+01	9.626628e+01	1.735389e-02	1.407469e-03	1.407469e-03
9.626628e+01	1.044810e+02	1.848126e-02	1.431161e-03	1.431161e-03
1.044810e+02	1.133967e+02	2.142876e-02	1.431769e-03	1.431769e-03
1.133967e+02	1.230731e+02	1.930345e-02	1.304406e-03	1.304406e-03
1.230731e+02	1.335753e+02	2.135895e-02	1.327027e-03	1.327027e-03
1.335753e+02	1.449737e+02	2.199925e-02	1.287379e-03	1.287379e-03
1.449737e+02	1.573448e+02	1.937326e-02	1.155712e-03	1.155712e-03
1.573448e+02	1.707715e+02	2.140746e-02	1.179899e-03	1.179899e-03
1.707715e+02	1.853439e+02	2.306055e-02	1.170586e-03	1.170586e-03
1.853439e+02	2.011599e+02	2.324262e-02	1.122152e-03	1.122152e-03
2.011599e+02	2.183255e+02	2.340273e-02	1.085187e-03	1.085187e-03
2.183255e+02	2.369559e+02	2.348550e-02	1.038929e-03	1.038929e-03
2.369559e+02	2.571760e+02	2.408559e-02	1.016739e-03	1.016739e-03
2.571760e+02	2.791217e+02	2.483453e-02	9.900963e-04	9.900963e-04
2.791217e+02	3.029400e+02	2.685685e-02	9.845883e-04	9.845883e-04
3.029400e+02	3.287907e+02	2.557019e-02	9.220569e-04	9.220569e-04
3.287907e+02	3.568475e+02	2.471479e-02	8.721001e-04	8.721001e-04
3.568475e+02	3.872983e+02	2.352801e-02	8.137239e-04	8.137239e-04
3.872983e+02	4.203477e+02	2.245227e-02	7.664349e-04	7.664349e-04
4.203477e+02	4.562172e+02	2.225641e-02	7.305757e-04	7.305757e-04
4.562172e+02	4.951476e+02	2.011214e-02	6.666857e-04	6.666857e-04
4.951476e+02	5.374001e+02	1.802618e-02	6.065911e-04	6.065911e-04
5.374001e+02	5.832581e+02	1.590214e-02	5.463801e-04	5.463801e-04
5.832581e+02	6.330293e+02	1.369220e-02	4.862106e-04	4.862106e-04
6.330293e+02	6.870476e+02	1.190515e-02	4.375667e-04	4.375667e-04
6.870476e+02	7.456754e+02	1.000897e-02	3.870950e-04	3.870950e-04
7.456754e+02	8.093062e+02	7.854794e-03	3.299692e-04	3.299692e-04
8.093062e+02	8.783667e+02	6.409767e-03	2.851271e-04	2.851271e-04
8.783667e+02	9.533204e+02	4.517539e-03	2.290019e-04	2.290019e-04
9.533204e+02	1.034670e+03	3.365536e-03	1.918985e-04	1.918985e-04
1.034670e+03	1.122962e+03	2.424694e-03	1.548637e-04	1.548637e-04
1.122962e+03	1.218787e+03	1.557628e-03	1.190837e-04	1.190837e-04
1.218787e+03	1.322790e+03	1.107114e-03	9.668654e-05	9.668654e-05
1.322790e+03	1.435668e+03	6.347088e-04	7.088210e-05	7.088210e-05
1.435668e+03	1.558178e+03	4.037950e-04	5.392730e-05	5.392730e-05
1.558178e+03	1.691142e+03	2.501699e-04	4.005925e-05	4.005925e-05
1.691142e+03	1.835452e+03	1.359365e-04	2.834471e-05	2.834471e-05
1.835452e+03	1.992077e+03	8.168358e-05	2.109061e-05	2.109061e-05
1.992077e+03	2.162067e+03	6.020913e-05	1.738088e-05	1.738088e-05
2.162067e+03	2.346563e+03	1.849173e-05	9.245866e-06	9.245866e-06
2.346563e+03	2.546802e+03	0.000000e+00	0.000000e+00	0.000000e+00
2.546802e+03	2.764129e+03	7.849117e-06	5.550165e-06	5.550165e-06
2.764129e+03	3.000000e+03	0.000000e+00	0.000000e+00	0.000000e+00
# END HISTO1D


# BEGIN HISTO1D //eos/home-y/yiyu/monobc/Rivet_New/X1200_Qd10.yoda.gz/JetMETAnalysis/jet12_m
ErrorBars=1
LineColor=blue
LineStyle=solid
Path=//eos/home-y/yiyu/monobc/Rivet_New/X1200_Qd10.yoda.gz/JetMETAnalysis/jet12_m
ScaledBy=1.46067922390884243e-05
Title=X1200_Qd10
# xlow	 xhigh	 val	 errminus	 errplus
5.000000e+01	5.426665e+01	1.239032e-04	6.195159e-05	6.195159e-05
5.426665e+01	5.889739e+01	5.708066e-05	4.036213e-05	4.036213e-05
5.889739e+01	6.392328e+01	2.629642e-04	9.109344e-05	9.109344e-05
6.392328e+01	6.937805e+01	1.453732e-04	6.852957e-05	6.852957e-05
6.937805e+01	7.529829e+01	3.348586e-04	8.646011e-05	8.646011e-05
7.529829e+01	8.172373e+01	3.085303e-04	8.480687e-05	8.480687e-05
8.172373e+01	8.869746e+01	4.927399e-04	9.663423e-05	9.663423e-05
8.869746e+01	9.626628e+01	3.492297e-04	8.554348e-05	8.554348e-05
9.626628e+01	1.044810e+02	2.413281e-04	7.372696e-05	7.372696e-05
1.044810e+02	1.133967e+02	2.964722e-04	6.952890e-05	6.952890e-05
1.133967e+02	1.230731e+02	4.643812e-04	9.059871e-05	9.059871e-05
1.230731e+02	1.335753e+02	4.152820e-04	7.444975e-05	7.444975e-05
1.335753e+02	1.449737e+02	5.217688e-04	8.753929e-05	8.753929e-05
1.449737e+02	1.573448e+02	6.409917e-04	8.809589e-05	8.809589e-05
1.573448e+02	1.707715e+02	6.890301e-04	8.913476e-05	8.913476e-05
1.707715e+02	1.853439e+02	7.074126e-04	8.699059e-05	8.699059e-05
1.853439e+02	2.011599e+02	7.353522e-04	8.521765e-05	8.521765e-05
2.011599e+02	2.183255e+02	9.393129e-04	9.044613e-05	9.044613e-05
2.183255e+02	2.369559e+02	9.718691e-04	8.831880e-05	8.831880e-05
2.369559e+02	2.571760e+02	9.346784e-04	8.084849e-05	8.084849e-05
2.571760e+02	2.791217e+02	1.282743e-03	9.073461e-05	9.073461e-05
2.791217e+02	3.029400e+02	1.026527e-03	7.983326e-05	7.983326e-05
3.029400e+02	3.287907e+02	1.099197e-03	7.969669e-05	7.969669e-05
3.287907e+02	3.568475e+02	1.366058e-03	8.320485e-05	8.320485e-05
3.568475e+02	3.872983e+02	1.102413e-03	7.236577e-05	7.236577e-05
3.872983e+02	4.203477e+02	1.315654e-03	7.406157e-05	7.406157e-05
4.203477e+02	4.562172e+02	1.363282e-03	7.295032e-05	7.295032e-05
4.562172e+02	4.951476e+02	1.337571e-03	7.023320e-05	7.023320e-05
4.951476e+02	5.374001e+02	1.366905e-03	6.888552e-05	6.888552e-05
5.374001e+02	5.832581e+02	1.438119e-03	6.666091e-05	6.666091e-05
5.832581e+02	6.330293e+02	1.441887e-03	6.477238e-05	6.477238e-05
6.330293e+02	6.870476e+02	1.631903e-03	6.624004e-05	6.624004e-05
6.870476e+02	7.456754e+02	1.458513e-03	5.959975e-05	5.959975e-05
7.456754e+02	8.093062e+02	1.609695e-03	6.108720e-05	6.108720e-05
8.093062e+02	8.783667e+02	1.559686e-03	5.699563e-05	5.699563e-05
8.783667e+02	9.533204e+02	1.523456e-03	5.324929e-05	5.324929e-05
9.533204e+02	1.034670e+03	1.447544e-03	5.031105e-05	5.031105e-05
1.034670e+03	1.122962e+03	1.375637e-03	4.731195e-05	4.731195e-05
1.122962e+03	1.218787e+03	1.195776e-03	4.333005e-05	4.333005e-05
1.218787e+03	1.322790e+03	1.217388e-03	4.117734e-05	4.117734e-05
1.322790e+03	1.435668e+03	1.051421e-03	3.642821e-05	3.642821e-05
1.435668e+03	1.558178e+03	9.579675e-04	3.321560e-05	3.321560e-05
1.558178e+03	1.691142e+03	7.534333e-04	2.914906e-05	2.914906e-05
1.691142e+03	1.835452e+03	5.742230e-04	2.472731e-05	2.472731e-05
1.835452e+03	1.992077e+03	4.615680e-04	2.126352e-05	2.126352e-05
1.992077e+03	2.162067e+03	3.024376e-04	1.719256e-05	1.719256e-05
2.162067e+03	2.346563e+03	2.356776e-04	1.368576e-05	1.368576e-05
2.346563e+03	2.546802e+03	1.254049e-04	1.047758e-05	1.047758e-05
2.546802e+03	2.764129e+03	8.574618e-05	8.448400e-06	8.448400e-06
2.764129e+03	3.000000e+03	4.146356e-05	5.982564e-06	5.982564e-06
# END HISTO1D


# BEGIN HISTO1D //eos/home-y/yiyu/monobc/Rivet_New/X1200_Qd600.yoda.gz/JetMETAnalysis/jet12_m
ErrorBars=1
LineColor=blue
LineStyle=dashed
Path=//eos/home-y/yiyu/monobc/Rivet_New/X1200_Qd600.yoda.gz/JetMETAnalysis/jet12_m
ScaledBy=1.47654297365515806e-05
Title=X1200_Qd600
# xlow	 xhigh	 val	 errminus	 errplus
5.000000e+01	5.426665e+01	2.469263e-05	1.425630e-05	1.425630e-05
5.426665e+01	5.889739e+01	5.308609e-05	2.275119e-05	2.275119e-05
5.889739e+01	6.392328e+01	1.048121e-04	2.706237e-05	2.706237e-05
6.392328e+01	6.937805e+01	1.158855e-04	2.731448e-05	2.731448e-05
6.937805e+01	7.529829e+01	7.118281e-05	2.219514e-05	2.219514e-05
7.529829e+01	8.172373e+01	9.291357e-05	2.253485e-05	2.253485e-05
8.172373e+01	8.869746e+01	1.812886e-04	3.104272e-05	3.104272e-05
8.869746e+01	9.626628e+01	1.484756e-04	2.783917e-05	2.783917e-05
9.626628e+01	1.044810e+02	1.667267e-04	2.669763e-05	2.669763e-05
1.044810e+02	1.133967e+02	1.536181e-04	2.582926e-05	2.582926e-05
1.133967e+02	1.230731e+02	2.286440e-04	2.926011e-05	2.926011e-05
1.230731e+02	1.335753e+02	2.240411e-04	2.777649e-05	2.777649e-05
1.335753e+02	1.449737e+02	2.803694e-04	3.096349e-05	3.096349e-05
1.449737e+02	1.573448e+02	3.633581e-04	3.286073e-05	3.286073e-05
1.573448e+02	1.707715e+02	3.426377e-04	3.016405e-05	3.016405e-05
1.707715e+02	1.853439e+02	3.373884e-04	2.971145e-05	2.971145e-05
1.853439e+02	2.011599e+02	3.685909e-04	3.092697e-05	3.092697e-05
2.011599e+02	2.183255e+02	4.091703e-04	3.102688e-05	3.102688e-05
2.183255e+02	2.369559e+02	3.901946e-04	2.840036e-05	2.840036e-05
2.369559e+02	2.571760e+02	3.820960e-04	2.712969e-05	2.712969e-05
2.571760e+02	2.791217e+02	4.064596e-04	2.658510e-05	2.658510e-05
2.791217e+02	3.029400e+02	4.128387e-04	2.612686e-05	2.612686e-05
3.029400e+02	3.287907e+02	4.591744e-04	2.541528e-05	2.541528e-05
3.287907e+02	3.568475e+02	4.656269e-04	2.484524e-05	2.484524e-05
3.568475e+02	3.872983e+02	4.797641e-04	2.473508e-05	2.473508e-05
3.872983e+02	4.203477e+02	5.015468e-04	2.394977e-05	2.394977e-05
4.203477e+02	4.562172e+02	5.551251e-04	2.459362e-05	2.459362e-05
4.562172e+02	4.951476e+02	5.331284e-04	2.290995e-05	2.290995e-05
4.951476e+02	5.374001e+02	6.200398e-04	2.368420e-05	2.368420e-05
5.374001e+02	5.832581e+02	5.705244e-04	2.172781e-05	2.172781e-05
5.832581e+02	6.330293e+02	5.849377e-04	2.096696e-05	2.096696e-05
6.330293e+02	6.870476e+02	5.181440e-04	1.929657e-05	1.929657e-05
6.870476e+02	7.456754e+02	5.528805e-04	1.904606e-05	1.904606e-05
7.456754e+02	8.093062e+02	5.160328e-04	1.763513e-05	1.763513e-05
8.093062e+02	8.783667e+02	4.739356e-04	1.627247e-05	1.627247e-05
8.783667e+02	9.533204e+02	4.193369e-04	1.470477e-05	1.470477e-05
9.533204e+02	1.034670e+03	3.962966e-04	1.374664e-05	1.374664e-05
1.034670e+03	1.122962e+03	3.524078e-04	1.241341e-05	1.241341e-05
1.122962e+03	1.218787e+03	2.876894e-04	1.070357e-05	1.070357e-05
1.218787e+03	1.322790e+03	2.387298e-04	9.496761e-06	9.496761e-06
1.322790e+03	1.435668e+03	1.826258e-04	8.142713e-06	8.142713e-06
1.435668e+03	1.558178e+03	1.470547e-04	7.015765e-06	7.015765e-06
1.558178e+03	1.691142e+03	8.108443e-05	5.328393e-06	5.328393e-06
1.691142e+03	1.835452e+03	6.205501e-05	4.319087e-06	4.319087e-06
1.835452e+03	1.992077e+03	4.282579e-05	3.538113e-06	3.538113e-06
1.992077e+03	2.162067e+03	2.541059e-05	2.637568e-06	2.637568e-06
2.162067e+03	2.346563e+03	1.351464e-05	1.795731e-06	1.795731e-06
2.346563e+03	2.546802e+03	5.787599e-06	1.202357e-06	1.202357e-06
2.546802e+03	2.764129e+03	3.716613e-06	1.009141e-06	1.009141e-06
2.764129e+03	3.000000e+03	-1.488876e-07	6.138794e-07	6.138794e-07
# END HISTO1D


# BEGIN HISTO1D //eos/home-y/yiyu/monobc/Rivet_New/X2000_Qd10.yoda.gz/JetMETAnalysis/jet12_m
ErrorBars=1
LineColor=violet
LineStyle=solid
Path=//eos/home-y/yiyu/monobc/Rivet_New/X2000_Qd10.yoda.gz/JetMETAnalysis/jet12_m
ScaledBy=1.31016479847955093e-05
Title=X2000_Qd10
# xlow	 xhigh	 val	 errminus	 errplus
5.000000e+01	5.426665e+01	1.839331e-06	1.300603e-06	1.300603e-06
5.426665e+01	5.889739e+01	4.236785e-06	1.894748e-06	1.894748e-06
5.889739e+01	6.392328e+01	7.807356e-07	7.807355e-07	7.807355e-07
6.392328e+01	6.937805e+01	2.158051e-06	1.245951e-06	1.245951e-06
6.937805e+01	7.529829e+01	3.313962e-06	1.482049e-06	1.482049e-06
7.529829e+01	8.172373e+01	2.442721e-06	1.727266e-06	1.727266e-06
8.172373e+01	8.869746e+01	8.440011e-06	2.179202e-06	2.179202e-06
8.869746e+01	9.626628e+01	7.257997e-06	1.939781e-06	1.939781e-06
9.626628e+01	1.044810e+02	7.642652e-06	2.136186e-06	2.136186e-06
1.044810e+02	1.133967e+02	7.041763e-06	1.867230e-06	1.867230e-06
1.133967e+02	1.230731e+02	8.110229e-06	2.221078e-06	2.221078e-06
1.230731e+02	1.335753e+02	1.008790e-05	2.080259e-06	2.080259e-06
1.335753e+02	1.449737e+02	7.573484e-06	1.885531e-06	1.885531e-06
1.449737e+02	1.573448e+02	7.612369e-06	1.955242e-06	1.955242e-06
1.573448e+02	1.707715e+02	1.110533e-05	2.066487e-06	2.066487e-06
1.707715e+02	1.853439e+02	9.693674e-06	1.904017e-06	1.904017e-06
1.853439e+02	2.011599e+02	8.931468e-06	1.645685e-06	1.645685e-06
2.011599e+02	2.183255e+02	1.005798e-05	1.857077e-06	1.857077e-06
2.183255e+02	2.369559e+02	8.424704e-06	1.576118e-06	1.576118e-06
2.369559e+02	2.571760e+02	8.732652e-06	1.702860e-06	1.702860e-06
2.571760e+02	2.791217e+02	1.233720e-05	1.760976e-06	1.760976e-06
2.791217e+02	3.029400e+02	1.334416e-05	1.781965e-06	1.781965e-06
3.029400e+02	3.287907e+02	1.047355e-05	1.627772e-06	1.627772e-06
3.287907e+02	3.568475e+02	9.370302e-06	1.600716e-06	1.600716e-06
3.568475e+02	3.872983e+02	1.017994e-05	1.655237e-06	1.655237e-06
3.872983e+02	4.203477e+02	1.116044e-05	1.584030e-06	1.584030e-06
4.203477e+02	4.562172e+02	1.126753e-05	1.640903e-06	1.640903e-06
4.562172e+02	4.951476e+02	1.159113e-05	1.443129e-06	1.443129e-06
4.951476e+02	5.374001e+02	1.160846e-05	1.453609e-06	1.453609e-06
5.374001e+02	5.832581e+02	1.026793e-05	1.421531e-06	1.421531e-06
5.832581e+02	6.330293e+02	1.048553e-05	1.390334e-06	1.390334e-06
6.330293e+02	6.870476e+02	1.198560e-05	1.372493e-06	1.372493e-06
6.870476e+02	7.456754e+02	1.204719e-05	1.338577e-06	1.338577e-06
7.456754e+02	8.093062e+02	1.344330e-05	1.339740e-06	1.339740e-06
8.093062e+02	8.783667e+02	1.772727e-05	1.295653e-06	1.295653e-06
8.783667e+02	9.533204e+02	1.696168e-05	1.342879e-06	1.342879e-06
9.533204e+02	1.034670e+03	1.794338e-05	1.244797e-06	1.244797e-06
1.034670e+03	1.122962e+03	1.684360e-05	1.224381e-06	1.224381e-06
1.122962e+03	1.218787e+03	1.576518e-05	1.157475e-06	1.157475e-06
1.218787e+03	1.322790e+03	1.671379e-05	1.121118e-06	1.121118e-06
1.322790e+03	1.435668e+03	1.772873e-05	1.074822e-06	1.074822e-06
1.435668e+03	1.558178e+03	1.431703e-05	9.856446e-07	9.856446e-07
1.558178e+03	1.691142e+03	1.407671e-05	9.392638e-07	9.392638e-07
1.691142e+03	1.835452e+03	1.362254e-05	8.814990e-07	8.814990e-07
1.835452e+03	1.992077e+03	1.137396e-05	8.339226e-07	8.339226e-07
1.992077e+03	2.162067e+03	1.061821e-05	7.248230e-07	7.248230e-07
2.162067e+03	2.346563e+03	7.911754e-06	6.630758e-07	6.630758e-07
2.346563e+03	2.546802e+03	6.701846e-06	5.699718e-07	5.699718e-07
2.546802e+03	2.764129e+03	4.531865e-06	4.827878e-07	4.827878e-07
2.764129e+03	3.000000e+03	2.462091e-06	3.971731e-07	3.971731e-07
# END HISTO1D


# BEGIN HISTO1D //eos/home-y/yiyu/monobc/Rivet_New/X2000_Qd1000.yoda.gz/JetMETAnalysis/jet12_m
ErrorBars=1
LineColor=violet
LineStyle=dashed
Path=//eos/home-y/yiyu/monobc/Rivet_New/X2000_Qd1000.yoda.gz/JetMETAnalysis/jet12_m
ScaledBy=1.43058175444126944e-05
Title=X2000_Qd1000
# xlow	 xhigh	 val	 errminus	 errplus
5.000000e+01	5.426665e+01	0.000000e+00	-nan	-nan
5.426665e+01	5.889739e+01	8.420544e-07	4.210272e-07	4.210272e-07
5.889739e+01	6.392328e+01	1.939624e-07	1.939624e-07	1.939624e-07
6.392328e+01	6.937805e+01	5.361364e-07	3.095385e-07	3.095385e-07
6.937805e+01	7.529829e+01	-1.646612e-07	3.681936e-07	3.681936e-07
7.529829e+01	8.172373e+01	1.062003e-06	4.013994e-07	4.013994e-07
8.172373e+01	8.869746e+01	5.591463e-07	4.420439e-07	4.420439e-07
8.869746e+01	9.626628e+01	6.439799e-07	4.271680e-07	4.271680e-07
9.626628e+01	1.044810e+02	1.424029e-06	4.746765e-07	4.746765e-07
1.044810e+02	1.133967e+02	5.466949e-07	4.765976e-07	4.765976e-07
1.133967e+02	1.230731e+02	1.611895e-06	5.698908e-07	5.698908e-07
1.230731e+02	1.335753e+02	1.299506e-06	4.911671e-07	4.911671e-07
1.335753e+02	1.449737e+02	1.453903e-06	4.605594e-07	4.605594e-07
1.449737e+02	1.573448e+02	1.812383e-06	4.661828e-07	4.661828e-07
1.573448e+02	1.707715e+02	9.438537e-07	4.648932e-07	4.648932e-07
1.707715e+02	1.853439e+02	1.204126e-06	3.900667e-07	3.900667e-07
1.853439e+02	2.011599e+02	1.787442e-06	4.571042e-07	4.571042e-07
2.011599e+02	2.183255e+02	1.817279e-06	4.885257e-07	4.885257e-07
2.183255e+02	2.369559e+02	2.668570e-06	4.767025e-07	4.767025e-07
2.369559e+02	2.571760e+02	2.458767e-06	5.518015e-07	5.518015e-07
2.571760e+02	2.791217e+02	3.064998e-06	4.926445e-07	4.926445e-07
2.791217e+02	3.029400e+02	3.028667e-06	5.429703e-07	5.429703e-07
3.029400e+02	3.287907e+02	3.129942e-06	5.101334e-07	5.101334e-07
3.287907e+02	3.568475e+02	4.169399e-06	5.246381e-07	5.246381e-07
3.568475e+02	3.872983e+02	4.097715e-06	4.833918e-07	4.833918e-07
3.872983e+02	4.203477e+02	3.539550e-06	4.792575e-07	4.792575e-07
4.203477e+02	4.562172e+02	4.429889e-06	4.944464e-07	4.944464e-07
4.562172e+02	4.951476e+02	4.407114e-06	4.589985e-07	4.589985e-07
4.951476e+02	5.374001e+02	4.568182e-06	4.497487e-07	4.497487e-07
5.374001e+02	5.832581e+02	5.038065e-06	4.494374e-07	4.494374e-07
5.832581e+02	6.330293e+02	4.602780e-06	4.322320e-07	4.322320e-07
6.330293e+02	6.870476e+02	5.828975e-06	4.446148e-07	4.446148e-07
6.870476e+02	7.456754e+02	5.869507e-06	4.248968e-07	4.248968e-07
7.456754e+02	8.093062e+02	5.362054e-06	4.105115e-07	4.105115e-07
8.093062e+02	8.783667e+02	5.448640e-06	3.916933e-07	3.916933e-07
8.783667e+02	9.533204e+02	5.358395e-06	3.818485e-07	3.818485e-07
9.533204e+02	1.034670e+03	5.620151e-06	3.798902e-07	3.798902e-07
1.034670e+03	1.122962e+03	5.906945e-06	3.475730e-07	3.475730e-07
1.122962e+03	1.218787e+03	5.666396e-06	3.396949e-07	3.396949e-07
1.218787e+03	1.322790e+03	4.386625e-06	3.054547e-07	3.054547e-07
1.322790e+03	1.435668e+03	4.231724e-06	2.830241e-07	2.830241e-07
1.435668e+03	1.558178e+03	3.922888e-06	2.599209e-07	2.599209e-07
1.558178e+03	1.691142e+03	3.269876e-06	2.355246e-07	2.355246e-07
1.691142e+03	1.835452e+03	2.877688e-06	2.095181e-07	2.095181e-07
1.835452e+03	1.992077e+03	1.873423e-06	1.815659e-07	1.815659e-07
1.992077e+03	2.162067e+03	1.278828e-06	1.531271e-07	1.531271e-07
2.162067e+03	2.346563e+03	8.189836e-07	1.233508e-07	1.233508e-07
2.346563e+03	2.546802e+03	4.235465e-07	1.020033e-07	1.020033e-07
2.546802e+03	2.764129e+03	2.153070e-07	8.123697e-08	8.123697e-08
2.764129e+03	3.000000e+03	6.612657e-08	6.045926e-08	6.045926e-08
# END HISTO1D

