# BEGIN PLOT
Legend=1
LogY=1
LegendPlacement=manual
LegendAlign=r
LegendXPos=1.36
RightMargin=3.7
Title=Jet $\phi$ distribution
XLabel=$\phi^\mathrm{jet}$ [rad]
YLabel=$\mathrm{d}\sigma/\mathrm{d}\phi^\mathrm{jet}$ [pb/rad]
XMin=0
DrawOnly=//eos/home-y/yiyu/monobc/Rivet_New/X600_Qd10.yoda.gz/JetMETAnalysis/jet_phi //eos/home-y/yiyu/monobc/Rivet_New/X600_Qd300.yoda.gz/JetMETAnalysis/jet_phi //eos/home-y/yiyu/monobc/Rivet_New/X1200_Qd10.yoda.gz/JetMETAnalysis/jet_phi //eos/home-y/yiyu/monobc/Rivet_New/X1200_Qd600.yoda.gz/JetMETAnalysis/jet_phi //eos/home-y/yiyu/monobc/Rivet_New/X2000_Qd10.yoda.gz/JetMETAnalysis/jet_phi //eos/home-y/yiyu/monobc/Rivet_New/X2000_Qd1000.yoda.gz/JetMETAnalysis/jet_phi
LegendOnly=//eos/home-y/yiyu/monobc/Rivet_New/X600_Qd10.yoda.gz/JetMETAnalysis/jet_phi //eos/home-y/yiyu/monobc/Rivet_New/X600_Qd300.yoda.gz/JetMETAnalysis/jet_phi //eos/home-y/yiyu/monobc/Rivet_New/X1200_Qd10.yoda.gz/JetMETAnalysis/jet_phi //eos/home-y/yiyu/monobc/Rivet_New/X1200_Qd600.yoda.gz/JetMETAnalysis/jet_phi //eos/home-y/yiyu/monobc/Rivet_New/X2000_Qd10.yoda.gz/JetMETAnalysis/jet_phi //eos/home-y/yiyu/monobc/Rivet_New/X2000_Qd1000.yoda.gz/JetMETAnalysis/jet_phi
RatioPlot=1
RatioPlotReference=//eos/home-y/yiyu/monobc/Rivet_New/X600_Qd10.yoda.gz/JetMETAnalysis/jet_phi
RatioPlotYLabel=Ratio
# END PLOT

# BEGIN HISTO1D //eos/home-y/yiyu/monobc/Rivet_New/X600_Qd10.yoda.gz/JetMETAnalysis/jet_phi
ErrorBars=1
LineColor=red
LineStyle=solid
Path=//eos/home-y/yiyu/monobc/Rivet_New/X600_Qd10.yoda.gz/JetMETAnalysis/jet_phi
ScaledBy=6.58186216892465549e-06
Title=X600_Qd10
# xlow	 xhigh	 val	 errminus	 errplus
-3.141593e+00	-3.015929e+00	0.000000e+00	0.000000e+00	0.000000e+00
-3.015929e+00	-2.890265e+00	0.000000e+00	0.000000e+00	0.000000e+00
-2.890265e+00	-2.764602e+00	0.000000e+00	0.000000e+00	0.000000e+00
-2.764602e+00	-2.638938e+00	0.000000e+00	0.000000e+00	0.000000e+00
-2.638938e+00	-2.513274e+00	0.000000e+00	0.000000e+00	0.000000e+00
-2.513274e+00	-2.387610e+00	0.000000e+00	0.000000e+00	0.000000e+00
-2.387610e+00	-2.261947e+00	0.000000e+00	0.000000e+00	0.000000e+00
-2.261947e+00	-2.136283e+00	0.000000e+00	0.000000e+00	0.000000e+00
-2.136283e+00	-2.010619e+00	0.000000e+00	0.000000e+00	0.000000e+00
-2.010619e+00	-1.884956e+00	0.000000e+00	0.000000e+00	0.000000e+00
-1.884956e+00	-1.759292e+00	0.000000e+00	0.000000e+00	0.000000e+00
-1.759292e+00	-1.633628e+00	0.000000e+00	0.000000e+00	0.000000e+00
-1.633628e+00	-1.507964e+00	0.000000e+00	0.000000e+00	0.000000e+00
-1.507964e+00	-1.382301e+00	0.000000e+00	0.000000e+00	0.000000e+00
-1.382301e+00	-1.256637e+00	0.000000e+00	0.000000e+00	0.000000e+00
-1.256637e+00	-1.130973e+00	0.000000e+00	0.000000e+00	0.000000e+00
-1.130973e+00	-1.005310e+00	0.000000e+00	0.000000e+00	0.000000e+00
-1.005310e+00	-8.796459e-01	0.000000e+00	0.000000e+00	0.000000e+00
-8.796459e-01	-7.539822e-01	0.000000e+00	0.000000e+00	0.000000e+00
-7.539822e-01	-6.283185e-01	0.000000e+00	0.000000e+00	0.000000e+00
-6.283185e-01	-5.026548e-01	0.000000e+00	0.000000e+00	0.000000e+00
-5.026548e-01	-3.769911e-01	0.000000e+00	0.000000e+00	0.000000e+00
-3.769911e-01	-2.513274e-01	0.000000e+00	0.000000e+00	0.000000e+00
-2.513274e-01	-1.256637e-01	0.000000e+00	0.000000e+00	0.000000e+00
-1.256637e-01	4.440892e-16	0.000000e+00	0.000000e+00	0.000000e+00
4.440892e-16	1.256637e-01	9.100385e+00	3.008154e-01	3.008154e-01
1.256637e-01	2.513274e-01	9.903648e+00	3.136217e-01	3.136217e-01
2.513274e-01	3.769911e-01	9.364876e+00	3.066600e-01	3.066600e-01
3.769911e-01	5.026548e-01	9.423652e+00	3.069728e-01	3.069728e-01
5.026548e-01	6.283185e-01	9.286508e+00	3.050915e-01	3.050915e-01
6.283185e-01	7.539822e-01	9.276712e+00	3.039886e-01	3.039886e-01
7.539822e-01	8.796459e-01	9.472632e+00	3.055629e-01	3.055629e-01
8.796459e-01	1.005310e+00	9.149335e+00	3.028808e-01	3.028808e-01
1.005310e+00	1.130973e+00	9.041659e+00	3.004979e-01	3.004979e-01
1.130973e+00	1.256637e+00	9.208118e+00	3.035140e-01	3.035140e-01
1.256637e+00	1.382301e+00	8.669348e+00	2.950168e-01	2.950168e-01
1.382301e+00	1.507964e+00	8.875134e+00	2.968027e-01	2.968027e-01
1.507964e+00	1.633628e+00	8.963219e+00	2.985733e-01	2.985733e-01
1.633628e+00	1.759292e+00	9.345262e+00	3.044610e-01	3.044610e-01
1.759292e+00	1.884956e+00	9.188527e+00	3.038300e-01	3.038300e-01
1.884956e+00	2.010619e+00	9.306152e+00	3.035164e-01	3.035164e-01
2.010619e+00	2.136283e+00	9.599957e+00	3.097727e-01	3.097727e-01
2.136283e+00	2.261947e+00	8.865268e+00	2.972849e-01	2.972849e-01
2.261947e+00	2.387610e+00	9.149416e+00	3.035164e-01	3.035164e-01
2.387610e+00	2.513274e+00	9.413834e+00	3.065028e-01	3.065028e-01
2.513274e+00	2.638938e+00	8.943627e+00	2.988946e-01	2.988946e-01
2.638938e+00	2.764602e+00	9.129751e+00	3.019291e-01	3.019291e-01
2.764602e+00	2.890265e+00	9.364928e+00	3.057215e-01	3.057215e-01
2.890265e+00	3.015929e+00	9.217914e+00	3.043034e-01	3.043034e-01
3.015929e+00	3.141593e+00	9.266894e+00	3.047760e-01	3.047760e-01
# END HISTO1D


# BEGIN HISTO1D //eos/home-y/yiyu/monobc/Rivet_New/X600_Qd300.yoda.gz/JetMETAnalysis/jet_phi
ErrorBars=1
LineColor=red
LineStyle=dashed
Path=//eos/home-y/yiyu/monobc/Rivet_New/X600_Qd300.yoda.gz/JetMETAnalysis/jet_phi
ScaledBy=6.75488147457291174e-06
Title=X600_Qd300
# xlow	 xhigh	 val	 errminus	 errplus
-3.141593e+00	-3.015929e+00	0.000000e+00	0.000000e+00	0.000000e+00
-3.015929e+00	-2.890265e+00	0.000000e+00	0.000000e+00	0.000000e+00
-2.890265e+00	-2.764602e+00	0.000000e+00	0.000000e+00	0.000000e+00
-2.764602e+00	-2.638938e+00	0.000000e+00	0.000000e+00	0.000000e+00
-2.638938e+00	-2.513274e+00	0.000000e+00	0.000000e+00	0.000000e+00
-2.513274e+00	-2.387610e+00	0.000000e+00	0.000000e+00	0.000000e+00
-2.387610e+00	-2.261947e+00	0.000000e+00	0.000000e+00	0.000000e+00
-2.261947e+00	-2.136283e+00	0.000000e+00	0.000000e+00	0.000000e+00
-2.136283e+00	-2.010619e+00	0.000000e+00	0.000000e+00	0.000000e+00
-2.010619e+00	-1.884956e+00	0.000000e+00	0.000000e+00	0.000000e+00
-1.884956e+00	-1.759292e+00	0.000000e+00	0.000000e+00	0.000000e+00
-1.759292e+00	-1.633628e+00	0.000000e+00	0.000000e+00	0.000000e+00
-1.633628e+00	-1.507964e+00	0.000000e+00	0.000000e+00	0.000000e+00
-1.507964e+00	-1.382301e+00	0.000000e+00	0.000000e+00	0.000000e+00
-1.382301e+00	-1.256637e+00	0.000000e+00	0.000000e+00	0.000000e+00
-1.256637e+00	-1.130973e+00	0.000000e+00	0.000000e+00	0.000000e+00
-1.130973e+00	-1.005310e+00	0.000000e+00	0.000000e+00	0.000000e+00
-1.005310e+00	-8.796459e-01	0.000000e+00	0.000000e+00	0.000000e+00
-8.796459e-01	-7.539822e-01	0.000000e+00	0.000000e+00	0.000000e+00
-7.539822e-01	-6.283185e-01	0.000000e+00	0.000000e+00	0.000000e+00
-6.283185e-01	-5.026548e-01	0.000000e+00	0.000000e+00	0.000000e+00
-5.026548e-01	-3.769911e-01	0.000000e+00	0.000000e+00	0.000000e+00
-3.769911e-01	-2.513274e-01	0.000000e+00	0.000000e+00	0.000000e+00
-2.513274e-01	-1.256637e-01	0.000000e+00	0.000000e+00	0.000000e+00
-1.256637e-01	4.440892e-16	0.000000e+00	0.000000e+00	0.000000e+00
4.440892e-16	1.256637e-01	2.310435e+00	8.002982e-02	8.002982e-02
1.256637e-01	2.513274e-01	2.627341e+00	8.479255e-02	8.479255e-02
2.513274e-01	3.769911e-01	2.445865e+00	8.228973e-02	8.228973e-02
3.769911e-01	5.026548e-01	2.364607e+00	8.066896e-02	8.066896e-02
5.026548e-01	6.283185e-01	2.356481e+00	8.025869e-02	8.025869e-02
6.283185e-01	7.539822e-01	2.462117e+00	8.228973e-02	8.228973e-02
7.539822e-01	8.796459e-01	2.421488e+00	8.161833e-02	8.161833e-02
8.796459e-01	1.005310e+00	2.361891e+00	8.053219e-02	8.053219e-02
1.005310e+00	1.130973e+00	2.405249e+00	8.098710e-02	8.098710e-02
1.130973e+00	1.256637e+00	2.443151e+00	8.179771e-02	8.179771e-02
1.256637e+00	1.382301e+00	2.397104e+00	8.121263e-02	8.121263e-02
1.382301e+00	1.507964e+00	2.521720e+00	8.335319e-02	8.335319e-02
1.507964e+00	1.633628e+00	2.567746e+00	8.401006e-02	8.401006e-02
1.633628e+00	1.759292e+00	2.388979e+00	8.107699e-02	8.107699e-02
1.759292e+00	1.884956e+00	2.489197e+00	8.299968e-02	8.299968e-02
1.884956e+00	2.010619e+00	2.405249e+00	8.170862e-02	8.170862e-02
2.010619e+00	2.136283e+00	2.529826e+00	8.322038e-02	8.322038e-02
2.136283e+00	2.261947e+00	2.348350e+00	8.012125e-02	8.012125e-02
2.261947e+00	2.387610e+00	2.619230e+00	8.474977e-02	8.474977e-02
2.387610e+00	2.513274e+00	2.348350e+00	8.012125e-02	8.012125e-02
2.513274e+00	2.638938e+00	2.554202e+00	8.361615e-02	8.361615e-02
2.638938e+00	2.764602e+00	2.483780e+00	8.299968e-02	8.299968e-02
2.764602e+00	2.890265e+00	2.424210e+00	8.193276e-02	8.193276e-02
2.890265e+00	3.015929e+00	2.532534e+00	8.361615e-02	8.361615e-02
3.015929e+00	3.141593e+00	2.467528e+00	8.202160e-02	8.202160e-02
# END HISTO1D


# BEGIN HISTO1D //eos/home-y/yiyu/monobc/Rivet_New/X1200_Qd10.yoda.gz/JetMETAnalysis/jet_phi
ErrorBars=1
LineColor=blue
LineStyle=solid
Path=//eos/home-y/yiyu/monobc/Rivet_New/X1200_Qd10.yoda.gz/JetMETAnalysis/jet_phi
ScaledBy=5.27184109663249990e-06
Title=X1200_Qd10
# xlow	 xhigh	 val	 errminus	 errplus
-3.141593e+00	-3.015929e+00	0.000000e+00	0.000000e+00	0.000000e+00
-3.015929e+00	-2.890265e+00	0.000000e+00	0.000000e+00	0.000000e+00
-2.890265e+00	-2.764602e+00	0.000000e+00	0.000000e+00	0.000000e+00
-2.764602e+00	-2.638938e+00	0.000000e+00	0.000000e+00	0.000000e+00
-2.638938e+00	-2.513274e+00	0.000000e+00	0.000000e+00	0.000000e+00
-2.513274e+00	-2.387610e+00	0.000000e+00	0.000000e+00	0.000000e+00
-2.387610e+00	-2.261947e+00	0.000000e+00	0.000000e+00	0.000000e+00
-2.261947e+00	-2.136283e+00	0.000000e+00	0.000000e+00	0.000000e+00
-2.136283e+00	-2.010619e+00	0.000000e+00	0.000000e+00	0.000000e+00
-2.010619e+00	-1.884956e+00	0.000000e+00	0.000000e+00	0.000000e+00
-1.884956e+00	-1.759292e+00	0.000000e+00	0.000000e+00	0.000000e+00
-1.759292e+00	-1.633628e+00	0.000000e+00	0.000000e+00	0.000000e+00
-1.633628e+00	-1.507964e+00	0.000000e+00	0.000000e+00	0.000000e+00
-1.507964e+00	-1.382301e+00	0.000000e+00	0.000000e+00	0.000000e+00
-1.382301e+00	-1.256637e+00	0.000000e+00	0.000000e+00	0.000000e+00
-1.256637e+00	-1.130973e+00	0.000000e+00	0.000000e+00	0.000000e+00
-1.130973e+00	-1.005310e+00	0.000000e+00	0.000000e+00	0.000000e+00
-1.005310e+00	-8.796459e-01	0.000000e+00	0.000000e+00	0.000000e+00
-8.796459e-01	-7.539822e-01	0.000000e+00	0.000000e+00	0.000000e+00
-7.539822e-01	-6.283185e-01	0.000000e+00	0.000000e+00	0.000000e+00
-6.283185e-01	-5.026548e-01	0.000000e+00	0.000000e+00	0.000000e+00
-5.026548e-01	-3.769911e-01	0.000000e+00	0.000000e+00	0.000000e+00
-3.769911e-01	-2.513274e-01	0.000000e+00	0.000000e+00	0.000000e+00
-2.513274e-01	-1.256637e-01	0.000000e+00	0.000000e+00	0.000000e+00
-1.256637e-01	4.440892e-16	0.000000e+00	0.000000e+00	0.000000e+00
4.440892e-16	1.256637e-01	3.511145e-01	1.212886e-02	1.212886e-02
1.256637e-01	2.513274e-01	3.423842e-01	1.196741e-02	1.196741e-02
2.513274e-01	3.769911e-01	3.427637e-01	1.199747e-02	1.199747e-02
3.769911e-01	5.026548e-01	3.833791e-01	1.256644e-02	1.256644e-02
5.026548e-01	6.283185e-01	3.606041e-01	1.242809e-02	1.242809e-02
6.283185e-01	7.539822e-01	3.450412e-01	1.232916e-02	1.232916e-02
7.539822e-01	8.796459e-01	3.712324e-01	1.263505e-02	1.263505e-02
8.796459e-01	1.005310e+00	3.735087e-01	1.242805e-02	1.242805e-02
1.005310e+00	1.130973e+00	3.723733e-01	1.249176e-02	1.249176e-02
1.130973e+00	1.256637e+00	3.511137e-01	1.223528e-02	1.223528e-02
1.256637e+00	1.382301e+00	3.469383e-01	1.208718e-02	1.208718e-02
1.382301e+00	1.507964e+00	3.636428e-01	1.237006e-02	1.237006e-02
1.507964e+00	1.633628e+00	3.738886e-01	1.236414e-02	1.236414e-02
1.633628e+00	1.759292e+00	3.678154e-01	1.251471e-02	1.251471e-02
1.759292e+00	1.884956e+00	3.480770e-01	1.209314e-02	1.209314e-02
1.884956e+00	2.010619e+00	3.647816e-01	1.237588e-02	1.237588e-02
2.010619e+00	2.136283e+00	3.871741e-01	1.290580e-02	1.290580e-02
2.136283e+00	2.261947e+00	3.492158e-01	1.217034e-02	1.217034e-02
2.261947e+00	2.387610e+00	3.442840e-01	1.212893e-02	1.212893e-02
2.387610e+00	2.513274e+00	3.681949e-01	1.260076e-02	1.260076e-02
2.513274e+00	2.638938e+00	3.401058e-01	1.208718e-02	1.208718e-02
2.638938e+00	2.764602e+00	3.625012e-01	1.227055e-02	1.227055e-02
2.764602e+00	2.890265e+00	3.465614e-01	1.222359e-02	1.222359e-02
2.890265e+00	3.015929e+00	3.678154e-01	1.249166e-02	1.249166e-02
3.015929e+00	3.141593e+00	3.594645e-01	1.221170e-02	1.221170e-02
# END HISTO1D


# BEGIN HISTO1D //eos/home-y/yiyu/monobc/Rivet_New/X1200_Qd600.yoda.gz/JetMETAnalysis/jet_phi
ErrorBars=1
LineColor=blue
LineStyle=dashed
Path=//eos/home-y/yiyu/monobc/Rivet_New/X1200_Qd600.yoda.gz/JetMETAnalysis/jet_phi
ScaledBy=5.56166359358329485e-06
Title=X1200_Qd600
# xlow	 xhigh	 val	 errminus	 errplus
-3.141593e+00	-3.015929e+00	0.000000e+00	0.000000e+00	0.000000e+00
-3.015929e+00	-2.890265e+00	0.000000e+00	0.000000e+00	0.000000e+00
-2.890265e+00	-2.764602e+00	0.000000e+00	0.000000e+00	0.000000e+00
-2.764602e+00	-2.638938e+00	0.000000e+00	0.000000e+00	0.000000e+00
-2.638938e+00	-2.513274e+00	0.000000e+00	0.000000e+00	0.000000e+00
-2.513274e+00	-2.387610e+00	0.000000e+00	0.000000e+00	0.000000e+00
-2.387610e+00	-2.261947e+00	0.000000e+00	0.000000e+00	0.000000e+00
-2.261947e+00	-2.136283e+00	0.000000e+00	0.000000e+00	0.000000e+00
-2.136283e+00	-2.010619e+00	0.000000e+00	0.000000e+00	0.000000e+00
-2.010619e+00	-1.884956e+00	0.000000e+00	0.000000e+00	0.000000e+00
-1.884956e+00	-1.759292e+00	0.000000e+00	0.000000e+00	0.000000e+00
-1.759292e+00	-1.633628e+00	0.000000e+00	0.000000e+00	0.000000e+00
-1.633628e+00	-1.507964e+00	0.000000e+00	0.000000e+00	0.000000e+00
-1.507964e+00	-1.382301e+00	0.000000e+00	0.000000e+00	0.000000e+00
-1.382301e+00	-1.256637e+00	0.000000e+00	0.000000e+00	0.000000e+00
-1.256637e+00	-1.130973e+00	0.000000e+00	0.000000e+00	0.000000e+00
-1.130973e+00	-1.005310e+00	0.000000e+00	0.000000e+00	0.000000e+00
-1.005310e+00	-8.796459e-01	0.000000e+00	0.000000e+00	0.000000e+00
-8.796459e-01	-7.539822e-01	0.000000e+00	0.000000e+00	0.000000e+00
-7.539822e-01	-6.283185e-01	0.000000e+00	0.000000e+00	0.000000e+00
-6.283185e-01	-5.026548e-01	0.000000e+00	0.000000e+00	0.000000e+00
-5.026548e-01	-3.769911e-01	0.000000e+00	0.000000e+00	0.000000e+00
-3.769911e-01	-2.513274e-01	0.000000e+00	0.000000e+00	0.000000e+00
-2.513274e-01	-1.256637e-01	0.000000e+00	0.000000e+00	0.000000e+00
-1.256637e-01	4.440892e-16	0.000000e+00	0.000000e+00	0.000000e+00
4.440892e-16	1.256637e-01	1.001066e-01	3.399571e-03	3.399571e-03
1.256637e-01	2.513274e-01	9.852758e-02	3.401200e-03	3.401200e-03
2.513274e-01	3.769911e-01	8.821163e-02	3.199764e-03	3.199764e-03
3.769911e-01	5.026548e-01	9.684332e-02	3.358581e-03	3.358581e-03
5.026548e-01	6.283185e-01	9.842230e-02	3.376678e-03	3.376678e-03
6.283185e-01	7.539822e-01	9.294856e-02	3.276754e-03	3.276754e-03
7.539822e-01	8.796459e-01	9.621171e-02	3.338727e-03	3.338727e-03
8.796459e-01	1.005310e+00	9.547460e-02	3.343691e-03	3.343691e-03
1.005310e+00	1.130973e+00	9.126481e-02	3.259820e-03	3.259820e-03
1.130973e+00	1.256637e+00	9.568524e-02	3.300332e-03	3.300332e-03
1.256637e+00	1.382301e+00	9.747469e-02	3.371744e-03	3.371744e-03
1.382301e+00	1.507964e+00	9.463334e-02	3.333764e-03	3.333764e-03
1.507964e+00	1.633628e+00	9.221145e-02	3.291928e-03	3.291928e-03
1.633628e+00	1.759292e+00	9.768526e-02	3.348661e-03	3.348661e-03
1.759292e+00	1.884956e+00	9.515892e-02	3.322083e-03	3.322083e-03
1.884956e+00	2.010619e+00	9.284380e-02	3.305390e-03	3.305390e-03
2.010619e+00	2.136283e+00	9.915895e-02	3.397932e-03	3.397932e-03
2.136283e+00	2.261947e+00	9.852734e-02	3.365165e-03	3.365165e-03
2.261947e+00	2.387610e+00	1.005282e-01	3.412602e-03	3.412602e-03
2.387610e+00	2.513274e+00	9.768526e-02	3.361870e-03	3.361870e-03
2.513274e+00	2.638938e+00	9.600100e-02	3.371744e-03	3.371744e-03
2.638938e+00	2.764602e+00	9.694837e-02	3.370100e-03	3.370100e-03
2.764602e+00	2.890265e+00	9.673858e-02	3.363545e-03	3.363545e-03
2.890265e+00	3.015929e+00	9.084304e-02	3.290244e-03	3.290244e-03
3.015929e+00	3.141593e+00	9.347466e-02	3.285189e-03	3.285189e-03
# END HISTO1D


# BEGIN HISTO1D //eos/home-y/yiyu/monobc/Rivet_New/X2000_Qd10.yoda.gz/JetMETAnalysis/jet_phi
ErrorBars=1
LineColor=violet
LineStyle=solid
Path=//eos/home-y/yiyu/monobc/Rivet_New/X2000_Qd10.yoda.gz/JetMETAnalysis/jet_phi
ScaledBy=4.40135559908988236e-06
Title=X2000_Qd10
# xlow	 xhigh	 val	 errminus	 errplus
-3.141593e+00	-3.015929e+00	0.000000e+00	0.000000e+00	0.000000e+00
-3.015929e+00	-2.890265e+00	0.000000e+00	0.000000e+00	0.000000e+00
-2.890265e+00	-2.764602e+00	0.000000e+00	0.000000e+00	0.000000e+00
-2.764602e+00	-2.638938e+00	0.000000e+00	0.000000e+00	0.000000e+00
-2.638938e+00	-2.513274e+00	0.000000e+00	0.000000e+00	0.000000e+00
-2.513274e+00	-2.387610e+00	0.000000e+00	0.000000e+00	0.000000e+00
-2.387610e+00	-2.261947e+00	0.000000e+00	0.000000e+00	0.000000e+00
-2.261947e+00	-2.136283e+00	0.000000e+00	0.000000e+00	0.000000e+00
-2.136283e+00	-2.010619e+00	0.000000e+00	0.000000e+00	0.000000e+00
-2.010619e+00	-1.884956e+00	0.000000e+00	0.000000e+00	0.000000e+00
-1.884956e+00	-1.759292e+00	0.000000e+00	0.000000e+00	0.000000e+00
-1.759292e+00	-1.633628e+00	0.000000e+00	0.000000e+00	0.000000e+00
-1.633628e+00	-1.507964e+00	0.000000e+00	0.000000e+00	0.000000e+00
-1.507964e+00	-1.382301e+00	0.000000e+00	0.000000e+00	0.000000e+00
-1.382301e+00	-1.256637e+00	0.000000e+00	0.000000e+00	0.000000e+00
-1.256637e+00	-1.130973e+00	0.000000e+00	0.000000e+00	0.000000e+00
-1.130973e+00	-1.005310e+00	0.000000e+00	0.000000e+00	0.000000e+00
-1.005310e+00	-8.796459e-01	0.000000e+00	0.000000e+00	0.000000e+00
-8.796459e-01	-7.539822e-01	0.000000e+00	0.000000e+00	0.000000e+00
-7.539822e-01	-6.283185e-01	0.000000e+00	0.000000e+00	0.000000e+00
-6.283185e-01	-5.026548e-01	0.000000e+00	0.000000e+00	0.000000e+00
-5.026548e-01	-3.769911e-01	0.000000e+00	0.000000e+00	0.000000e+00
-3.769911e-01	-2.513274e-01	0.000000e+00	0.000000e+00	0.000000e+00
-2.513274e-01	-1.256637e-01	0.000000e+00	0.000000e+00	0.000000e+00
-1.256637e-01	4.440892e-16	0.000000e+00	0.000000e+00	0.000000e+00
4.440892e-16	1.256637e-01	4.772864e-03	3.416845e-04	3.416845e-04
1.256637e-01	2.513274e-01	5.192456e-03	3.530877e-04	3.530877e-04
2.513274e-01	3.769911e-01	5.160986e-03	3.494855e-04	3.494855e-04
3.769911e-01	5.026548e-01	4.909231e-03	3.360016e-04	3.360016e-04
5.026548e-01	6.283185e-01	5.465191e-03	3.467989e-04	3.467989e-04
6.283185e-01	7.539822e-01	4.751884e-03	3.483817e-04	3.483817e-04
7.539822e-01	8.796459e-01	5.119027e-03	3.544873e-04	3.544873e-04
8.796459e-01	1.005310e+00	5.874275e-03	3.544862e-04	3.544862e-04
1.005310e+00	1.130973e+00	4.636521e-03	3.472764e-04	3.472764e-04
1.130973e+00	1.256637e+00	5.024607e-03	3.464806e-04	3.464806e-04
1.256637e+00	1.382301e+00	4.877750e-03	3.448891e-04	3.448891e-04
1.382301e+00	1.507964e+00	5.318363e-03	3.518409e-04	3.518409e-04
1.507964e+00	1.633628e+00	6.230932e-03	3.557259e-04	3.557259e-04
1.633628e+00	1.759292e+00	4.982647e-03	3.338653e-04	3.338653e-04
1.759292e+00	1.884956e+00	5.433708e-03	3.469567e-04	3.469567e-04
1.884956e+00	2.010619e+00	5.255424e-03	3.518409e-04	3.518409e-04
2.010619e+00	2.136283e+00	5.307831e-03	3.460039e-04	3.460039e-04
2.136283e+00	2.261947e+00	4.961668e-03	3.436105e-04	3.436105e-04
2.261947e+00	2.387610e+00	5.213465e-03	3.502737e-04	3.502737e-04
2.387610e+00	2.513274e+00	4.699424e-03	3.392598e-04	3.392598e-04
2.513274e+00	2.638938e+00	5.349790e-03	3.460039e-04	3.460039e-04
2.638938e+00	2.764602e+00	5.475668e-03	3.456858e-04	3.456858e-04
2.764602e+00	2.890265e+00	5.181995e-03	3.431326e-04	3.431326e-04
2.890265e+00	3.015929e+00	5.412729e-03	3.523069e-04	3.523069e-04
3.015929e+00	3.141593e+00	4.174934e-03	3.379600e-04	3.379600e-04
# END HISTO1D


# BEGIN HISTO1D //eos/home-y/yiyu/monobc/Rivet_New/X2000_Qd1000.yoda.gz/JetMETAnalysis/jet_phi
ErrorBars=1
LineColor=violet
LineStyle=dashed
Path=//eos/home-y/yiyu/monobc/Rivet_New/X2000_Qd1000.yoda.gz/JetMETAnalysis/jet_phi
ScaledBy=5.07728926975894364e-06
Title=X2000_Qd1000
# xlow	 xhigh	 val	 errminus	 errplus
-3.141593e+00	-3.015929e+00	0.000000e+00	0.000000e+00	0.000000e+00
-3.015929e+00	-2.890265e+00	0.000000e+00	0.000000e+00	0.000000e+00
-2.890265e+00	-2.764602e+00	0.000000e+00	0.000000e+00	0.000000e+00
-2.764602e+00	-2.638938e+00	0.000000e+00	0.000000e+00	0.000000e+00
-2.638938e+00	-2.513274e+00	0.000000e+00	0.000000e+00	0.000000e+00
-2.513274e+00	-2.387610e+00	0.000000e+00	0.000000e+00	0.000000e+00
-2.387610e+00	-2.261947e+00	0.000000e+00	0.000000e+00	0.000000e+00
-2.261947e+00	-2.136283e+00	0.000000e+00	0.000000e+00	0.000000e+00
-2.136283e+00	-2.010619e+00	0.000000e+00	0.000000e+00	0.000000e+00
-2.010619e+00	-1.884956e+00	0.000000e+00	0.000000e+00	0.000000e+00
-1.884956e+00	-1.759292e+00	0.000000e+00	0.000000e+00	0.000000e+00
-1.759292e+00	-1.633628e+00	0.000000e+00	0.000000e+00	0.000000e+00
-1.633628e+00	-1.507964e+00	0.000000e+00	0.000000e+00	0.000000e+00
-1.507964e+00	-1.382301e+00	0.000000e+00	0.000000e+00	0.000000e+00
-1.382301e+00	-1.256637e+00	0.000000e+00	0.000000e+00	0.000000e+00
-1.256637e+00	-1.130973e+00	0.000000e+00	0.000000e+00	0.000000e+00
-1.130973e+00	-1.005310e+00	0.000000e+00	0.000000e+00	0.000000e+00
-1.005310e+00	-8.796459e-01	0.000000e+00	0.000000e+00	0.000000e+00
-8.796459e-01	-7.539822e-01	0.000000e+00	0.000000e+00	0.000000e+00
-7.539822e-01	-6.283185e-01	0.000000e+00	0.000000e+00	0.000000e+00
-6.283185e-01	-5.026548e-01	0.000000e+00	0.000000e+00	0.000000e+00
-5.026548e-01	-3.769911e-01	0.000000e+00	0.000000e+00	0.000000e+00
-3.769911e-01	-2.513274e-01	0.000000e+00	0.000000e+00	0.000000e+00
-2.513274e-01	-1.256637e-01	0.000000e+00	0.000000e+00	0.000000e+00
-1.256637e-01	4.440892e-16	0.000000e+00	0.000000e+00	0.000000e+00
4.440892e-16	1.256637e-01	1.354581e-03	9.047983e-05	9.047983e-05
1.256637e-01	2.513274e-01	1.266478e-03	9.081432e-05	9.081432e-05
2.513274e-01	3.769911e-01	1.401386e-03	8.883113e-05	8.883113e-05
3.769911e-01	5.026548e-01	1.294010e-03	9.014411e-05	9.014411e-05
5.026548e-01	6.283185e-01	1.409646e-03	9.047983e-05	9.047983e-05
6.283185e-01	7.539822e-01	1.288504e-03	8.870305e-05	8.870305e-05
7.539822e-01	8.796459e-01	1.541799e-03	9.287762e-05	9.287762e-05
8.796459e-01	1.005310e+00	1.577587e-03	9.250933e-05	9.250933e-05
1.005310e+00	1.130973e+00	1.387627e-03	9.056408e-05	9.056408e-05
1.130973e+00	1.256637e+00	1.263722e-03	9.068882e-05	9.068882e-05
1.256637e+00	1.382301e+00	1.379357e-03	9.010184e-05	9.010184e-05
1.382301e+00	1.507964e+00	1.426172e-03	8.963865e-05	8.963865e-05
1.507964e+00	1.633628e+00	1.338059e-03	9.031191e-05	9.031191e-05
1.633628e+00	1.759292e+00	1.255462e-03	8.938389e-05	8.938389e-05
1.759292e+00	1.884956e+00	1.371097e-03	9.106417e-05	9.106417e-05
1.884956e+00	2.010619e+00	1.167369e-03	8.627759e-05	8.627759e-05
2.010619e+00	2.136283e+00	1.203151e-03	9.043772e-05	9.043772e-05
2.136283e+00	2.261947e+00	1.382110e-03	9.147941e-05	9.147941e-05
2.261947e+00	2.387610e+00	1.186642e-03	8.883163e-05	8.883163e-05
2.387610e+00	2.513274e+00	1.258216e-03	8.934148e-05	8.934148e-05
2.513274e+00	2.638938e+00	1.175619e-03	9.052150e-05	9.052150e-05
2.638938e+00	2.764602e+00	1.123308e-03	9.123049e-05	9.123049e-05
2.764602e+00	2.890265e+00	1.222434e-03	8.861804e-05	8.861804e-05
2.890265e+00	3.015929e+00	1.307773e-03	8.968021e-05	8.968021e-05
3.015929e+00	3.141593e+00	1.365591e-03	8.895883e-05	8.895883e-05
# END HISTO1D

