# BEGIN PLOT
Legend=1
LogY=1
LegendPlacement=manual
LegendAlign=r
LegendXPos=1.36
RightMargin=3.7
Title=Jet multiplicity ($p_\mathrm{T} > 25$ GeV)
XLabel=$N_\mathrm{jets}$
YLabel=$\mathrm{d}\sigma/\mathrm{d}N_\mathrm{jets}$ [pb]
DrawOnly=//eos/home-y/yiyu/monobc/Rivet_New/X600_Qd10.yoda.gz/JetMETAnalysis/jet_mult //eos/home-y/yiyu/monobc/Rivet_New/X600_Qd300.yoda.gz/JetMETAnalysis/jet_mult //eos/home-y/yiyu/monobc/Rivet_New/X1200_Qd10.yoda.gz/JetMETAnalysis/jet_mult //eos/home-y/yiyu/monobc/Rivet_New/X1200_Qd600.yoda.gz/JetMETAnalysis/jet_mult //eos/home-y/yiyu/monobc/Rivet_New/X2000_Qd10.yoda.gz/JetMETAnalysis/jet_mult //eos/home-y/yiyu/monobc/Rivet_New/X2000_Qd1000.yoda.gz/JetMETAnalysis/jet_mult
LegendOnly=//eos/home-y/yiyu/monobc/Rivet_New/X600_Qd10.yoda.gz/JetMETAnalysis/jet_mult //eos/home-y/yiyu/monobc/Rivet_New/X600_Qd300.yoda.gz/JetMETAnalysis/jet_mult //eos/home-y/yiyu/monobc/Rivet_New/X1200_Qd10.yoda.gz/JetMETAnalysis/jet_mult //eos/home-y/yiyu/monobc/Rivet_New/X1200_Qd600.yoda.gz/JetMETAnalysis/jet_mult //eos/home-y/yiyu/monobc/Rivet_New/X2000_Qd10.yoda.gz/JetMETAnalysis/jet_mult //eos/home-y/yiyu/monobc/Rivet_New/X2000_Qd1000.yoda.gz/JetMETAnalysis/jet_mult
RatioPlot=1
RatioPlotReference=//eos/home-y/yiyu/monobc/Rivet_New/X600_Qd10.yoda.gz/JetMETAnalysis/jet_mult
RatioPlotYLabel=Ratio
# END PLOT

# BEGIN HISTO1D //eos/home-y/yiyu/monobc/Rivet_New/X600_Qd10.yoda.gz/JetMETAnalysis/jet_mult
ErrorBars=1
LineColor=red
LineStyle=solid
Path=//eos/home-y/yiyu/monobc/Rivet_New/X600_Qd10.yoda.gz/JetMETAnalysis/jet_mult
ScaledBy=1.57525677826006370e-05
Title=X600_Qd10
# xlow	 xhigh	 val	 errminus	 errplus
-5.000000e-01	5.000000e-01	6.776171e-02	1.412930e-02	1.412930e-02
5.000000e-01	1.500000e+00	4.581281e+00	1.175146e-01	1.175146e-01
1.500000e+00	2.500000e+00	3.253152e+01	3.123487e-01	3.123487e-01
2.500000e+00	3.500000e+00	1.529942e+01	2.140990e-01	2.140990e-01
3.500000e+00	4.500000e+00	4.242473e+00	1.128807e-01	1.128807e-01
4.500000e+00	5.500000e+00	9.192024e-01	5.286697e-02	5.286697e-02
5.500000e+00	6.500000e+00	1.826620e-01	2.319810e-02	2.319810e-02
6.500000e+00	7.500000e+00	2.946161e-02	9.316580e-03	9.316580e-03
7.500000e+00	8.500000e+00	5.892323e-03	4.166501e-03	4.166501e-03
8.500000e+00	9.500000e+00	2.946161e-03	2.946161e-03	2.946161e-03
9.500000e+00	1.050000e+01	0.000000e+00	0.000000e+00	0.000000e+00
1.050000e+01	1.150000e+01	0.000000e+00	0.000000e+00	0.000000e+00
1.150000e+01	1.250000e+01	0.000000e+00	0.000000e+00	0.000000e+00
1.250000e+01	1.350000e+01	0.000000e+00	0.000000e+00	0.000000e+00
1.350000e+01	1.450000e+01	0.000000e+00	0.000000e+00	0.000000e+00
1.450000e+01	1.550000e+01	0.000000e+00	0.000000e+00	0.000000e+00
1.550000e+01	1.650000e+01	0.000000e+00	0.000000e+00	0.000000e+00
1.650000e+01	1.750000e+01	0.000000e+00	0.000000e+00	0.000000e+00
1.750000e+01	1.850000e+01	0.000000e+00	0.000000e+00	0.000000e+00
1.850000e+01	1.950000e+01	0.000000e+00	0.000000e+00	0.000000e+00
1.950000e+01	2.050000e+01	0.000000e+00	0.000000e+00	0.000000e+00
2.050000e+01	2.150000e+01	0.000000e+00	0.000000e+00	0.000000e+00
2.150000e+01	2.250000e+01	0.000000e+00	0.000000e+00	0.000000e+00
2.250000e+01	2.350000e+01	0.000000e+00	0.000000e+00	0.000000e+00
2.350000e+01	2.450000e+01	0.000000e+00	0.000000e+00	0.000000e+00
# END HISTO1D


# BEGIN HISTO1D //eos/home-y/yiyu/monobc/Rivet_New/X600_Qd300.yoda.gz/JetMETAnalysis/jet_mult
ErrorBars=1
LineColor=red
LineStyle=dashed
Path=//eos/home-y/yiyu/monobc/Rivet_New/X600_Qd300.yoda.gz/JetMETAnalysis/jet_mult
ScaledBy=1.55875016163068396e-05
Title=X600_Qd300
# xlow	 xhigh	 val	 errminus	 errplus
-5.000000e-01	5.000000e-01	1.099617e-02	3.141762e-03	3.141762e-03
5.000000e-01	1.500000e+00	1.211935e+00	3.136850e-02	3.136850e-02
1.500000e+00	2.500000e+00	9.482624e+00	8.702100e-02	8.702100e-02
2.500000e+00	3.500000e+00	3.708065e+00	5.425229e-02	5.425229e-02
3.500000e+00	4.500000e+00	8.796935e-01	2.642631e-02	2.642631e-02
4.500000e+00	5.500000e+00	1.429502e-01	1.059617e-02	1.059617e-02
5.500000e+00	6.500000e+00	2.120690e-02	4.081269e-03	4.081269e-03
6.500000e+00	7.500000e+00	1.570881e-03	1.110781e-03	1.110781e-03
7.500000e+00	8.500000e+00	0.000000e+00	0.000000e+00	0.000000e+00
8.500000e+00	9.500000e+00	0.000000e+00	0.000000e+00	0.000000e+00
9.500000e+00	1.050000e+01	0.000000e+00	0.000000e+00	0.000000e+00
1.050000e+01	1.150000e+01	0.000000e+00	0.000000e+00	0.000000e+00
1.150000e+01	1.250000e+01	0.000000e+00	0.000000e+00	0.000000e+00
1.250000e+01	1.350000e+01	0.000000e+00	0.000000e+00	0.000000e+00
1.350000e+01	1.450000e+01	0.000000e+00	0.000000e+00	0.000000e+00
1.450000e+01	1.550000e+01	0.000000e+00	0.000000e+00	0.000000e+00
1.550000e+01	1.650000e+01	0.000000e+00	0.000000e+00	0.000000e+00
1.650000e+01	1.750000e+01	0.000000e+00	0.000000e+00	0.000000e+00
1.750000e+01	1.850000e+01	0.000000e+00	0.000000e+00	0.000000e+00
1.850000e+01	1.950000e+01	0.000000e+00	0.000000e+00	0.000000e+00
1.950000e+01	2.050000e+01	0.000000e+00	0.000000e+00	0.000000e+00
2.050000e+01	2.150000e+01	0.000000e+00	0.000000e+00	0.000000e+00
2.150000e+01	2.250000e+01	0.000000e+00	0.000000e+00	0.000000e+00
2.250000e+01	2.350000e+01	0.000000e+00	0.000000e+00	0.000000e+00
2.350000e+01	2.450000e+01	0.000000e+00	0.000000e+00	0.000000e+00
# END HISTO1D


# BEGIN HISTO1D //eos/home-y/yiyu/monobc/Rivet_New/X1200_Qd10.yoda.gz/JetMETAnalysis/jet_mult
ErrorBars=1
LineColor=blue
LineStyle=solid
Path=//eos/home-y/yiyu/monobc/Rivet_New/X1200_Qd10.yoda.gz/JetMETAnalysis/jet_mult
ScaledBy=1.38114613379714854e-05
Title=X1200_Qd10
# xlow	 xhigh	 val	 errminus	 errplus
-5.000000e-01	5.000000e-01	1.749534e-03	4.998668e-04	4.998668e-04
5.000000e-01	1.500000e+00	1.205928e-01	4.089677e-03	4.089677e-03
1.500000e+00	2.500000e+00	1.112328e+00	1.244846e-02	1.244846e-02
2.500000e+00	3.500000e+00	6.480772e-01	9.482658e-03	9.482658e-03
3.500000e+00	4.500000e+00	2.569315e-01	5.964460e-03	5.964460e-03
4.500000e+00	5.500000e+00	8.260298e-02	3.360186e-03	3.360186e-03
5.500000e+00	6.500000e+00	1.699547e-02	1.590566e-03	1.590566e-03
6.500000e+00	7.500000e+00	6.873168e-03	9.760210e-04	9.760210e-04
7.500000e+00	8.500000e+00	4.998667e-04	3.061046e-04	3.061046e-04
8.500000e+00	9.500000e+00	2.499334e-04	1.767296e-04	1.767296e-04
9.500000e+00	1.050000e+01	0.000000e+00	0.000000e+00	0.000000e+00
1.050000e+01	1.150000e+01	0.000000e+00	0.000000e+00	0.000000e+00
1.150000e+01	1.250000e+01	0.000000e+00	0.000000e+00	0.000000e+00
1.250000e+01	1.350000e+01	0.000000e+00	0.000000e+00	0.000000e+00
1.350000e+01	1.450000e+01	0.000000e+00	0.000000e+00	0.000000e+00
1.450000e+01	1.550000e+01	0.000000e+00	0.000000e+00	0.000000e+00
1.550000e+01	1.650000e+01	0.000000e+00	0.000000e+00	0.000000e+00
1.650000e+01	1.750000e+01	0.000000e+00	0.000000e+00	0.000000e+00
1.750000e+01	1.850000e+01	0.000000e+00	0.000000e+00	0.000000e+00
1.850000e+01	1.950000e+01	0.000000e+00	0.000000e+00	0.000000e+00
1.950000e+01	2.050000e+01	0.000000e+00	0.000000e+00	0.000000e+00
2.050000e+01	2.150000e+01	0.000000e+00	0.000000e+00	0.000000e+00
2.150000e+01	2.250000e+01	0.000000e+00	0.000000e+00	0.000000e+00
2.250000e+01	2.350000e+01	0.000000e+00	0.000000e+00	0.000000e+00
2.350000e+01	2.450000e+01	0.000000e+00	0.000000e+00	0.000000e+00
# END HISTO1D


# BEGIN HISTO1D //eos/home-y/yiyu/monobc/Rivet_New/X1200_Qd600.yoda.gz/JetMETAnalysis/jet_mult
ErrorBars=1
LineColor=blue
LineStyle=dashed
Path=//eos/home-y/yiyu/monobc/Rivet_New/X1200_Qd600.yoda.gz/JetMETAnalysis/jet_mult
ScaledBy=1.40636819641926593e-05
Title=X1200_Qd600
# xlow	 xhigh	 val	 errminus	 errplus
-5.000000e-01	5.000000e-01	2.675938e-04	9.460870e-05	9.460870e-05
5.000000e-01	1.500000e+00	2.833150e-02	1.028258e-03	1.028258e-03
1.500000e+00	2.500000e+00	3.248254e-01	3.485949e-03	3.485949e-03
2.500000e+00	3.500000e+00	1.728991e-01	2.526469e-03	2.526469e-03
3.500000e+00	4.500000e+00	5.659609e-02	1.448780e-03	1.448780e-03
4.500000e+00	5.500000e+00	1.521940e-02	7.381601e-04	7.381601e-04
5.500000e+00	6.500000e+00	2.976981e-03	3.294366e-04	3.294366e-04
6.500000e+00	7.500000e+00	4.682892e-04	1.337969e-04	1.337969e-04
7.500000e+00	8.500000e+00	1.672461e-04	7.479475e-05	7.479475e-05
8.500000e+00	9.500000e+00	0.000000e+00	0.000000e+00	0.000000e+00
9.500000e+00	1.050000e+01	0.000000e+00	0.000000e+00	0.000000e+00
1.050000e+01	1.150000e+01	0.000000e+00	0.000000e+00	0.000000e+00
1.150000e+01	1.250000e+01	0.000000e+00	0.000000e+00	0.000000e+00
1.250000e+01	1.350000e+01	0.000000e+00	0.000000e+00	0.000000e+00
1.350000e+01	1.450000e+01	0.000000e+00	0.000000e+00	0.000000e+00
1.450000e+01	1.550000e+01	0.000000e+00	0.000000e+00	0.000000e+00
1.550000e+01	1.650000e+01	0.000000e+00	0.000000e+00	0.000000e+00
1.650000e+01	1.750000e+01	0.000000e+00	0.000000e+00	0.000000e+00
1.750000e+01	1.850000e+01	0.000000e+00	0.000000e+00	0.000000e+00
1.850000e+01	1.950000e+01	0.000000e+00	0.000000e+00	0.000000e+00
1.950000e+01	2.050000e+01	0.000000e+00	0.000000e+00	0.000000e+00
2.050000e+01	2.150000e+01	0.000000e+00	0.000000e+00	0.000000e+00
2.150000e+01	2.250000e+01	0.000000e+00	0.000000e+00	0.000000e+00
2.250000e+01	2.350000e+01	0.000000e+00	0.000000e+00	0.000000e+00
2.350000e+01	2.450000e+01	0.000000e+00	0.000000e+00	0.000000e+00
# END HISTO1D


# BEGIN HISTO1D //eos/home-y/yiyu/monobc/Rivet_New/X2000_Qd10.yoda.gz/JetMETAnalysis/jet_mult
ErrorBars=1
LineColor=violet
LineStyle=solid
Path=//eos/home-y/yiyu/monobc/Rivet_New/X2000_Qd10.yoda.gz/JetMETAnalysis/jet_mult
ScaledBy=1.12840154087125147e-05
Title=X2000_Qd10
# xlow	 xhigh	 val	 errminus	 errplus
-5.000000e-01	5.000000e-01	2.399457e-04	2.926748e-05	2.926748e-05
5.000000e-01	1.500000e+00	4.275089e-03	1.304073e-04	1.304073e-04
1.500000e+00	2.500000e+00	1.379181e-02	3.164318e-04	3.164318e-04
2.500000e+00	3.500000e+00	8.431896e-03	2.542287e-04	2.542287e-04
3.500000e+00	4.500000e+00	3.605945e-03	1.721565e-04	1.721565e-04
4.500000e+00	5.500000e+00	1.639066e-03	1.045468e-04	1.045468e-04
5.500000e+00	6.500000e+00	3.751264e-04	5.863243e-05	5.863243e-05
6.500000e+00	7.500000e+00	1.081446e-04	3.608338e-05	3.608338e-05
7.500000e+00	8.500000e+00	5.069276e-05	1.881635e-05	1.881635e-05
8.500000e+00	9.500000e+00	2.027710e-05	1.068697e-05	1.068697e-05
9.500000e+00	1.050000e+01	6.759035e-06	4.779359e-06	4.779359e-06
1.050000e+01	1.150000e+01	0.000000e+00	0.000000e+00	0.000000e+00
1.150000e+01	1.250000e+01	0.000000e+00	0.000000e+00	0.000000e+00
1.250000e+01	1.350000e+01	0.000000e+00	0.000000e+00	0.000000e+00
1.350000e+01	1.450000e+01	0.000000e+00	0.000000e+00	0.000000e+00
1.450000e+01	1.550000e+01	0.000000e+00	0.000000e+00	0.000000e+00
1.550000e+01	1.650000e+01	0.000000e+00	0.000000e+00	0.000000e+00
1.650000e+01	1.750000e+01	0.000000e+00	0.000000e+00	0.000000e+00
1.750000e+01	1.850000e+01	0.000000e+00	0.000000e+00	0.000000e+00
1.850000e+01	1.950000e+01	0.000000e+00	0.000000e+00	0.000000e+00
1.950000e+01	2.050000e+01	0.000000e+00	0.000000e+00	0.000000e+00
2.050000e+01	2.150000e+01	0.000000e+00	0.000000e+00	0.000000e+00
2.150000e+01	2.250000e+01	0.000000e+00	0.000000e+00	0.000000e+00
2.250000e+01	2.350000e+01	0.000000e+00	0.000000e+00	0.000000e+00
2.350000e+01	2.450000e+01	0.000000e+00	0.000000e+00	0.000000e+00
# END HISTO1D


# BEGIN HISTO1D //eos/home-y/yiyu/monobc/Rivet_New/X2000_Qd1000.yoda.gz/JetMETAnalysis/jet_mult
ErrorBars=1
LineColor=violet
LineStyle=dashed
Path=//eos/home-y/yiyu/monobc/Rivet_New/X2000_Qd1000.yoda.gz/JetMETAnalysis/jet_mult
ScaledBy=1.33124458706071545e-05
Title=X2000_Qd1000
# xlow	 xhigh	 val	 errminus	 errplus
-5.000000e-01	5.000000e-01	9.071429e-07	1.571218e-06	1.571218e-06
5.000000e-01	1.500000e+00	5.687786e-04	2.701702e-05	2.701702e-05
1.500000e+00	2.500000e+00	3.867150e-03	8.973381e-05	8.973381e-05
2.500000e+00	3.500000e+00	2.431143e-03	6.959625e-05	6.959625e-05
3.500000e+00	4.500000e+00	9.216572e-04	4.386296e-05	4.386296e-05
4.500000e+00	5.500000e+00	2.921000e-04	2.549701e-05	2.549701e-05
5.500000e+00	6.500000e+00	9.343572e-05	1.402409e-05	1.402409e-05
6.500000e+00	7.500000e+00	2.630714e-05	6.727552e-06	6.727552e-06
7.500000e+00	8.500000e+00	2.721429e-06	3.513349e-06	3.513349e-06
8.500000e+00	9.500000e+00	-9.071429e-07	9.071429e-07	9.071429e-07
9.500000e+00	1.050000e+01	9.071429e-07	9.071429e-07	9.071429e-07
1.050000e+01	1.150000e+01	0.000000e+00	0.000000e+00	0.000000e+00
1.150000e+01	1.250000e+01	0.000000e+00	0.000000e+00	0.000000e+00
1.250000e+01	1.350000e+01	0.000000e+00	0.000000e+00	0.000000e+00
1.350000e+01	1.450000e+01	0.000000e+00	0.000000e+00	0.000000e+00
1.450000e+01	1.550000e+01	0.000000e+00	0.000000e+00	0.000000e+00
1.550000e+01	1.650000e+01	0.000000e+00	0.000000e+00	0.000000e+00
1.650000e+01	1.750000e+01	0.000000e+00	0.000000e+00	0.000000e+00
1.750000e+01	1.850000e+01	0.000000e+00	0.000000e+00	0.000000e+00
1.850000e+01	1.950000e+01	0.000000e+00	0.000000e+00	0.000000e+00
1.950000e+01	2.050000e+01	0.000000e+00	0.000000e+00	0.000000e+00
2.050000e+01	2.150000e+01	0.000000e+00	0.000000e+00	0.000000e+00
2.150000e+01	2.250000e+01	0.000000e+00	0.000000e+00	0.000000e+00
2.250000e+01	2.350000e+01	0.000000e+00	0.000000e+00	0.000000e+00
2.350000e+01	2.450000e+01	0.000000e+00	0.000000e+00	0.000000e+00
# END HISTO1D

