# BEGIN PLOT
Legend=1
LogY=1
LegendPlacement=manual
LegendAlign=r
LegendXPos=1.36
RightMargin=3.7
Title=Jet $p_\mathrm{T}$ spectrum
XLabel=$p_\mathrm{T}^\mathrm{jet}$ [GeV]
YLabel=$\mathrm{d}\sigma/\mathrm{d}p_\mathrm{T}^\mathrm{jet}$ [pb/GeV]
LogX=1
DrawOnly=//eos/home-y/yiyu/monobc/Rivet_New/X600_Qd10.yoda.gz/JetMETAnalysis/jet_pt //eos/home-y/yiyu/monobc/Rivet_New/X600_Qd300.yoda.gz/JetMETAnalysis/jet_pt //eos/home-y/yiyu/monobc/Rivet_New/X1200_Qd10.yoda.gz/JetMETAnalysis/jet_pt //eos/home-y/yiyu/monobc/Rivet_New/X1200_Qd600.yoda.gz/JetMETAnalysis/jet_pt //eos/home-y/yiyu/monobc/Rivet_New/X2000_Qd10.yoda.gz/JetMETAnalysis/jet_pt //eos/home-y/yiyu/monobc/Rivet_New/X2000_Qd1000.yoda.gz/JetMETAnalysis/jet_pt
LegendOnly=//eos/home-y/yiyu/monobc/Rivet_New/X600_Qd10.yoda.gz/JetMETAnalysis/jet_pt //eos/home-y/yiyu/monobc/Rivet_New/X600_Qd300.yoda.gz/JetMETAnalysis/jet_pt //eos/home-y/yiyu/monobc/Rivet_New/X1200_Qd10.yoda.gz/JetMETAnalysis/jet_pt //eos/home-y/yiyu/monobc/Rivet_New/X1200_Qd600.yoda.gz/JetMETAnalysis/jet_pt //eos/home-y/yiyu/monobc/Rivet_New/X2000_Qd10.yoda.gz/JetMETAnalysis/jet_pt //eos/home-y/yiyu/monobc/Rivet_New/X2000_Qd1000.yoda.gz/JetMETAnalysis/jet_pt
RatioPlot=1
RatioPlotReference=//eos/home-y/yiyu/monobc/Rivet_New/X600_Qd10.yoda.gz/JetMETAnalysis/jet_pt
RatioPlotYLabel=Ratio
# END PLOT

# BEGIN HISTO1D //eos/home-y/yiyu/monobc/Rivet_New/X600_Qd10.yoda.gz/JetMETAnalysis/jet_pt
ErrorBars=1
LineColor=red
LineStyle=solid
Path=//eos/home-y/yiyu/monobc/Rivet_New/X600_Qd10.yoda.gz/JetMETAnalysis/jet_pt
ScaledBy=6.58186216892465549e-06
Title=X600_Qd10
# xlow	 xhigh	 val	 errminus	 errplus
1.000000e+01	1.054412e+01	0.000000e+00	0.000000e+00	0.000000e+00
1.054412e+01	1.111784e+01	0.000000e+00	0.000000e+00	0.000000e+00
1.111784e+01	1.172279e+01	0.000000e+00	0.000000e+00	0.000000e+00
1.172279e+01	1.236065e+01	0.000000e+00	0.000000e+00	0.000000e+00
1.236065e+01	1.303321e+01	0.000000e+00	0.000000e+00	0.000000e+00
1.303321e+01	1.374238e+01	0.000000e+00	0.000000e+00	0.000000e+00
1.374238e+01	1.449012e+01	0.000000e+00	0.000000e+00	0.000000e+00
1.449012e+01	1.527856e+01	0.000000e+00	0.000000e+00	0.000000e+00
1.527856e+01	1.610989e+01	0.000000e+00	0.000000e+00	0.000000e+00
1.610989e+01	1.698646e+01	0.000000e+00	0.000000e+00	0.000000e+00
1.698646e+01	1.791073e+01	0.000000e+00	0.000000e+00	0.000000e+00
1.791073e+01	1.888529e+01	0.000000e+00	0.000000e+00	0.000000e+00
1.888529e+01	1.991287e+01	0.000000e+00	0.000000e+00	0.000000e+00
1.991287e+01	2.099637e+01	7.055319e-01	2.858426e-02	2.858426e-02
2.099637e+01	2.213882e+01	5.635319e-01	2.473558e-02	2.473558e-02
2.213882e+01	2.334344e+01	5.048134e-01	2.285014e-02	2.285014e-02
2.334344e+01	2.461360e+01	4.254613e-01	2.030616e-02	2.030616e-02
2.461360e+01	2.595287e+01	3.731744e-01	1.856590e-02	1.856590e-02
2.595287e+01	2.736502e+01	3.077144e-01	1.656253e-02	1.656253e-02
2.736502e+01	2.885400e+01	2.984505e-01	1.588102e-02	1.588102e-02
2.885400e+01	3.042400e+01	2.783445e-01	1.493852e-02	1.493852e-02
3.042400e+01	3.207943e+01	2.610058e-01	1.408933e-02	1.408933e-02
3.207943e+01	3.382493e+01	2.313172e-01	1.296560e-02	1.296560e-02
3.382493e+01	3.566541e+01	2.113537e-01	1.196459e-02	1.196459e-02
3.566541e+01	3.760603e+01	1.972758e-01	1.136491e-02	1.136491e-02
3.760603e+01	3.965225e+01	1.931109e-01	1.094500e-02	1.094500e-02
3.965225e+01	4.180980e+01	1.848580e-01	1.042717e-02	1.042717e-02
4.180980e+01	4.408475e+01	1.758593e-01	9.814769e-03	9.814769e-03
4.408475e+01	4.648349e+01	1.662708e-01	9.265729e-03	9.265729e-03
4.648349e+01	4.901274e+01	1.528241e-01	8.651786e-03	8.651786e-03
4.901274e+01	5.167962e+01	1.527842e-01	8.423113e-03	8.423113e-03
5.167962e+01	5.449160e+01	1.326430e-01	7.794197e-03	7.794197e-03
5.449160e+01	5.745660e+01	1.415741e-01	7.756075e-03	7.756075e-03
5.745660e+01	6.058292e+01	1.307250e-01	7.217556e-03	7.217556e-03
6.058292e+01	6.387935e+01	1.325679e-01	7.075503e-03	7.075503e-03
6.387935e+01	6.735515e+01	1.317474e-01	6.885652e-03	6.885652e-03
6.735515e+01	7.102007e+01	1.205824e-01	6.417057e-03	6.417057e-03
7.102007e+01	7.488441e+01	1.239162e-01	6.331071e-03	6.331071e-03
7.488441e+01	7.895901e+01	1.193345e-01	6.109851e-03	6.109851e-03
7.895901e+01	8.325532e+01	1.151820e-01	5.815767e-03	5.815767e-03
8.325532e+01	8.778540e+01	1.141294e-01	5.634850e-03	5.634850e-03
8.778540e+01	9.256197e+01	1.206101e-01	5.657979e-03	5.657979e-03
9.256197e+01	9.759844e+01	1.195189e-01	5.426892e-03	5.426892e-03
9.759844e+01	1.029090e+02	1.337487e-01	5.606497e-03	5.606497e-03
1.029090e+02	1.085084e+02	1.250906e-01	5.280808e-03	5.280808e-03
1.085084e+02	1.144126e+02	1.311425e-01	5.278639e-03	5.278639e-03
1.144126e+02	1.206380e+02	1.176532e-01	4.863673e-03	4.863673e-03
1.206380e+02	1.272021e+02	1.310859e-01	4.993464e-03	4.993464e-03
1.272021e+02	1.341234e+02	1.214750e-01	4.708963e-03	4.708963e-03
1.341234e+02	1.414214e+02	1.302169e-01	4.734926e-03	4.734926e-03
1.414214e+02	1.491164e+02	1.274981e-01	4.544458e-03	4.544458e-03
1.491164e+02	1.572301e+02	1.433728e-01	4.708127e-03	4.708127e-03
1.572301e+02	1.657853e+02	1.328084e-01	4.399766e-03	4.399766e-03
1.657853e+02	1.748059e+02	1.356454e-01	4.336898e-03	4.336898e-03
1.748059e+02	1.843175e+02	1.462443e-01	4.388835e-03	4.388835e-03
1.843175e+02	1.943465e+02	1.367356e-01	4.122407e-03	4.122407e-03
1.943465e+02	2.049213e+02	1.315407e-01	3.947578e-03	3.947578e-03
2.049213e+02	2.160715e+02	1.297206e-01	3.832347e-03	3.832347e-03
2.160715e+02	2.278283e+02	1.283676e-01	3.704819e-03	3.704819e-03
2.278283e+02	2.402249e+02	1.211466e-01	3.488261e-03	3.488261e-03
2.402249e+02	2.532960e+02	1.221467e-01	3.417706e-03	3.417706e-03
2.532960e+02	2.670783e+02	1.153971e-01	3.227779e-03	3.227779e-03
2.670783e+02	2.816105e+02	1.111364e-01	3.091539e-03	3.091539e-03
2.816105e+02	2.969335e+02	1.060435e-01	2.929786e-03	2.929786e-03
2.969335e+02	3.130902e+02	9.645726e-02	2.734382e-03	2.734382e-03
3.130902e+02	3.301261e+02	9.942768e-02	2.715228e-03	2.715228e-03
3.301261e+02	3.480888e+02	8.792431e-02	2.469943e-03	2.469943e-03
3.480888e+02	3.670290e+02	8.494641e-02	2.372927e-03	2.372927e-03
3.670290e+02	3.869998e+02	7.772728e-02	2.202693e-03	2.202693e-03
3.869998e+02	4.080572e+02	7.231344e-02	2.079192e-03	2.079192e-03
4.080572e+02	4.302603e+02	6.070918e-02	1.852964e-03	1.852964e-03
4.302603e+02	4.536716e+02	5.131902e-02	1.664418e-03	1.664418e-03
4.536716e+02	4.783567e+02	4.692547e-02	1.547505e-03	1.547505e-03
4.783567e+02	5.043850e+02	3.840292e-02	1.357600e-03	1.357600e-03
5.043850e+02	5.318296e+02	2.902026e-02	1.149687e-03	1.149687e-03
5.318296e+02	5.607674e+02	2.569363e-02	1.055793e-03	1.055793e-03
5.607674e+02	5.912799e+02	2.118046e-02	9.331535e-04	9.331535e-04
5.912799e+02	6.234525e+02	1.652919e-02	7.989343e-04	7.989343e-04
6.234525e+02	6.573758e+02	1.244658e-02	6.798443e-04	6.798443e-04
6.573758e+02	6.931448e+02	8.534907e-03	5.527860e-04	5.527860e-04
6.931448e+02	7.308602e+02	6.495137e-03	4.673177e-04	4.673177e-04
7.308602e+02	7.706277e+02	5.262287e-03	4.106596e-04	4.106596e-04
7.706277e+02	8.125590e+02	3.376087e-03	3.255879e-04	3.255879e-04
8.125590e+02	8.567719e+02	2.979126e-03	2.906820e-04	2.906820e-04
8.567719e+02	9.033905e+02	1.452304e-03	2.128881e-04	2.128881e-04
9.033905e+02	9.525456e+02	1.477534e-03	1.955916e-04	1.955916e-04
9.525456e+02	1.004375e+03	8.787786e-04	1.483235e-04	1.483235e-04
1.004375e+03	1.059025e+03	5.631237e-04	1.126247e-04	1.126247e-04
1.059025e+03	1.116649e+03	5.767855e-04	1.110024e-04	1.110024e-04
1.116649e+03	1.177408e+03	1.620815e-04	7.018333e-05	7.018333e-05
1.177408e+03	1.241473e+03	2.305761e-04	7.189475e-05	7.189475e-05
1.241473e+03	1.309024e+03	9.111548e-05	4.074808e-05	4.074808e-05
1.309024e+03	1.380250e+03	8.641426e-05	3.864563e-05	3.864563e-05
1.380250e+03	1.455352e+03	4.917266e-05	2.838985e-05	2.838985e-05
1.455352e+03	1.534541e+03	3.108989e-05	2.198387e-05	2.198387e-05
1.534541e+03	1.618038e+03	2.948581e-05	2.084962e-05	2.084962e-05
1.618038e+03	1.706079e+03	0.000000e+00	0.000000e+00	0.000000e+00
1.706079e+03	1.798910e+03	0.000000e+00	0.000000e+00	0.000000e+00
1.798910e+03	1.896792e+03	0.000000e+00	0.000000e+00	0.000000e+00
1.896792e+03	2.000000e+03	0.000000e+00	0.000000e+00	0.000000e+00
# END HISTO1D


# BEGIN HISTO1D //eos/home-y/yiyu/monobc/Rivet_New/X600_Qd300.yoda.gz/JetMETAnalysis/jet_pt
ErrorBars=1
LineColor=red
LineStyle=dashed
Path=//eos/home-y/yiyu/monobc/Rivet_New/X600_Qd300.yoda.gz/JetMETAnalysis/jet_pt
ScaledBy=6.75488147457291174e-06
Title=X600_Qd300
# xlow	 xhigh	 val	 errminus	 errplus
1.000000e+01	1.054412e+01	0.000000e+00	0.000000e+00	0.000000e+00
1.054412e+01	1.111784e+01	0.000000e+00	0.000000e+00	0.000000e+00
1.111784e+01	1.172279e+01	0.000000e+00	0.000000e+00	0.000000e+00
1.172279e+01	1.236065e+01	0.000000e+00	0.000000e+00	0.000000e+00
1.236065e+01	1.303321e+01	0.000000e+00	0.000000e+00	0.000000e+00
1.303321e+01	1.374238e+01	0.000000e+00	0.000000e+00	0.000000e+00
1.374238e+01	1.449012e+01	0.000000e+00	0.000000e+00	0.000000e+00
1.449012e+01	1.527856e+01	0.000000e+00	0.000000e+00	0.000000e+00
1.527856e+01	1.610989e+01	0.000000e+00	0.000000e+00	0.000000e+00
1.610989e+01	1.698646e+01	0.000000e+00	0.000000e+00	0.000000e+00
1.698646e+01	1.791073e+01	0.000000e+00	0.000000e+00	0.000000e+00
1.791073e+01	1.888529e+01	0.000000e+00	0.000000e+00	0.000000e+00
1.888529e+01	1.991287e+01	0.000000e+00	0.000000e+00	0.000000e+00
1.991287e+01	2.099637e+01	1.642962e-01	7.266120e-03	7.266120e-03
2.099637e+01	2.213882e+01	1.504557e-01	6.708437e-03	6.708437e-03
2.213882e+01	2.334344e+01	1.432559e-01	6.387265e-03	6.387265e-03
2.334344e+01	2.461360e+01	1.152297e-01	5.556871e-03	5.556871e-03
2.461360e+01	2.595287e+01	1.049631e-01	5.189845e-03	5.189845e-03
2.595287e+01	2.736502e+01	9.279708e-02	4.741647e-03	4.741647e-03
2.736502e+01	2.885400e+01	8.320837e-02	4.420806e-03	4.420806e-03
2.885400e+01	3.042400e+01	7.566242e-02	4.050118e-03	4.050118e-03
3.042400e+01	3.207943e+01	6.929052e-02	3.774494e-03	3.774494e-03
3.207943e+01	3.382493e+01	6.512999e-02	3.595623e-03	3.595623e-03
3.382493e+01	3.566541e+01	6.343334e-02	3.444992e-03	3.444992e-03
3.566541e+01	3.760603e+01	5.682756e-02	3.157087e-03	3.157087e-03
3.760603e+01	3.965225e+01	5.389484e-02	3.030898e-03	3.030898e-03
3.965225e+01	4.180980e+01	5.190267e-02	2.878829e-03	2.878829e-03
4.180980e+01	4.408475e+01	5.191732e-02	2.803085e-03	2.803085e-03
4.408475e+01	4.648349e+01	5.377873e-02	2.769707e-03	2.769707e-03
4.648349e+01	4.901274e+01	5.208034e-02	2.661039e-03	2.661039e-03
4.901274e+01	5.167962e+01	4.798870e-02	2.501017e-03	2.501017e-03
5.167962e+01	5.449160e+01	4.902272e-02	2.453936e-03	2.453936e-03
5.449160e+01	5.745660e+01	4.236003e-02	2.228951e-03	2.228951e-03
5.745660e+01	6.058292e+01	4.725099e-02	2.278548e-03	2.278548e-03
6.058292e+01	6.387935e+01	4.326380e-02	2.123640e-03	2.123640e-03
6.387935e+01	6.735515e+01	4.240212e-02	2.065760e-03	2.065760e-03
6.735515e+01	7.102007e+01	4.541496e-02	2.066297e-03	2.066297e-03
7.102007e+01	7.488441e+01	4.527332e-02	2.008542e-03	2.008542e-03
7.488441e+01	7.895901e+01	4.235235e-02	1.906727e-03	1.906727e-03
7.895901e+01	8.325532e+01	4.404878e-02	1.881475e-03	1.881475e-03
8.325532e+01	8.778540e+01	4.658439e-02	1.876899e-03	1.876899e-03
8.778540e+01	9.256197e+01	4.353911e-02	1.764285e-03	1.764285e-03
9.256197e+01	9.759844e+01	4.676645e-02	1.780361e-03	1.780361e-03
9.759844e+01	1.029090e+02	4.691646e-02	1.748239e-03	1.748239e-03
1.029090e+02	1.085084e+02	5.276340e-02	1.799141e-03	1.799141e-03
1.085084e+02	1.144126e+02	4.750296e-02	1.668843e-03	1.668843e-03
1.144126e+02	1.206380e+02	5.287055e-02	1.708971e-03	1.708971e-03
1.206380e+02	1.272021e+02	4.977951e-02	1.619960e-03	1.619960e-03
1.272021e+02	1.341234e+02	4.903002e-02	1.557461e-03	1.557461e-03
1.341234e+02	1.414214e+02	5.111651e-02	1.555260e-03	1.555260e-03
1.414214e+02	1.491164e+02	4.940821e-02	1.492821e-03	1.492821e-03
1.491164e+02	1.572301e+02	4.912386e-02	1.439209e-03	1.439209e-03
1.572301e+02	1.657853e+02	4.750385e-02	1.381650e-03	1.381650e-03
1.657853e+02	1.748059e+02	4.373232e-02	1.295615e-03	1.295615e-03
1.748059e+02	1.843175e+02	4.512488e-02	1.275774e-03	1.275774e-03
1.843175e+02	1.943465e+02	4.120174e-02	1.188344e-03	1.188344e-03
1.943465e+02	2.049213e+02	4.165016e-02	1.164089e-03	1.164089e-03
2.049213e+02	2.160715e+02	4.029451e-02	1.114936e-03	1.114936e-03
2.160715e+02	2.278283e+02	3.497296e-02	1.012876e-03	1.012876e-03
2.278283e+02	2.402249e+02	3.640789e-02	1.005089e-03	1.005089e-03
2.402249e+02	2.532960e+02	3.393024e-02	9.464417e-04	9.464417e-04
2.532960e+02	2.670783e+02	3.240162e-02	8.993000e-04	8.993000e-04
2.670783e+02	2.816105e+02	3.108094e-02	8.583436e-04	8.583436e-04
2.816105e+02	2.969335e+02	2.863279e-02	8.030610e-04	8.030610e-04
2.969335e+02	3.130902e+02	2.298406e-02	7.047207e-04	7.047207e-04
3.130902e+02	3.301261e+02	2.181786e-02	6.644574e-04	6.644574e-04
3.301261e+02	3.480888e+02	1.972575e-02	6.172210e-04	6.172210e-04
3.480888e+02	3.670290e+02	1.545498e-02	5.361237e-04	5.361237e-04
3.670290e+02	3.869998e+02	1.288490e-02	4.735521e-04	4.735521e-04
3.869998e+02	4.080572e+02	1.147646e-02	4.361295e-04	4.361295e-04
4.080572e+02	4.302603e+02	8.416145e-03	3.624490e-04	3.624490e-04
4.302603e+02	4.536716e+02	7.036786e-03	3.250978e-04	3.250978e-04
4.536716e+02	4.783567e+02	5.667107e-03	2.815708e-04	2.815708e-04
4.783567e+02	5.043850e+02	4.472340e-03	2.439486e-04	2.439486e-04
5.043850e+02	5.318296e+02	3.249368e-03	2.090051e-04	2.090051e-04
5.318296e+02	5.607674e+02	2.528876e-03	1.748579e-04	1.748579e-04
5.607674e+02	5.912799e+02	1.952157e-03	1.492462e-04	1.492462e-04
5.912799e+02	6.234525e+02	1.184913e-03	1.119637e-04	1.119637e-04
6.234525e+02	6.573758e+02	9.632250e-04	1.023230e-04	1.023230e-04
6.573758e+02	6.931448e+02	6.185306e-04	7.789062e-05	7.789062e-05
6.931448e+02	7.308602e+02	5.505107e-04	7.048566e-05	7.048566e-05
7.308602e+02	7.706277e+02	3.765987e-04	5.805039e-05	5.805039e-05
7.706277e+02	8.125590e+02	2.435217e-04	5.003893e-05	5.003893e-05
8.125590e+02	8.567719e+02	1.847638e-04	3.771475e-05	3.771475e-05
8.567719e+02	9.033905e+02	1.752292e-04	3.576852e-05	3.576852e-05
9.033905e+02	9.525456e+02	8.309353e-05	2.398704e-05	2.398704e-05
9.525456e+02	1.004375e+03	5.253738e-05	1.857477e-05	1.857477e-05
1.004375e+03	1.059025e+03	1.245645e-05	8.808043e-06	8.808043e-06
1.059025e+03	1.116649e+03	1.181357e-05	8.353456e-06	8.353456e-06
1.116649e+03	1.177408e+03	5.602011e-06	5.602011e-06	5.602011e-06
1.177408e+03	1.241473e+03	1.062585e-05	7.513612e-06	7.513612e-06
1.241473e+03	1.309024e+03	1.007750e-05	7.125868e-06	7.125868e-06
1.309024e+03	1.380250e+03	0.000000e+00	0.000000e+00	0.000000e+00
1.380250e+03	1.455352e+03	0.000000e+00	0.000000e+00	0.000000e+00
1.455352e+03	1.534541e+03	0.000000e+00	0.000000e+00	0.000000e+00
1.534541e+03	1.618038e+03	0.000000e+00	0.000000e+00	0.000000e+00
1.618038e+03	1.706079e+03	3.866069e-06	3.866069e-06	3.866069e-06
1.706079e+03	1.798910e+03	0.000000e+00	0.000000e+00	0.000000e+00
1.798910e+03	1.896792e+03	0.000000e+00	0.000000e+00	0.000000e+00
1.896792e+03	2.000000e+03	0.000000e+00	0.000000e+00	0.000000e+00
# END HISTO1D


# BEGIN HISTO1D //eos/home-y/yiyu/monobc/Rivet_New/X1200_Qd10.yoda.gz/JetMETAnalysis/jet_pt
ErrorBars=1
LineColor=blue
LineStyle=solid
Path=//eos/home-y/yiyu/monobc/Rivet_New/X1200_Qd10.yoda.gz/JetMETAnalysis/jet_pt
ScaledBy=5.27184109663249990e-06
Title=X1200_Qd10
# xlow	 xhigh	 val	 errminus	 errplus
1.000000e+01	1.054412e+01	0.000000e+00	0.000000e+00	0.000000e+00
1.054412e+01	1.111784e+01	0.000000e+00	0.000000e+00	0.000000e+00
1.111784e+01	1.172279e+01	0.000000e+00	0.000000e+00	0.000000e+00
1.172279e+01	1.236065e+01	0.000000e+00	0.000000e+00	0.000000e+00
1.236065e+01	1.303321e+01	0.000000e+00	0.000000e+00	0.000000e+00
1.303321e+01	1.374238e+01	0.000000e+00	0.000000e+00	0.000000e+00
1.374238e+01	1.449012e+01	0.000000e+00	0.000000e+00	0.000000e+00
1.449012e+01	1.527856e+01	0.000000e+00	0.000000e+00	0.000000e+00
1.527856e+01	1.610989e+01	0.000000e+00	0.000000e+00	0.000000e+00
1.610989e+01	1.698646e+01	0.000000e+00	0.000000e+00	0.000000e+00
1.698646e+01	1.791073e+01	0.000000e+00	0.000000e+00	0.000000e+00
1.791073e+01	1.888529e+01	0.000000e+00	0.000000e+00	0.000000e+00
1.888529e+01	1.991287e+01	0.000000e+00	0.000000e+00	0.000000e+00
1.991287e+01	2.099637e+01	2.504957e-02	1.111112e-03	1.111112e-03
2.099637e+01	2.213882e+01	2.317249e-02	1.016733e-03	1.016733e-03
2.213882e+01	2.334344e+01	1.738327e-02	8.756312e-04	8.756312e-04
2.334344e+01	2.461360e+01	1.806357e-02	8.522402e-04	8.522402e-04
2.461360e+01	2.595287e+01	1.467391e-02	7.737842e-04	7.737842e-04
2.595287e+01	2.736502e+01	1.222770e-02	6.889422e-04	6.889422e-04
2.736502e+01	2.885400e+01	1.162879e-02	6.382978e-04	6.382978e-04
2.885400e+01	3.042400e+01	9.570350e-03	5.788560e-04	5.788560e-04
3.042400e+01	3.207943e+01	8.990021e-03	5.451897e-04	5.451897e-04
3.207943e+01	3.382493e+01	8.826726e-03	5.235162e-04	5.235162e-04
3.382493e+01	3.566541e+01	7.464113e-03	4.621675e-04	4.621675e-04
3.566541e+01	3.760603e+01	7.128109e-03	4.410668e-04	4.410668e-04
3.760603e+01	3.965225e+01	6.900113e-03	4.221838e-04	4.221838e-04
3.965225e+01	4.180980e+01	6.013469e-03	3.905111e-04	3.905111e-04
4.180980e+01	4.408475e+01	5.116051e-03	3.558290e-04	3.558290e-04
4.408475e+01	4.648349e+01	5.826413e-03	3.617826e-04	3.617826e-04
4.648349e+01	4.901274e+01	4.563946e-03	3.075856e-04	3.075856e-04
4.901274e+01	5.167962e+01	4.864996e-03	3.128774e-04	3.128774e-04
5.167962e+01	5.449160e+01	4.868402e-03	2.991472e-04	2.991472e-04
5.449160e+01	5.745660e+01	4.037997e-03	2.715906e-04	2.715906e-04
5.745660e+01	6.058292e+01	4.119527e-03	2.616117e-04	2.616117e-04
6.058292e+01	6.387935e+01	4.398926e-03	2.636587e-04	2.636587e-04
6.387935e+01	6.735515e+01	3.430853e-03	2.263323e-04	2.263323e-04
6.735515e+01	7.102007e+01	3.735375e-03	2.295264e-04	2.295264e-04
7.102007e+01	7.488441e+01	3.443864e-03	2.183805e-04	2.183805e-04
7.488441e+01	7.895901e+01	3.312976e-03	2.024266e-04	2.024266e-04
7.895901e+01	8.325532e+01	2.653500e-03	1.820948e-04	1.820948e-04
8.325532e+01	8.778540e+01	2.663984e-03	1.777598e-04	1.777598e-04
8.778540e+01	9.256197e+01	2.786154e-03	1.732543e-04	1.732543e-04
9.256197e+01	9.759844e+01	2.860208e-03	1.730868e-04	1.730868e-04
9.759844e+01	1.029090e+02	2.514981e-03	1.596688e-04	1.596688e-04
1.029090e+02	1.085084e+02	2.300061e-03	1.470563e-04	1.470563e-04
1.085084e+02	1.144126e+02	2.399453e-03	1.469839e-04	1.469839e-04
1.144126e+02	1.206380e+02	2.413572e-03	1.410748e-04	1.410748e-04
1.206380e+02	1.272021e+02	2.223633e-03	1.355599e-04	1.355599e-04
1.272021e+02	1.341234e+02	2.474136e-03	1.369707e-04	1.369707e-04
1.341234e+02	1.414214e+02	2.104597e-03	1.240122e-04	1.240122e-04
1.414214e+02	1.491164e+02	2.088999e-03	1.216294e-04	1.216294e-04
1.491164e+02	1.572301e+02	2.433875e-03	1.241554e-04	1.241554e-04
1.572301e+02	1.657853e+02	2.224640e-03	1.191914e-04	1.191914e-04
1.657853e+02	1.748059e+02	1.972379e-03	1.072019e-04	1.072019e-04
1.748059e+02	1.843175e+02	2.041069e-03	1.050741e-04	1.050741e-04
1.843175e+02	1.943465e+02	2.425658e-03	1.133531e-04	1.133531e-04
1.943465e+02	2.049213e+02	2.052373e-03	1.007616e-04	1.007616e-04
2.049213e+02	2.160715e+02	2.160358e-03	1.007815e-04	1.007815e-04
2.160715e+02	2.278283e+02	2.138152e-03	9.846581e-05	9.846581e-05
2.278283e+02	2.402249e+02	2.351016e-03	9.892706e-05	9.892706e-05
2.402249e+02	2.532960e+02	2.430407e-03	9.751106e-05	9.751106e-05
2.532960e+02	2.670783e+02	2.429586e-03	9.566254e-05	9.566254e-05
2.670783e+02	2.816105e+02	2.501155e-03	9.625754e-05	9.625754e-05
2.816105e+02	2.969335e+02	2.499704e-03	9.281624e-05	9.281624e-05
2.969335e+02	3.130902e+02	2.662998e-03	9.438212e-05	9.438212e-05
3.130902e+02	3.301261e+02	2.654362e-03	9.012219e-05	9.012219e-05
3.301261e+02	3.480888e+02	2.528030e-03	8.710668e-05	8.710668e-05
3.480888e+02	3.670290e+02	2.661996e-03	8.559006e-05	8.559006e-05
3.670290e+02	3.869998e+02	2.601054e-03	8.277381e-05	8.277381e-05
3.869998e+02	4.080572e+02	2.629931e-03	8.056705e-05	8.056705e-05
4.080572e+02	4.302603e+02	2.565120e-03	7.757863e-05	7.757863e-05
4.302603e+02	4.536716e+02	2.355316e-03	7.346205e-05	7.346205e-05
4.536716e+02	4.783567e+02	2.444402e-03	7.154854e-05	7.154854e-05
4.783567e+02	5.043850e+02	2.221129e-03	6.723473e-05	6.723473e-05
5.043850e+02	5.318296e+02	2.174289e-03	6.472890e-05	6.472890e-05
5.318296e+02	5.607674e+02	2.108249e-03	6.147733e-05	6.147733e-05
5.607674e+02	5.912799e+02	1.940041e-03	5.822069e-05	5.822069e-05
5.912799e+02	6.234525e+02	2.008954e-03	5.747914e-05	5.747914e-05
6.234525e+02	6.573758e+02	1.888404e-03	5.418537e-05	5.418537e-05
6.573758e+02	6.931448e+02	1.701613e-03	5.000377e-05	5.000377e-05
6.931448e+02	7.308602e+02	1.631503e-03	4.785967e-05	4.785967e-05
7.308602e+02	7.706277e+02	1.417771e-03	4.314752e-05	4.314752e-05
7.706277e+02	8.125590e+02	1.279768e-03	4.007417e-05	4.007417e-05
8.125590e+02	8.567719e+02	1.137126e-03	3.680819e-05	3.680819e-05
8.567719e+02	9.033905e+02	9.577089e-04	3.334417e-05	3.334417e-05
9.033905e+02	9.525456e+02	7.889308e-04	2.941752e-05	2.941752e-05
9.525456e+02	1.004375e+03	6.101747e-04	2.568677e-05	2.568677e-05
1.004375e+03	1.059025e+03	5.367868e-04	2.294382e-05	2.294382e-05
1.059025e+03	1.116649e+03	3.559442e-04	1.843547e-05	1.843547e-05
1.116649e+03	1.177408e+03	2.543615e-04	1.530376e-05	1.530376e-05
1.177408e+03	1.241473e+03	1.824157e-04	1.274471e-05	1.274471e-05
1.241473e+03	1.309024e+03	1.299281e-04	1.052111e-05	1.052111e-05
1.309024e+03	1.380250e+03	8.103334e-05	8.337661e-06	8.337661e-06
1.380250e+03	1.455352e+03	4.763506e-05	6.691553e-06	6.691553e-06
1.455352e+03	1.534541e+03	2.951536e-05	5.075528e-06	5.075528e-06
1.534541e+03	1.618038e+03	2.799253e-05	4.313041e-06	4.313041e-06
1.618038e+03	1.706079e+03	6.501495e-06	2.866890e-06	2.866890e-06
1.706079e+03	1.798910e+03	1.027670e-05	2.517268e-06	2.517268e-06
1.798910e+03	1.896792e+03	1.461959e-06	1.616257e-06	1.616257e-06
1.896792e+03	2.000000e+03	-1.814718e-22	1.307220e-06	1.307220e-06
# END HISTO1D


# BEGIN HISTO1D //eos/home-y/yiyu/monobc/Rivet_New/X1200_Qd600.yoda.gz/JetMETAnalysis/jet_pt
ErrorBars=1
LineColor=blue
LineStyle=dashed
Path=//eos/home-y/yiyu/monobc/Rivet_New/X1200_Qd600.yoda.gz/JetMETAnalysis/jet_pt
ScaledBy=5.56166359358329485e-06
Title=X1200_Qd600
# xlow	 xhigh	 val	 errminus	 errplus
1.000000e+01	1.054412e+01	0.000000e+00	0.000000e+00	0.000000e+00
1.054412e+01	1.111784e+01	0.000000e+00	0.000000e+00	0.000000e+00
1.111784e+01	1.172279e+01	0.000000e+00	0.000000e+00	0.000000e+00
1.172279e+01	1.236065e+01	0.000000e+00	0.000000e+00	0.000000e+00
1.236065e+01	1.303321e+01	0.000000e+00	0.000000e+00	0.000000e+00
1.303321e+01	1.374238e+01	0.000000e+00	0.000000e+00	0.000000e+00
1.374238e+01	1.449012e+01	0.000000e+00	0.000000e+00	0.000000e+00
1.449012e+01	1.527856e+01	0.000000e+00	0.000000e+00	0.000000e+00
1.527856e+01	1.610989e+01	0.000000e+00	0.000000e+00	0.000000e+00
1.610989e+01	1.698646e+01	0.000000e+00	0.000000e+00	0.000000e+00
1.698646e+01	1.791073e+01	0.000000e+00	0.000000e+00	0.000000e+00
1.791073e+01	1.888529e+01	0.000000e+00	0.000000e+00	0.000000e+00
1.888529e+01	1.991287e+01	0.000000e+00	0.000000e+00	0.000000e+00
1.991287e+01	2.099637e+01	6.311802e-03	2.932586e-04	2.932586e-04
2.099637e+01	2.213882e+01	5.534552e-03	2.650454e-04	2.650454e-04
2.213882e+01	2.334344e+01	4.919486e-03	2.415819e-04	2.415819e-04
2.334344e+01	2.461360e+01	3.957464e-03	2.159571e-04	2.159571e-04
2.461360e+01	2.595287e+01	3.585339e-03	1.987701e-04	1.987701e-04
2.595287e+01	2.736502e+01	3.344099e-03	1.818786e-04	1.818786e-04
2.736502e+01	2.885400e+01	2.913914e-03	1.718061e-04	1.718061e-04
2.885400e+01	3.042400e+01	2.620309e-03	1.555856e-04	1.555856e-04
3.042400e+01	3.207943e+01	2.285320e-03	1.406895e-04	1.406895e-04
3.207943e+01	3.382493e+01	1.962780e-03	1.306021e-04	1.306021e-04
3.382493e+01	3.566541e+01	2.343032e-03	1.340758e-04	1.340758e-04
3.566541e+01	3.760603e+01	2.283474e-03	1.280674e-04	1.280674e-04
3.760603e+01	3.965225e+01	1.913512e-03	1.149167e-04	1.149167e-04
3.965225e+01	4.180980e+01	1.741202e-03	1.089869e-04	1.089869e-04
4.180980e+01	4.408475e+01	1.430392e-03	9.694877e-05	9.694877e-05
4.408475e+01	4.648349e+01	1.566127e-03	9.802845e-05	9.802845e-05
4.648349e+01	4.901274e+01	1.521924e-03	9.370279e-05	9.370279e-05
4.901274e+01	5.167962e+01	1.170578e-03	8.059169e-05	8.059169e-05
5.167962e+01	5.449160e+01	1.307749e-03	8.335744e-05	8.335744e-05
5.449160e+01	5.745660e+01	1.146569e-03	7.531639e-05	7.531639e-05
5.745660e+01	6.058292e+01	1.155104e-03	7.267237e-05	7.267237e-05
6.058292e+01	6.387935e+01	1.051355e-03	6.809953e-05	6.809953e-05
6.387935e+01	6.735515e+01	1.023739e-03	6.711463e-05	6.711463e-05
6.735515e+01	7.102007e+01	1.050317e-03	6.486771e-05	6.486771e-05
7.102007e+01	7.488441e+01	9.276534e-04	6.036659e-05	6.036659e-05
7.488441e+01	7.895901e+01	9.057554e-04	5.651036e-05	5.651036e-05
7.895901e+01	8.325532e+01	9.421445e-04	5.760102e-05	5.760102e-05
8.325532e+01	8.778540e+01	8.263658e-04	5.215323e-05	5.215323e-05
8.778540e+01	9.256197e+01	9.111115e-04	5.232506e-05	5.232506e-05
9.256197e+01	9.759844e+01	8.614684e-04	4.997120e-05	4.997120e-05
9.759844e+01	1.029090e+02	8.369330e-04	4.804220e-05	4.804220e-05
1.029090e+02	1.085084e+02	8.150221e-04	4.647354e-05	4.647354e-05
1.085084e+02	1.144126e+02	8.177557e-04	4.452760e-05	4.452760e-05
1.144126e+02	1.206380e+02	7.500655e-04	4.190823e-05	4.190823e-05
1.206380e+02	1.272021e+02	7.939859e-04	4.169063e-05	4.169063e-05
1.272021e+02	1.341234e+02	8.791478e-04	4.273553e-05	4.273553e-05
1.341234e+02	1.414214e+02	8.301439e-04	4.061063e-05	4.061063e-05
1.414214e+02	1.491164e+02	8.216958e-04	3.927520e-05	3.927520e-05
1.491164e+02	1.572301e+02	8.363541e-04	3.861484e-05	3.861484e-05
1.572301e+02	1.657853e+02	8.643177e-04	3.834416e-05	3.834416e-05
1.657853e+02	1.748059e+02	8.182585e-04	3.686505e-05	3.686505e-05
1.748059e+02	1.843175e+02	8.622434e-04	3.642505e-05	3.642505e-05
1.843175e+02	1.943465e+02	8.256737e-04	3.474673e-05	3.474673e-05
1.943465e+02	2.049213e+02	8.268392e-04	3.377407e-05	3.377407e-05
2.049213e+02	2.160715e+02	9.490718e-04	3.503219e-05	3.503219e-05
2.160715e+02	2.278283e+02	8.922283e-04	3.335778e-05	3.335778e-05
2.278283e+02	2.402249e+02	9.432820e-04	3.295819e-05	3.295819e-05
2.402249e+02	2.532960e+02	9.391344e-04	3.232062e-05	3.232062e-05
2.532960e+02	2.670783e+02	9.501789e-04	3.157066e-05	3.157066e-05
2.670783e+02	2.816105e+02	9.493903e-04	3.055782e-05	3.055782e-05
2.816105e+02	2.969335e+02	9.047099e-04	2.942734e-05	2.942734e-05
2.969335e+02	3.130902e+02	9.841100e-04	2.961031e-05	2.961031e-05
3.130902e+02	3.301261e+02	9.566157e-04	2.850832e-05	2.850832e-05
3.301261e+02	3.480888e+02	8.763287e-04	2.659249e-05	2.659249e-05
3.480888e+02	3.670290e+02	8.597364e-04	2.574642e-05	2.574642e-05
3.670290e+02	3.869998e+02	8.140445e-04	2.452534e-05	2.452534e-05
3.869998e+02	4.080572e+02	7.726666e-04	2.338669e-05	2.338669e-05
4.080572e+02	4.302603e+02	7.673510e-04	2.230756e-05	2.230756e-05
4.302603e+02	4.536716e+02	7.317048e-04	2.144856e-05	2.144856e-05
4.536716e+02	4.783567e+02	6.778717e-04	1.982707e-05	1.982707e-05
4.783567e+02	5.043850e+02	6.738907e-04	1.945866e-05	1.945866e-05
5.043850e+02	5.318296e+02	6.106768e-04	1.792445e-05	1.792445e-05
5.318296e+02	5.607674e+02	5.595097e-04	1.664555e-05	1.664555e-05
5.607674e+02	5.912799e+02	5.302007e-04	1.600523e-05	1.600523e-05
5.912799e+02	6.234525e+02	4.629607e-04	1.464081e-05	1.464081e-05
6.234525e+02	6.573758e+02	3.922758e-04	1.314265e-05	1.314265e-05
6.573758e+02	6.931448e+02	3.553927e-04	1.208001e-05	1.208001e-05
6.931448e+02	7.308602e+02	2.560330e-04	1.010444e-05	1.010444e-05
7.308602e+02	7.706277e+02	2.145474e-04	9.103414e-06	9.103414e-06
7.706277e+02	8.125590e+02	1.779232e-04	7.980743e-06	7.980743e-06
8.125590e+02	8.567719e+02	1.376260e-04	6.990997e-06	6.990997e-06
8.567719e+02	9.033905e+02	9.250179e-05	5.545800e-06	5.545800e-06
9.033905e+02	9.525456e+02	6.942932e-05	4.858833e-06	4.858833e-06
9.525456e+02	1.004375e+03	4.823668e-05	3.828308e-06	3.828308e-06
1.004375e+03	1.059025e+03	2.952986e-05	3.211130e-06	3.211130e-06
1.059025e+03	1.116649e+03	1.951225e-05	2.440212e-06	2.440212e-06
1.116649e+03	1.177408e+03	1.436895e-05	2.065391e-06	2.065391e-06
1.177408e+03	1.241473e+03	8.465543e-06	1.474538e-06	1.474538e-06
1.241473e+03	1.309024e+03	4.895534e-06	1.090287e-06	1.090287e-06
1.309024e+03	1.380250e+03	2.042894e-06	7.192815e-07	7.192815e-07
1.380250e+03	1.455352e+03	1.585195e-06	5.841664e-07	5.841664e-07
1.455352e+03	1.534541e+03	5.011274e-07	4.419528e-07	4.419528e-07
1.534541e+03	1.618038e+03	1.584240e-07	3.542468e-07	3.542468e-07
1.618038e+03	1.706079e+03	-3.004947e-07	2.124818e-07	2.124818e-07
1.706079e+03	1.798910e+03	-1.424947e-07	1.424947e-07	1.424947e-07
1.798910e+03	1.896792e+03	1.351416e-07	1.351415e-07	1.351415e-07
1.896792e+03	2.000000e+03	0.000000e+00	0.000000e+00	0.000000e+00
# END HISTO1D


# BEGIN HISTO1D //eos/home-y/yiyu/monobc/Rivet_New/X2000_Qd10.yoda.gz/JetMETAnalysis/jet_pt
ErrorBars=1
LineColor=violet
LineStyle=solid
Path=//eos/home-y/yiyu/monobc/Rivet_New/X2000_Qd10.yoda.gz/JetMETAnalysis/jet_pt
ScaledBy=4.40135559908988236e-06
Title=X2000_Qd10
# xlow	 xhigh	 val	 errminus	 errplus
1.000000e+01	1.054412e+01	0.000000e+00	0.000000e+00	0.000000e+00
1.054412e+01	1.111784e+01	0.000000e+00	0.000000e+00	0.000000e+00
1.111784e+01	1.172279e+01	0.000000e+00	0.000000e+00	0.000000e+00
1.172279e+01	1.236065e+01	0.000000e+00	0.000000e+00	0.000000e+00
1.236065e+01	1.303321e+01	0.000000e+00	0.000000e+00	0.000000e+00
1.303321e+01	1.374238e+01	0.000000e+00	0.000000e+00	0.000000e+00
1.374238e+01	1.449012e+01	0.000000e+00	0.000000e+00	0.000000e+00
1.449012e+01	1.527856e+01	0.000000e+00	0.000000e+00	0.000000e+00
1.527856e+01	1.610989e+01	0.000000e+00	0.000000e+00	0.000000e+00
1.610989e+01	1.698646e+01	0.000000e+00	0.000000e+00	0.000000e+00
1.698646e+01	1.791073e+01	0.000000e+00	0.000000e+00	0.000000e+00
1.791073e+01	1.888529e+01	0.000000e+00	0.000000e+00	0.000000e+00
1.888529e+01	1.991287e+01	0.000000e+00	0.000000e+00	0.000000e+00
1.991287e+01	2.099637e+01	3.223995e-04	2.866124e-05	2.866124e-05
2.099637e+01	2.213882e+01	3.588399e-04	2.800256e-05	2.800256e-05
2.213882e+01	2.334344e+01	2.615323e-04	2.526335e-05	2.526335e-05
2.334344e+01	2.461360e+01	2.708691e-04	2.294951e-05	2.294951e-05
2.461360e+01	2.595287e+01	2.057101e-04	2.080957e-05	2.080957e-05
2.595287e+01	2.736502e+01	1.932266e-04	1.841075e-05	1.841075e-05
2.736502e+01	2.885400e+01	1.965357e-04	1.831515e-05	1.831515e-05
2.885400e+01	3.042400e+01	1.679221e-04	1.700081e-05	1.700081e-05
3.042400e+01	3.207943e+01	1.337753e-04	1.510838e-05	1.510838e-05
3.207943e+01	3.382493e+01	1.306483e-04	1.450677e-05	1.450677e-05
3.382493e+01	3.566541e+01	1.081492e-04	1.326458e-05	1.326458e-05
3.566541e+01	3.760603e+01	1.046063e-04	1.259842e-05	1.259842e-05
3.760603e+01	3.965225e+01	8.052580e-05	1.146977e-05	1.146977e-05
3.965225e+01	4.180980e+01	9.958736e-05	1.138102e-05	1.138102e-05
4.180980e+01	4.408475e+01	7.474727e-05	1.025127e-05	1.025127e-05
4.408475e+01	4.648349e+01	7.198892e-05	9.244587e-06	9.244587e-06
4.648349e+01	4.901274e+01	6.358367e-05	9.205831e-06	9.205831e-06
4.901274e+01	5.167962e+01	6.771651e-05	8.716741e-06	8.716741e-06
5.167962e+01	5.449160e+01	6.891006e-05	8.450977e-06	8.450977e-06
5.449160e+01	5.745660e+01	5.957410e-05	7.492244e-06	7.492244e-06
5.745660e+01	6.058292e+01	5.397019e-05	7.566098e-06	7.566098e-06
6.058292e+01	6.387935e+01	5.758323e-05	6.833214e-06	6.833214e-06
6.387935e+01	6.735515e+01	6.105884e-05	6.941368e-06	6.941368e-06
6.735515e+01	7.102007e+01	4.999514e-05	6.114513e-06	6.114513e-06
7.102007e+01	7.488441e+01	6.344757e-05	6.025311e-06	6.025311e-06
7.488441e+01	7.895901e+01	5.305623e-05	5.805243e-06	5.805243e-06
7.895901e+01	8.325532e+01	3.896597e-05	5.428177e-06	5.428177e-06
8.325532e+01	8.778540e+01	4.364784e-05	5.056792e-06	5.056792e-06
8.778540e+01	9.256197e+01	4.415514e-05	4.890194e-06	4.890194e-06
9.256197e+01	9.759844e+01	3.271607e-05	4.418487e-06	4.418487e-06
9.759844e+01	1.029090e+02	3.599193e-05	4.363313e-06	4.363313e-06
1.029090e+02	1.085084e+02	2.613117e-05	3.759292e-06	3.759292e-06
1.085084e+02	1.144126e+02	2.679154e-05	3.775717e-06	3.775717e-06
1.144126e+02	1.206380e+02	2.519748e-05	3.673613e-06	3.673613e-06
1.206380e+02	1.272021e+02	2.208996e-05	3.299774e-06	3.299774e-06
1.272021e+02	1.341234e+02	2.399718e-05	3.141046e-06	3.141046e-06
1.341234e+02	1.414214e+02	2.348102e-05	3.107559e-06	3.107559e-06
1.414214e+02	1.491164e+02	2.244090e-05	2.851076e-06	2.851076e-06
1.491164e+02	1.572301e+02	1.965821e-05	2.771437e-06	2.771437e-06
1.572301e+02	1.657853e+02	2.665591e-05	2.743323e-06	2.743323e-06
1.657853e+02	1.748059e+02	2.148124e-05	2.626294e-06	2.626294e-06
1.748059e+02	1.843175e+02	1.815496e-05	2.451862e-06	2.451862e-06
1.843175e+02	1.943465e+02	2.024140e-05	2.387684e-06	2.387684e-06
1.943465e+02	2.049213e+02	2.056787e-05	2.295119e-06	2.295119e-06
2.049213e+02	2.160715e+02	2.246200e-05	2.154090e-06	2.154090e-06
2.160715e+02	2.278283e+02	1.715457e-05	2.222719e-06	2.222719e-06
2.278283e+02	2.402249e+02	1.701354e-05	2.017558e-06	2.017558e-06
2.402249e+02	2.532960e+02	1.815256e-05	2.001766e-06	2.001766e-06
2.532960e+02	2.670783e+02	1.520732e-05	1.847184e-06	1.847184e-06
2.670783e+02	2.816105e+02	1.532967e-05	1.883149e-06	1.883149e-06
2.816105e+02	2.969335e+02	1.445250e-05	1.808609e-06	1.808609e-06
2.969335e+02	3.130902e+02	1.909153e-05	1.761237e-06	1.761237e-06
3.130902e+02	3.301261e+02	1.810624e-05	1.788064e-06	1.788064e-06
3.301261e+02	3.480888e+02	1.974050e-05	1.756642e-06	1.756642e-06
3.480888e+02	3.670290e+02	1.746894e-05	1.737149e-06	1.737149e-06
3.670290e+02	3.869998e+02	2.046179e-05	1.619497e-06	1.619497e-06
3.869998e+02	4.080572e+02	1.790354e-05	1.679728e-06	1.679728e-06
4.080572e+02	4.302603e+02	1.887952e-05	1.655975e-06	1.655975e-06
4.302603e+02	4.536716e+02	1.903131e-05	1.544048e-06	1.544048e-06
4.536716e+02	4.783567e+02	1.869006e-05	1.542146e-06	1.542146e-06
4.783567e+02	5.043850e+02	2.284064e-05	1.541954e-06	1.541954e-06
5.043850e+02	5.318296e+02	2.348710e-05	1.534735e-06	1.534735e-06
5.318296e+02	5.607674e+02	2.213850e-05	1.488667e-06	1.488667e-06
5.607674e+02	5.912799e+02	2.440889e-05	1.449025e-06	1.449025e-06
5.912799e+02	6.234525e+02	2.343621e-05	1.460136e-06	1.460136e-06
6.234525e+02	6.573758e+02	2.510220e-05	1.401042e-06	1.401042e-06
6.573758e+02	6.931448e+02	2.612864e-05	1.381366e-06	1.381366e-06
6.931448e+02	7.308602e+02	2.547923e-05	1.303534e-06	1.303534e-06
7.308602e+02	7.706277e+02	2.323631e-05	1.271322e-06	1.271322e-06
7.706277e+02	8.125590e+02	2.169143e-05	1.214293e-06	1.214293e-06
8.125590e+02	8.567719e+02	2.301683e-05	1.163914e-06	1.163914e-06
8.567719e+02	9.033905e+02	2.284702e-05	1.126081e-06	1.126081e-06
9.033905e+02	9.525456e+02	2.030041e-05	1.067637e-06	1.067637e-06
9.525456e+02	1.004375e+03	1.833735e-05	9.892835e-07	9.892835e-07
1.004375e+03	1.059025e+03	1.727032e-05	9.422466e-07	9.422466e-07
1.059025e+03	1.116649e+03	1.525808e-05	8.743778e-07	8.743778e-07
1.116649e+03	1.177408e+03	1.401520e-05	8.215641e-07	8.215641e-07
1.177408e+03	1.241473e+03	1.187223e-05	7.529167e-07	7.529167e-07
1.241473e+03	1.309024e+03	1.125956e-05	6.863260e-07	6.863260e-07
1.309024e+03	1.380250e+03	8.661333e-06	6.259677e-07	6.259677e-07
1.380250e+03	1.455352e+03	7.266518e-06	5.511432e-07	5.511432e-07
1.455352e+03	1.534541e+03	4.777431e-06	4.775431e-07	4.775431e-07
1.534541e+03	1.618038e+03	3.094302e-06	3.911927e-07	3.911927e-07
1.618038e+03	1.706079e+03	1.856583e-06	3.273456e-07	3.273456e-07
1.706079e+03	1.798910e+03	1.093390e-06	2.690492e-07	2.690492e-07
1.798910e+03	1.896792e+03	5.790860e-07	2.150526e-07	2.150526e-07
1.896792e+03	2.000000e+03	1.149493e-07	1.548541e-07	1.548541e-07
# END HISTO1D


# BEGIN HISTO1D //eos/home-y/yiyu/monobc/Rivet_New/X2000_Qd1000.yoda.gz/JetMETAnalysis/jet_pt
ErrorBars=1
LineColor=violet
LineStyle=dashed
Path=//eos/home-y/yiyu/monobc/Rivet_New/X2000_Qd1000.yoda.gz/JetMETAnalysis/jet_pt
ScaledBy=5.07728926975894364e-06
Title=X2000_Qd1000
# xlow	 xhigh	 val	 errminus	 errplus
1.000000e+01	1.054412e+01	0.000000e+00	0.000000e+00	0.000000e+00
1.054412e+01	1.111784e+01	0.000000e+00	0.000000e+00	0.000000e+00
1.111784e+01	1.172279e+01	0.000000e+00	0.000000e+00	0.000000e+00
1.172279e+01	1.236065e+01	0.000000e+00	0.000000e+00	0.000000e+00
1.236065e+01	1.303321e+01	0.000000e+00	0.000000e+00	0.000000e+00
1.303321e+01	1.374238e+01	0.000000e+00	0.000000e+00	0.000000e+00
1.374238e+01	1.449012e+01	0.000000e+00	0.000000e+00	0.000000e+00
1.449012e+01	1.527856e+01	0.000000e+00	0.000000e+00	0.000000e+00
1.527856e+01	1.610989e+01	0.000000e+00	0.000000e+00	0.000000e+00
1.610989e+01	1.698646e+01	0.000000e+00	0.000000e+00	0.000000e+00
1.698646e+01	1.791073e+01	0.000000e+00	0.000000e+00	0.000000e+00
1.791073e+01	1.888529e+01	0.000000e+00	0.000000e+00	0.000000e+00
1.888529e+01	1.991287e+01	0.000000e+00	0.000000e+00	0.000000e+00
1.991287e+01	2.099637e+01	8.429946e-05	7.474999e-06	7.474999e-06
2.099637e+01	2.213882e+01	6.692753e-05	6.912441e-06	6.912441e-06
2.213882e+01	2.334344e+01	6.691995e-05	6.299009e-06	6.299009e-06
2.334344e+01	2.461360e+01	4.821304e-05	5.588978e-06	5.588978e-06
2.461360e+01	2.595287e+01	3.616676e-05	5.101688e-06	5.101688e-06
2.595287e+01	2.736502e+01	5.047033e-05	5.032979e-06	5.032979e-06
2.736502e+01	2.885400e+01	3.648048e-05	4.390308e-06	4.390308e-06
2.885400e+01	3.042400e+01	3.503864e-05	4.069371e-06	4.069371e-06
3.042400e+01	3.207943e+01	3.845535e-05	4.063356e-06	4.063356e-06
3.207943e+01	3.382493e+01	2.755146e-05	3.649470e-06	3.649470e-06
3.382493e+01	3.566541e+01	2.782149e-05	3.526874e-06	3.526874e-06
3.566541e+01	3.760603e+01	2.353332e-05	3.228837e-06	3.228837e-06
3.760603e+01	3.965225e+01	2.671496e-05	3.052855e-06	3.052855e-06
3.965225e+01	4.180980e+01	1.459252e-05	2.809688e-06	2.809688e-06
4.180980e+01	4.408475e+01	1.946650e-05	2.660349e-06	2.660349e-06
4.408475e+01	4.648349e+01	1.846191e-05	2.498200e-06	2.498200e-06
4.648349e+01	4.901274e+01	1.532061e-05	2.288954e-06	2.288954e-06
4.901274e+01	5.167962e+01	1.907057e-05	2.235757e-06	2.235757e-06
5.167962e+01	5.449160e+01	1.537969e-05	2.017965e-06	2.017965e-06
5.449160e+01	5.745660e+01	1.691972e-05	2.037863e-06	2.037863e-06
5.745660e+01	6.058292e+01	1.582532e-05	1.988921e-06	1.988921e-06
6.058292e+01	6.387935e+01	1.511362e-05	1.787331e-06	1.787331e-06
6.387935e+01	6.735515e+01	1.423413e-05	1.738381e-06	1.738381e-06
6.735515e+01	7.102007e+01	1.236678e-05	1.664813e-06	1.664813e-06
7.102007e+01	7.488441e+01	1.092281e-05	1.529910e-06	1.529910e-06
7.488441e+01	7.895901e+01	7.642004e-06	1.420835e-06	1.420835e-06
7.895901e+01	8.325532e+01	1.119358e-05	1.345105e-06	1.345105e-06
8.325532e+01	8.778540e+01	7.179129e-06	1.268815e-06	1.268815e-06
8.778540e+01	9.256197e+01	8.184875e-06	1.222802e-06	1.222802e-06
9.256197e+01	9.759844e+01	7.281642e-06	1.185855e-06	1.185855e-06
9.759844e+01	1.029090e+02	1.107537e-05	1.197754e-06	1.197754e-06
1.029090e+02	1.085084e+02	8.835768e-06	1.100115e-06	1.100115e-06
1.085084e+02	1.144126e+02	8.731220e-06	1.003050e-06	1.003050e-06
1.144126e+02	1.206380e+02	8.280732e-06	9.641969e-07	9.641969e-07
1.206380e+02	1.272021e+02	6.535763e-06	9.339839e-07	9.339839e-07
1.272021e+02	1.341234e+02	7.648099e-06	9.176499e-07	9.176499e-07
1.341234e+02	1.414214e+02	5.783700e-06	8.994917e-07	8.994917e-07
1.414214e+02	1.491164e+02	6.429500e-06	8.399507e-07	8.399507e-07
1.491164e+02	1.572301e+02	6.950538e-06	7.544022e-07	7.544022e-07
1.572301e+02	1.657853e+02	6.308762e-06	7.757888e-07	7.757888e-07
1.657853e+02	1.748059e+02	5.177834e-06	7.082580e-07	7.082580e-07
1.748059e+02	1.843175e+02	7.202136e-06	7.109316e-07	7.109316e-07
1.843175e+02	1.943465e+02	6.692585e-06	6.899571e-07	6.899571e-07
1.943465e+02	2.049213e+02	7.230525e-06	6.728957e-07	6.728957e-07
2.049213e+02	2.160715e+02	4.933603e-06	6.244456e-07	6.244456e-07
2.160715e+02	2.278283e+02	6.650726e-06	6.500856e-07	6.500856e-07
2.278283e+02	2.402249e+02	5.693474e-06	6.177961e-07	6.177961e-07
2.402249e+02	2.532960e+02	6.934879e-06	6.093622e-07	6.093622e-07
2.532960e+02	2.670783e+02	5.823929e-06	5.822630e-07	5.822630e-07
2.670783e+02	2.816105e+02	6.809017e-06	5.937636e-07	5.937636e-07
2.816105e+02	2.969335e+02	7.044665e-06	5.667300e-07	5.667300e-07
2.969335e+02	3.130902e+02	7.709025e-06	5.689832e-07	5.689832e-07
3.130902e+02	3.301261e+02	6.234810e-06	5.498404e-07	5.498404e-07
3.301261e+02	3.480888e+02	8.397780e-06	5.842142e-07	5.842142e-07
3.480888e+02	3.670290e+02	7.854775e-06	5.480074e-07	5.480074e-07
3.670290e+02	3.869998e+02	7.293509e-06	5.392822e-07	5.392822e-07
3.869998e+02	4.080572e+02	6.982871e-06	5.224210e-07	5.224210e-07
4.080572e+02	4.302603e+02	7.619823e-06	5.132761e-07	5.132761e-07
4.302603e+02	4.536716e+02	9.088649e-06	5.125746e-07	5.125746e-07
4.536716e+02	4.783567e+02	8.143123e-06	5.004607e-07	5.004607e-07
4.783567e+02	5.043850e+02	7.975450e-06	4.854918e-07	4.854918e-07
5.043850e+02	5.318296e+02	8.269831e-06	4.710159e-07	4.710159e-07
5.318296e+02	5.607674e+02	7.950708e-06	4.529082e-07	4.529082e-07
5.607674e+02	5.912799e+02	8.538212e-06	4.307300e-07	4.307300e-07
5.912799e+02	6.234525e+02	8.119148e-06	4.110444e-07	4.110444e-07
6.234525e+02	6.573758e+02	7.526759e-06	3.965770e-07	3.965770e-07
6.573758e+02	6.931448e+02	7.177064e-06	3.711051e-07	3.711051e-07
6.931448e+02	7.308602e+02	5.779252e-06	3.502755e-07	3.502755e-07
7.308602e+02	7.706277e+02	6.255332e-06	3.406376e-07	3.406376e-07
7.706277e+02	8.125590e+02	5.957287e-06	3.146252e-07	3.146252e-07
8.125590e+02	8.567719e+02	5.266425e-06	3.049858e-07	3.049858e-07
8.567719e+02	9.033905e+02	5.291515e-06	2.832828e-07	2.832828e-07
9.033905e+02	9.525456e+02	4.582074e-06	2.675562e-07	2.675562e-07
9.525456e+02	1.004375e+03	3.577983e-06	2.434442e-07	2.434442e-07
1.004375e+03	1.059025e+03	3.095768e-06	2.121532e-07	2.121532e-07
1.059025e+03	1.116649e+03	2.419643e-06	1.909070e-07	1.909070e-07
1.116649e+03	1.177408e+03	1.765228e-06	1.658200e-07	1.658200e-07
1.177408e+03	1.241473e+03	1.252901e-06	1.418579e-07	1.418579e-07
1.241473e+03	1.309024e+03	6.248529e-07	1.203338e-07	1.203338e-07
1.309024e+03	1.380250e+03	7.237648e-07	1.047460e-07	1.047460e-07
1.380250e+03	1.455352e+03	3.086548e-07	7.965881e-08	7.965881e-08
1.455352e+03	1.534541e+03	1.529161e-07	6.669032e-08	6.669032e-08
1.534541e+03	1.618038e+03	-7.044137e-08	5.257652e-08	5.257652e-08
1.618038e+03	1.706079e+03	-2.750824e-08	3.870353e-08	3.870353e-08
1.706079e+03	1.798910e+03	3.726977e-09	2.764000e-08	2.764000e-08
1.798910e+03	1.896792e+03	-2.474258e-08	1.903470e-08	1.903470e-08
1.896792e+03	2.000000e+03	-3.352250e-09	1.298321e-08	1.298321e-08
# END HISTO1D

