# BEGIN PLOT
Legend=1
LogY=1
LegendPlacement=manual
LegendAlign=r
LegendXPos=1.36
RightMargin=3.7
Title=Missing transverse energy
XLabel=$E_\mathrm{T}^\mathrm{miss}$ [GeV]
YLabel=$\mathrm{d}\sigma/\mathrm{d}E_\mathrm{T}^\mathrm{miss}$ [pb/GeV]
DrawOnly=//eos/home-y/yiyu/monobc/Rivet_New/X600_Qd10.yoda.gz/JetMETAnalysis/met //eos/home-y/yiyu/monobc/Rivet_New/X600_Qd300.yoda.gz/JetMETAnalysis/met //eos/home-y/yiyu/monobc/Rivet_New/X1200_Qd10.yoda.gz/JetMETAnalysis/met //eos/home-y/yiyu/monobc/Rivet_New/X1200_Qd600.yoda.gz/JetMETAnalysis/met //eos/home-y/yiyu/monobc/Rivet_New/X2000_Qd10.yoda.gz/JetMETAnalysis/met //eos/home-y/yiyu/monobc/Rivet_New/X2000_Qd1000.yoda.gz/JetMETAnalysis/met
LegendOnly=//eos/home-y/yiyu/monobc/Rivet_New/X600_Qd10.yoda.gz/JetMETAnalysis/met //eos/home-y/yiyu/monobc/Rivet_New/X600_Qd300.yoda.gz/JetMETAnalysis/met //eos/home-y/yiyu/monobc/Rivet_New/X1200_Qd10.yoda.gz/JetMETAnalysis/met //eos/home-y/yiyu/monobc/Rivet_New/X1200_Qd600.yoda.gz/JetMETAnalysis/met //eos/home-y/yiyu/monobc/Rivet_New/X2000_Qd10.yoda.gz/JetMETAnalysis/met //eos/home-y/yiyu/monobc/Rivet_New/X2000_Qd1000.yoda.gz/JetMETAnalysis/met
RatioPlot=1
RatioPlotReference=//eos/home-y/yiyu/monobc/Rivet_New/X600_Qd10.yoda.gz/JetMETAnalysis/met
RatioPlotYLabel=Ratio
# END PLOT

# BEGIN HISTO1D //eos/home-y/yiyu/monobc/Rivet_New/X600_Qd10.yoda.gz/JetMETAnalysis/met
ErrorBars=1
LineColor=red
LineStyle=solid
Path=//eos/home-y/yiyu/monobc/Rivet_New/X600_Qd10.yoda.gz/JetMETAnalysis/met
ScaledBy=1.57525677826006370e-05
Title=X600_Qd10
# xlow	 xhigh	 val	 errminus	 errplus
0.000000e+00	5.000000e+00	1.178465e-03	8.333002e-04	8.333002e-04
5.000000e+00	1.000000e+01	7.660020e-03	2.429467e-03	2.429467e-03
1.000000e+01	1.500000e+01	1.414158e-02	3.004507e-03	3.004507e-03
1.500000e+01	2.000000e+01	9.427716e-03	2.356929e-03	2.356929e-03
2.000000e+01	2.500000e+01	1.767697e-02	3.333201e-03	3.333201e-03
2.500000e+01	3.000000e+01	3.064008e-02	4.249014e-03	4.249014e-03
3.000000e+01	3.500000e+01	3.947856e-02	4.894531e-03	4.894531e-03
3.500000e+01	4.000000e+01	3.771086e-02	4.786946e-03	4.786946e-03
4.000000e+01	4.500000e+01	3.712164e-02	4.676887e-03	4.676887e-03
4.500000e+01	5.000000e+01	4.654936e-02	5.303091e-03	5.303091e-03
5.000000e+01	5.500000e+01	4.301396e-02	5.034403e-03	5.034403e-03
5.500000e+01	6.000000e+01	4.419242e-02	5.102902e-03	5.102902e-03
6.000000e+01	6.500000e+01	5.597706e-02	5.803265e-03	5.803265e-03
6.500000e+01	7.000000e+01	6.010170e-02	6.009014e-03	6.009014e-03
7.000000e+01	7.500000e+01	6.069092e-02	6.151766e-03	6.151766e-03
7.500000e+01	8.000000e+01	7.247558e-02	6.534903e-03	6.534903e-03
8.000000e+01	8.500000e+01	7.601096e-02	6.744073e-03	6.744073e-03
8.500000e+01	9.000000e+01	6.304786e-02	6.151766e-03	6.151766e-03
9.000000e+01	9.500000e+01	7.483250e-02	6.692393e-03	6.692393e-03
9.500000e+01	1.000000e+02	6.952942e-02	6.454716e-03	6.454716e-03
1.000000e+02	1.050000e+02	9.015254e-02	7.335882e-03	7.335882e-03
1.050000e+02	1.100000e+02	9.309870e-02	7.453265e-03	7.453265e-03
1.100000e+02	1.150000e+02	7.129710e-02	6.481555e-03	6.481555e-03
1.150000e+02	1.200000e+02	9.074178e-02	7.359508e-03	7.359508e-03
1.200000e+02	1.250000e+02	8.249252e-02	7.119722e-03	7.119722e-03
1.250000e+02	1.300000e+02	7.601096e-02	6.692393e-03	6.692393e-03
1.300000e+02	1.350000e+02	8.661714e-02	7.192496e-03	7.192496e-03
1.350000e+02	1.400000e+02	1.007587e-01	7.794811e-03	7.794811e-03
1.400000e+02	1.450000e+02	9.368794e-02	7.522813e-03	7.522813e-03
1.450000e+02	1.500000e+02	8.602792e-02	7.168319e-03	7.168319e-03
1.500000e+02	1.550000e+02	1.095972e-01	8.036056e-03	8.036056e-03
1.550000e+02	1.600000e+02	1.031157e-01	7.794811e-03	7.794811e-03
1.600000e+02	1.650000e+02	1.048833e-01	7.949179e-03	7.949179e-03
1.650000e+02	1.700000e+02	9.840180e-02	7.614560e-03	7.614560e-03
1.700000e+02	1.750000e+02	1.184357e-01	8.353809e-03	8.353809e-03
1.750000e+02	1.800000e+02	1.066510e-01	7.970987e-03	7.970987e-03
1.800000e+02	1.850000e+02	1.066510e-01	7.970987e-03	7.970987e-03
1.850000e+02	1.900000e+02	1.090080e-01	8.057630e-03	8.057630e-03
1.900000e+02	1.950000e+02	1.095972e-01	8.079146e-03	8.079146e-03
1.950000e+02	2.000000e+02	1.154895e-01	8.415921e-03	8.415921e-03
2.000000e+02	2.050000e+02	1.196142e-01	8.395268e-03	8.395268e-03
2.050000e+02	2.100000e+02	1.213819e-01	8.538787e-03	8.538787e-03
2.100000e+02	2.150000e+02	1.225603e-01	8.498028e-03	8.498028e-03
2.150000e+02	2.200000e+02	1.178465e-01	8.374564e-03	8.374564e-03
2.200000e+02	2.250000e+02	1.278634e-01	8.759568e-03	8.759568e-03
2.250000e+02	2.300000e+02	1.184357e-01	8.436523e-03	8.436523e-03
2.300000e+02	2.350000e+02	1.237388e-01	8.619726e-03	8.619726e-03
2.350000e+02	2.400000e+02	1.237388e-01	8.659910e-03	8.659910e-03
2.400000e+02	2.450000e+02	1.207926e-01	8.477577e-03	8.477577e-03
2.450000e+02	2.500000e+02	1.290419e-01	8.799114e-03	8.799114e-03
2.500000e+02	2.550000e+02	1.390588e-01	9.166304e-03	9.166304e-03
2.550000e+02	2.600000e+02	1.231495e-01	8.639843e-03	8.639843e-03
2.600000e+02	2.650000e+02	1.243280e-01	8.599563e-03	8.599563e-03
2.650000e+02	2.700000e+02	1.060618e-01	7.905380e-03	7.905380e-03
2.700000e+02	2.750000e+02	1.420050e-01	9.185223e-03	9.185223e-03
2.750000e+02	2.800000e+02	1.414158e-01	9.241747e-03	9.241747e-03
2.800000e+02	2.850000e+02	1.313988e-01	8.955555e-03	8.955555e-03
2.850000e+02	2.900000e+02	1.202034e-01	8.457075e-03	8.457075e-03
2.900000e+02	2.950000e+02	1.260957e-01	8.739728e-03	8.739728e-03
2.950000e+02	3.000000e+02	1.349342e-01	9.032760e-03	9.032760e-03
3.000000e+02	3.050000e+02	1.290419e-01	8.719842e-03	8.719842e-03
3.050000e+02	3.100000e+02	1.202034e-01	8.457075e-03	8.457075e-03
3.100000e+02	3.150000e+02	1.343450e-01	8.974918e-03	8.974918e-03
3.150000e+02	3.200000e+02	1.331665e-01	8.974918e-03	8.974918e-03
3.200000e+02	3.250000e+02	1.184357e-01	8.518432e-03	8.518432e-03
3.250000e+02	3.300000e+02	1.266849e-01	8.679933e-03	8.679933e-03
3.300000e+02	3.350000e+02	1.278634e-01	8.799114e-03	8.799114e-03
3.350000e+02	3.400000e+02	1.255065e-01	8.639843e-03	8.639843e-03
3.400000e+02	3.450000e+02	1.278634e-01	8.719842e-03	8.719842e-03
3.450000e+02	3.500000e+02	1.078295e-01	7.970987e-03	7.970987e-03
3.500000e+02	3.550000e+02	1.113649e-01	8.143353e-03	8.143353e-03
3.550000e+02	3.600000e+02	1.184357e-01	8.477577e-03	8.477577e-03
3.600000e+02	3.650000e+02	1.060618e-01	7.949179e-03	7.949179e-03
3.650000e+02	3.700000e+02	1.196142e-01	8.518432e-03	8.518432e-03
3.700000e+02	3.750000e+02	1.231495e-01	8.559093e-03	8.559093e-03
3.750000e+02	3.800000e+02	1.137218e-01	8.312145e-03	8.312145e-03
3.800000e+02	3.850000e+02	1.125434e-01	8.270270e-03	8.270270e-03
3.850000e+02	3.900000e+02	1.184357e-01	8.518432e-03	8.518432e-03
3.900000e+02	3.950000e+02	1.060618e-01	8.036056e-03	8.036056e-03
3.950000e+02	4.000000e+02	1.119541e-01	8.207056e-03	8.207056e-03
4.000000e+02	4.050000e+02	1.255065e-01	8.679933e-03	8.679933e-03
4.050000e+02	4.100000e+02	1.037049e-01	7.861338e-03	7.861338e-03
4.100000e+02	4.150000e+02	1.084187e-01	8.079146e-03	8.079146e-03
4.150000e+02	4.200000e+02	1.101864e-01	8.143353e-03	8.143353e-03
4.200000e+02	4.250000e+02	1.213819e-01	8.498028e-03	8.498028e-03
4.250000e+02	4.300000e+02	1.143111e-01	8.415921e-03	8.415921e-03
4.300000e+02	4.350000e+02	1.048833e-01	7.949179e-03	7.949179e-03
4.350000e+02	4.400000e+02	1.078295e-01	8.057630e-03	8.057630e-03
4.400000e+02	4.450000e+02	1.119541e-01	8.207056e-03	8.207056e-03
4.450000e+02	4.500000e+02	1.107757e-01	8.122007e-03	8.122007e-03
4.500000e+02	4.550000e+02	1.025264e-01	7.861338e-03	7.861338e-03
4.550000e+02	4.600000e+02	9.015254e-02	7.288402e-03	7.288402e-03
4.600000e+02	4.650000e+02	9.722332e-02	7.614560e-03	7.614560e-03
4.650000e+02	4.700000e+02	1.013480e-01	7.817051e-03	7.817051e-03
4.700000e+02	4.750000e+02	9.250948e-02	7.429937e-03	7.429937e-03
4.750000e+02	4.800000e+02	9.958026e-02	7.750141e-03	7.750141e-03
4.800000e+02	4.850000e+02	9.427716e-02	7.545854e-03	7.545854e-03
4.850000e+02	4.900000e+02	9.074178e-02	7.359508e-03	7.359508e-03
4.900000e+02	4.950000e+02	9.250948e-02	7.429937e-03	7.429937e-03
4.950000e+02	5.000000e+02	8.072482e-02	6.996745e-03	6.996745e-03
# END HISTO1D


# BEGIN HISTO1D //eos/home-y/yiyu/monobc/Rivet_New/X600_Qd300.yoda.gz/JetMETAnalysis/met
ErrorBars=1
LineColor=red
LineStyle=dashed
Path=//eos/home-y/yiyu/monobc/Rivet_New/X600_Qd300.yoda.gz/JetMETAnalysis/met
ScaledBy=1.55875016163068396e-05
Title=X600_Qd300
# xlow	 xhigh	 val	 errminus	 errplus
0.000000e+00	5.000000e+00	1.727969e-03	5.210023e-04	5.210023e-04
5.000000e+00	1.000000e+01	3.455938e-03	7.368085e-04	7.368085e-04
1.000000e+01	1.500000e+01	5.812260e-03	9.810150e-04	9.810150e-04
1.500000e+01	2.000000e+01	7.068966e-03	1.053779e-03	1.053779e-03
2.000000e+01	2.500000e+01	1.146743e-02	1.342161e-03	1.342161e-03
2.500000e+01	3.000000e+01	1.131034e-02	1.351323e-03	1.351323e-03
3.000000e+01	3.500000e+01	1.288123e-02	1.422493e-03	1.422493e-03
3.500000e+01	4.000000e+01	1.759387e-02	1.662464e-03	1.662464e-03
4.000000e+01	4.500000e+01	1.947893e-02	1.749259e-03	1.749259e-03
4.500000e+01	5.000000e+01	2.262068e-02	1.885057e-03	1.885057e-03
5.000000e+01	5.500000e+01	2.246360e-02	1.891591e-03	1.891591e-03
5.500000e+01	6.000000e+01	2.167816e-02	1.871921e-03	1.871921e-03
6.000000e+01	6.500000e+01	2.042146e-02	1.818426e-03	1.818426e-03
6.500000e+01	7.000000e+01	2.324904e-02	1.923929e-03	1.923929e-03
7.000000e+01	7.500000e+01	2.246360e-02	1.878501e-03	1.878501e-03
7.500000e+01	8.000000e+01	2.780460e-02	2.113405e-03	2.113405e-03
8.000000e+01	8.500000e+01	2.497702e-02	2.017833e-03	2.017833e-03
8.500000e+01	9.000000e+01	2.843294e-02	2.148148e-03	2.148148e-03
9.000000e+01	9.500000e+01	3.031800e-02	2.193616e-03	2.193616e-03
9.500000e+01	1.000000e+02	3.314560e-02	2.292626e-03	2.292626e-03
1.000000e+02	1.050000e+02	3.173180e-02	2.298001e-03	2.298001e-03
1.050000e+02	1.100000e+02	3.503066e-02	2.366771e-03	2.366771e-03
1.100000e+02	1.150000e+02	3.503066e-02	2.377175e-03	2.377175e-03
1.150000e+02	1.200000e+02	3.377394e-02	2.324692e-03	2.324692e-03
1.200000e+02	1.250000e+02	3.628736e-02	2.397846e-03	2.397846e-03
1.250000e+02	1.300000e+02	3.550192e-02	2.382359e-03	2.382359e-03
1.300000e+02	1.350000e+02	4.021456e-02	2.532970e-03	2.532970e-03
1.350000e+02	1.400000e+02	3.785824e-02	2.458818e-03	2.458818e-03
1.400000e+02	1.450000e+02	4.209962e-02	2.600271e-03	2.600271e-03
1.450000e+02	1.500000e+02	4.225670e-02	2.585997e-03	2.585997e-03
1.500000e+02	1.550000e+02	4.586974e-02	2.693500e-03	2.693500e-03
1.550000e+02	1.600000e+02	4.100000e-02	2.585997e-03	2.585997e-03
1.600000e+02	1.650000e+02	4.162836e-02	2.566841e-03	2.566841e-03
1.650000e+02	1.700000e+02	4.382758e-02	2.633277e-03	2.633277e-03
1.700000e+02	1.750000e+02	4.209962e-02	2.571643e-03	2.571643e-03
1.750000e+02	1.800000e+02	4.649808e-02	2.738925e-03	2.738925e-03
1.800000e+02	1.850000e+02	4.602682e-02	2.707207e-03	2.707207e-03
1.850000e+02	1.900000e+02	4.602682e-02	2.698077e-03	2.698077e-03
1.900000e+02	1.950000e+02	4.021456e-02	2.513410e-03	2.513410e-03
1.950000e+02	2.000000e+02	4.524138e-02	2.665874e-03	2.665874e-03
2.000000e+02	2.050000e+02	4.445594e-02	2.642631e-03	2.642631e-03
2.050000e+02	2.100000e+02	4.461302e-02	2.656601e-03	2.656601e-03
2.100000e+02	2.150000e+02	4.445594e-02	2.651952e-03	2.651952e-03
2.150000e+02	2.200000e+02	4.634100e-02	2.707207e-03	2.707207e-03
2.200000e+02	2.250000e+02	4.916858e-02	2.788037e-03	2.788037e-03
2.250000e+02	2.300000e+02	4.382758e-02	2.633277e-03	2.633277e-03
2.300000e+02	2.350000e+02	4.084292e-02	2.571643e-03	2.571643e-03
2.350000e+02	2.400000e+02	4.649808e-02	2.702646e-03	2.702646e-03
2.400000e+02	2.450000e+02	4.492720e-02	2.675114e-03	2.675114e-03
2.450000e+02	2.500000e+02	4.571264e-02	2.716308e-03	2.716308e-03
2.500000e+02	2.550000e+02	4.382758e-02	2.661242e-03	2.661242e-03
2.550000e+02	2.600000e+02	4.351340e-02	2.642631e-03	2.642631e-03
2.600000e+02	2.650000e+02	4.382758e-02	2.651952e-03	2.651952e-03
2.650000e+02	2.700000e+02	4.508428e-02	2.670498e-03	2.670498e-03
2.700000e+02	2.750000e+02	4.508428e-02	2.679722e-03	2.679722e-03
2.750000e+02	2.800000e+02	4.445594e-02	2.642631e-03	2.642631e-03
2.800000e+02	2.850000e+02	4.162836e-02	2.595522e-03	2.595522e-03
2.850000e+02	2.900000e+02	4.037164e-02	2.547541e-03	2.547541e-03
2.900000e+02	2.950000e+02	3.345976e-02	2.314053e-03	2.314053e-03
2.950000e+02	3.000000e+02	4.068582e-02	2.557209e-03	2.557209e-03
3.000000e+02	3.050000e+02	3.880076e-02	2.468834e-03	2.468834e-03
3.050000e+02	3.100000e+02	4.225670e-02	2.614467e-03	2.614467e-03
3.100000e+02	3.150000e+02	3.832950e-02	2.453795e-03	2.453795e-03
3.150000e+02	3.200000e+02	4.162836e-02	2.576436e-03	2.576436e-03
3.200000e+02	3.250000e+02	3.895786e-02	2.493697e-03	2.493697e-03
3.250000e+02	3.300000e+02	3.895786e-02	2.513410e-03	2.513410e-03
3.300000e+02	3.350000e+02	3.628736e-02	2.408115e-03	2.408115e-03
3.350000e+02	3.400000e+02	4.052874e-02	2.562030e-03	2.562030e-03
3.400000e+02	3.450000e+02	3.330268e-02	2.340561e-03	2.340561e-03
3.450000e+02	3.500000e+02	3.613026e-02	2.382359e-03	2.382359e-03
3.500000e+02	3.550000e+02	3.565900e-02	2.377175e-03	2.377175e-03
3.550000e+02	3.600000e+02	3.330268e-02	2.298001e-03	2.298001e-03
3.600000e+02	3.650000e+02	3.298850e-02	2.298001e-03	2.298001e-03
3.650000e+02	3.700000e+02	3.236016e-02	2.287238e-03	2.287238e-03
3.700000e+02	3.750000e+02	3.345976e-02	2.303364e-03	2.303364e-03
3.750000e+02	3.800000e+02	3.157472e-02	2.249160e-03	2.249160e-03
3.800000e+02	3.850000e+02	3.330268e-02	2.287238e-03	2.287238e-03
3.850000e+02	3.900000e+02	2.670498e-02	2.072134e-03	2.072134e-03
3.900000e+02	3.950000e+02	2.984674e-02	2.187984e-03	2.187984e-03
3.950000e+02	4.000000e+02	2.733334e-02	2.084010e-03	2.084010e-03
4.000000e+02	4.050000e+02	2.262068e-02	1.898103e-03	1.898103e-03
4.050000e+02	4.100000e+02	2.419156e-02	1.949412e-03	1.949412e-03
4.100000e+02	4.150000e+02	2.262068e-02	1.936712e-03	1.936712e-03
4.150000e+02	4.200000e+02	2.183524e-02	1.852042e-03	1.852042e-03
4.200000e+02	4.250000e+02	2.481992e-02	1.987025e-03	1.987025e-03
4.250000e+02	4.300000e+02	2.042146e-02	1.818426e-03	1.818426e-03
4.300000e+02	4.350000e+02	1.743678e-02	1.655026e-03	1.655026e-03
4.350000e+02	4.400000e+02	1.445211e-02	1.523026e-03	1.523026e-03
4.400000e+02	4.450000e+02	1.240996e-02	1.396230e-03	1.396230e-03
4.450000e+02	4.500000e+02	1.539464e-02	1.570881e-03	1.570881e-03
4.500000e+02	4.550000e+02	1.005364e-02	1.295382e-03	1.295382e-03
4.550000e+02	4.600000e+02	1.115326e-02	1.342161e-03	1.342161e-03
4.600000e+02	4.650000e+02	1.099617e-02	1.314293e-03	1.314293e-03
4.650000e+02	4.700000e+02	7.697318e-03	1.121833e-03	1.121833e-03
4.700000e+02	4.750000e+02	6.283524e-03	9.935126e-04	9.935126e-04
4.750000e+02	4.800000e+02	8.482758e-03	1.154357e-03	1.154357e-03
4.800000e+02	4.850000e+02	9.111110e-03	1.236913e-03	1.236913e-03
4.850000e+02	4.900000e+02	6.440612e-03	1.030096e-03	1.030096e-03
4.900000e+02	4.950000e+02	2.827586e-03	6.664683e-04	6.664683e-04
4.950000e+02	5.000000e+02	4.712644e-03	8.604071e-04	8.604071e-04
# END HISTO1D


# BEGIN HISTO1D //eos/home-y/yiyu/monobc/Rivet_New/X1200_Qd10.yoda.gz/JetMETAnalysis/met
ErrorBars=1
LineColor=blue
LineStyle=solid
Path=//eos/home-y/yiyu/monobc/Rivet_New/X1200_Qd10.yoda.gz/JetMETAnalysis/met
ScaledBy=1.38114613379714854e-05
Title=X1200_Qd10
# xlow	 xhigh	 val	 errminus	 errplus
0.000000e+00	5.000000e+00	0.000000e+00	0.000000e+00	0.000000e+00
5.000000e+00	1.000000e+01	1.749534e-04	6.612615e-05	6.612615e-05
1.000000e+01	1.500000e+01	1.249667e-04	6.612615e-05	6.612615e-05
1.500000e+01	2.000000e+01	3.749000e-04	9.679878e-05	9.679878e-05
2.000000e+01	2.500000e+01	3.499068e-04	9.351650e-05	9.351650e-05
2.500000e+01	3.000000e+01	4.998668e-04	1.117736e-04	1.117736e-04
3.000000e+01	3.500000e+01	3.998934e-04	9.997336e-05	9.997336e-05
3.500000e+01	4.000000e+01	5.748468e-04	1.198638e-04	1.198638e-04
4.000000e+01	4.500000e+01	3.249134e-04	1.030502e-04	1.030502e-04
4.500000e+01	5.000000e+01	5.248600e-04	1.145339e-04	1.145339e-04
5.000000e+01	5.500000e+01	7.747934e-04	1.520285e-04	1.520285e-04
5.500000e+01	6.000000e+01	5.248600e-04	1.198638e-04	1.198638e-04
6.000000e+01	6.500000e+01	7.997868e-04	1.457349e-04	1.457349e-04
6.500000e+01	7.000000e+01	5.248600e-04	1.298692e-04	1.298692e-04
7.000000e+01	7.500000e+01	6.998134e-04	1.457349e-04	1.457349e-04
7.500000e+01	8.000000e+01	6.748200e-04	1.391570e-04	1.391570e-04
8.000000e+01	8.500000e+01	9.497468e-04	1.540693e-04	1.540693e-04
8.500000e+01	9.000000e+01	7.498002e-04	1.413837e-04	1.413837e-04
9.000000e+01	9.500000e+01	1.099707e-03	1.695131e-04	1.695131e-04
9.500000e+01	1.000000e+02	8.997602e-04	1.731589e-04	1.731589e-04
1.000000e+02	1.050000e+02	9.997334e-04	1.657870e-04	1.657870e-04
1.050000e+02	1.100000e+02	7.248068e-04	1.435758e-04	1.435758e-04
1.100000e+02	1.150000e+02	8.247802e-04	1.520285e-04	1.520285e-04
1.150000e+02	1.200000e+02	9.747402e-04	1.638923e-04	1.638923e-04
1.200000e+02	1.250000e+02	1.024727e-03	1.713457e-04	1.713457e-04
1.250000e+02	1.300000e+02	9.747402e-04	1.676604e-04	1.676604e-04
1.300000e+02	1.350000e+02	9.497468e-04	1.657870e-04	1.657870e-04
1.350000e+02	1.400000e+02	1.324647e-03	1.853556e-04	1.853556e-04
1.400000e+02	1.450000e+02	1.349640e-03	1.967977e-04	1.967977e-04
1.450000e+02	1.500000e+02	1.449614e-03	1.935976e-04	1.935976e-04
1.500000e+02	1.550000e+02	9.747402e-04	1.676604e-04	1.676604e-04
1.550000e+02	1.600000e+02	1.299654e-03	1.802295e-04	1.802295e-04
1.600000e+02	1.650000e+02	1.649560e-03	2.030468e-04	2.030468e-04
1.650000e+02	1.700000e+02	1.199680e-03	1.870330e-04	1.870330e-04
1.700000e+02	1.750000e+02	1.149693e-03	1.802295e-04	1.802295e-04
1.750000e+02	1.800000e+02	1.424620e-03	1.919775e-04	1.919775e-04
1.800000e+02	1.850000e+02	1.399627e-03	1.935976e-04	1.935976e-04
1.850000e+02	1.900000e+02	1.324647e-03	1.886956e-04	1.886956e-04
1.900000e+02	1.950000e+02	1.149693e-03	1.967977e-04	1.967977e-04
1.950000e+02	2.000000e+02	1.524594e-03	2.076102e-04	2.076102e-04
2.000000e+02	2.050000e+02	1.774527e-03	2.193157e-04	2.193157e-04
2.050000e+02	2.100000e+02	1.649560e-03	2.150008e-04	2.150008e-04
2.100000e+02	2.150000e+02	1.399627e-03	2.061004e-04	2.061004e-04
2.150000e+02	2.200000e+02	2.049454e-03	2.290677e-04	2.290677e-04
2.200000e+02	2.250000e+02	1.374634e-03	2.045793e-04	2.045793e-04
2.250000e+02	2.300000e+02	1.349640e-03	1.935976e-04	1.935976e-04
2.300000e+02	2.350000e+02	1.474607e-03	2.015028e-04	2.015028e-04
2.350000e+02	2.400000e+02	2.074446e-03	2.331223e-04	2.331223e-04
2.400000e+02	2.450000e+02	1.874500e-03	2.249400e-04	2.249400e-04
2.450000e+02	2.500000e+02	1.474607e-03	2.015028e-04	2.015028e-04
2.500000e+02	2.550000e+02	1.749534e-03	2.235472e-04	2.235472e-04
2.550000e+02	2.600000e+02	1.824514e-03	2.277002e-04	2.277002e-04
2.600000e+02	2.650000e+02	1.774527e-03	2.164486e-04	2.164486e-04
2.650000e+02	2.700000e+02	2.074446e-03	2.410270e-04	2.410270e-04
2.700000e+02	2.750000e+02	1.774527e-03	2.277002e-04	2.277002e-04
2.750000e+02	2.800000e+02	1.849507e-03	2.317787e-04	2.317787e-04
2.800000e+02	2.850000e+02	1.824514e-03	2.221456e-04	2.221456e-04
2.850000e+02	2.900000e+02	2.074446e-03	2.304272e-04	2.304272e-04
2.900000e+02	2.950000e+02	1.649560e-03	2.120755e-04	2.120755e-04
2.950000e+02	3.000000e+02	2.074446e-03	2.331223e-04	2.331223e-04
3.000000e+02	3.050000e+02	1.999467e-03	2.317787e-04	2.317787e-04
3.050000e+02	3.100000e+02	1.549587e-03	1.999467e-04	1.999467e-04
3.100000e+02	3.150000e+02	1.824514e-03	2.193157e-04	2.193157e-04
3.150000e+02	3.200000e+02	2.749268e-03	2.760604e-04	2.760604e-04
3.200000e+02	3.250000e+02	2.149426e-03	2.397277e-04	2.397277e-04
3.250000e+02	3.300000e+02	2.524328e-03	2.609381e-04	2.609381e-04
3.300000e+02	3.350000e+02	1.999467e-03	2.397277e-04	2.397277e-04
3.350000e+02	3.400000e+02	1.899494e-03	2.317787e-04	2.317787e-04
3.400000e+02	3.450000e+02	2.124434e-03	2.511799e-04	2.511799e-04
3.450000e+02	3.500000e+02	2.149426e-03	2.423194e-04	2.423194e-04
3.500000e+02	3.550000e+02	1.874500e-03	2.249400e-04	2.249400e-04
3.550000e+02	3.600000e+02	1.999467e-03	2.371076e-04	2.371076e-04
3.600000e+02	3.650000e+02	2.549320e-03	2.597384e-04	2.597384e-04
3.650000e+02	3.700000e+02	1.824514e-03	2.277002e-04	2.277002e-04
3.700000e+02	3.750000e+02	2.374366e-03	2.536546e-04	2.536546e-04
3.750000e+02	3.800000e+02	2.349374e-03	2.573221e-04	2.573221e-04
3.800000e+02	3.850000e+02	2.574314e-03	2.585331e-04	2.585331e-04
3.850000e+02	3.900000e+02	2.024460e-03	2.536546e-04	2.536546e-04
3.900000e+02	3.950000e+02	1.924487e-03	2.410270e-04	2.410270e-04
3.950000e+02	4.000000e+02	1.924487e-03	2.277002e-04	2.277002e-04
4.000000e+02	4.050000e+02	2.249400e-03	2.524204e-04	2.524204e-04
4.050000e+02	4.100000e+02	2.299386e-03	2.524204e-04	2.524204e-04
4.100000e+02	4.150000e+02	1.974474e-03	2.384212e-04	2.384212e-04
4.150000e+02	4.200000e+02	2.249400e-03	2.548830e-04	2.548830e-04
4.200000e+02	4.250000e+02	1.974474e-03	2.384212e-04	2.384212e-04
4.250000e+02	4.300000e+02	2.499334e-03	2.691865e-04	2.691865e-04
4.300000e+02	4.350000e+02	2.449346e-03	2.645046e-04	2.645046e-04
4.350000e+02	4.400000e+02	2.324380e-03	2.609381e-04	2.609381e-04
4.400000e+02	4.450000e+02	2.824248e-03	2.703443e-04	2.703443e-04
4.450000e+02	4.500000e+02	2.974208e-03	2.816606e-04	2.816606e-04
4.500000e+02	4.550000e+02	2.449346e-03	2.524204e-04	2.524204e-04
4.550000e+02	4.600000e+02	2.124434e-03	2.436049e-04	2.436049e-04
4.600000e+02	4.650000e+02	2.649294e-03	2.597384e-04	2.597384e-04
4.650000e+02	4.700000e+02	2.474340e-03	2.561055e-04	2.561055e-04
4.700000e+02	4.750000e+02	2.499334e-03	2.597384e-04	2.597384e-04
4.750000e+02	4.800000e+02	2.499334e-03	2.849679e-04	2.849679e-04
4.800000e+02	4.850000e+02	2.449346e-03	2.621323e-04	2.621323e-04
4.850000e+02	4.900000e+02	2.699280e-03	2.668558e-04	2.668558e-04
4.900000e+02	4.950000e+02	2.749268e-03	2.760604e-04	2.760604e-04
4.950000e+02	5.000000e+02	2.649294e-03	2.621323e-04	2.621323e-04
# END HISTO1D


# BEGIN HISTO1D //eos/home-y/yiyu/monobc/Rivet_New/X1200_Qd600.yoda.gz/JetMETAnalysis/met
ErrorBars=1
LineColor=blue
LineStyle=dashed
Path=//eos/home-y/yiyu/monobc/Rivet_New/X1200_Qd600.yoda.gz/JetMETAnalysis/met
ScaledBy=1.40636819641926593e-05
Title=X1200_Qd600
# xlow	 xhigh	 val	 errminus	 errplus
0.000000e+00	5.000000e+00	0.000000e+00	-nan	-nan
5.000000e+00	1.000000e+01	5.351876e-05	1.892174e-05	1.892174e-05
1.000000e+01	1.500000e+01	4.013908e-05	1.638671e-05	1.638671e-05
1.500000e+01	2.000000e+01	8.696800e-05	2.758294e-05	2.758294e-05
2.000000e+01	2.500000e+01	1.137274e-04	2.916036e-05	2.916036e-05
2.500000e+01	3.000000e+01	1.003477e-04	2.916036e-05	2.916036e-05
3.000000e+01	3.500000e+01	1.404868e-04	3.208337e-05	3.208337e-05
3.500000e+01	4.000000e+01	2.140750e-04	3.900817e-05	3.900817e-05
4.000000e+01	4.500000e+01	2.675938e-04	4.231030e-05	4.231030e-05
4.500000e+01	5.000000e+01	2.073852e-04	3.957766e-05	3.957766e-05
5.000000e+01	5.500000e+01	2.341446e-04	4.069274e-05	4.069274e-05
5.500000e+01	6.000000e+01	2.609040e-04	4.386825e-05	4.386825e-05
6.000000e+01	6.500000e+01	2.809736e-04	4.537274e-05	4.537274e-05
6.500000e+01	7.000000e+01	3.077328e-04	4.537274e-05	4.537274e-05
7.000000e+01	7.500000e+01	3.411822e-04	5.050723e-05	5.050723e-05
7.500000e+01	8.000000e+01	3.478720e-04	5.006222e-05	5.006222e-05
8.000000e+01	8.500000e+01	3.211126e-04	4.916012e-05	4.916012e-05
8.500000e+01	9.000000e+01	4.415298e-04	5.754823e-05	5.754823e-05
9.000000e+01	9.500000e+01	4.348400e-04	5.557003e-05	5.557003e-05
9.500000e+01	1.000000e+02	4.749790e-04	5.793576e-05	5.793576e-05
1.000000e+02	1.050000e+02	4.080806e-04	5.393526e-05	5.393526e-05
1.050000e+02	1.100000e+02	4.147704e-04	5.351876e-05	5.351876e-05
1.100000e+02	1.150000e+02	4.950486e-04	6.057913e-05	6.057913e-05
1.150000e+02	1.200000e+02	3.344922e-04	5.094835e-05	5.094835e-05
1.200000e+02	1.250000e+02	4.415298e-04	5.516588e-05	5.516588e-05
1.250000e+02	1.300000e+02	5.485674e-04	6.416675e-05	6.416675e-05
1.300000e+02	1.350000e+02	4.883588e-04	5.946065e-05	5.946065e-05
1.350000e+02	1.400000e+02	5.284978e-04	6.239872e-05	6.239872e-05
1.400000e+02	1.450000e+02	6.087760e-04	6.451453e-05	6.451453e-05
1.450000e+02	1.500000e+02	5.418774e-04	6.167733e-05	6.167733e-05
1.500000e+02	1.550000e+02	6.288454e-04	6.822331e-05	6.822331e-05
1.550000e+02	1.600000e+02	4.615994e-04	6.094739e-05	6.094739e-05
1.600000e+02	1.650000e+02	6.689846e-04	6.756413e-05	6.756413e-05
1.650000e+02	1.700000e+02	5.218080e-04	6.275631e-05	6.275631e-05
1.700000e+02	1.750000e+02	4.615994e-04	6.094739e-05	6.094739e-05
1.750000e+02	1.800000e+02	6.556048e-04	6.822331e-05	6.822331e-05
1.800000e+02	1.850000e+02	5.284978e-04	6.520454e-05	6.520454e-05
1.850000e+02	1.900000e+02	6.556048e-04	7.016369e-05	7.016369e-05
1.900000e+02	1.950000e+02	5.953962e-04	6.855051e-05	6.855051e-05
1.950000e+02	2.000000e+02	7.693322e-04	7.539074e-05	7.539074e-05
2.000000e+02	2.050000e+02	6.221556e-04	6.723211e-05	6.723211e-05
2.050000e+02	2.100000e+02	6.154658e-04	6.554684e-05	6.554684e-05
2.100000e+02	2.150000e+02	7.158134e-04	7.174059e-05	7.174059e-05
2.150000e+02	2.200000e+02	7.158134e-04	7.111402e-05	7.111402e-05
2.200000e+02	2.250000e+02	7.091236e-04	7.449497e-05	7.449497e-05
2.250000e+02	2.300000e+02	6.288454e-04	6.887618e-05	6.887618e-05
2.300000e+02	2.350000e+02	7.693322e-04	7.539074e-05	7.539074e-05
2.350000e+02	2.400000e+02	7.760220e-04	7.449497e-05	7.449497e-05
2.400000e+02	2.450000e+02	7.492626e-04	7.328359e-05	7.328359e-05
2.450000e+02	2.500000e+02	7.358830e-04	7.568696e-05	7.568696e-05
2.500000e+02	2.550000e+02	7.894018e-04	7.686047e-05	7.686047e-05
2.550000e+02	2.600000e+02	7.492626e-04	7.686047e-05	7.686047e-05
2.600000e+02	2.650000e+02	8.161612e-04	7.568696e-05	7.568696e-05
2.650000e+02	2.700000e+02	6.689846e-04	7.016369e-05	7.016369e-05
2.700000e+02	2.750000e+02	7.225034e-04	7.568696e-05	7.568696e-05
2.750000e+02	2.800000e+02	7.492626e-04	7.686047e-05	7.686047e-05
2.800000e+02	2.850000e+02	8.027814e-04	7.686047e-05	7.686047e-05
2.850000e+02	2.900000e+02	8.228510e-04	7.479473e-05	7.479473e-05
2.900000e+02	2.950000e+02	8.496104e-04	8.055642e-05	8.055642e-05
2.950000e+02	3.000000e+02	6.556048e-04	7.205184e-05	7.205184e-05
3.000000e+02	3.050000e+02	7.894018e-04	7.686047e-05	7.686047e-05
3.050000e+02	3.100000e+02	7.358830e-04	7.389176e-05	7.389176e-05
3.100000e+02	3.150000e+02	8.429206e-04	7.744056e-05	7.744056e-05
3.150000e+02	3.200000e+02	7.425728e-04	7.358829e-05	7.358829e-05
3.200000e+02	3.250000e+02	9.231986e-04	8.193353e-05	8.193353e-05
3.250000e+02	3.300000e+02	8.496104e-04	8.220620e-05	8.220620e-05
3.300000e+02	3.350000e+02	8.964392e-04	8.247795e-05	8.247795e-05
3.350000e+02	3.400000e+02	7.492626e-04	7.801633e-05	7.801633e-05
3.400000e+02	3.450000e+02	7.894018e-04	7.686047e-05	7.686047e-05
3.450000e+02	3.500000e+02	8.830596e-04	8.083371e-05	8.083371e-05
3.500000e+02	3.550000e+02	8.629900e-04	8.055642e-05	8.055642e-05
3.550000e+02	3.600000e+02	8.629900e-04	8.055642e-05	8.055642e-05
3.600000e+02	3.650000e+02	9.432682e-04	8.274882e-05	8.274882e-05
3.650000e+02	3.700000e+02	1.003477e-03	8.514782e-05	8.514782e-05
3.700000e+02	3.750000e+02	7.960916e-04	7.656879e-05	7.656879e-05
3.750000e+02	3.800000e+02	7.559526e-04	7.943752e-05	7.943752e-05
3.800000e+02	3.850000e+02	9.566478e-04	8.488463e-05	8.488463e-05
3.850000e+02	3.900000e+02	8.228510e-04	7.772899e-05	7.772899e-05
3.900000e+02	3.950000e+02	8.295408e-04	8.247795e-05	8.247795e-05
3.950000e+02	4.000000e+02	8.362306e-04	7.830264e-05	7.830264e-05
4.000000e+02	4.050000e+02	9.365784e-04	8.247795e-05	8.247795e-05
4.050000e+02	4.100000e+02	8.897494e-04	7.943752e-05	7.943752e-05
4.100000e+02	4.150000e+02	8.696800e-04	8.138548e-05	8.138548e-05
4.150000e+02	4.200000e+02	9.432682e-04	8.111007e-05	8.111007e-05
4.200000e+02	4.250000e+02	8.094712e-04	7.715107e-05	7.715107e-05
4.250000e+02	4.300000e+02	9.700276e-04	8.541023e-05	8.541023e-05
4.300000e+02	4.350000e+02	8.027814e-04	7.971871e-05	7.971871e-05
4.350000e+02	4.400000e+02	7.559526e-04	7.358829e-05	7.358829e-05
4.400000e+02	4.450000e+02	9.298886e-04	8.111007e-05	8.111007e-05
4.450000e+02	4.500000e+02	8.161612e-04	7.858789e-05	7.858789e-05
4.500000e+02	4.550000e+02	9.967870e-04	8.541023e-05	8.541023e-05
4.550000e+02	4.600000e+02	9.900972e-04	8.355614e-05	8.355614e-05
4.600000e+02	4.650000e+02	7.827120e-04	7.598205e-05	7.598205e-05
4.650000e+02	4.700000e+02	8.629900e-04	7.999892e-05	7.999892e-05
4.700000e+02	4.750000e+02	9.365784e-04	8.138548e-05	8.138548e-05
4.750000e+02	4.800000e+02	9.700276e-04	8.220620e-05	8.220620e-05
4.800000e+02	4.850000e+02	9.432682e-04	8.274882e-05	8.274882e-05
4.850000e+02	4.900000e+02	8.763698e-04	8.111007e-05	8.111007e-05
4.900000e+02	4.950000e+02	7.225034e-04	7.686047e-05	7.686047e-05
4.950000e+02	5.000000e+02	8.563002e-04	8.247795e-05	8.247795e-05
# END HISTO1D


# BEGIN HISTO1D //eos/home-y/yiyu/monobc/Rivet_New/X2000_Qd10.yoda.gz/JetMETAnalysis/met
ErrorBars=1
LineColor=violet
LineStyle=solid
Path=//eos/home-y/yiyu/monobc/Rivet_New/X2000_Qd10.yoda.gz/JetMETAnalysis/met
ScaledBy=1.12840154087125147e-05
Title=X2000_Qd10
# xlow	 xhigh	 val	 errminus	 errplus
0.000000e+00	5.000000e+00	2.703614e-06	1.351807e-06	1.351807e-06
5.000000e+00	1.000000e+01	5.407228e-06	1.911744e-06	1.911744e-06
1.000000e+01	1.500000e+01	1.216626e-05	3.170268e-06	3.170268e-06
1.500000e+01	2.000000e+01	1.622168e-05	3.576545e-06	3.576545e-06
2.000000e+01	2.500000e+01	2.162892e-05	3.941161e-06	3.941161e-06
2.500000e+01	3.000000e+01	2.027710e-05	3.941161e-06	3.941161e-06
3.000000e+01	3.500000e+01	2.162892e-05	3.823487e-06	3.823487e-06
3.500000e+01	4.000000e+01	2.568434e-05	4.380355e-06	4.380355e-06
4.000000e+01	4.500000e+01	2.365662e-05	4.327894e-06	4.327894e-06
4.500000e+01	5.000000e+01	2.162892e-05	3.941161e-06	3.941161e-06
5.000000e+01	5.500000e+01	1.284217e-05	3.097379e-06	3.097379e-06
5.500000e+01	6.000000e+01	1.081446e-05	2.867616e-06	2.867616e-06
6.000000e+01	6.500000e+01	1.284217e-05	3.379517e-06	3.379517e-06
6.500000e+01	7.000000e+01	1.216626e-05	3.311237e-06	3.311237e-06
7.000000e+01	7.500000e+01	6.083132e-06	2.617763e-06	2.617763e-06
7.500000e+01	8.000000e+01	9.462648e-06	2.867616e-06	2.867616e-06
8.000000e+01	8.500000e+01	8.110842e-06	2.867616e-06	2.867616e-06
8.500000e+01	9.000000e+01	6.759034e-06	2.867616e-06	2.867616e-06
9.000000e+01	9.500000e+01	8.786744e-06	2.946195e-06	2.946195e-06
9.500000e+01	1.000000e+02	1.216626e-05	2.867616e-06	2.867616e-06
1.000000e+02	1.050000e+02	5.407228e-06	2.703614e-06	2.703614e-06
1.050000e+02	1.100000e+02	9.462648e-06	3.022732e-06	3.022732e-06
1.100000e+02	1.150000e+02	8.786744e-06	3.379517e-06	3.379517e-06
1.150000e+02	1.200000e+02	5.407228e-06	2.867616e-06	2.867616e-06
1.200000e+02	1.250000e+02	9.462648e-06	3.311237e-06	3.311237e-06
1.250000e+02	1.300000e+02	1.216626e-05	3.022732e-06	3.022732e-06
1.300000e+02	1.350000e+02	2.703614e-06	2.867616e-06	2.867616e-06
1.350000e+02	1.400000e+02	7.434938e-06	2.786821e-06	2.786821e-06
1.400000e+02	1.450000e+02	1.351807e-05	3.823487e-06	3.823487e-06
1.450000e+02	1.500000e+02	6.759034e-06	3.446445e-06	3.446445e-06
1.500000e+02	1.550000e+02	9.462648e-06	3.446445e-06	3.446445e-06
1.550000e+02	1.600000e+02	1.149036e-05	3.241519e-06	3.241519e-06
1.600000e+02	1.650000e+02	6.759034e-06	3.446445e-06	3.446445e-06
1.650000e+02	1.700000e+02	6.759034e-06	3.446445e-06	3.446445e-06
1.700000e+02	1.750000e+02	1.013855e-05	3.241519e-06	3.241519e-06
1.750000e+02	1.800000e+02	9.462648e-06	3.446445e-06	3.446445e-06
1.800000e+02	1.850000e+02	9.462648e-06	3.446445e-06	3.446445e-06
1.850000e+02	1.900000e+02	7.434938e-06	3.639852e-06	3.639852e-06
1.900000e+02	1.950000e+02	7.434938e-06	3.379517e-06	3.379517e-06
1.950000e+02	2.000000e+02	9.462648e-06	3.702076e-06	3.702076e-06
2.000000e+02	2.050000e+02	1.216626e-05	4.055421e-06	4.055421e-06
2.050000e+02	2.100000e+02	7.434938e-06	4.111360e-06	4.111360e-06
2.100000e+02	2.150000e+02	7.434938e-06	3.097379e-06	3.097379e-06
2.150000e+02	2.200000e+02	5.407228e-06	3.311237e-06	3.311237e-06
2.200000e+02	2.250000e+02	1.284217e-05	3.512097e-06	3.512097e-06
2.250000e+02	2.300000e+02	1.486988e-05	4.483436e-06	4.483436e-06
2.300000e+02	2.350000e+02	1.554578e-05	3.882770e-06	3.882770e-06
2.350000e+02	2.400000e+02	8.786744e-06	3.512097e-06	3.512097e-06
2.400000e+02	2.450000e+02	-3.379518e-06	3.241519e-06	3.241519e-06
2.450000e+02	2.500000e+02	9.462648e-06	4.274789e-06	4.274789e-06
2.500000e+02	2.550000e+02	5.407228e-06	3.576545e-06	3.576545e-06
2.550000e+02	2.600000e+02	1.689759e-05	4.534098e-06	4.534098e-06
2.600000e+02	2.650000e+02	4.731324e-06	3.763271e-06	3.763271e-06
2.650000e+02	2.700000e+02	2.095300e-05	4.327894e-06	4.327894e-06
2.700000e+02	2.750000e+02	1.216626e-05	3.702076e-06	3.702076e-06
2.750000e+02	2.800000e+02	1.013855e-05	3.639852e-06	3.639852e-06
2.800000e+02	2.850000e+02	1.960120e-05	4.221016e-06	4.221016e-06
2.850000e+02	2.900000e+02	1.351807e-05	3.941161e-06	3.941161e-06
2.900000e+02	2.950000e+02	1.351807e-05	3.941161e-06	3.941161e-06
2.950000e+02	3.000000e+02	1.554578e-05	4.327894e-06	4.327894e-06
3.000000e+02	3.050000e+02	1.419397e-05	4.327894e-06	4.327894e-06
3.050000e+02	3.100000e+02	1.081446e-05	4.055421e-06	4.055421e-06
3.100000e+02	3.150000e+02	1.824939e-05	4.826916e-06	4.826916e-06
3.150000e+02	3.200000e+02	8.786744e-06	4.327894e-06	4.327894e-06
3.200000e+02	3.250000e+02	1.149036e-05	4.327894e-06	4.327894e-06
3.250000e+02	3.300000e+02	1.081446e-05	4.380355e-06	4.380355e-06
3.300000e+02	3.350000e+02	1.486988e-05	3.941161e-06	3.941161e-06
3.350000e+02	3.400000e+02	1.757349e-05	4.166549e-06	4.166549e-06
3.400000e+02	3.450000e+02	1.419397e-05	4.731324e-06	4.731324e-06
3.450000e+02	3.500000e+02	1.216626e-05	4.584200e-06	4.584200e-06
3.500000e+02	3.550000e+02	1.351807e-05	4.274789e-06	4.274789e-06
3.550000e+02	3.600000e+02	1.013855e-05	4.221016e-06	4.221016e-06
3.600000e+02	3.650000e+02	1.351807e-05	4.166549e-06	4.166549e-06
3.650000e+02	3.700000e+02	1.622168e-05	4.380355e-06	4.380355e-06
3.700000e+02	3.750000e+02	1.892530e-05	4.779359e-06	4.779359e-06
3.750000e+02	3.800000e+02	1.486988e-05	4.779359e-06	4.779359e-06
3.800000e+02	3.850000e+02	1.284217e-05	3.998699e-06	3.998699e-06
3.850000e+02	3.900000e+02	2.162892e-05	4.966856e-06	4.966856e-06
3.900000e+02	3.950000e+02	1.757349e-05	4.483436e-06	4.483436e-06
3.950000e+02	4.000000e+02	1.351807e-05	5.147527e-06	5.147527e-06
4.000000e+02	4.050000e+02	1.960120e-05	4.534098e-06	4.534098e-06
4.050000e+02	4.100000e+02	1.960120e-05	4.731324e-06	4.731324e-06
4.100000e+02	4.150000e+02	1.892530e-05	5.147527e-06	5.147527e-06
4.150000e+02	4.200000e+02	1.351807e-05	4.274789e-06	4.274789e-06
4.200000e+02	4.250000e+02	1.622168e-05	4.584200e-06	4.584200e-06
4.250000e+02	4.300000e+02	2.365662e-05	4.633760e-06	4.633760e-06
4.300000e+02	4.350000e+02	1.689759e-05	4.920652e-06	4.920652e-06
4.350000e+02	4.400000e+02	1.824939e-05	5.012634e-06	5.012634e-06
4.400000e+02	4.450000e+02	2.298072e-05	5.057998e-06	5.057998e-06
4.450000e+02	4.500000e+02	1.757349e-05	4.779359e-06	4.779359e-06
4.500000e+02	4.550000e+02	1.284217e-05	4.432195e-06	4.432195e-06
4.550000e+02	4.600000e+02	1.486988e-05	4.682797e-06	4.682797e-06
4.600000e+02	4.650000e+02	1.216626e-05	4.682797e-06	4.682797e-06
4.650000e+02	4.700000e+02	2.298072e-05	5.322069e-06	5.322069e-06
4.700000e+02	4.750000e+02	1.824939e-05	4.920652e-06	4.920652e-06
4.750000e+02	4.800000e+02	1.689759e-05	4.826916e-06	4.826916e-06
4.800000e+02	4.850000e+02	1.757349e-05	4.779359e-06	4.779359e-06
4.850000e+02	4.900000e+02	1.824939e-05	4.731324e-06	4.731324e-06
4.900000e+02	4.950000e+02	2.162892e-05	5.057998e-06	5.057998e-06
4.950000e+02	5.000000e+02	2.162892e-05	5.322069e-06	5.322069e-06
# END HISTO1D


# BEGIN HISTO1D //eos/home-y/yiyu/monobc/Rivet_New/X2000_Qd1000.yoda.gz/JetMETAnalysis/met
ErrorBars=1
LineColor=violet
LineStyle=dashed
Path=//eos/home-y/yiyu/monobc/Rivet_New/X2000_Qd1000.yoda.gz/JetMETAnalysis/met
ScaledBy=1.33124458706071545e-05
Title=X2000_Qd1000
# xlow	 xhigh	 val	 errminus	 errplus
0.000000e+00	5.000000e+00	0.000000e+00	0.000000e+00	0.000000e+00
5.000000e+00	1.000000e+01	1.814286e-07	1.814286e-07	1.814286e-07
1.000000e+01	1.500000e+01	1.814286e-07	3.142435e-07	3.142435e-07
1.500000e+01	2.000000e+01	7.257144e-07	4.444074e-07	4.444074e-07
2.000000e+01	2.500000e+01	3.628572e-07	4.444074e-07	4.444074e-07
2.500000e+01	3.000000e+01	9.071428e-07	7.026698e-07	7.026698e-07
3.000000e+01	3.500000e+01	2.902858e-06	8.113732e-07	8.113732e-07
3.500000e+01	4.000000e+01	1.088571e-06	5.737275e-07	5.737275e-07
4.000000e+01	4.500000e+01	7.257144e-07	6.284870e-07	6.284870e-07
4.500000e+01	5.000000e+01	9.071428e-07	7.026698e-07	7.026698e-07
5.000000e+01	5.500000e+01	7.257144e-07	6.284870e-07	6.284870e-07
5.500000e+01	6.000000e+01	2.721428e-06	7.908289e-07	7.908289e-07
6.000000e+01	6.500000e+01	2.721428e-06	9.071428e-07	9.071428e-07
6.500000e+01	7.000000e+01	1.995714e-06	8.701009e-07	8.701009e-07
7.000000e+01	7.500000e+01	2.540000e-06	8.888149e-07	8.888149e-07
7.500000e+01	8.000000e+01	1.995714e-06	9.427305e-07	9.427305e-07
8.000000e+01	8.500000e+01	3.265714e-06	8.888149e-07	8.888149e-07
8.500000e+01	9.000000e+01	1.088571e-06	8.888149e-07	8.888149e-07
9.000000e+01	9.500000e+01	1.814286e-06	7.697363e-07	7.697363e-07
9.500000e+01	1.000000e+02	2.177142e-06	8.888149e-07	8.888149e-07
1.000000e+02	1.050000e+02	1.814286e-06	1.057901e-06	1.057901e-06
1.050000e+02	1.100000e+02	1.270000e-06	1.010151e-06	1.010151e-06
1.100000e+02	1.150000e+02	2.177142e-06	9.600298e-07	9.600298e-07
1.150000e+02	1.200000e+02	3.447142e-06	1.042228e-06	1.042228e-06
1.200000e+02	1.250000e+02	1.270000e-06	1.161710e-06	1.161710e-06
1.250000e+02	1.300000e+02	2.721428e-06	9.427305e-07	9.427305e-07
1.300000e+02	1.350000e+02	5.442858e-07	9.427305e-07	9.427305e-07
1.350000e+02	1.400000e+02	1.814286e-06	9.937253e-07	9.937253e-07
1.400000e+02	1.450000e+02	1.451429e-06	1.203461e-06	1.203461e-06
1.450000e+02	1.500000e+02	3.628572e-06	1.230509e-06	1.230509e-06
1.500000e+02	1.550000e+02	3.265714e-06	1.256974e-06	1.256974e-06
1.550000e+02	1.600000e+02	2.540000e-06	1.088572e-06	1.088572e-06
1.600000e+02	1.650000e+02	4.717142e-06	1.057901e-06	1.057901e-06
1.650000e+02	1.700000e+02	3.265714e-06	1.147455e-06	1.147455e-06
1.700000e+02	1.750000e+02	6.350000e-06	1.217060e-06	1.217060e-06
1.750000e+02	1.800000e+02	4.535714e-06	1.073346e-06	1.073346e-06
1.800000e+02	1.850000e+02	2.540000e-06	1.256974e-06	1.256974e-06
1.850000e+02	1.900000e+02	5.624286e-06	1.320820e-06	1.320820e-06
1.900000e+02	1.950000e+02	3.810000e-06	1.133021e-06	1.133021e-06
1.950000e+02	2.000000e+02	3.628572e-06	1.118401e-06	1.118401e-06
2.000000e+02	2.050000e+02	3.991428e-06	1.381719e-06	1.381719e-06
2.050000e+02	2.100000e+02	3.991428e-06	1.405340e-06	1.405340e-06
2.100000e+02	2.150000e+02	3.991428e-06	1.308300e-06	1.308300e-06
2.150000e+02	2.200000e+02	3.628572e-06	1.147455e-06	1.147455e-06
2.200000e+02	2.250000e+02	5.261428e-06	1.462724e-06	1.462724e-06
2.250000e+02	2.300000e+02	3.628572e-06	1.357687e-06	1.357687e-06
2.300000e+02	2.350000e+02	4.354286e-06	1.496098e-06	1.496098e-06
2.350000e+02	2.400000e+02	4.535714e-06	1.393579e-06	1.393579e-06
2.400000e+02	2.450000e+02	6.350000e-06	1.417002e-06	1.417002e-06
2.450000e+02	2.500000e+02	5.624286e-06	1.393579e-06	1.393579e-06
2.500000e+02	2.550000e+02	7.257144e-06	1.308300e-06	1.308300e-06
2.550000e+02	2.600000e+02	5.442858e-06	1.381719e-06	1.381719e-06
2.600000e+02	2.650000e+02	4.354286e-06	1.308300e-06	1.308300e-06
2.650000e+02	2.700000e+02	3.628572e-06	1.405340e-06	1.405340e-06
2.700000e+02	2.750000e+02	3.628572e-06	1.088572e-06	1.088572e-06
2.750000e+02	2.800000e+02	5.261428e-06	1.393579e-06	1.393579e-06
2.800000e+02	2.850000e+02	4.354286e-06	1.381719e-06	1.381719e-06
2.850000e+02	2.900000e+02	4.535714e-06	1.345510e-06	1.345510e-06
2.900000e+02	2.950000e+02	4.535714e-06	1.320820e-06	1.320820e-06
2.950000e+02	3.000000e+02	1.451429e-06	1.308300e-06	1.308300e-06
3.000000e+02	3.050000e+02	4.898572e-06	1.369756e-06	1.369756e-06
3.050000e+02	3.100000e+02	4.898572e-06	1.440045e-06	1.440045e-06
3.100000e+02	3.150000e+02	6.531428e-06	1.539473e-06	1.539473e-06
3.150000e+02	3.200000e+02	5.805714e-06	1.496098e-06	1.496098e-06
3.200000e+02	3.250000e+02	4.535714e-06	1.295659e-06	1.295659e-06
3.250000e+02	3.300000e+02	6.894286e-06	1.496098e-06	1.496098e-06
3.300000e+02	3.350000e+02	6.531428e-06	1.381719e-06	1.381719e-06
3.350000e+02	3.400000e+02	3.447142e-06	1.393579e-06	1.393579e-06
3.400000e+02	3.450000e+02	6.350000e-06	1.632857e-06	1.632857e-06
3.450000e+02	3.500000e+02	7.438572e-06	1.485057e-06	1.485057e-06
3.500000e+02	3.550000e+02	5.261428e-06	1.507059e-06	1.507059e-06
3.550000e+02	3.600000e+02	6.168572e-06	1.517940e-06	1.517940e-06
3.600000e+02	3.650000e+02	6.712858e-06	1.632857e-06	1.632857e-06
3.650000e+02	3.700000e+02	6.712858e-06	1.592029e-06	1.592029e-06
3.700000e+02	3.750000e+02	9.071428e-06	1.451429e-06	1.451429e-06
3.750000e+02	3.800000e+02	5.442858e-06	1.581658e-06	1.581658e-06
3.800000e+02	3.850000e+02	6.712858e-06	1.592029e-06	1.592029e-06
3.850000e+02	3.900000e+02	4.535714e-06	1.462724e-06	1.462724e-06
3.900000e+02	3.950000e+02	1.070429e-05	1.652893e-06	1.652893e-06
3.950000e+02	4.000000e+02	6.350000e-06	1.550126e-06	1.550126e-06
4.000000e+02	4.050000e+02	7.438572e-06	1.612572e-06	1.612572e-06
4.050000e+02	4.100000e+02	7.075714e-06	1.440045e-06	1.440045e-06
4.100000e+02	4.150000e+02	4.535714e-06	1.417002e-06	1.417002e-06
4.150000e+02	4.200000e+02	7.257144e-06	1.496098e-06	1.496098e-06
4.200000e+02	4.250000e+02	7.438572e-06	1.612572e-06	1.612572e-06
4.250000e+02	4.300000e+02	4.717142e-06	1.381719e-06	1.381719e-06
4.300000e+02	4.350000e+02	6.168572e-06	1.517940e-06	1.517940e-06
4.350000e+02	4.400000e+02	7.620000e-06	1.642906e-06	1.642906e-06
4.400000e+02	4.450000e+02	3.265714e-06	1.473933e-06	1.473933e-06
4.450000e+02	4.500000e+02	8.345714e-06	1.682499e-06	1.682499e-06
4.500000e+02	4.550000e+02	4.354286e-06	1.602334e-06	1.602334e-06
4.550000e+02	4.600000e+02	7.438572e-06	1.652893e-06	1.652893e-06
4.600000e+02	4.650000e+02	6.350000e-06	1.462724e-06	1.462724e-06
4.650000e+02	4.700000e+02	7.438572e-06	1.592029e-06	1.592029e-06
4.700000e+02	4.750000e+02	8.164286e-06	1.652893e-06	1.652893e-06
4.750000e+02	4.800000e+02	7.620000e-06	1.451429e-06	1.451429e-06
4.800000e+02	4.850000e+02	9.071428e-06	1.759015e-06	1.759015e-06
4.850000e+02	4.900000e+02	1.052286e-05	1.777630e-06	1.777630e-06
4.900000e+02	4.950000e+02	6.168572e-06	1.622747e-06	1.622747e-06
4.950000e+02	5.000000e+02	5.442858e-06	1.539473e-06	1.539473e-06
# END HISTO1D

