# BEGIN PLOT
Legend=1
LogY=1
LegendPlacement=manual
LegendAlign=r
LegendXPos=1.36
RightMargin=3.7
Title=MET $\phi$ distribution
XLabel=$\phi^\mathrm{miss}$ [rad]
YLabel=$\mathrm{d}\sigma/\mathrm{d}\phi^\mathrm{miss}$ [pb/rad]
XMin=0
DrawOnly=//eos/home-y/yiyu/monobc/Rivet_New/X600_Qd10.yoda.gz/JetMETAnalysis/met_phi //eos/home-y/yiyu/monobc/Rivet_New/X600_Qd300.yoda.gz/JetMETAnalysis/met_phi //eos/home-y/yiyu/monobc/Rivet_New/X1200_Qd10.yoda.gz/JetMETAnalysis/met_phi //eos/home-y/yiyu/monobc/Rivet_New/X1200_Qd600.yoda.gz/JetMETAnalysis/met_phi //eos/home-y/yiyu/monobc/Rivet_New/X2000_Qd10.yoda.gz/JetMETAnalysis/met_phi //eos/home-y/yiyu/monobc/Rivet_New/X2000_Qd1000.yoda.gz/JetMETAnalysis/met_phi
LegendOnly=//eos/home-y/yiyu/monobc/Rivet_New/X600_Qd10.yoda.gz/JetMETAnalysis/met_phi //eos/home-y/yiyu/monobc/Rivet_New/X600_Qd300.yoda.gz/JetMETAnalysis/met_phi //eos/home-y/yiyu/monobc/Rivet_New/X1200_Qd10.yoda.gz/JetMETAnalysis/met_phi //eos/home-y/yiyu/monobc/Rivet_New/X1200_Qd600.yoda.gz/JetMETAnalysis/met_phi //eos/home-y/yiyu/monobc/Rivet_New/X2000_Qd10.yoda.gz/JetMETAnalysis/met_phi //eos/home-y/yiyu/monobc/Rivet_New/X2000_Qd1000.yoda.gz/JetMETAnalysis/met_phi
RatioPlot=1
RatioPlotReference=//eos/home-y/yiyu/monobc/Rivet_New/X600_Qd10.yoda.gz/JetMETAnalysis/met_phi
RatioPlotYLabel=Ratio
# END PLOT

# BEGIN HISTO1D //eos/home-y/yiyu/monobc/Rivet_New/X600_Qd10.yoda.gz/JetMETAnalysis/met_phi
ErrorBars=1
LineColor=red
LineStyle=solid
Path=//eos/home-y/yiyu/monobc/Rivet_New/X600_Qd10.yoda.gz/JetMETAnalysis/met_phi
ScaledBy=1.57525677826006370e-05
Title=X600_Qd10
# xlow	 xhigh	 val	 errminus	 errplus
-3.141593e+00	-3.015929e+00	0.000000e+00	0.000000e+00	0.000000e+00
-3.015929e+00	-2.890265e+00	0.000000e+00	0.000000e+00	0.000000e+00
-2.890265e+00	-2.764602e+00	0.000000e+00	0.000000e+00	0.000000e+00
-2.764602e+00	-2.638938e+00	0.000000e+00	0.000000e+00	0.000000e+00
-2.638938e+00	-2.513274e+00	0.000000e+00	0.000000e+00	0.000000e+00
-2.513274e+00	-2.387610e+00	0.000000e+00	0.000000e+00	0.000000e+00
-2.387610e+00	-2.261947e+00	0.000000e+00	0.000000e+00	0.000000e+00
-2.261947e+00	-2.136283e+00	0.000000e+00	0.000000e+00	0.000000e+00
-2.136283e+00	-2.010619e+00	0.000000e+00	0.000000e+00	0.000000e+00
-2.010619e+00	-1.884956e+00	0.000000e+00	0.000000e+00	0.000000e+00
-1.884956e+00	-1.759292e+00	0.000000e+00	0.000000e+00	0.000000e+00
-1.759292e+00	-1.633628e+00	0.000000e+00	0.000000e+00	0.000000e+00
-1.633628e+00	-1.507964e+00	0.000000e+00	0.000000e+00	0.000000e+00
-1.507964e+00	-1.382301e+00	0.000000e+00	0.000000e+00	0.000000e+00
-1.382301e+00	-1.256637e+00	0.000000e+00	0.000000e+00	0.000000e+00
-1.256637e+00	-1.130973e+00	0.000000e+00	0.000000e+00	0.000000e+00
-1.130973e+00	-1.005310e+00	0.000000e+00	0.000000e+00	0.000000e+00
-1.005310e+00	-8.796459e-01	0.000000e+00	0.000000e+00	0.000000e+00
-8.796459e-01	-7.539822e-01	0.000000e+00	0.000000e+00	0.000000e+00
-7.539822e-01	-6.283185e-01	0.000000e+00	0.000000e+00	0.000000e+00
-6.283185e-01	-5.026548e-01	0.000000e+00	0.000000e+00	0.000000e+00
-5.026548e-01	-3.769911e-01	0.000000e+00	0.000000e+00	0.000000e+00
-3.769911e-01	-2.513274e-01	0.000000e+00	0.000000e+00	0.000000e+00
-2.513274e-01	-1.256637e-01	0.000000e+00	0.000000e+00	0.000000e+00
-1.256637e-01	4.440892e-16	0.000000e+00	0.000000e+00	0.000000e+00
4.440892e-16	1.256637e-01	9.776483e+00	4.867269e-01	4.867269e-01
1.256637e-01	2.513274e-01	9.049694e+00	4.629979e-01	4.629979e-01
2.513274e-01	3.769911e-01	9.213806e+00	4.694819e-01	4.694819e-01
3.769911e-01	5.026548e-01	8.979363e+00	4.635911e-01	4.635911e-01
5.026548e-01	6.283185e-01	9.729596e+00	4.821885e-01	4.821885e-01
6.283185e-01	7.539822e-01	8.416687e+00	4.515789e-01	4.515789e-01
7.539822e-01	8.796459e-01	9.518596e+00	4.816182e-01	4.816182e-01
8.796459e-01	1.005310e+00	1.008123e+01	4.872897e-01	4.872897e-01
1.005310e+00	1.130973e+00	9.964102e+00	4.855990e-01	4.855990e-01
1.130973e+00	1.256637e+00	8.791786e+00	4.576234e-01	4.576234e-01
1.256637e+00	1.382301e+00	9.237236e+00	4.712337e-01	4.712337e-01
1.382301e+00	1.507964e+00	8.580847e+00	4.521896e-01	4.521896e-01
1.507964e+00	1.633628e+00	9.565460e+00	4.781810e-01	4.781810e-01
1.633628e+00	1.759292e+00	9.706129e+00	4.781810e-01	4.781810e-01
1.759292e+00	1.884956e+00	9.166897e+00	4.706502e-01	4.706502e-01
1.884956e+00	2.010619e+00	8.838743e+00	4.588265e-01	4.588265e-01
2.010619e+00	2.136283e+00	9.495122e+00	4.764537e-01	4.764537e-01
2.136283e+00	2.261947e+00	8.979342e+00	4.612126e-01	4.612126e-01
2.261947e+00	2.387610e+00	9.307640e+00	4.718203e-01	4.718203e-01
2.387610e+00	2.513274e+00	9.706129e+00	4.861608e-01	4.861608e-01
2.513274e+00	2.638938e+00	9.307566e+00	4.718165e-01	4.718165e-01
2.638938e+00	2.764602e+00	9.917128e+00	4.821874e-01	4.821874e-01
2.764602e+00	2.890265e+00	8.768404e+00	4.630004e-01	4.630004e-01
2.890265e+00	3.015929e+00	8.791786e+00	4.600193e-01	4.600193e-01
3.015929e+00	3.141593e+00	8.909003e+00	4.618081e-01	4.618081e-01
# END HISTO1D


# BEGIN HISTO1D //eos/home-y/yiyu/monobc/Rivet_New/X600_Qd300.yoda.gz/JetMETAnalysis/met_phi
ErrorBars=1
LineColor=red
LineStyle=dashed
Path=//eos/home-y/yiyu/monobc/Rivet_New/X600_Qd300.yoda.gz/JetMETAnalysis/met_phi
ScaledBy=1.55875016163068396e-05
Title=X600_Qd300
# xlow	 xhigh	 val	 errminus	 errplus
-3.141593e+00	-3.015929e+00	0.000000e+00	0.000000e+00	0.000000e+00
-3.015929e+00	-2.890265e+00	0.000000e+00	0.000000e+00	0.000000e+00
-2.890265e+00	-2.764602e+00	0.000000e+00	0.000000e+00	0.000000e+00
-2.764602e+00	-2.638938e+00	0.000000e+00	0.000000e+00	0.000000e+00
-2.638938e+00	-2.513274e+00	0.000000e+00	0.000000e+00	0.000000e+00
-2.513274e+00	-2.387610e+00	0.000000e+00	0.000000e+00	0.000000e+00
-2.387610e+00	-2.261947e+00	0.000000e+00	0.000000e+00	0.000000e+00
-2.261947e+00	-2.136283e+00	0.000000e+00	0.000000e+00	0.000000e+00
-2.136283e+00	-2.010619e+00	0.000000e+00	0.000000e+00	0.000000e+00
-2.010619e+00	-1.884956e+00	0.000000e+00	0.000000e+00	0.000000e+00
-1.884956e+00	-1.759292e+00	0.000000e+00	0.000000e+00	0.000000e+00
-1.759292e+00	-1.633628e+00	0.000000e+00	0.000000e+00	0.000000e+00
-1.633628e+00	-1.507964e+00	0.000000e+00	0.000000e+00	0.000000e+00
-1.507964e+00	-1.382301e+00	0.000000e+00	0.000000e+00	0.000000e+00
-1.382301e+00	-1.256637e+00	0.000000e+00	0.000000e+00	0.000000e+00
-1.256637e+00	-1.130973e+00	0.000000e+00	0.000000e+00	0.000000e+00
-1.130973e+00	-1.005310e+00	0.000000e+00	0.000000e+00	0.000000e+00
-1.005310e+00	-8.796459e-01	0.000000e+00	0.000000e+00	0.000000e+00
-8.796459e-01	-7.539822e-01	0.000000e+00	0.000000e+00	0.000000e+00
-7.539822e-01	-6.283185e-01	0.000000e+00	0.000000e+00	0.000000e+00
-6.283185e-01	-5.026548e-01	0.000000e+00	0.000000e+00	0.000000e+00
-5.026548e-01	-3.769911e-01	0.000000e+00	0.000000e+00	0.000000e+00
-3.769911e-01	-2.513274e-01	0.000000e+00	0.000000e+00	0.000000e+00
-2.513274e-01	-1.256637e-01	0.000000e+00	0.000000e+00	0.000000e+00
-1.256637e-01	4.440892e-16	0.000000e+00	0.000000e+00	0.000000e+00
4.440892e-16	1.256637e-01	2.331376e+00	1.220017e-01	1.220017e-01
1.256637e-01	2.513274e-01	2.362627e+00	1.221617e-01	1.221617e-01
2.513274e-01	3.769911e-01	2.268872e+00	1.207141e-01	1.207141e-01
3.769911e-01	5.026548e-01	2.318876e+00	1.203900e-01	1.203900e-01
5.026548e-01	6.283185e-01	2.562638e+00	1.268680e-01	1.268680e-01
6.283185e-01	7.539822e-01	2.275123e+00	1.202277e-01	1.202277e-01
7.539822e-01	8.796459e-01	2.631392e+00	1.288540e-01	1.288540e-01
8.796459e-01	1.005310e+00	2.487627e+00	1.262502e-01	1.262502e-01
1.005310e+00	1.130973e+00	2.581404e+00	1.273298e-01	1.273298e-01
1.130973e+00	1.256637e+00	2.368873e+00	1.232756e-01	1.232756e-01
1.256637e+00	1.382301e+00	2.437626e+00	1.240654e-01	1.240654e-01
1.382301e+00	1.507964e+00	2.387642e+00	1.240664e-01	1.240664e-01
1.507964e+00	1.633628e+00	2.568883e+00	1.270216e-01	1.270216e-01
1.633628e+00	1.759292e+00	2.356372e+00	1.229583e-01	1.229583e-01
1.759292e+00	1.884956e+00	2.387623e+00	1.240654e-01	1.240654e-01
1.884956e+00	2.010619e+00	2.462647e+00	1.246945e-01	1.246945e-01
2.010619e+00	2.136283e+00	2.156361e+00	1.180964e-01	1.180964e-01
2.136283e+00	2.261947e+00	2.525131e+00	1.265594e-01	1.265594e-01
2.261947e+00	2.387610e+00	2.543902e+00	1.279419e-01	1.279419e-01
2.387610e+00	2.513274e+00	2.556382e+00	1.267136e-01	1.267136e-01
2.513274e+00	2.638938e+00	2.518881e+00	1.267136e-01	1.267136e-01
2.638938e+00	2.764602e+00	2.675138e+00	1.305106e-01	1.305106e-01
2.764602e+00	2.890265e+00	2.412644e+00	1.240664e-01	1.240664e-01
2.890265e+00	3.015929e+00	2.331370e+00	1.220014e-01	1.220014e-01
3.015929e+00	3.141593e+00	2.425125e+00	1.243799e-01	1.243799e-01
# END HISTO1D


# BEGIN HISTO1D //eos/home-y/yiyu/monobc/Rivet_New/X1200_Qd10.yoda.gz/JetMETAnalysis/met_phi
ErrorBars=1
LineColor=blue
LineStyle=solid
Path=//eos/home-y/yiyu/monobc/Rivet_New/X1200_Qd10.yoda.gz/JetMETAnalysis/met_phi
ScaledBy=1.38114613379714854e-05
Title=X1200_Qd10
# xlow	 xhigh	 val	 errminus	 errplus
-3.141593e+00	-3.015929e+00	0.000000e+00	0.000000e+00	0.000000e+00
-3.015929e+00	-2.890265e+00	0.000000e+00	0.000000e+00	0.000000e+00
-2.890265e+00	-2.764602e+00	0.000000e+00	0.000000e+00	0.000000e+00
-2.764602e+00	-2.638938e+00	0.000000e+00	0.000000e+00	0.000000e+00
-2.638938e+00	-2.513274e+00	0.000000e+00	0.000000e+00	0.000000e+00
-2.513274e+00	-2.387610e+00	0.000000e+00	0.000000e+00	0.000000e+00
-2.387610e+00	-2.261947e+00	0.000000e+00	0.000000e+00	0.000000e+00
-2.261947e+00	-2.136283e+00	0.000000e+00	0.000000e+00	0.000000e+00
-2.136283e+00	-2.010619e+00	0.000000e+00	0.000000e+00	0.000000e+00
-2.010619e+00	-1.884956e+00	0.000000e+00	0.000000e+00	0.000000e+00
-1.884956e+00	-1.759292e+00	0.000000e+00	0.000000e+00	0.000000e+00
-1.759292e+00	-1.633628e+00	0.000000e+00	0.000000e+00	0.000000e+00
-1.633628e+00	-1.507964e+00	0.000000e+00	0.000000e+00	0.000000e+00
-1.507964e+00	-1.382301e+00	0.000000e+00	0.000000e+00	0.000000e+00
-1.382301e+00	-1.256637e+00	0.000000e+00	0.000000e+00	0.000000e+00
-1.256637e+00	-1.130973e+00	0.000000e+00	0.000000e+00	0.000000e+00
-1.130973e+00	-1.005310e+00	0.000000e+00	0.000000e+00	0.000000e+00
-1.005310e+00	-8.796459e-01	0.000000e+00	0.000000e+00	0.000000e+00
-8.796459e-01	-7.539822e-01	0.000000e+00	0.000000e+00	0.000000e+00
-7.539822e-01	-6.283185e-01	0.000000e+00	0.000000e+00	0.000000e+00
-6.283185e-01	-5.026548e-01	0.000000e+00	0.000000e+00	0.000000e+00
-5.026548e-01	-3.769911e-01	0.000000e+00	0.000000e+00	0.000000e+00
-3.769911e-01	-2.513274e-01	0.000000e+00	0.000000e+00	0.000000e+00
-2.513274e-01	-1.256637e-01	0.000000e+00	0.000000e+00	0.000000e+00
-1.256637e-01	4.440892e-16	0.000000e+00	0.000000e+00	0.000000e+00
4.440892e-16	1.256637e-01	3.341363e-01	1.912869e-02	1.912869e-02
1.256637e-01	2.513274e-01	3.619810e-01	1.988907e-02	1.988907e-02
2.513274e-01	3.769911e-01	3.460698e-01	1.953791e-02	1.953791e-02
3.769911e-01	5.026548e-01	3.391086e-01	1.905099e-02	1.905099e-02
5.026548e-01	6.283185e-01	3.589976e-01	1.971427e-02	1.971427e-02
6.283185e-01	7.539822e-01	3.470642e-01	1.986419e-02	1.986419e-02
7.539822e-01	8.796459e-01	3.719255e-01	2.003768e-02	2.003768e-02
8.796459e-01	1.005310e+00	3.470631e-01	1.961362e-02	1.961362e-02
1.005310e+00	1.130973e+00	3.669553e-01	2.035607e-02	2.035607e-02
1.130973e+00	1.256637e+00	3.430856e-01	1.981430e-02	1.981430e-02
1.256637e+00	1.382301e+00	3.609857e-01	1.981430e-02	1.981430e-02
1.382301e+00	1.507964e+00	3.311548e-01	1.915463e-02	1.915463e-02
1.507964e+00	1.633628e+00	3.729191e-01	1.991386e-02	1.991386e-02
1.633628e+00	1.759292e+00	3.381133e-01	1.933434e-02	1.933434e-02
1.759292e+00	1.884956e+00	3.739135e-01	1.998822e-02	1.998822e-02
1.884956e+00	2.010619e+00	3.778944e-01	2.076491e-02	2.076491e-02
2.010619e+00	2.136283e+00	3.520357e-01	1.993868e-02	1.993868e-02
2.136283e+00	2.261947e+00	3.659580e-01	2.023408e-02	2.023408e-02
2.261947e+00	2.387610e+00	3.550218e-01	2.001310e-02	2.001310e-02
2.387610e+00	2.513274e+00	3.281688e-01	1.933434e-02	1.933434e-02
2.513274e+00	2.638938e+00	3.729191e-01	2.001294e-02	2.001294e-02
2.638938e+00	2.764602e+00	3.231965e-01	1.920604e-02	1.920604e-02
2.764602e+00	2.890265e+00	3.997725e-01	2.076491e-02	2.076491e-02
2.890265e+00	3.015929e+00	3.341356e-01	1.943637e-02	1.943637e-02
3.015929e+00	3.141593e+00	3.401023e-01	1.948718e-02	1.948718e-02
# END HISTO1D


# BEGIN HISTO1D //eos/home-y/yiyu/monobc/Rivet_New/X1200_Qd600.yoda.gz/JetMETAnalysis/met_phi
ErrorBars=1
LineColor=blue
LineStyle=dashed
Path=//eos/home-y/yiyu/monobc/Rivet_New/X1200_Qd600.yoda.gz/JetMETAnalysis/met_phi
ScaledBy=1.40636819641926593e-05
Title=X1200_Qd600
# xlow	 xhigh	 val	 errminus	 errplus
-3.141593e+00	-3.015929e+00	0.000000e+00	0.000000e+00	0.000000e+00
-3.015929e+00	-2.890265e+00	0.000000e+00	0.000000e+00	0.000000e+00
-2.890265e+00	-2.764602e+00	0.000000e+00	0.000000e+00	0.000000e+00
-2.764602e+00	-2.638938e+00	0.000000e+00	0.000000e+00	0.000000e+00
-2.638938e+00	-2.513274e+00	0.000000e+00	0.000000e+00	0.000000e+00
-2.513274e+00	-2.387610e+00	0.000000e+00	0.000000e+00	0.000000e+00
-2.387610e+00	-2.261947e+00	0.000000e+00	0.000000e+00	0.000000e+00
-2.261947e+00	-2.136283e+00	0.000000e+00	0.000000e+00	0.000000e+00
-2.136283e+00	-2.010619e+00	0.000000e+00	0.000000e+00	0.000000e+00
-2.010619e+00	-1.884956e+00	0.000000e+00	0.000000e+00	0.000000e+00
-1.884956e+00	-1.759292e+00	0.000000e+00	0.000000e+00	0.000000e+00
-1.759292e+00	-1.633628e+00	0.000000e+00	0.000000e+00	0.000000e+00
-1.633628e+00	-1.507964e+00	0.000000e+00	0.000000e+00	0.000000e+00
-1.507964e+00	-1.382301e+00	0.000000e+00	0.000000e+00	0.000000e+00
-1.382301e+00	-1.256637e+00	0.000000e+00	0.000000e+00	0.000000e+00
-1.256637e+00	-1.130973e+00	0.000000e+00	0.000000e+00	0.000000e+00
-1.130973e+00	-1.005310e+00	0.000000e+00	0.000000e+00	0.000000e+00
-1.005310e+00	-8.796459e-01	0.000000e+00	0.000000e+00	0.000000e+00
-8.796459e-01	-7.539822e-01	0.000000e+00	0.000000e+00	0.000000e+00
-7.539822e-01	-6.283185e-01	0.000000e+00	0.000000e+00	0.000000e+00
-6.283185e-01	-5.026548e-01	0.000000e+00	0.000000e+00	0.000000e+00
-5.026548e-01	-3.769911e-01	0.000000e+00	0.000000e+00	0.000000e+00
-3.769911e-01	-2.513274e-01	0.000000e+00	0.000000e+00	0.000000e+00
-2.513274e-01	-1.256637e-01	0.000000e+00	0.000000e+00	0.000000e+00
-1.256637e-01	4.440892e-16	0.000000e+00	0.000000e+00	0.000000e+00
4.440892e-16	1.256637e-01	9.422793e-02	5.283532e-03	5.283532e-03
1.256637e-01	2.513274e-01	9.742209e-02	5.376583e-03	5.376583e-03
2.513274e-01	3.769911e-01	9.023521e-02	5.209255e-03	5.209255e-03
3.769911e-01	5.026548e-01	9.742209e-02	5.363388e-03	5.363388e-03
5.026548e-01	6.283185e-01	1.000839e-01	5.336902e-03	5.336902e-03
6.283185e-01	7.539822e-01	9.795446e-02	5.363388e-03	5.363388e-03
7.539822e-01	8.796459e-01	9.688971e-02	5.243148e-03	5.243148e-03
8.796459e-01	1.005310e+00	9.662322e-02	5.316935e-03	5.316935e-03
1.005310e+00	1.130973e+00	8.784002e-02	5.161460e-03	5.161460e-03
1.130973e+00	1.256637e+00	9.848652e-02	5.323597e-03	5.323597e-03
1.256637e+00	1.382301e+00	9.156584e-02	5.188801e-03	5.188801e-03
1.382301e+00	1.507964e+00	8.597678e-02	5.113189e-03	5.113189e-03
1.507964e+00	1.633628e+00	9.422770e-02	5.202438e-03	5.202438e-03
1.633628e+00	1.759292e+00	9.183203e-02	5.140787e-03	5.140787e-03
1.759292e+00	1.884956e+00	9.609093e-02	5.356767e-03	5.356767e-03
1.884956e+00	2.010619e+00	9.955206e-02	5.350192e-03	5.350192e-03
2.010619e+00	2.136283e+00	9.742186e-02	5.296912e-03	5.296912e-03
2.136283e+00	2.261947e+00	9.396152e-02	5.276811e-03	5.276811e-03
2.261947e+00	2.387610e+00	9.901968e-02	5.468080e-03	5.468080e-03
2.387610e+00	2.513274e+00	1.006160e-01	5.429025e-03	5.429025e-03
2.513274e+00	2.638938e+00	8.970262e-02	5.236375e-03	5.236375e-03
2.638938e+00	2.764602e+00	9.768804e-02	5.316939e-03	5.316939e-03
2.764602e+00	2.890265e+00	9.689025e-02	5.296955e-03	5.296955e-03
2.890265e+00	3.015929e+00	9.422770e-02	5.256631e-03	5.256631e-03
3.015929e+00	3.141593e+00	1.035440e-01	5.500335e-03	5.500335e-03
# END HISTO1D


# BEGIN HISTO1D //eos/home-y/yiyu/monobc/Rivet_New/X2000_Qd10.yoda.gz/JetMETAnalysis/met_phi
ErrorBars=1
LineColor=violet
LineStyle=solid
Path=//eos/home-y/yiyu/monobc/Rivet_New/X2000_Qd10.yoda.gz/JetMETAnalysis/met_phi
ScaledBy=1.12840154087125147e-05
Title=X2000_Qd10
# xlow	 xhigh	 val	 errminus	 errplus
-3.141593e+00	-3.015929e+00	0.000000e+00	0.000000e+00	0.000000e+00
-3.015929e+00	-2.890265e+00	0.000000e+00	0.000000e+00	0.000000e+00
-2.890265e+00	-2.764602e+00	0.000000e+00	0.000000e+00	0.000000e+00
-2.764602e+00	-2.638938e+00	0.000000e+00	0.000000e+00	0.000000e+00
-2.638938e+00	-2.513274e+00	0.000000e+00	0.000000e+00	0.000000e+00
-2.513274e+00	-2.387610e+00	0.000000e+00	0.000000e+00	0.000000e+00
-2.387610e+00	-2.261947e+00	0.000000e+00	0.000000e+00	0.000000e+00
-2.261947e+00	-2.136283e+00	0.000000e+00	0.000000e+00	0.000000e+00
-2.136283e+00	-2.010619e+00	0.000000e+00	0.000000e+00	0.000000e+00
-2.010619e+00	-1.884956e+00	0.000000e+00	0.000000e+00	0.000000e+00
-1.884956e+00	-1.759292e+00	0.000000e+00	0.000000e+00	0.000000e+00
-1.759292e+00	-1.633628e+00	0.000000e+00	0.000000e+00	0.000000e+00
-1.633628e+00	-1.507964e+00	0.000000e+00	0.000000e+00	0.000000e+00
-1.507964e+00	-1.382301e+00	0.000000e+00	0.000000e+00	0.000000e+00
-1.382301e+00	-1.256637e+00	0.000000e+00	0.000000e+00	0.000000e+00
-1.256637e+00	-1.130973e+00	0.000000e+00	0.000000e+00	0.000000e+00
-1.130973e+00	-1.005310e+00	0.000000e+00	0.000000e+00	0.000000e+00
-1.005310e+00	-8.796459e-01	0.000000e+00	0.000000e+00	0.000000e+00
-8.796459e-01	-7.539822e-01	0.000000e+00	0.000000e+00	0.000000e+00
-7.539822e-01	-6.283185e-01	0.000000e+00	0.000000e+00	0.000000e+00
-6.283185e-01	-5.026548e-01	0.000000e+00	0.000000e+00	0.000000e+00
-5.026548e-01	-3.769911e-01	0.000000e+00	0.000000e+00	0.000000e+00
-3.769911e-01	-2.513274e-01	0.000000e+00	0.000000e+00	0.000000e+00
-2.513274e-01	-1.256637e-01	0.000000e+00	0.000000e+00	0.000000e+00
-1.256637e-01	4.440892e-16	0.000000e+00	0.000000e+00	0.000000e+00
4.440892e-16	1.256637e-01	4.948376e-03	5.418859e-04	5.418859e-04
1.256637e-01	2.513274e-01	5.997216e-03	5.491776e-04	5.491776e-04
2.513274e-01	3.769911e-01	5.566923e-03	5.465374e-04	5.465374e-04
3.769911e-01	5.026548e-01	4.867695e-03	5.358461e-04	5.358461e-04
5.026548e-01	6.283185e-01	5.002162e-03	5.365205e-04	5.365205e-04
6.283185e-01	7.539822e-01	4.706335e-03	5.425528e-04	5.425528e-04
7.539822e-01	8.796459e-01	4.760122e-03	5.290544e-04	5.290544e-04
8.796459e-01	1.005310e+00	5.163506e-03	5.432172e-04	5.432172e-04
1.005310e+00	1.130973e+00	5.190444e-03	5.544236e-04	5.544236e-04
1.130973e+00	1.256637e+00	4.894577e-03	5.242466e-04	5.242466e-04
1.256637e+00	1.382301e+00	5.513122e-03	5.557221e-04	5.557221e-04
1.382301e+00	1.507964e+00	5.862782e-03	5.654033e-04	5.654033e-04
1.507964e+00	1.633628e+00	5.190403e-03	5.371929e-04	5.371929e-04
1.633628e+00	1.759292e+00	5.486229e-03	5.338164e-04	5.338164e-04
1.759292e+00	1.884956e+00	5.459336e-03	5.249359e-04	5.249359e-04
1.884956e+00	2.010619e+00	6.239291e-03	5.730271e-04	5.730271e-04
2.010619e+00	2.136283e+00	5.351763e-03	5.207861e-04	5.207861e-04
2.136283e+00	2.261947e+00	5.593803e-03	5.405482e-04	5.405482e-04
2.261947e+00	2.387610e+00	5.029083e-03	5.452154e-04	5.452154e-04
2.387610e+00	2.513274e+00	4.437391e-03	5.425515e-04	5.425515e-04
2.513274e+00	2.638938e+00	4.033992e-03	5.256243e-04	5.256243e-04
2.638938e+00	2.764602e+00	5.217296e-03	5.338164e-04	5.338164e-04
2.764602e+00	2.890265e+00	4.302960e-03	5.059981e-04	5.059981e-04
2.890265e+00	3.015929e+00	5.082830e-03	5.385375e-04	5.385375e-04
3.015929e+00	3.141593e+00	4.302925e-03	5.550710e-04	5.550710e-04
# END HISTO1D


# BEGIN HISTO1D //eos/home-y/yiyu/monobc/Rivet_New/X2000_Qd1000.yoda.gz/JetMETAnalysis/met_phi
ErrorBars=1
LineColor=violet
LineStyle=dashed
Path=//eos/home-y/yiyu/monobc/Rivet_New/X2000_Qd1000.yoda.gz/JetMETAnalysis/met_phi
ScaledBy=1.33124458706071545e-05
Title=X2000_Qd1000
# xlow	 xhigh	 val	 errminus	 errplus
-3.141593e+00	-3.015929e+00	0.000000e+00	0.000000e+00	0.000000e+00
-3.015929e+00	-2.890265e+00	0.000000e+00	0.000000e+00	0.000000e+00
-2.890265e+00	-2.764602e+00	0.000000e+00	0.000000e+00	0.000000e+00
-2.764602e+00	-2.638938e+00	0.000000e+00	0.000000e+00	0.000000e+00
-2.638938e+00	-2.513274e+00	0.000000e+00	0.000000e+00	0.000000e+00
-2.513274e+00	-2.387610e+00	0.000000e+00	0.000000e+00	0.000000e+00
-2.387610e+00	-2.261947e+00	0.000000e+00	0.000000e+00	0.000000e+00
-2.261947e+00	-2.136283e+00	0.000000e+00	0.000000e+00	0.000000e+00
-2.136283e+00	-2.010619e+00	0.000000e+00	0.000000e+00	0.000000e+00
-2.010619e+00	-1.884956e+00	0.000000e+00	0.000000e+00	0.000000e+00
-1.884956e+00	-1.759292e+00	0.000000e+00	0.000000e+00	0.000000e+00
-1.759292e+00	-1.633628e+00	0.000000e+00	0.000000e+00	0.000000e+00
-1.633628e+00	-1.507964e+00	0.000000e+00	0.000000e+00	0.000000e+00
-1.507964e+00	-1.382301e+00	0.000000e+00	0.000000e+00	0.000000e+00
-1.382301e+00	-1.256637e+00	0.000000e+00	0.000000e+00	0.000000e+00
-1.256637e+00	-1.130973e+00	0.000000e+00	0.000000e+00	0.000000e+00
-1.130973e+00	-1.005310e+00	0.000000e+00	0.000000e+00	0.000000e+00
-1.005310e+00	-8.796459e-01	0.000000e+00	0.000000e+00	0.000000e+00
-8.796459e-01	-7.539822e-01	0.000000e+00	0.000000e+00	0.000000e+00
-7.539822e-01	-6.283185e-01	0.000000e+00	0.000000e+00	0.000000e+00
-6.283185e-01	-5.026548e-01	0.000000e+00	0.000000e+00	0.000000e+00
-5.026548e-01	-3.769911e-01	0.000000e+00	0.000000e+00	0.000000e+00
-3.769911e-01	-2.513274e-01	0.000000e+00	0.000000e+00	0.000000e+00
-2.513274e-01	-1.256637e-01	0.000000e+00	0.000000e+00	0.000000e+00
-1.256637e-01	4.440892e-16	0.000000e+00	0.000000e+00	0.000000e+00
4.440892e-16	1.256637e-01	1.212761e-03	1.414593e-04	1.414593e-04
1.256637e-01	2.513274e-01	1.436544e-03	1.449167e-04	1.449167e-04
2.513274e-01	3.769911e-01	1.414888e-03	1.461699e-04	1.461699e-04
3.769911e-01	5.026548e-01	1.277730e-03	1.456341e-04	1.456341e-04
5.026548e-01	6.283185e-01	1.292168e-03	1.445566e-04	1.445566e-04
6.283185e-01	7.539822e-01	1.133354e-03	1.401640e-04	1.401640e-04
7.539822e-01	8.796459e-01	1.313824e-03	1.531342e-04	1.531342e-04
8.796459e-01	1.005310e+00	1.292164e-03	1.360124e-04	1.360124e-04
1.005310e+00	1.130973e+00	1.422114e-03	1.470592e-04	1.470592e-04
1.130973e+00	1.256637e+00	1.422103e-03	1.484687e-04	1.484687e-04
1.256637e+00	1.382301e+00	1.378790e-03	1.412746e-04	1.412746e-04
1.382301e+00	1.507964e+00	1.328269e-03	1.486453e-04	1.486453e-04
1.507964e+00	1.633628e+00	1.400446e-03	1.458125e-04	1.458125e-04
1.633628e+00	1.759292e+00	1.111695e-03	1.472351e-04	1.472351e-04
1.759292e+00	1.884956e+00	1.436540e-03	1.445563e-04	1.445563e-04
1.884956e+00	2.010619e+00	1.349926e-03	1.456349e-04	1.456349e-04
2.010619e+00	2.136283e+00	1.299383e-03	1.458125e-04	1.458125e-04
2.136283e+00	2.261947e+00	1.393228e-03	1.484687e-04	1.484687e-04
2.261947e+00	2.387610e+00	1.393239e-03	1.452766e-04	1.452766e-04
2.387610e+00	2.513274e+00	1.176664e-03	1.340832e-04	1.340832e-04
2.513274e+00	2.638938e+00	1.284946e-03	1.475886e-04	1.475886e-04
2.638938e+00	2.764602e+00	1.299383e-03	1.486441e-04	1.486441e-04
2.764602e+00	2.890265e+00	1.299394e-03	1.418280e-04	1.418280e-04
2.890265e+00	3.015929e+00	1.284946e-03	1.396049e-04	1.396049e-04
3.015929e+00	3.141593e+00	1.111695e-03	1.410901e-04	1.410901e-04
# END HISTO1D

