# BEGIN PLOT
Legend=1
LogY=1
Title=1D differential xsection vs $p_{T}^{\gamma\gamma}$
XLabel=$p_{T}^{\gamma\gamma}$ [GeV]
YLabel=$d\sigma/dp_{T}^{\gamma\gamma}$ [fb/GeV]
XMin=1
LogX=1
DrawOnly=/ATLAS_2022_I2023464/d02-x01-y01 //ustcfs2/yuyi/private/ttHyy/Generation/ggHyy/Rivet_new/r21.yoda.gz/ATLAS_2022_I2023464/d02-x01-y01 //ustcfs2/yuyi/private/ttHyy/Generation/ggHyy/Rivet_new/r23.yoda.gz/ATLAS_2022_I2023464/d02-x01-y01 //ustcfs2/yuyi/private/ttHyy/Generation/ggHyy/Rivet_new/scale_pw.yoda.gz/ATLAS_2022_I2023464/d02-x01-y01
LegendOnly=/ATLAS_2022_I2023464/d02-x01-y01 //ustcfs2/yuyi/private/ttHyy/Generation/ggHyy/Rivet_new/r21.yoda.gz/ATLAS_2022_I2023464/d02-x01-y01 //ustcfs2/yuyi/private/ttHyy/Generation/ggHyy/Rivet_new/r23.yoda.gz/ATLAS_2022_I2023464/d02-x01-y01 //ustcfs2/yuyi/private/ttHyy/Generation/ggHyy/Rivet_new/scale_pw.yoda.gz/ATLAS_2022_I2023464/d02-x01-y01
RatioPlot=1
RatioPlotReference=/ATLAS_2022_I2023464/d02-x01-y01
# END PLOT

# BEGIN HISTO1D /ATLAS_2022_I2023464/d02-x01-y01
ConnectBins=0
ErrorBars=1
IsRef=1
Path=/ATLAS_2022_I2023464/d02-x01-y01
PolyMarker=*
Title=Data
# xlow	 xhigh	 val	 errminus	 errplus
0.000000e+00	5.000000e+00	3.996200e-01	3.053938e-01	3.053938e-01
5.000000e+00	1.000000e+01	1.044000e+00	4.234708e-01	4.234708e-01
1.000000e+01	1.500000e+01	1.348300e+00	4.466780e-01	4.466780e-01
1.500000e+01	2.000000e+01	1.825900e+00	4.606646e-01	4.606646e-01
2.000000e+01	2.500000e+01	1.382400e+00	3.953393e-01	3.953393e-01
2.500000e+01	3.000000e+01	6.087000e-01	3.596391e-01	3.596391e-01
3.000000e+01	3.500000e+01	1.467400e+00	3.355463e-01	3.355463e-01
3.500000e+01	4.500000e+01	4.810300e-01	1.848706e-01	1.848706e-01
4.500000e+01	6.000000e+01	3.627000e-01	1.142785e-01	1.142785e-01
6.000000e+01	8.000000e+01	3.184200e-01	7.944978e-02	7.944978e-02
8.000000e+01	1.000000e+02	1.197600e-01	5.598162e-02	5.598162e-02
1.000000e+02	1.200000e+02	1.253300e-01	3.556662e-02	3.556662e-02
1.200000e+02	1.400000e+02	7.437500e-02	2.336445e-02	2.336445e-02
1.400000e+02	1.700000e+02	6.238000e-02	1.330101e-02	1.330101e-02
1.700000e+02	2.000000e+02	2.330700e-02	8.744337e-03	8.744337e-03
2.000000e+02	2.500000e+02	2.147400e-02	4.436942e-03	4.436942e-03
2.500000e+02	3.000000e+02	5.660000e-03	2.438351e-03	2.438351e-03
3.000000e+02	4.500000e+02	1.454700e-03	6.992575e-04	6.992575e-04
4.500000e+02	6.500000e+02	4.370000e-04	2.313243e-04	2.313243e-04
6.500000e+02	1.300000e+04	1.000000e-06	1.536431e-06	1.536431e-06
# END HISTO1D


# BEGIN HISTO1D //ustcfs2/yuyi/private/ttHyy/Generation/ggHyy/Rivet_new/r21.yoda.gz/ATLAS_2022_I2023464/d02-x01-y01
ErrorBars=1
LineColor=red
LineStyle=solid
Path=//ustcfs2/yuyi/private/ttHyy/Generation/ggHyy/Rivet_new/r21.yoda.gz/ATLAS_2022_I2023464/d02-x01-y01
ScaledBy=1.00008175702771592e-02
Title=r21
# xlow	 xhigh	 val	 errminus	 errplus
0.000000e+00	5.000000e+00	3.755772e-01	2.183186e-02	2.183186e-02
5.000000e+00	1.000000e+01	9.254280e-01	3.756554e-02	3.756554e-02
1.000000e+01	1.500000e+01	1.247656e+00	4.653580e-02	4.653580e-02
1.500000e+01	2.000000e+01	1.483103e+00	4.991929e-02	4.991929e-02
2.000000e+01	2.500000e+01	1.384941e+00	4.779629e-02	4.779629e-02
2.500000e+01	3.000000e+01	1.270418e+00	4.546890e-02	4.546890e-02
3.000000e+01	3.500000e+01	1.103969e+00	4.154988e-02	4.154988e-02
3.500000e+01	4.500000e+01	8.365129e-01	2.607259e-02	2.607259e-02
4.500000e+01	6.000000e+01	5.398923e-01	1.725024e-02	1.725024e-02
6.000000e+01	8.000000e+01	3.177824e-01	1.159720e-02	1.159720e-02
8.000000e+01	1.000000e+02	1.801419e-01	8.746278e-03	8.746278e-03
1.000000e+02	1.200000e+02	1.104325e-01	6.894215e-03	6.894215e-03
1.200000e+02	1.400000e+02	6.437450e-02	5.509864e-03	5.509864e-03
1.400000e+02	1.700000e+02	5.536443e-02	3.795562e-03	3.795562e-03
1.700000e+02	2.000000e+02	3.319496e-02	2.947191e-03	2.947191e-03
2.000000e+02	2.500000e+02	1.600471e-02	1.726327e-03	1.726327e-03
2.500000e+02	3.000000e+02	1.074094e-02	1.234095e-03	1.234095e-03
3.000000e+02	4.500000e+02	4.007105e-03	4.378459e-04	4.378459e-04
4.500000e+02	6.500000e+02	8.891505e-04	1.550287e-04	1.550287e-04
6.500000e+02	1.300000e+04	4.895728e-06	1.550841e-06	1.550841e-06
# END HISTO1D


# BEGIN HISTO1D //ustcfs2/yuyi/private/ttHyy/Generation/ggHyy/Rivet_new/r23.yoda.gz/ATLAS_2022_I2023464/d02-x01-y01
ErrorBars=1
LineColor=blue
LineStyle=solid
Path=//ustcfs2/yuyi/private/ttHyy/Generation/ggHyy/Rivet_new/r23.yoda.gz/ATLAS_2022_I2023464/d02-x01-y01
ScaledBy=3.07024839239755524e-03
Title=r23
# xlow	 xhigh	 val	 errminus	 errplus
0.000000e+00	5.000000e+00	3.263902e-01	1.164514e-02	1.164514e-02
5.000000e+00	1.000000e+01	5.912552e-01	1.697243e-02	1.697243e-02
1.000000e+01	1.500000e+01	6.330922e-01	1.892331e-02	1.892331e-02
1.500000e+01	2.000000e+01	6.054060e-01	1.994112e-02	1.994112e-02
2.000000e+01	2.500000e+01	5.032744e-01	1.940721e-02	1.940721e-02
2.500000e+01	3.000000e+01	4.331360e-01	1.842671e-02	1.842671e-02
3.000000e+01	3.500000e+01	3.642280e-01	1.727637e-02	1.727637e-02
3.500000e+01	4.500000e+01	2.720943e-01	1.088814e-02	1.088814e-02
4.500000e+01	6.000000e+01	1.926758e-01	7.436215e-03	7.436215e-03
6.000000e+01	8.000000e+01	1.164360e-01	5.205819e-03	5.205819e-03
8.000000e+01	1.000000e+02	7.059995e-02	4.144383e-03	4.144383e-03
1.000000e+02	1.200000e+02	4.475944e-02	3.295323e-03	3.295323e-03
1.200000e+02	1.400000e+02	3.714572e-02	2.886803e-03	2.886803e-03
1.400000e+02	1.700000e+02	2.286679e-02	1.945591e-03	1.945591e-03
1.700000e+02	2.000000e+02	1.538125e-02	1.578609e-03	1.578609e-03
2.000000e+02	2.500000e+02	1.027467e-02	9.776476e-04	9.776476e-04
2.500000e+02	3.000000e+02	5.629538e-03	7.751906e-04	7.751906e-04
3.000000e+02	4.500000e+02	1.558633e-03	2.770523e-04	2.770523e-04
4.500000e+02	6.500000e+02	3.845312e-04	1.300603e-04	1.300603e-04
6.500000e+02	1.300000e+04	1.743623e-06	1.329772e-06	1.329772e-06
# END HISTO1D


# BEGIN HISTO1D //ustcfs2/yuyi/private/ttHyy/Generation/ggHyy/Rivet_new/scale_pw.yoda.gz/ATLAS_2022_I2023464/d02-x01-y01
ErrorBars=1
LineColor=green
LineStyle=solid
Path=//ustcfs2/yuyi/private/ttHyy/Generation/ggHyy/Rivet_new/scale_pw.yoda.gz/ATLAS_2022_I2023464/d02-x01-y01
ScaledBy=2.28242794195637878e-05
Title=NNLO PW
# xlow	 xhigh	 val	 errminus	 errplus
0.000000e+00	5.000000e+00	2.851344e-01	6.691000e-03	6.691000e-03
5.000000e+00	1.000000e+01	6.478754e-01	9.551783e-03	9.551783e-03
1.000000e+01	1.500000e+01	7.052990e-01	9.963738e-03	9.963738e-03
1.500000e+01	2.000000e+01	6.523092e-01	9.583066e-03	9.583066e-03
2.000000e+01	2.500000e+01	5.779792e-01	9.020579e-03	9.020579e-03
2.500000e+01	3.000000e+01	4.980824e-01	8.372718e-03	8.372718e-03
3.000000e+01	3.500000e+01	4.254404e-01	7.737852e-03	7.737852e-03
3.500000e+01	4.500000e+01	3.446284e-01	4.925041e-03	4.925041e-03
4.500000e+01	6.000000e+01	2.444392e-01	3.389322e-03	3.389322e-03
6.000000e+01	8.000000e+01	1.487096e-01	2.288792e-03	2.288792e-03
8.000000e+01	1.000000e+02	9.628645e-02	1.841019e-03	1.841019e-03
1.000000e+02	1.200000e+02	5.643180e-02	1.409035e-03	1.409035e-03
1.200000e+02	1.400000e+02	4.098693e-02	1.200833e-03	1.200833e-03
1.400000e+02	1.700000e+02	2.667085e-02	7.953933e-04	7.953933e-04
1.700000e+02	2.000000e+02	1.487022e-02	5.905719e-04	5.905719e-04
2.000000e+02	2.500000e+02	8.584384e-03	3.475717e-04	3.475717e-04
2.500000e+02	3.000000e+02	3.532264e-03	2.229545e-04	2.229545e-04
3.000000e+02	4.500000e+02	1.027312e-03	6.941931e-05	6.941931e-05
4.500000e+02	6.500000e+02	1.899823e-04	2.585332e-05	2.585332e-05
6.500000e+02	1.300000e+04	2.278990e-07	1.139495e-07	1.139495e-07
# END HISTO1D

