# BEGIN PLOT
Legend=1
LogY=1
LegendPlacement=manual
LegendAlign=r
LegendXPos=1.36
RightMargin=3.7
Title=$b$-jet $p_\mathrm{T}$ spectrum
XLabel=$p_\mathrm{T}^{b\mathrm{-jet}}$ [GeV]
YLabel=$\mathrm{d}\sigma/\mathrm{d}p_\mathrm{T}^{b\mathrm{-jet}}$ [pb/GeV]
LogX=1
DrawOnly=//eos/home-y/yiyu/monobc/Rivet_New2/X600_pi20_L40_darkQCDtch.yoda.gz/JetMETAnalysis/bjet_pt //eos/home-y/yiyu/monobc/Rivet_New2/X1500_pi20_L40_darkQCDtch.yoda.gz/JetMETAnalysis/bjet_pt //eos/home-y/yiyu/monobc/Rivet_New2/X2000_pi20_L40_darkQCDtch.yoda.gz/JetMETAnalysis/bjet_pt
LegendOnly=//eos/home-y/yiyu/monobc/Rivet_New2/X600_pi20_L40_darkQCDtch.yoda.gz/JetMETAnalysis/bjet_pt //eos/home-y/yiyu/monobc/Rivet_New2/X1500_pi20_L40_darkQCDtch.yoda.gz/JetMETAnalysis/bjet_pt //eos/home-y/yiyu/monobc/Rivet_New2/X2000_pi20_L40_darkQCDtch.yoda.gz/JetMETAnalysis/bjet_pt
RatioPlot=1
RatioPlotReference=//eos/home-y/yiyu/monobc/Rivet_New2/X600_pi20_L40_darkQCDtch.yoda.gz/JetMETAnalysis/bjet_pt
RatioPlotYLabel=Ratio
# END PLOT

# BEGIN HISTO1D //eos/home-y/yiyu/monobc/Rivet_New2/X600_pi20_L40_darkQCDtch.yoda.gz/JetMETAnalysis/bjet_pt
ErrorBars=1
LineColor=red
LineStyle=solid
Path=//eos/home-y/yiyu/monobc/Rivet_New2/X600_pi20_L40_darkQCDtch.yoda.gz/JetMETAnalysis/bjet_pt
ScaledBy=2.91491897461966288e-06
Title=X600_pi20_L40
# xlow	 xhigh	 val	 errminus	 errplus
2.000000e+01	2.162765e+01	6.171831e-05	1.998204e-06	1.998204e-06
2.162765e+01	2.338777e+01	6.120117e-05	1.913472e-06	1.913472e-06
2.338777e+01	2.529113e+01	5.930623e-05	1.811352e-06	1.811352e-06
2.529113e+01	2.734939e+01	5.985663e-05	1.749924e-06	1.749924e-06
2.734939e+01	2.957515e+01	5.601444e-05	1.627886e-06	1.627886e-06
2.957515e+01	3.198206e+01	5.507979e-05	1.552314e-06	1.552314e-06
3.198206e+01	3.458484e+01	5.146075e-05	1.442888e-06	1.442888e-06
3.458484e+01	3.739945e+01	4.986989e-05	1.365914e-06	1.365914e-06
3.739945e+01	4.044311e+01	4.549421e-05	1.254566e-06	1.254566e-06
4.044311e+01	4.373448e+01	4.079058e-05	1.142365e-06	1.142365e-06
4.373448e+01	4.729371e+01	4.023550e-05	1.091038e-06	1.091038e-06
4.729371e+01	5.114260e+01	3.518292e-05	9.810959e-07	9.810959e-07
5.114260e+01	5.530472e+01	3.288934e-05	9.121866e-07	9.121866e-07
5.530472e+01	5.980556e+01	2.973572e-05	8.340761e-07	8.340761e-07
5.980556e+01	6.467270e+01	2.732473e-05	7.688726e-07	7.688726e-07
6.467270e+01	6.993594e+01	2.414798e-05	6.950675e-07	6.950675e-07
6.993594e+01	7.562751e+01	2.212716e-05	6.403580e-07	6.403580e-07
7.562751e+01	8.178228e+01	2.061588e-05	5.943857e-07	5.943857e-07
8.178228e+01	8.843794e+01	1.846317e-05	5.404690e-07	5.404690e-07
8.843794e+01	9.563525e+01	1.625438e-05	4.876557e-07	4.876557e-07
9.563525e+01	1.034183e+02	1.442228e-05	4.417283e-07	4.417283e-07
1.034183e+02	1.118348e+02	1.316166e-05	4.057914e-07	4.057914e-07
1.118348e+02	1.209362e+02	1.210180e-05	3.741832e-07	3.741832e-07
1.209362e+02	1.307783e+02	1.167249e-05	3.533874e-07	3.533874e-07
1.307783e+02	1.414214e+02	1.051699e-05	3.225708e-07	3.225708e-07
1.414214e+02	1.529306e+02	1.043005e-05	3.089114e-07	3.089114e-07
1.529306e+02	1.653765e+02	9.222033e-06	2.795835e-07	2.795835e-07
1.653765e+02	1.788353e+02	9.099132e-06	2.668149e-07	2.668149e-07
1.788353e+02	1.933894e+02	8.153895e-06	2.428863e-07	2.428863e-07
1.933894e+02	2.091279e+02	7.807898e-06	2.285591e-07	2.285591e-07
2.091279e+02	2.261473e+02	7.900837e-06	2.212675e-07	2.212675e-07
2.261473e+02	2.445518e+02	7.186079e-06	2.027670e-07	2.027670e-07
2.445518e+02	2.644540e+02	6.502457e-06	1.854819e-07	1.854819e-07
2.644540e+02	2.859760e+02	5.582511e-06	1.655567e-07	1.655567e-07
2.859760e+02	3.092495e+02	4.800430e-06	1.473745e-07	1.473745e-07
3.092495e+02	3.344170e+02	3.983121e-06	1.292292e-07	1.292292e-07
3.344170e+02	3.616328e+02	3.102986e-06	1.095702e-07	1.095702e-07
3.616328e+02	3.910634e+02	2.633330e-06	9.706582e-08	9.706582e-08
3.910634e+02	4.228892e+02	1.856137e-06	7.850574e-08	7.850574e-08
4.228892e+02	4.573051e+02	1.603241e-06	7.003789e-08	7.003789e-08
4.573051e+02	4.945218e+02	1.160039e-06	5.742980e-08	5.742980e-08
4.945218e+02	5.347672e+02	8.189448e-07	4.628950e-08	4.628950e-08
5.347672e+02	5.782880e+02	5.613293e-07	3.685307e-08	3.685307e-08
5.782880e+02	6.253506e+02	4.251129e-07	3.084092e-08	3.084092e-08
6.253506e+02	6.762433e+02	2.193193e-07	2.130218e-08	2.130218e-08
6.762433e+02	7.312778e+02	1.932471e-07	1.922880e-08	1.922880e-08
7.312778e+02	7.907911e+02	9.908331e-08	1.324057e-08	1.324057e-08
7.907911e+02	8.551478e+02	5.726653e-08	9.679809e-09	9.679809e-09
8.551478e+02	9.247420e+02	2.420881e-08	6.052204e-09	6.052204e-09
9.247420e+02	1.000000e+03	1.818935e-08	5.044819e-09	5.044819e-09
# END HISTO1D


# BEGIN HISTO1D //eos/home-y/yiyu/monobc/Rivet_New2/X1500_pi20_L40_darkQCDtch.yoda.gz/JetMETAnalysis/bjet_pt
ErrorBars=1
LineColor=blue
LineStyle=solid
Path=//eos/home-y/yiyu/monobc/Rivet_New2/X1500_pi20_L40_darkQCDtch.yoda.gz/JetMETAnalysis/bjet_pt
ScaledBy=4.56428332632398200e-06
Title=X1500_pi20_L40
# xlow	 xhigh	 val	 errminus	 errplus
2.000000e+01	2.162765e+01	1.679915e-06	4.706547e-08	4.706547e-08
2.162765e+01	2.338777e+01	1.716877e-06	4.578740e-08	4.578740e-08
2.338777e+01	2.529113e+01	1.772598e-06	4.473631e-08	4.473631e-08
2.529113e+01	2.734939e+01	1.684035e-06	4.193083e-08	4.193083e-08
2.734939e+01	2.957515e+01	1.736657e-06	4.096746e-08	4.096746e-08
2.957515e+01	3.198206e+01	1.598818e-06	3.775800e-08	3.775800e-08
3.198206e+01	3.458484e+01	1.523029e-06	3.543845e-08	3.543845e-08
3.458484e+01	3.739945e+01	1.431281e-06	3.303640e-08	3.303640e-08
3.739945e+01	4.044311e+01	1.351776e-06	3.087405e-08	3.087405e-08
4.044311e+01	4.373448e+01	1.218089e-06	2.818321e-08	2.818321e-08
4.373448e+01	4.729371e+01	1.158980e-06	2.647745e-08	2.647745e-08
4.729371e+01	5.114260e+01	9.830951e-07	2.341366e-08	2.341366e-08
5.114260e+01	5.530472e+01	9.343774e-07	2.195044e-08	2.195044e-08
5.530472e+01	5.980556e+01	8.249569e-07	1.984537e-08	1.984537e-08
5.980556e+01	6.467270e+01	7.469960e-07	1.814937e-08	1.814937e-08
6.467270e+01	6.993594e+01	6.593798e-07	1.641788e-08	1.641788e-08
6.993594e+01	7.562751e+01	5.754416e-07	1.473072e-08	1.473072e-08
7.562751e+01	8.178228e+01	4.906378e-07	1.310805e-08	1.310805e-08
8.178228e+01	8.843794e+01	4.198542e-07	1.163572e-08	1.163572e-08
8.843794e+01	9.563525e+01	3.545605e-07	1.030843e-08	1.030843e-08
9.563525e+01	1.034183e+02	3.248435e-07	9.472616e-09	9.472616e-09
1.034183e+02	1.118348e+02	2.527091e-07	8.027568e-09	8.027568e-09
1.118348e+02	1.209362e+02	2.204865e-07	7.210682e-09	7.210682e-09
1.209362e+02	1.307783e+02	1.888465e-07	6.417264e-09	6.417264e-09
1.307783e+02	1.414214e+02	1.437806e-07	5.384624e-09	5.384624e-09
1.414214e+02	1.529306e+02	1.199070e-07	4.728671e-09	4.728671e-09
1.529306e+02	1.653765e+02	9.881142e-08	4.127906e-09	4.127906e-09
1.653765e+02	1.788353e+02	7.447135e-08	3.446123e-09	3.446123e-09
1.788353e+02	1.933894e+02	6.488526e-08	3.107312e-09	3.107312e-09
1.933894e+02	2.091279e+02	4.936555e-08	2.601753e-09	2.601753e-09
2.091279e+02	2.261473e+02	4.199318e-08	2.301212e-09	2.301212e-09
2.261473e+02	2.445518e+02	3.090300e-08	1.905506e-09	1.905506e-09
2.445518e+02	2.644540e+02	2.523443e-08	1.656661e-09	1.656661e-09
2.644540e+02	2.859760e+02	2.163993e-08	1.469014e-09	1.469014e-09
2.859760e+02	3.092495e+02	1.595376e-08	1.219933e-09	1.219933e-09
3.092495e+02	3.344170e+02	1.637344e-08	1.181651e-09	1.181651e-09
3.344170e+02	3.616328e+02	1.096156e-08	9.364125e-10	9.364125e-10
3.616328e+02	3.910634e+02	9.699095e-09	8.473181e-10	8.473181e-10
3.910634e+02	4.228892e+02	8.362209e-09	7.569805e-10	7.569805e-10
4.228892e+02	4.573051e+02	7.358709e-09	6.831408e-10	6.831408e-10
4.573051e+02	4.945218e+02	8.073631e-09	6.823464e-10	6.823464e-10
4.945218e+02	5.347672e+02	7.199399e-09	6.196256e-10	6.196256e-10
5.347672e+02	5.782880e+02	5.030163e-09	5.077323e-10	5.077323e-10
5.782880e+02	6.253506e+02	5.381271e-09	4.995667e-10	4.995667e-10
6.253506e+02	6.762433e+02	4.765426e-09	4.522433e-10	4.522433e-10
6.762433e+02	7.312778e+02	4.874766e-09	4.394865e-10	4.394865e-10
7.312778e+02	7.907911e+02	3.894830e-09	3.816574e-10	3.816574e-10
7.907911e+02	8.551478e+02	2.767981e-09	3.110603e-10	3.110603e-10
8.551478e+02	9.247420e+02	1.881203e-09	2.447800e-10	2.447800e-10
9.247420e+02	1.000000e+03	1.796663e-09	2.263583e-10	2.263583e-10
# END HISTO1D


# BEGIN HISTO1D //eos/home-y/yiyu/monobc/Rivet_New2/X2000_pi20_L40_darkQCDtch.yoda.gz/JetMETAnalysis/bjet_pt
ErrorBars=1
LineColor=violet
LineStyle=solid
Path=//eos/home-y/yiyu/monobc/Rivet_New2/X2000_pi20_L40_darkQCDtch.yoda.gz/JetMETAnalysis/bjet_pt
ScaledBy=4.90324776886291436e-06
Title=X2000_pi20_L40
# xlow	 xhigh	 val	 errminus	 errplus
2.000000e+01	2.162765e+01	5.478982e-07	1.552799e-08	1.552799e-08
2.162765e+01	2.338777e+01	5.815427e-07	1.538386e-08	1.538386e-08
2.338777e+01	2.529113e+01	6.280972e-07	1.539283e-08	1.539283e-08
2.529113e+01	2.734939e+01	6.163250e-07	1.464538e-08	1.464538e-08
2.734939e+01	2.957515e+01	5.831379e-07	1.370667e-08	1.370667e-08
2.957515e+01	3.198206e+01	5.469872e-07	1.276558e-08	1.276558e-08
3.198206e+01	3.458484e+01	5.223365e-07	1.198953e-08	1.198953e-08
3.458484e+01	3.739945e+01	4.855699e-07	1.112218e-08	1.112218e-08
3.739945e+01	4.044311e+01	4.605600e-07	1.041096e-08	1.041096e-08
4.044311e+01	4.373448e+01	4.015237e-07	9.352943e-09	9.352943e-09
4.373448e+01	4.729371e+01	3.783495e-07	8.725984e-09	8.725984e-09
4.729371e+01	5.114260e+01	3.467119e-07	8.032717e-09	8.032717e-09
5.114260e+01	5.530472e+01	3.070236e-07	7.273069e-09	7.273069e-09
5.530472e+01	5.980556e+01	2.893289e-07	6.789435e-09	6.789435e-09
5.980556e+01	6.467270e+01	2.540145e-07	6.117720e-09	6.117720e-09
6.467270e+01	6.993594e+01	2.325843e-07	5.626125e-09	5.626125e-09
6.993594e+01	7.562751e+01	1.939377e-07	4.940385e-09	4.940385e-09
7.562751e+01	8.178228e+01	1.725922e-07	4.481777e-09	4.481777e-09
8.178228e+01	8.843794e+01	1.500249e-07	4.021084e-09	4.021084e-09
8.843794e+01	9.563525e+01	1.309716e-07	3.610350e-09	3.610350e-09
9.563525e+01	1.034183e+02	1.146726e-07	3.248634e-09	3.248634e-09
1.034183e+02	1.118348e+02	9.242508e-08	2.804626e-09	2.804626e-09
1.118348e+02	1.209362e+02	7.791454e-08	2.478787e-09	2.478787e-09
1.209362e+02	1.307783e+02	6.491852e-08	2.173633e-09	2.173633e-09
1.307783e+02	1.414214e+02	5.545627e-08	1.931911e-09	1.931911e-09
1.414214e+02	1.529306e+02	4.393909e-08	1.653670e-09	1.653670e-09
1.529306e+02	1.653765e+02	3.631572e-08	1.445706e-09	1.445706e-09
1.653765e+02	1.788353e+02	2.852660e-08	1.232161e-09	1.232161e-09
1.788353e+02	1.933894e+02	2.076914e-08	1.011026e-09	1.011026e-09
1.933894e+02	2.091279e+02	1.784080e-08	9.010963e-10	9.010963e-10
2.091279e+02	2.261473e+02	1.502504e-08	7.952092e-10	7.952092e-10
2.261473e+02	2.445518e+02	1.031367e-08	6.335640e-10	6.335640e-10
2.445518e+02	2.644540e+02	8.277864e-09	5.505521e-10	5.505521e-10
2.644540e+02	2.859760e+02	6.157165e-09	4.526836e-10	4.526836e-10
2.859760e+02	3.092495e+02	4.647367e-09	3.856379e-10	3.856379e-10
3.092495e+02	3.344170e+02	4.155319e-09	3.485757e-10	3.485757e-10
3.344170e+02	3.616328e+02	2.789821e-09	2.709713e-10	2.709713e-10
3.616328e+02	3.910634e+02	2.312150e-09	2.372216e-10	2.372216e-10
3.910634e+02	4.228892e+02	1.935578e-09	2.087187e-10	2.087187e-10
4.228892e+02	4.573051e+02	1.186335e-09	1.571339e-10	1.571339e-10
4.573051e+02	4.945218e+02	1.154795e-09	1.490834e-10	1.490834e-10
4.945218e+02	5.347672e+02	8.899084e-10	1.258520e-10	1.258520e-10
5.347672e+02	5.782880e+02	6.089707e-10	1.001142e-10	1.001142e-10
5.782880e+02	6.253506e+02	6.392414e-10	9.863709e-11	9.863709e-11
6.253506e+02	6.762433e+02	4.363127e-10	8.085241e-11	8.085241e-11
6.762433e+02	7.312778e+02	3.123690e-10	6.636563e-11	6.636563e-11
7.312778e+02	7.907911e+02	4.092196e-10	7.018058e-11	7.018058e-11
7.907911e+02	8.551478e+02	3.339020e-10	6.096189e-11	6.096189e-11
8.551478e+02	9.247420e+02	3.808204e-10	6.260649e-11	6.260649e-11
9.247420e+02	1.000000e+03	1.808391e-10	4.361627e-11	4.361627e-11
# END HISTO1D

