# BEGIN PLOT
Legend=1
LogY=1
LegendPlacement=manual
LegendAlign=r
LegendXPos=1.36
RightMargin=3.7
DrawOnly=//eos/home-y/yiyu/monobc/Rivet_New2/X600_pi20_L40_darkQCDtch.yoda.gz/JetMETAnalysis/bjet_eta //eos/home-y/yiyu/monobc/Rivet_New2/X1500_pi20_L40_darkQCDtch.yoda.gz/JetMETAnalysis/bjet_eta //eos/home-y/yiyu/monobc/Rivet_New2/X2000_pi20_L40_darkQCDtch.yoda.gz/JetMETAnalysis/bjet_eta
LegendOnly=//eos/home-y/yiyu/monobc/Rivet_New2/X600_pi20_L40_darkQCDtch.yoda.gz/JetMETAnalysis/bjet_eta //eos/home-y/yiyu/monobc/Rivet_New2/X1500_pi20_L40_darkQCDtch.yoda.gz/JetMETAnalysis/bjet_eta //eos/home-y/yiyu/monobc/Rivet_New2/X2000_pi20_L40_darkQCDtch.yoda.gz/JetMETAnalysis/bjet_eta
RatioPlot=1
RatioPlotReference=//eos/home-y/yiyu/monobc/Rivet_New2/X600_pi20_L40_darkQCDtch.yoda.gz/JetMETAnalysis/bjet_eta
RatioPlotYLabel=Ratio
# END PLOT

# BEGIN HISTO1D //eos/home-y/yiyu/monobc/Rivet_New2/X600_pi20_L40_darkQCDtch.yoda.gz/JetMETAnalysis/bjet_eta
ErrorBars=1
LineColor=red
LineStyle=solid
Path=//eos/home-y/yiyu/monobc/Rivet_New2/X600_pi20_L40_darkQCDtch.yoda.gz/JetMETAnalysis/bjet_eta
ScaledBy=2.91491897461966288e-06
Title=X600_pi20_L40
# xlow	 xhigh	 val	 errminus	 errplus
-2.500000e+00	-2.400000e+00	2.874678e-04	1.739834e-05	1.739834e-05
-2.400000e+00	-2.300000e+00	3.232696e-04	1.844997e-05	1.844997e-05
-2.300000e+00	-2.200000e+00	3.590715e-04	1.944481e-05	1.944481e-05
-2.200000e+00	-2.100000e+00	4.264632e-04	2.119113e-05	2.119113e-05
-2.100000e+00	-2.000000e+00	4.580531e-04	2.196196e-05	2.196196e-05
-2.000000e+00	-1.900000e+00	5.275508e-04	2.356923e-05	2.356923e-05
-1.900000e+00	-1.800000e+00	5.791476e-04	2.473979e-05	2.473979e-05
-1.800000e+00	-1.700000e+00	6.360093e-04	2.587885e-05	2.587885e-05
-1.700000e+00	-1.600000e+00	7.086660e-04	2.731707e-05	2.731707e-05
-1.600000e+00	-1.500000e+00	7.855347e-04	2.876047e-05	2.876047e-05
-1.500000e+00	-1.400000e+00	8.171246e-04	2.933306e-05	2.933306e-05
-1.400000e+00	-1.300000e+00	9.108412e-04	3.100531e-05	3.100531e-05
-1.300000e+00	-1.200000e+00	9.603320e-04	3.179976e-05	3.179976e-05
-1.200000e+00	-1.100000e+00	1.020353e-03	3.277845e-05	3.277845e-05
-1.100000e+00	-1.000000e+00	1.170931e-03	3.511389e-05	3.511389e-05
-1.000000e+00	-9.000000e-01	1.236217e-03	3.607951e-05	3.607951e-05
-9.000000e-01	-8.000000e-01	1.254118e-03	3.633979e-05	3.633979e-05
-8.000000e-01	-7.000000e-01	1.322562e-03	3.731825e-05	3.731825e-05
-7.000000e-01	-6.000000e-01	1.424703e-03	3.873249e-05	3.873249e-05
-6.000000e-01	-5.000000e-01	1.459452e-03	3.923027e-05	3.923027e-05
-5.000000e-01	-4.000000e-01	1.440498e-03	3.897507e-05	3.897507e-05
-4.000000e-01	-3.000000e-01	1.522632e-03	4.004153e-05	4.004153e-05
-3.000000e-01	-2.000000e-01	1.575281e-03	4.072793e-05	4.072793e-05
-2.000000e-01	-1.000000e-01	1.627931e-03	4.140295e-05	4.140295e-05
-1.000000e-01	0.000000e+00	1.535268e-03	4.020734e-05	4.020734e-05
0.000000e+00	1.000000e-01	1.560539e-03	4.053691e-05	4.053691e-05
1.000000e-01	2.000000e-01	1.544745e-03	4.033124e-05	4.033124e-05
2.000000e-01	3.000000e-01	1.512102e-03	3.990283e-05	3.990283e-05
3.000000e-01	4.000000e-01	1.509996e-03	3.987504e-05	3.987504e-05
4.000000e-01	5.000000e-01	1.449975e-03	3.907451e-05	3.907451e-05
5.000000e-01	6.000000e-01	1.473141e-03	3.938542e-05	3.938542e-05
6.000000e-01	7.000000e-01	1.298344e-03	3.700497e-05	3.700497e-05
7.000000e-01	8.000000e-01	1.333092e-03	3.746652e-05	3.746652e-05
8.000000e-01	9.000000e-01	1.278337e-03	3.668900e-05	3.668900e-05
9.000000e-01	1.000000e+00	1.263595e-03	3.650722e-05	3.650722e-05
1.000000e+00	1.100000e+00	1.078267e-03	3.369586e-05	3.369586e-05
1.100000e+00	1.200000e+00	1.062473e-03	3.344815e-05	3.344815e-05
1.200000e+00	1.300000e+00	1.008770e-03	3.259187e-05	3.259187e-05
1.300000e+00	1.400000e+00	9.255831e-04	3.121914e-05	3.121914e-05
1.400000e+00	1.500000e+00	8.918873e-04	3.068177e-05	3.068177e-05
1.500000e+00	1.600000e+00	8.013296e-04	2.904818e-05	2.904818e-05
1.600000e+00	1.700000e+00	6.812881e-04	2.678420e-05	2.678420e-05
1.700000e+00	1.800000e+00	6.181084e-04	2.551206e-05	2.551206e-05
1.800000e+00	1.900000e+00	6.012605e-04	2.516197e-05	2.516197e-05
1.900000e+00	2.000000e+00	5.380807e-04	2.380329e-05	2.380329e-05
2.000000e+00	2.100000e+00	4.422581e-04	2.157999e-05	2.157999e-05
2.100000e+00	2.200000e+00	4.359402e-04	2.142529e-05	2.142529e-05
2.200000e+00	2.300000e+00	3.801314e-04	2.006226e-05	2.006226e-05
2.300000e+00	2.400000e+00	2.822028e-04	1.730248e-05	1.730248e-05
2.400000e+00	2.500000e+00	3.053687e-04	1.793187e-05	1.793187e-05
# END HISTO1D


# BEGIN HISTO1D //eos/home-y/yiyu/monobc/Rivet_New2/X1500_pi20_L40_darkQCDtch.yoda.gz/JetMETAnalysis/bjet_eta
ErrorBars=1
LineColor=blue
LineStyle=solid
Path=//eos/home-y/yiyu/monobc/Rivet_New2/X1500_pi20_L40_darkQCDtch.yoda.gz/JetMETAnalysis/bjet_eta
ScaledBy=4.56428332632398200e-06
Title=X1500_pi20_L40
# xlow	 xhigh	 val	 errminus	 errplus
-2.500000e+00	-2.400000e+00	7.511848e-06	4.015251e-07	4.015251e-07
-2.400000e+00	-2.300000e+00	8.756668e-06	4.345809e-07	4.345809e-07
-2.300000e+00	-2.200000e+00	9.185917e-06	4.450543e-07	4.450543e-07
-2.200000e+00	-2.100000e+00	1.075267e-05	4.803940e-07	4.803940e-07
-2.100000e+00	-2.000000e+00	1.171848e-05	5.015047e-07	5.015047e-07
-2.000000e+00	-1.900000e+00	1.199749e-05	5.092522e-07	5.092522e-07
-1.900000e+00	-1.800000e+00	1.386472e-05	5.455003e-07	5.455003e-07
-1.800000e+00	-1.700000e+00	1.416520e-05	5.513796e-07	5.513796e-07
-1.700000e+00	-1.600000e+00	1.429397e-05	5.547113e-07	5.547113e-07
-1.600000e+00	-1.500000e+00	1.588219e-05	5.838410e-07	5.838410e-07
-1.500000e+00	-1.400000e+00	1.631144e-05	5.916781e-07	5.916781e-07
-1.400000e+00	-1.300000e+00	1.695531e-05	6.040061e-07	6.040061e-07
-1.300000e+00	-1.200000e+00	1.908009e-05	6.399258e-07	6.399258e-07
-1.200000e+00	-1.100000e+00	1.993859e-05	6.555707e-07	6.555707e-07
-1.100000e+00	-1.000000e+00	2.092586e-05	6.701639e-07	6.701639e-07
-1.000000e+00	-9.000000e-01	2.247116e-05	6.957931e-07	6.957931e-07
-9.000000e-01	-8.000000e-01	2.397353e-05	7.185906e-07	7.185906e-07
-8.000000e-01	-7.000000e-01	2.371598e-05	7.140894e-07	7.140894e-07
-7.000000e-01	-6.000000e-01	2.388768e-05	7.166650e-07	7.166650e-07
-6.000000e-01	-5.000000e-01	2.511103e-05	7.347550e-07	7.347550e-07
-5.000000e-01	-4.000000e-01	2.519688e-05	7.360077e-07	7.360077e-07
-4.000000e-01	-3.000000e-01	2.584076e-05	7.459543e-07	7.459543e-07
-3.000000e-01	-2.000000e-01	2.648463e-05	7.557699e-07	7.557699e-07
-2.000000e-01	-1.000000e-01	2.704265e-05	7.630488e-07	7.630488e-07
-1.000000e-01	0.000000e+00	2.779384e-05	7.735409e-07	7.735409e-07
0.000000e+00	1.000000e-01	2.661340e-05	7.557699e-07	7.557699e-07
1.000000e-01	2.000000e-01	2.672072e-05	7.597213e-07	7.597213e-07
2.000000e-01	3.000000e-01	2.601246e-05	7.478045e-07	7.478045e-07
3.000000e-01	4.000000e-01	2.489641e-05	7.322430e-07	7.322430e-07
4.000000e-01	5.000000e-01	2.697826e-05	7.615380e-07	7.615380e-07
5.000000e-01	6.000000e-01	2.317942e-05	7.059800e-07	7.059800e-07
6.000000e-01	7.000000e-01	2.418815e-05	7.205111e-07	7.205111e-07
7.000000e-01	8.000000e-01	2.410230e-05	7.192313e-07	7.192313e-07
8.000000e-01	9.000000e-01	2.283602e-05	7.007407e-07	7.007407e-07
9.000000e-01	1.000000e+00	2.193460e-05	6.861265e-07	6.861265e-07
1.000000e+00	1.100000e+00	2.094732e-05	6.711942e-07	6.711942e-07
1.100000e+00	1.200000e+00	2.051808e-05	6.636020e-07	6.636020e-07
1.200000e+00	1.300000e+00	1.923033e-05	6.424403e-07	6.424403e-07
1.300000e+00	1.400000e+00	1.908009e-05	6.399258e-07	6.399258e-07
1.400000e+00	1.500000e+00	1.802843e-05	6.220401e-07	6.220401e-07
1.500000e+00	1.600000e+00	1.611828e-05	5.881643e-07	5.881643e-07
1.600000e+00	1.700000e+00	1.541002e-05	5.758972e-07	5.758972e-07
1.700000e+00	1.800000e+00	1.371449e-05	5.425367e-07	5.425367e-07
1.800000e+00	1.900000e+00	1.313500e-05	5.309510e-07	5.309510e-07
1.900000e+00	2.000000e+00	1.178287e-05	5.037958e-07	5.037958e-07
2.000000e+00	2.100000e+00	1.184726e-05	5.042527e-07	5.042527e-07
2.100000e+00	2.200000e+00	1.053805e-05	4.765431e-07	4.765431e-07
2.200000e+00	2.300000e+00	9.958564e-06	4.623147e-07	4.623147e-07
2.300000e+00	2.400000e+00	8.241570e-06	4.205759e-07	4.205759e-07
2.400000e+00	2.500000e+00	7.318686e-06	3.974896e-07	3.974896e-07
# END HISTO1D


# BEGIN HISTO1D //eos/home-y/yiyu/monobc/Rivet_New2/X2000_pi20_L40_darkQCDtch.yoda.gz/JetMETAnalysis/bjet_eta
ErrorBars=1
LineColor=violet
LineStyle=solid
Path=//eos/home-y/yiyu/monobc/Rivet_New2/X2000_pi20_L40_darkQCDtch.yoda.gz/JetMETAnalysis/bjet_eta
ScaledBy=4.90324776886291436e-06
Title=X2000_pi20_L40
# xlow	 xhigh	 val	 errminus	 errplus
-2.500000e+00	-2.400000e+00	2.707593e-06	1.392635e-07	1.392635e-07
-2.400000e+00	-2.300000e+00	2.979785e-06	1.460960e-07	1.460960e-07
-2.300000e+00	-2.200000e+00	3.309280e-06	1.539617e-07	1.539617e-07
-2.200000e+00	-2.100000e+00	3.853664e-06	1.661433e-07	1.661433e-07
-2.100000e+00	-2.000000e+00	3.939619e-06	1.679859e-07	1.679859e-07
-2.000000e+00	-1.900000e+00	4.097204e-06	1.716119e-07	1.716119e-07
-1.900000e+00	-1.800000e+00	4.548469e-06	1.805005e-07	1.805005e-07
-1.800000e+00	-1.700000e+00	4.641588e-06	1.823388e-07	1.823388e-07
-1.700000e+00	-1.600000e+00	5.236112e-06	1.936646e-07	1.936646e-07
-1.600000e+00	-1.500000e+00	5.214623e-06	1.932668e-07	1.932668e-07
-1.500000e+00	-1.400000e+00	5.594259e-06	2.001783e-07	2.001783e-07
-1.400000e+00	-1.300000e+00	6.081339e-06	2.087110e-07	2.087110e-07
-1.300000e+00	-1.200000e+00	6.546931e-06	2.167900e-07	2.167900e-07
-1.200000e+00	-1.100000e+00	7.026848e-06	2.245786e-07	2.245786e-07
-1.100000e+00	-1.000000e+00	6.905078e-06	2.223976e-07	2.223976e-07
-1.000000e+00	-9.000000e-01	7.277551e-06	2.283171e-07	2.283171e-07
-9.000000e-01	-8.000000e-01	7.456625e-06	2.311090e-07	2.311090e-07
-8.000000e-01	-7.000000e-01	8.094127e-06	2.409987e-07	2.409987e-07
-7.000000e-01	-6.000000e-01	7.879238e-06	2.377839e-07	2.377839e-07
-6.000000e-01	-5.000000e-01	8.022497e-06	2.397180e-07	2.397180e-07
-5.000000e-01	-4.000000e-01	8.846236e-06	2.517242e-07	2.517242e-07
-4.000000e-01	-3.000000e-01	8.559718e-06	2.476142e-07	2.476142e-07
-3.000000e-01	-2.000000e-01	8.681488e-06	2.493692e-07	2.493692e-07
-2.000000e-01	-1.000000e-01	8.817584e-06	2.513163e-07	2.513163e-07
-1.000000e-01	0.000000e+00	8.939354e-06	2.530456e-07	2.530456e-07
0.000000e+00	1.000000e-01	8.753117e-06	2.510098e-07	2.510098e-07
1.000000e-01	2.000000e-01	9.025309e-06	2.544610e-07	2.544610e-07
2.000000e-01	3.000000e-01	8.416459e-06	2.455333e-07	2.455333e-07
3.000000e-01	4.000000e-01	8.359155e-06	2.449057e-07	2.449057e-07
4.000000e-01	5.000000e-01	8.688651e-06	2.500883e-07	2.500883e-07
5.000000e-01	6.000000e-01	8.036823e-06	2.401456e-07	2.401456e-07
6.000000e-01	7.000000e-01	8.165756e-06	2.424844e-07	2.424844e-07
7.000000e-01	8.000000e-01	8.072638e-06	2.404659e-07	2.404659e-07
8.000000e-01	9.000000e-01	7.965194e-06	2.392895e-07	2.392895e-07
9.000000e-01	1.000000e+00	7.470950e-06	2.313309e-07	2.313309e-07
1.000000e+00	1.100000e+00	7.162944e-06	2.265122e-07	2.265122e-07
1.100000e+00	1.200000e+00	7.213084e-06	2.277546e-07	2.277546e-07
1.200000e+00	1.300000e+00	6.375020e-06	2.141708e-07	2.141708e-07
1.300000e+00	1.400000e+00	6.160132e-06	2.100588e-07	2.100588e-07
1.400000e+00	1.500000e+00	5.923755e-06	2.062381e-07	2.062381e-07
1.500000e+00	1.600000e+00	5.472489e-06	1.979877e-07	1.979877e-07
1.600000e+00	1.700000e+00	5.264764e-06	1.941937e-07	1.941937e-07
1.700000e+00	1.800000e+00	5.121505e-06	1.915334e-07	1.915334e-07
1.800000e+00	1.900000e+00	4.491166e-06	1.793599e-07	1.793599e-07
1.900000e+00	2.000000e+00	4.405210e-06	1.776352e-07	1.776352e-07
2.000000e+00	2.100000e+00	3.645938e-06	1.616034e-07	1.616034e-07
2.100000e+00	2.200000e+00	3.825012e-06	1.655245e-07	1.655245e-07
2.200000e+00	2.300000e+00	3.423887e-06	1.566049e-07	1.566049e-07
2.300000e+00	2.400000e+00	3.001273e-06	1.466218e-07	1.466218e-07
2.400000e+00	2.500000e+00	2.908155e-06	1.443293e-07	1.443293e-07
# END HISTO1D

