# BEGIN PLOT
Legend=1
LogY=1
LegendPlacement=manual
LegendAlign=r
LegendXPos=1.36
RightMargin=3.7
Title=Di-jet $\Delta\phi$
XLabel=$\Delta\phi_{jj}$ [rad]
YLabel=$\mathrm{d}\sigma/\mathrm{d}\Delta\phi_{jj}$ [pb/rad]
XMin=0
DrawOnly=//eos/home-y/yiyu/monobc/Rivet_New2/X600_pi20_L40_darkQCDtch.yoda.gz/JetMETAnalysis/jet12_dphi //eos/home-y/yiyu/monobc/Rivet_New2/X1500_pi20_L40_darkQCDtch.yoda.gz/JetMETAnalysis/jet12_dphi //eos/home-y/yiyu/monobc/Rivet_New2/X2000_pi20_L40_darkQCDtch.yoda.gz/JetMETAnalysis/jet12_dphi
LegendOnly=//eos/home-y/yiyu/monobc/Rivet_New2/X600_pi20_L40_darkQCDtch.yoda.gz/JetMETAnalysis/jet12_dphi //eos/home-y/yiyu/monobc/Rivet_New2/X1500_pi20_L40_darkQCDtch.yoda.gz/JetMETAnalysis/jet12_dphi //eos/home-y/yiyu/monobc/Rivet_New2/X2000_pi20_L40_darkQCDtch.yoda.gz/JetMETAnalysis/jet12_dphi
RatioPlot=1
RatioPlotReference=//eos/home-y/yiyu/monobc/Rivet_New2/X600_pi20_L40_darkQCDtch.yoda.gz/JetMETAnalysis/jet12_dphi
RatioPlotYLabel=Ratio
# END PLOT

# BEGIN HISTO1D //eos/home-y/yiyu/monobc/Rivet_New2/X600_pi20_L40_darkQCDtch.yoda.gz/JetMETAnalysis/jet12_dphi
ErrorBars=1
LineColor=red
LineStyle=solid
Path=//eos/home-y/yiyu/monobc/Rivet_New2/X600_pi20_L40_darkQCDtch.yoda.gz/JetMETAnalysis/jet12_dphi
ScaledBy=7.82657097943002976e-06
Title=X600_pi20_L40
# xlow	 xhigh	 val	 errminus	 errplus
0.000000e+00	6.283185e-02	8.189608e-04	6.070542e-05	6.070542e-05
6.283185e-02	1.256637e-01	8.999569e-04	6.363657e-05	6.363657e-05
1.256637e-01	1.884956e-01	1.007951e-03	6.734657e-05	6.734657e-05
1.884956e-01	2.513274e-01	8.549597e-04	6.235090e-05	6.235090e-05
2.513274e-01	3.141593e-01	8.819571e-04	6.299693e-05	6.299693e-05
3.141593e-01	3.769911e-01	1.066450e-03	6.927337e-05	6.927337e-05
3.769911e-01	4.398230e-01	1.165443e-03	7.241712e-05	7.241712e-05
4.398230e-01	5.026548e-01	1.340937e-03	7.767839e-05	7.767839e-05
5.026548e-01	5.654867e-01	1.250939e-03	7.502635e-05	7.502635e-05
5.654867e-01	6.283185e-01	1.237442e-03	7.462055e-05	7.462055e-05
6.283185e-01	6.911504e-01	1.124945e-03	7.114780e-05	7.114780e-05
6.911504e-01	7.539822e-01	1.079949e-03	6.971041e-05	6.971041e-05
7.539822e-01	8.168141e-01	1.142944e-03	7.171471e-05	7.171471e-05
8.168141e-01	8.796459e-01	1.201444e-03	7.352715e-05	7.352715e-05
8.796459e-01	9.424778e-01	1.124945e-03	7.114780e-05	7.114780e-05
9.424778e-01	1.005310e+00	1.034945e-03	6.824223e-05	6.824223e-05
1.005310e+00	1.068142e+00	1.241938e-03	7.475587e-05	7.475587e-05
1.068142e+00	1.130973e+00	1.129461e-03	7.129096e-05	7.129096e-05
1.130973e+00	1.193805e+00	1.201440e-03	7.352691e-05	7.352691e-05
1.193805e+00	1.256637e+00	1.142943e-03	7.171460e-05	7.171460e-05
1.256637e+00	1.319469e+00	1.237438e-03	7.462031e-05	7.462031e-05
1.319469e+00	1.382301e+00	1.394930e-03	7.922669e-05	7.922669e-05
1.382301e+00	1.445133e+00	1.354432e-03	7.832709e-05	7.832709e-05
1.445133e+00	1.507964e+00	1.354454e-03	7.806941e-05	7.806941e-05
1.507964e+00	1.570796e+00	1.363432e-03	7.832709e-05	7.832709e-05
1.570796e+00	1.633628e+00	1.367931e-03	7.845625e-05	7.845625e-05
1.633628e+00	1.696460e+00	1.466926e-03	8.124553e-05	8.124553e-05
1.696460e+00	1.759292e+00	1.462427e-03	8.112084e-05	8.112084e-05
1.759292e+00	1.822124e+00	1.556922e-03	8.370064e-05	8.370064e-05
1.822124e+00	1.884956e+00	1.484926e-03	8.174246e-05	8.174246e-05
1.884956e+00	1.947787e+00	1.642444e-03	8.596943e-05	8.596943e-05
1.947787e+00	2.010619e+00	1.642418e-03	8.596806e-05	8.596806e-05
2.010619e+00	2.073451e+00	1.592921e-03	8.466274e-05	8.466274e-05
2.073451e+00	2.136283e+00	1.592921e-03	8.466274e-05	8.466274e-05
2.136283e+00	2.199115e+00	1.817908e-03	9.044434e-05	9.044434e-05
2.199115e+00	2.261947e+00	1.660417e-03	8.643784e-05	8.643784e-05
2.261947e+00	2.324779e+00	1.898905e-03	9.243723e-05	9.243723e-05
2.324779e+00	2.387610e+00	1.795439e-03	9.010934e-05	9.010934e-05
2.387610e+00	2.450442e+00	2.029397e-03	9.556062e-05	9.556062e-05
2.450442e+00	2.513274e+00	2.083395e-03	9.682359e-05	9.682359e-05
2.513274e+00	2.576106e+00	2.096895e-03	9.713677e-05	9.713677e-05
2.576106e+00	2.638938e+00	2.164391e-03	9.868774e-05	9.868774e-05
2.638938e+00	2.701770e+00	2.326383e-03	1.023142e-04	1.023142e-04
2.701770e+00	2.764602e+00	2.209389e-03	9.970834e-05	9.970834e-05
2.764602e+00	2.827433e+00	2.344419e-03	1.027109e-04	1.027109e-04
2.827433e+00	2.890265e+00	2.375880e-03	1.035926e-04	1.035926e-04
2.890265e+00	2.953097e+00	2.461376e-03	1.052409e-04	1.052409e-04
2.953097e+00	3.015929e+00	2.515374e-03	1.063890e-04	1.063890e-04
3.015929e+00	3.078761e+00	2.663866e-03	1.094842e-04	1.094842e-04
3.078761e+00	3.141593e+00	2.632367e-03	1.088350e-04	1.088350e-04
# END HISTO1D


# BEGIN HISTO1D //eos/home-y/yiyu/monobc/Rivet_New2/X1500_pi20_L40_darkQCDtch.yoda.gz/JetMETAnalysis/jet12_dphi
ErrorBars=1
LineColor=blue
LineStyle=solid
Path=//eos/home-y/yiyu/monobc/Rivet_New2/X1500_pi20_L40_darkQCDtch.yoda.gz/JetMETAnalysis/jet12_dphi
ScaledBy=1.22975524040400701e-05
Title=X1500_pi20_L40
# xlow	 xhigh	 val	 errminus	 errplus
0.000000e+00	6.283185e-02	1.711820e-05	1.261897e-06	1.261897e-06
6.283185e-02	1.256637e-01	1.932700e-05	1.333689e-06	1.333689e-06
1.256637e-01	1.884956e-01	1.923494e-05	1.330509e-06	1.330509e-06
1.884956e-01	2.513274e-01	1.969514e-05	1.346332e-06	1.346332e-06
2.513274e-01	3.141593e-01	1.895884e-05	1.320925e-06	1.320925e-06
3.141593e-01	3.769911e-01	2.125971e-05	1.404828e-06	1.404828e-06
3.769911e-01	4.398230e-01	2.328440e-05	1.463878e-06	1.463878e-06
4.398230e-01	5.026548e-01	2.310037e-05	1.458083e-06	1.458083e-06
5.026548e-01	5.654867e-01	2.383660e-05	1.481135e-06	1.481135e-06
5.654867e-01	6.283185e-01	2.374462e-05	1.483993e-06	1.483993e-06
6.283185e-01	6.911504e-01	2.328440e-05	1.463878e-06	1.463878e-06
6.911504e-01	7.539822e-01	2.199598e-05	1.422801e-06	1.422801e-06
7.539822e-01	8.168141e-01	2.356050e-05	1.472532e-06	1.472532e-06
8.168141e-01	8.796459e-01	2.622950e-05	1.553702e-06	1.553702e-06
8.796459e-01	9.424778e-01	2.503303e-05	1.517851e-06	1.517851e-06
9.424778e-01	1.005310e+00	2.448073e-05	1.501009e-06	1.501009e-06
1.005310e+00	1.068142e+00	2.402063e-05	1.486840e-06	1.486840e-06
1.068142e+00	1.130973e+00	2.033964e-05	1.368192e-06	1.368192e-06
1.130973e+00	1.193805e+00	2.236403e-05	1.434654e-06	1.434654e-06
1.193805e+00	1.256637e+00	2.558520e-05	1.545498e-06	1.545498e-06
1.256637e+00	1.319469e+00	2.632146e-05	1.556421e-06	1.556421e-06
1.319469e+00	1.382301e+00	2.475689e-05	1.515056e-06	1.515056e-06
1.382301e+00	1.445133e+00	2.457283e-05	1.503833e-06	1.503833e-06
1.445133e+00	1.507964e+00	2.733426e-05	1.586095e-06	1.586095e-06
1.507964e+00	1.570796e+00	3.101515e-05	1.689503e-06	1.689503e-06
1.570796e+00	1.633628e+00	2.383656e-05	1.481132e-06	1.481132e-06
1.633628e+00	1.696460e+00	2.687366e-05	1.572662e-06	1.572662e-06
1.696460e+00	1.759292e+00	2.678162e-05	1.569967e-06	1.569967e-06
1.759292e+00	1.822124e+00	2.926652e-05	1.641185e-06	1.641185e-06
1.822124e+00	1.884956e+00	3.018685e-05	1.671864e-06	1.671864e-06
1.884956e+00	1.947787e+00	3.175192e-05	1.709466e-06	1.709466e-06
1.947787e+00	2.010619e+00	3.037091e-05	1.671864e-06	1.671864e-06
2.010619e+00	2.073451e+00	3.303987e-05	1.743778e-06	1.743778e-06
2.073451e+00	2.136283e+00	3.064701e-05	1.679446e-06	1.679446e-06
2.136283e+00	2.199115e+00	3.267174e-05	1.734036e-06	1.734036e-06
2.199115e+00	2.261947e+00	3.313191e-05	1.746205e-06	1.746205e-06
2.261947e+00	2.324779e+00	3.147532e-05	1.701990e-06	1.701990e-06
2.324779e+00	2.387610e+00	3.488109e-05	1.791721e-06	1.791721e-06
2.387610e+00	2.450442e+00	3.745746e-05	1.856698e-06	1.856698e-06
2.450442e+00	2.513274e+00	3.957423e-05	1.908439e-06	1.908439e-06
2.513274e+00	2.576106e+00	3.985032e-05	1.919502e-06	1.919502e-06
2.576106e+00	2.638938e+00	3.791762e-05	1.868067e-06	1.868067e-06
2.638938e+00	2.701770e+00	3.994235e-05	1.917294e-06	1.917294e-06
2.701770e+00	2.764602e+00	4.215115e-05	1.969594e-06	1.969594e-06
2.764602e+00	2.827433e+00	4.095537e-05	1.945829e-06	1.945829e-06
2.827433e+00	2.890265e+00	4.482011e-05	2.039317e-06	2.039317e-06
2.890265e+00	2.953097e+00	4.215115e-05	1.969594e-06	1.969594e-06
2.953097e+00	3.015929e+00	4.610858e-05	2.059979e-06	2.059979e-06
3.015929e+00	3.078761e+00	4.472807e-05	2.028907e-06	2.028907e-06
3.078761e+00	3.141593e+00	4.656874e-05	2.070233e-06	2.070233e-06
# END HISTO1D


# BEGIN HISTO1D //eos/home-y/yiyu/monobc/Rivet_New2/X2000_pi20_L40_darkQCDtch.yoda.gz/JetMETAnalysis/jet12_dphi
ErrorBars=1
LineColor=violet
LineStyle=solid
Path=//eos/home-y/yiyu/monobc/Rivet_New2/X2000_pi20_L40_darkQCDtch.yoda.gz/JetMETAnalysis/jet12_dphi
ScaledBy=1.32581079477180005e-05
Title=X2000_pi20_L40
# xlow	 xhigh	 val	 errminus	 errplus
0.000000e+00	6.283185e-02	7.490585e-06	4.805212e-07	4.805212e-07
6.283185e-02	1.256637e-01	6.750774e-06	4.561750e-07	4.561750e-07
1.256637e-01	1.884956e-01	7.552229e-06	4.824942e-07	4.824942e-07
1.884956e-01	2.513274e-01	6.658302e-06	4.551327e-07	4.551327e-07
2.513274e-01	3.141593e-01	7.151498e-06	4.695189e-07	4.695189e-07
3.141593e-01	3.769911e-01	7.428939e-06	4.785400e-07	4.785400e-07
3.769911e-01	4.398230e-01	7.922134e-06	4.941691e-07	4.941691e-07
4.398230e-01	5.026548e-01	8.014623e-06	4.989539e-07	4.989539e-07
5.026548e-01	5.654867e-01	7.490579e-06	4.805208e-07	4.805208e-07
5.654867e-01	6.283185e-01	9.340119e-06	5.365757e-07	5.365757e-07
6.283185e-01	6.911504e-01	8.692769e-06	5.176470e-07	5.176470e-07
6.911504e-01	7.539822e-01	7.120684e-06	4.705304e-07	4.705304e-07
7.539822e-01	8.168141e-01	8.507817e-06	5.121104e-07	5.121104e-07
8.168141e-01	8.796459e-01	7.675543e-06	4.864178e-07	4.864178e-07
8.796459e-01	9.424778e-01	8.292040e-06	5.055745e-07	5.055745e-07
9.424778e-01	1.005310e+00	8.785204e-06	5.203905e-07	5.203905e-07
1.005310e+00	1.068142e+00	8.353676e-06	5.074498e-07	5.074498e-07
1.068142e+00	1.130973e+00	7.398208e-06	4.775523e-07	4.775523e-07
1.130973e+00	1.193805e+00	8.631105e-06	5.158072e-07	5.158072e-07
1.193805e+00	1.256637e+00	7.891296e-06	4.932060e-07	4.932060e-07
1.256637e+00	1.319469e+00	7.860471e-06	4.922418e-07	4.922418e-07
1.319469e+00	1.382301e+00	9.340089e-06	5.365740e-07	5.365740e-07
1.382301e+00	1.445133e+00	8.970184e-06	5.258415e-07	5.258415e-07
1.445133e+00	1.507964e+00	8.939501e-06	5.249456e-07	5.249456e-07
1.507964e+00	1.570796e+00	8.692755e-06	5.176462e-07	5.176462e-07
1.570796e+00	1.633628e+00	8.939359e-06	5.249373e-07	5.249373e-07
1.633628e+00	1.696460e+00	9.463390e-06	5.401041e-07	5.401041e-07
1.696460e+00	1.759292e+00	9.001009e-06	5.267442e-07	5.267442e-07
1.759292e+00	1.822124e+00	8.476978e-06	5.111811e-07	5.111811e-07
1.822124e+00	1.884956e+00	8.754407e-06	5.194784e-07	5.194784e-07
1.884956e+00	1.947787e+00	9.278585e-06	5.348088e-07	5.348088e-07
1.947787e+00	2.010619e+00	9.709993e-06	5.488302e-07	5.488302e-07
2.010619e+00	2.073451e+00	1.051145e-05	5.692272e-07	5.692272e-07
2.073451e+00	2.136283e+00	1.057310e-05	5.708939e-07	5.708939e-07
2.136283e+00	2.199115e+00	9.864120e-06	5.514211e-07	5.514211e-07
2.199115e+00	2.261947e+00	1.152869e-05	5.961345e-07	5.961345e-07
2.261947e+00	2.324779e+00	1.146704e-05	5.945383e-07	5.945383e-07
2.324779e+00	2.387610e+00	1.189878e-05	6.056322e-07	6.056322e-07
2.387610e+00	2.450442e+00	1.251510e-05	6.211140e-07	6.211140e-07
2.450442e+00	2.513274e+00	1.196025e-05	6.071894e-07	6.071894e-07
2.513274e+00	2.576106e+00	1.294666e-05	6.332346e-07	6.332346e-07
2.576106e+00	2.638938e+00	1.402555e-05	6.575278e-07	6.575278e-07
2.638938e+00	2.701770e+00	1.451875e-05	6.689888e-07	6.689888e-07
2.701770e+00	2.764602e+00	1.279253e-05	6.279607e-07	6.279607e-07
2.764602e+00	2.827433e+00	1.532045e-05	6.872163e-07	6.872163e-07
2.827433e+00	2.890265e+00	1.359399e-05	6.473329e-07	6.473329e-07
2.890265e+00	2.953097e+00	1.513526e-05	6.830446e-07	6.830446e-07
2.953097e+00	3.015929e+00	1.488866e-05	6.774573e-07	6.774573e-07
3.015929e+00	3.078761e+00	1.584424e-05	7.002179e-07	7.002179e-07
3.078761e+00	3.141593e+00	1.467288e-05	6.725302e-07	6.725302e-07
# END HISTO1D

