# BEGIN PLOT
Legend=1
LogY=1
LegendPlacement=manual
LegendAlign=r
LegendXPos=1.36
RightMargin=3.7
Title=Di-jet $\Delta\eta$
XLabel=$\Delta\eta_{jj}$
YLabel=$\mathrm{d}\sigma/\mathrm{d}\Delta\eta_{jj}$ [pb]
DrawOnly=//eos/home-y/yiyu/monobc/Rivet_New2/X600_pi20_L40_darkQCDtch.yoda.gz/JetMETAnalysis/jet12_deta //eos/home-y/yiyu/monobc/Rivet_New2/X1500_pi20_L40_darkQCDtch.yoda.gz/JetMETAnalysis/jet12_deta //eos/home-y/yiyu/monobc/Rivet_New2/X2000_pi20_L40_darkQCDtch.yoda.gz/JetMETAnalysis/jet12_deta
LegendOnly=//eos/home-y/yiyu/monobc/Rivet_New2/X600_pi20_L40_darkQCDtch.yoda.gz/JetMETAnalysis/jet12_deta //eos/home-y/yiyu/monobc/Rivet_New2/X1500_pi20_L40_darkQCDtch.yoda.gz/JetMETAnalysis/jet12_deta //eos/home-y/yiyu/monobc/Rivet_New2/X2000_pi20_L40_darkQCDtch.yoda.gz/JetMETAnalysis/jet12_deta
RatioPlot=1
RatioPlotReference=//eos/home-y/yiyu/monobc/Rivet_New2/X600_pi20_L40_darkQCDtch.yoda.gz/JetMETAnalysis/jet12_deta
RatioPlotYLabel=Ratio
# END PLOT

# BEGIN HISTO1D //eos/home-y/yiyu/monobc/Rivet_New2/X600_pi20_L40_darkQCDtch.yoda.gz/JetMETAnalysis/jet12_deta
ErrorBars=1
LineColor=red
LineStyle=solid
Path=//eos/home-y/yiyu/monobc/Rivet_New2/X600_pi20_L40_darkQCDtch.yoda.gz/JetMETAnalysis/jet12_deta
ScaledBy=7.82657097943002976e-06
Title=X600_pi20_L40
# xlow	 xhigh	 val	 errminus	 errplus
0.000000e+00	1.000000e-01	2.674624e-03	8.695953e-05	8.695953e-05
1.000000e-01	2.000000e-01	2.702897e-03	8.750933e-05	8.750933e-05
2.000000e-01	3.000000e-01	2.708552e-03	8.750933e-05	8.750933e-05
3.000000e-01	4.000000e-01	2.618078e-03	8.603538e-05	8.603538e-05
4.000000e-01	5.000000e-01	2.767925e-03	8.846326e-05	8.846326e-05
5.000000e-01	6.000000e-01	2.705724e-03	8.755499e-05	8.755499e-05
6.000000e-01	7.000000e-01	2.553050e-03	8.496019e-05	8.496019e-05
7.000000e-01	8.000000e-01	2.451267e-03	8.324941e-05	8.324941e-05
8.000000e-01	9.000000e-01	2.247702e-03	7.971777e-05	7.971777e-05
9.000000e-01	1.000000e+00	1.956490e-03	7.437460e-05	7.437460e-05
1.000000e+00	1.100000e+00	2.027173e-03	7.570615e-05	7.570615e-05
1.100000e+00	1.200000e+00	1.959318e-03	7.442832e-05	7.442832e-05
1.200000e+00	1.300000e+00	1.874499e-03	7.290921e-05	7.290921e-05
1.300000e+00	1.400000e+00	1.588942e-03	6.702545e-05	6.702545e-05
1.400000e+00	1.500000e+00	1.549359e-03	6.630602e-05	6.630602e-05
1.500000e+00	1.600000e+00	1.436267e-03	6.372406e-05	6.372406e-05
1.600000e+00	1.700000e+00	1.297730e-03	6.057284e-05	6.057284e-05
1.700000e+00	1.800000e+00	1.244011e-03	5.930590e-05	5.930590e-05
1.800000e+00	1.900000e+00	1.176156e-03	5.766580e-05	5.766580e-05
1.900000e+00	2.000000e+00	9.499721e-04	5.182523e-05	5.182523e-05
2.000000e+00	2.100000e+00	9.669359e-04	5.228591e-05	5.228591e-05
2.100000e+00	2.200000e+00	8.114345e-04	4.789746e-05	4.789746e-05
2.200000e+00	2.300000e+00	7.379248e-04	4.567639e-05	4.567639e-05
2.300000e+00	2.400000e+00	7.944708e-04	4.739416e-05	4.739416e-05
2.400000e+00	2.500000e+00	6.078691e-04	4.145633e-05	4.145633e-05
2.500000e+00	2.600000e+00	5.682869e-04	4.008386e-05	4.008386e-05
2.600000e+00	2.700000e+00	4.891226e-04	3.718730e-05	3.718730e-05
2.700000e+00	2.800000e+00	4.240947e-04	3.462719e-05	3.462719e-05
2.800000e+00	2.900000e+00	3.732033e-04	3.248318e-05	3.248318e-05
2.900000e+00	3.000000e+00	3.760306e-04	3.260600e-05	3.260600e-05
3.000000e+00	3.100000e+00	2.883844e-04	2.855431e-05	2.855431e-05
3.100000e+00	3.200000e+00	2.770752e-04	2.798882e-05	2.798882e-05
3.200000e+00	3.300000e+00	2.177019e-04	2.480944e-05	2.480944e-05
3.300000e+00	3.400000e+00	2.007382e-04	2.382324e-05	2.382324e-05
3.400000e+00	3.500000e+00	1.639833e-04	2.153206e-05	2.153206e-05
3.500000e+00	3.600000e+00	1.922563e-04	2.331450e-05	2.331450e-05
3.600000e+00	3.700000e+00	1.357103e-04	1.958810e-05	1.958810e-05
3.700000e+00	3.800000e+00	9.895543e-05	1.672652e-05	1.672652e-05
3.800000e+00	3.900000e+00	1.244011e-04	1.875417e-05	1.875417e-05
3.900000e+00	4.000000e+00	1.046100e-04	1.719778e-05	1.719778e-05
4.000000e+00	4.100000e+00	5.371866e-05	1.232391e-05	1.232391e-05
4.100000e+00	4.200000e+00	5.371866e-05	1.232391e-05	1.232391e-05
4.200000e+00	4.300000e+00	5.089136e-05	1.199521e-05	1.199521e-05
4.300000e+00	4.400000e+00	5.089136e-05	1.199521e-05	1.199521e-05
4.400000e+00	4.500000e+00	2.544568e-05	8.481894e-06	8.481894e-06
4.500000e+00	4.600000e+00	1.413649e-05	6.322031e-06	6.322031e-06
4.600000e+00	4.700000e+00	8.481894e-06	4.897024e-06	4.897024e-06
4.700000e+00	4.800000e+00	1.413649e-05	6.322031e-06	6.322031e-06
4.800000e+00	4.900000e+00	5.654596e-06	3.998403e-06	3.998403e-06
4.900000e+00	5.000000e+00	0.000000e+00	0.000000e+00	0.000000e+00
# END HISTO1D


# BEGIN HISTO1D //eos/home-y/yiyu/monobc/Rivet_New2/X1500_pi20_L40_darkQCDtch.yoda.gz/JetMETAnalysis/jet12_deta
ErrorBars=1
LineColor=blue
LineStyle=solid
Path=//eos/home-y/yiyu/monobc/Rivet_New2/X1500_pi20_L40_darkQCDtch.yoda.gz/JetMETAnalysis/jet12_deta
ScaledBy=1.22975524040400701e-05
Title=X1500_pi20_L40
# xlow	 xhigh	 val	 errminus	 errplus
0.000000e+00	1.000000e-01	3.972661e-05	1.517870e-06	1.517870e-06
1.000000e-01	2.000000e-01	3.828096e-05	1.487832e-06	1.487832e-06
2.000000e-01	3.000000e-01	3.943748e-05	1.512352e-06	1.512352e-06
3.000000e-01	4.000000e-01	3.891705e-05	1.502369e-06	1.502369e-06
4.000000e-01	5.000000e-01	4.192401e-05	1.557019e-06	1.557019e-06
5.000000e-01	6.000000e-01	3.920618e-05	1.505704e-06	1.505704e-06
6.000000e-01	7.000000e-01	3.851226e-05	1.492320e-06	1.492320e-06
7.000000e-01	8.000000e-01	4.117227e-05	1.545162e-06	1.545162e-06
8.000000e-01	9.000000e-01	3.752922e-05	1.475419e-06	1.475419e-06
9.000000e-01	1.000000e+00	3.538965e-05	1.432877e-06	1.432877e-06
1.000000e+00	1.100000e+00	3.446443e-05	1.414085e-06	1.414085e-06
1.100000e+00	1.200000e+00	3.510052e-05	1.424686e-06	1.424686e-06
1.200000e+00	1.300000e+00	3.527400e-05	1.428202e-06	1.428202e-06
1.300000e+00	1.400000e+00	3.064790e-05	1.336274e-06	1.336274e-06
1.400000e+00	1.500000e+00	3.226703e-05	1.365973e-06	1.365973e-06
1.500000e+00	1.600000e+00	2.937572e-05	1.303337e-06	1.303337e-06
1.600000e+00	1.700000e+00	2.758311e-05	1.265589e-06	1.265589e-06
1.700000e+00	1.800000e+00	2.596397e-05	1.225316e-06	1.225316e-06
1.800000e+00	1.900000e+00	2.683137e-05	1.245615e-06	1.245615e-06
1.900000e+00	2.000000e+00	2.590615e-05	1.223951e-06	1.223951e-06
2.000000e+00	2.100000e+00	2.261005e-05	1.143440e-06	1.143440e-06
2.100000e+00	2.200000e+00	2.047048e-05	1.087994e-06	1.087994e-06
2.200000e+00	2.300000e+00	1.908265e-05	1.050466e-06	1.050466e-06
2.300000e+00	2.400000e+00	1.619134e-05	9.710674e-07	9.710674e-07
2.400000e+00	2.500000e+00	1.694308e-05	9.898255e-07	9.898255e-07
2.500000e+00	2.600000e+00	1.624917e-05	9.693441e-07	9.693441e-07
2.600000e+00	2.700000e+00	1.463003e-05	9.197824e-07	9.197824e-07
2.700000e+00	2.800000e+00	1.243264e-05	8.478989e-07	8.478989e-07
2.800000e+00	2.900000e+00	1.173872e-05	8.238968e-07	8.238968e-07
2.900000e+00	3.000000e+00	1.069785e-05	7.865216e-07	7.865216e-07
3.000000e+00	3.100000e+00	1.098698e-05	7.970795e-07	7.970795e-07
3.100000e+00	3.200000e+00	9.541327e-06	7.427913e-07	7.427913e-07
3.200000e+00	3.300000e+00	7.343930e-06	6.516684e-07	6.516684e-07
3.300000e+00	3.400000e+00	7.343930e-06	6.516684e-07	6.516684e-07
3.400000e+00	3.500000e+00	6.071753e-06	5.925425e-07	5.925425e-07
3.500000e+00	3.600000e+00	4.915229e-06	5.331314e-07	5.331314e-07
3.600000e+00	3.700000e+00	4.510445e-06	5.107074e-07	5.107074e-07
3.700000e+00	3.800000e+00	4.221314e-06	4.940675e-07	4.940675e-07
3.800000e+00	3.900000e+00	3.585226e-06	4.553242e-07	4.553242e-07
3.900000e+00	4.000000e+00	3.585226e-06	4.553242e-07	4.553242e-07
4.000000e+00	4.100000e+00	2.428701e-06	3.747567e-07	3.747567e-07
4.100000e+00	4.200000e+00	2.486528e-06	3.791919e-07	3.791919e-07
4.200000e+00	4.300000e+00	1.792613e-06	3.219627e-07	3.219627e-07
4.300000e+00	4.400000e+00	1.156524e-06	2.586067e-07	2.586067e-07
4.400000e+00	4.500000e+00	1.214351e-06	2.649930e-07	2.649930e-07
4.500000e+00	4.600000e+00	1.040872e-06	2.453359e-07	2.453359e-07
4.600000e+00	4.700000e+00	6.939147e-07	2.003159e-07	2.003159e-07
4.700000e+00	4.800000e+00	5.782622e-07	1.828626e-07	1.828626e-07
4.800000e+00	4.900000e+00	3.469573e-07	1.416447e-07	1.416447e-07
4.900000e+00	5.000000e+00	0.000000e+00	0.000000e+00	0.000000e+00
# END HISTO1D


# BEGIN HISTO1D //eos/home-y/yiyu/monobc/Rivet_New2/X2000_pi20_L40_darkQCDtch.yoda.gz/JetMETAnalysis/jet12_deta
ErrorBars=1
LineColor=violet
LineStyle=solid
Path=//eos/home-y/yiyu/monobc/Rivet_New2/X2000_pi20_L40_darkQCDtch.yoda.gz/JetMETAnalysis/jet12_deta
ScaledBy=1.32581079477180005e-05
Title=X2000_pi20_L40
# xlow	 xhigh	 val	 errminus	 errplus
0.000000e+00	1.000000e-01	1.413879e-05	5.240163e-07	5.240163e-07
1.000000e-01	2.000000e-01	1.204702e-05	4.830415e-07	4.830415e-07
2.000000e-01	3.000000e-01	1.313164e-05	5.043176e-07	5.043176e-07
3.000000e-01	4.000000e-01	1.330595e-05	5.083922e-07	5.083922e-07
4.000000e-01	5.000000e-01	1.317038e-05	5.050609e-07	5.050609e-07
5.000000e-01	6.000000e-01	1.427436e-05	5.258029e-07	5.258029e-07
6.000000e-01	7.000000e-01	1.419689e-05	5.250890e-07	5.250890e-07
7.000000e-01	8.000000e-01	1.260870e-05	4.949323e-07	4.949323e-07
8.000000e-01	9.000000e-01	1.222133e-05	4.865236e-07	4.865236e-07
9.000000e-01	1.000000e+00	1.183397e-05	4.787512e-07	4.787512e-07
1.000000e+00	1.100000e+00	1.113671e-05	4.644331e-07	4.644331e-07
1.100000e+00	1.200000e+00	1.198892e-05	4.818752e-07	4.818752e-07
1.200000e+00	1.300000e+00	1.092366e-05	4.599692e-07	4.599692e-07
1.300000e+00	1.400000e+00	9.664732e-06	4.326529e-07	4.326529e-07
1.400000e+00	1.500000e+00	9.664732e-06	4.326529e-07	4.326529e-07
1.500000e+00	1.600000e+00	9.161159e-06	4.212305e-07	4.212305e-07
1.600000e+00	1.700000e+00	9.993991e-06	4.408128e-07	4.408128e-07
1.700000e+00	1.800000e+00	8.773795e-06	4.122288e-07	4.122288e-07
1.800000e+00	1.900000e+00	8.812531e-06	4.140448e-07	4.140448e-07
1.900000e+00	2.000000e+00	7.708544e-06	3.863944e-07	3.863944e-07
2.000000e+00	2.100000e+00	7.786016e-06	3.883312e-07	3.883312e-07
2.100000e+00	2.200000e+00	7.282443e-06	3.755633e-07	3.755633e-07
2.200000e+00	2.300000e+00	6.623924e-06	3.581808e-07	3.581808e-07
2.300000e+00	2.400000e+00	6.081615e-06	3.432053e-07	3.432053e-07
2.400000e+00	2.500000e+00	6.255929e-06	3.480892e-07	3.480892e-07
2.500000e+00	2.600000e+00	4.938891e-06	3.092854e-07	3.092854e-07
2.600000e+00	2.700000e+00	5.229414e-06	3.182519e-07	3.182519e-07
2.700000e+00	2.800000e+00	4.745209e-06	3.031603e-07	3.031603e-07
2.800000e+00	2.900000e+00	4.299740e-06	2.885797e-07	2.885797e-07
2.900000e+00	3.000000e+00	4.377213e-06	2.911679e-07	2.911679e-07
3.000000e+00	3.100000e+00	3.796167e-06	2.711548e-07	2.711548e-07
3.100000e+00	3.200000e+00	2.634075e-06	2.258701e-07	2.258701e-07
3.200000e+00	3.300000e+00	2.963335e-06	2.395714e-07	2.395714e-07
3.300000e+00	3.400000e+00	2.595339e-06	2.242031e-07	2.242031e-07
3.400000e+00	3.500000e+00	2.246711e-06	2.086019e-07	2.086019e-07
3.500000e+00	3.600000e+00	2.033661e-06	1.984650e-07	1.984650e-07
3.600000e+00	3.700000e+00	1.781874e-06	1.857732e-07	1.857732e-07
3.700000e+00	3.800000e+00	1.491351e-06	1.699553e-07	1.699553e-07
3.800000e+00	3.900000e+00	1.549456e-06	1.732344e-07	1.732344e-07
3.900000e+00	4.000000e+00	1.181460e-06	1.512705e-07	1.512705e-07
4.000000e+00	4.100000e+00	1.045883e-06	1.423266e-07	1.423266e-07
4.100000e+00	4.200000e+00	1.007146e-06	1.396661e-07	1.396661e-07
4.200000e+00	4.300000e+00	8.909372e-07	1.313615e-07	1.313615e-07
4.300000e+00	4.400000e+00	4.067322e-07	8.875624e-08	8.875624e-08
4.400000e+00	4.500000e+00	4.454686e-07	9.288662e-08	9.288662e-08
4.500000e+00	4.600000e+00	3.679958e-07	8.442403e-08	8.442403e-08
4.600000e+00	4.700000e+00	2.711548e-07	7.246917e-08	7.246917e-08
4.700000e+00	4.800000e+00	7.747280e-08	3.873640e-08	3.873640e-08
4.800000e+00	4.900000e+00	1.162092e-07	4.744221e-08	4.744221e-08
4.900000e+00	5.000000e+00	1.936820e-08	1.936820e-08	1.936820e-08
# END HISTO1D

