# BEGIN PLOT
Legend=1
LogY=1
LegendPlacement=manual
LegendAlign=r
LegendXPos=1.36
RightMargin=3.7
Title=Jet $p_\mathrm{T}$ spectrum
XLabel=$p_\mathrm{T}^\mathrm{jet}$ [GeV]
YLabel=$\mathrm{d}\sigma/\mathrm{d}p_\mathrm{T}^\mathrm{jet}$ [pb/GeV]
LogX=1
DrawOnly=//eos/home-y/yiyu/monobc/Rivet_New2/X600_pi20_L40_darkQCDtch.yoda.gz/JetMETAnalysis/jet_pt //eos/home-y/yiyu/monobc/Rivet_New2/X1500_pi20_L40_darkQCDtch.yoda.gz/JetMETAnalysis/jet_pt //eos/home-y/yiyu/monobc/Rivet_New2/X2000_pi20_L40_darkQCDtch.yoda.gz/JetMETAnalysis/jet_pt
LegendOnly=//eos/home-y/yiyu/monobc/Rivet_New2/X600_pi20_L40_darkQCDtch.yoda.gz/JetMETAnalysis/jet_pt //eos/home-y/yiyu/monobc/Rivet_New2/X1500_pi20_L40_darkQCDtch.yoda.gz/JetMETAnalysis/jet_pt //eos/home-y/yiyu/monobc/Rivet_New2/X2000_pi20_L40_darkQCDtch.yoda.gz/JetMETAnalysis/jet_pt
RatioPlot=1
RatioPlotReference=//eos/home-y/yiyu/monobc/Rivet_New2/X600_pi20_L40_darkQCDtch.yoda.gz/JetMETAnalysis/jet_pt
RatioPlotYLabel=Ratio
# END PLOT

# BEGIN HISTO1D //eos/home-y/yiyu/monobc/Rivet_New2/X600_pi20_L40_darkQCDtch.yoda.gz/JetMETAnalysis/jet_pt
ErrorBars=1
LineColor=red
LineStyle=solid
Path=//eos/home-y/yiyu/monobc/Rivet_New2/X600_pi20_L40_darkQCDtch.yoda.gz/JetMETAnalysis/jet_pt
ScaledBy=2.48681561259271548e-06
Title=X600_pi20_L40
# xlow	 xhigh	 val	 errminus	 errplus
1.000000e+01	1.054412e+01	0.000000e+00	0.000000e+00	0.000000e+00
1.054412e+01	1.111784e+01	0.000000e+00	0.000000e+00	0.000000e+00
1.111784e+01	1.172279e+01	0.000000e+00	0.000000e+00	0.000000e+00
1.172279e+01	1.236065e+01	0.000000e+00	0.000000e+00	0.000000e+00
1.236065e+01	1.303321e+01	0.000000e+00	0.000000e+00	0.000000e+00
1.303321e+01	1.374238e+01	0.000000e+00	0.000000e+00	0.000000e+00
1.374238e+01	1.449012e+01	0.000000e+00	0.000000e+00	0.000000e+00
1.449012e+01	1.527856e+01	0.000000e+00	0.000000e+00	0.000000e+00
1.527856e+01	1.610989e+01	0.000000e+00	0.000000e+00	0.000000e+00
1.610989e+01	1.698646e+01	0.000000e+00	0.000000e+00	0.000000e+00
1.698646e+01	1.791073e+01	0.000000e+00	0.000000e+00	0.000000e+00
1.791073e+01	1.888529e+01	0.000000e+00	0.000000e+00	0.000000e+00
1.888529e+01	1.991287e+01	0.000000e+00	0.000000e+00	0.000000e+00
1.991287e+01	2.099637e+01	9.700646e-05	2.836009e-06	2.836009e-06
2.099637e+01	2.213882e+01	1.041891e-04	2.862295e-06	2.862295e-06
2.213882e+01	2.334344e+01	9.023584e-05	2.594097e-06	2.594097e-06
2.334344e+01	2.461360e+01	8.204329e-05	2.408875e-06	2.408875e-06
2.461360e+01	2.595287e+01	7.894995e-05	2.301250e-06	2.301250e-06
2.595287e+01	2.736502e+01	7.175824e-05	2.138464e-06	2.138464e-06
2.736502e+01	2.885400e+01	6.721091e-05	2.013712e-06	2.013712e-06
2.885400e+01	3.042400e+01	6.379975e-05	1.910651e-06	1.910651e-06
3.042400e+01	3.207943e+01	6.072434e-05	1.815298e-06	1.815298e-06
3.207943e+01	3.382493e+01	5.645864e-05	1.704618e-06	1.704618e-06
3.382493e+01	3.566541e+01	5.544863e-05	1.645136e-06	1.645136e-06
3.566541e+01	3.760603e+01	4.999504e-05	1.521301e-06	1.521301e-06
3.760603e+01	3.965225e+01	4.649297e-05	1.428694e-06	1.428694e-06
3.965225e+01	4.180980e+01	4.488503e-05	1.367074e-06	1.367074e-06
4.180980e+01	4.408475e+01	4.122611e-05	1.275916e-06	1.275916e-06
4.408475e+01	4.648349e+01	4.100857e-05	1.239275e-06	1.239275e-06
4.648349e+01	4.901274e+01	3.804008e-05	1.162376e-06	1.162376e-06
4.901274e+01	5.167962e+01	3.314632e-05	1.056666e-06	1.056666e-06
5.167962e+01	5.449160e+01	3.229852e-05	1.015797e-06	1.015797e-06
5.449160e+01	5.745660e+01	2.984387e-05	9.509049e-07	9.509049e-07
5.745660e+01	6.058292e+01	2.724072e-05	8.847374e-07	8.847374e-07
6.058292e+01	6.387935e+01	2.646178e-05	8.491988e-07	8.491988e-07
6.387935e+01	6.735515e+01	2.514790e-05	8.062046e-07	8.062046e-07
6.735515e+01	7.102007e+01	2.179119e-05	7.308530e-07	7.308530e-07
7.102007e+01	7.488441e+01	2.108510e-05	7.008907e-07	7.008907e-07
7.488441e+01	7.895901e+01	2.001910e-05	6.650884e-07	6.650884e-07
7.895901e+01	8.325532e+01	1.890238e-05	6.286838e-07	6.286838e-07
8.325532e+01	8.778540e+01	1.729236e-05	5.855932e-07	5.855932e-07
8.778540e+01	9.256197e+01	1.609909e-05	5.502555e-07	5.502555e-07
9.256197e+01	9.759844e+01	1.453701e-05	5.092091e-07	5.092091e-07
9.759844e+01	1.029090e+02	1.346531e-05	4.772653e-07	4.772653e-07
1.029090e+02	1.085084e+02	1.236963e-05	4.454812e-07	4.454812e-07
1.085084e+02	1.144126e+02	1.180713e-05	4.238512e-07	4.238512e-07
1.144126e+02	1.206380e+02	1.183287e-05	4.132219e-07	4.132219e-07
1.206380e+02	1.272021e+02	1.104440e-05	3.887812e-07	3.887812e-07
1.272021e+02	1.341234e+02	1.037057e-05	3.668845e-07	3.668845e-07
1.341234e+02	1.414214e+02	9.736800e-06	3.462008e-07	3.462008e-07
1.414214e+02	1.491164e+02	9.584693e-06	3.345081e-07	3.345081e-07
1.491164e+02	1.572301e+02	9.090083e-06	3.172461e-07	3.172461e-07
1.572301e+02	1.657853e+02	8.431970e-06	2.979281e-07	2.979281e-07
1.657853e+02	1.748059e+02	8.146321e-06	2.848294e-07	2.848294e-07
1.748059e+02	1.843175e+02	7.961917e-06	2.742230e-07	2.742230e-07
1.843175e+02	1.943465e+02	7.551159e-06	2.600757e-07	2.600757e-07
1.943465e+02	2.049213e+02	7.050982e-06	2.447431e-07	2.447431e-07
2.049213e+02	2.160715e+02	7.226923e-06	2.415688e-07	2.415688e-07
2.160715e+02	2.278283e+02	6.792916e-06	2.278271e-07	2.278271e-07
2.278283e+02	2.402249e+02	6.464068e-06	2.164330e-07	2.164330e-07
2.402249e+02	2.532960e+02	6.384799e-06	2.094785e-07	2.094785e-07
2.532960e+02	2.670783e+02	5.214491e-06	1.843601e-07	1.843601e-07
2.670783e+02	2.816105e+02	4.939228e-06	1.751742e-07	1.751742e-07
2.816105e+02	2.969335e+02	4.385321e-06	1.603432e-07	1.603432e-07
2.969335e+02	3.130902e+02	4.103433e-06	1.510495e-07	1.510495e-07
3.130902e+02	3.301261e+02	3.348515e-06	1.330909e-07	1.330909e-07
3.301261e+02	3.480888e+02	3.060719e-06	1.237222e-07	1.237222e-07
3.480888e+02	3.670290e+02	2.494852e-06	1.087807e-07	1.087807e-07
3.670290e+02	3.869998e+02	2.303129e-06	1.017849e-07	1.017849e-07
3.869998e+02	4.080572e+02	1.710737e-06	8.564291e-08	8.564291e-08
4.080572e+02	4.302603e+02	1.602231e-06	8.051515e-08	8.051515e-08
4.302603e+02	4.536716e+02	1.343031e-06	7.178805e-08	7.178805e-08
4.536716e+02	4.783567e+02	1.069932e-06	6.239969e-08	6.239969e-08
4.783567e+02	5.043850e+02	9.353350e-07	5.702682e-08	5.702682e-08
5.043850e+02	5.318296e+02	6.284748e-07	4.535627e-08	4.535627e-08
5.318296e+02	5.607674e+02	5.618969e-07	4.176547e-08	4.176547e-08
5.607674e+02	5.912799e+02	4.298517e-07	3.557478e-08	3.557478e-08
5.912799e+02	6.234525e+02	3.406570e-07	3.084164e-08	3.084164e-08
6.234525e+02	6.573758e+02	2.012608e-07	2.308619e-08	2.308619e-08
6.573758e+02	6.931448e+02	1.758065e-07	2.101289e-08	2.101289e-08
6.931448e+02	7.308602e+02	1.595878e-07	1.949675e-08	1.949675e-08
7.308602e+02	7.706277e+02	9.261882e-08	1.446463e-08	1.446463e-08
7.706277e+02	8.125590e+02	5.356059e-08	1.071212e-08	1.071212e-08
8.125590e+02	8.567719e+02	5.486032e-08	1.055788e-08	1.055788e-08
8.567719e+02	9.033905e+02	2.312414e-08	6.675365e-09	6.675365e-09
9.033905e+02	9.525456e+02	1.827574e-08	5.779298e-09	5.779298e-09
9.525456e+02	1.004375e+03	1.386620e-08	4.902442e-09	4.902442e-09
1.004375e+03	1.059025e+03	1.643817e-08	5.198206e-09	5.198206e-09
1.059025e+03	1.116649e+03	3.117958e-09	2.204729e-09	2.204729e-09
1.116649e+03	1.177408e+03	7.392699e-09	3.306116e-09	3.306116e-09
1.177408e+03	1.241473e+03	7.011207e-09	3.135507e-09	3.135507e-09
1.241473e+03	1.309024e+03	1.329878e-09	1.329878e-09	1.329878e-09
1.309024e+03	1.380250e+03	2.522523e-09	1.783693e-09	1.783693e-09
1.380250e+03	1.455352e+03	0.000000e+00	0.000000e+00	0.000000e+00
1.455352e+03	1.534541e+03	1.134433e-09	1.134433e-09	1.134433e-09
1.534541e+03	1.618038e+03	0.000000e+00	0.000000e+00	0.000000e+00
1.618038e+03	1.706079e+03	0.000000e+00	0.000000e+00	0.000000e+00
1.706079e+03	1.798910e+03	9.677220e-10	9.677220e-10	9.677220e-10
1.798910e+03	1.896792e+03	0.000000e+00	0.000000e+00	0.000000e+00
1.896792e+03	2.000000e+03	0.000000e+00	0.000000e+00	0.000000e+00
# END HISTO1D


# BEGIN HISTO1D //eos/home-y/yiyu/monobc/Rivet_New2/X1500_pi20_L40_darkQCDtch.yoda.gz/JetMETAnalysis/jet_pt
ErrorBars=1
LineColor=blue
LineStyle=solid
Path=//eos/home-y/yiyu/monobc/Rivet_New2/X1500_pi20_L40_darkQCDtch.yoda.gz/JetMETAnalysis/jet_pt
ScaledBy=3.77256527843456277e-06
Title=X1500_pi20_L40
# xlow	 xhigh	 val	 errminus	 errplus
1.000000e+01	1.054412e+01	0.000000e+00	0.000000e+00	0.000000e+00
1.054412e+01	1.111784e+01	0.000000e+00	0.000000e+00	0.000000e+00
1.111784e+01	1.172279e+01	0.000000e+00	0.000000e+00	0.000000e+00
1.172279e+01	1.236065e+01	0.000000e+00	0.000000e+00	0.000000e+00
1.236065e+01	1.303321e+01	0.000000e+00	0.000000e+00	0.000000e+00
1.303321e+01	1.374238e+01	0.000000e+00	0.000000e+00	0.000000e+00
1.374238e+01	1.449012e+01	0.000000e+00	0.000000e+00	0.000000e+00
1.449012e+01	1.527856e+01	0.000000e+00	0.000000e+00	0.000000e+00
1.527856e+01	1.610989e+01	0.000000e+00	0.000000e+00	0.000000e+00
1.610989e+01	1.698646e+01	0.000000e+00	0.000000e+00	0.000000e+00
1.698646e+01	1.791073e+01	0.000000e+00	0.000000e+00	0.000000e+00
1.791073e+01	1.888529e+01	0.000000e+00	0.000000e+00	0.000000e+00
1.888529e+01	1.991287e+01	0.000000e+00	0.000000e+00	0.000000e+00
1.991287e+01	2.099637e+01	2.459144e-06	6.345253e-08	6.345253e-08
2.099637e+01	2.213882e+01	2.605540e-06	6.360653e-08	6.360653e-08
2.213882e+01	2.334344e+01	2.423944e-06	5.978213e-08	5.978213e-08
2.334344e+01	2.461360e+01	2.411997e-06	5.810761e-08	5.810761e-08
2.461360e+01	2.595287e+01	2.174943e-06	5.367368e-08	5.367368e-08
2.595287e+01	2.736502e+01	2.030034e-06	5.056146e-08	5.056146e-08
2.736502e+01	2.885400e+01	1.983665e-06	4.864317e-08	4.864317e-08
2.885400e+01	3.042400e+01	1.903896e-06	4.640885e-08	4.640885e-08
3.042400e+01	3.207943e+01	1.757421e-06	4.339643e-08	4.339643e-08
3.207943e+01	3.382493e+01	1.625068e-06	4.066481e-08	4.066481e-08
3.382493e+01	3.566541e+01	1.544096e-06	3.857830e-08	3.857830e-08
3.566541e+01	3.760603e+01	1.443393e-06	3.634698e-08	3.634698e-08
3.760603e+01	3.965225e+01	1.329891e-06	3.397709e-08	3.397709e-08
3.965225e+01	4.180980e+01	1.261268e-06	3.220288e-08	3.220288e-08
4.180980e+01	4.408475e+01	1.172006e-06	3.025097e-08	3.025097e-08
4.408475e+01	4.648349e+01	1.138887e-06	2.905918e-08	2.905918e-08
4.648349e+01	4.901274e+01	9.728089e-07	2.612097e-08	2.612097e-08
4.901274e+01	5.167962e+01	9.039803e-07	2.452162e-08	2.452162e-08
5.167962e+01	5.449160e+01	8.712132e-07	2.346074e-08	2.346074e-08
5.449160e+01	5.745660e+01	7.915494e-07	2.177841e-08	2.177841e-08
5.745660e+01	6.058292e+01	7.478678e-07	2.060000e-08	2.060000e-08
6.058292e+01	6.387935e+01	6.608416e-07	1.885811e-08	1.885811e-08
6.387935e+01	6.735515e+01	6.313321e-07	1.796486e-08	1.796486e-08
6.735515e+01	7.102007e+01	5.513179e-07	1.635013e-08	1.635013e-08
7.102007e+01	7.488441e+01	5.141450e-07	1.536302e-08	1.536302e-08
7.488441e+01	7.895901e+01	4.688929e-07	1.430107e-08	1.430107e-08
7.895901e+01	8.325532e+01	3.951475e-07	1.281328e-08	1.281328e-08
8.325532e+01	8.778540e+01	3.669244e-07	1.198690e-08	1.198690e-08
8.778540e+01	9.256197e+01	3.327628e-07	1.112923e-08	1.112923e-08
9.256197e+01	9.759844e+01	2.993889e-07	1.029309e-08	1.029309e-08
9.759844e+01	1.029090e+02	2.715770e-07	9.536332e-09	9.536332e-09
1.029090e+02	1.085084e+02	2.350745e-07	8.653082e-09	8.653082e-09
1.085084e+02	1.144126e+02	1.910904e-07	7.577230e-09	7.577230e-09
1.144126e+02	1.206380e+02	1.977585e-07	7.506809e-09	7.506809e-09
1.206380e+02	1.272021e+02	1.683666e-07	6.756280e-09	6.756280e-09
1.272021e+02	1.341234e+02	1.440428e-07	6.076078e-09	6.076078e-09
1.341234e+02	1.414214e+02	1.174049e-07	5.342108e-09	5.342108e-09
1.414214e+02	1.491164e+02	1.053539e-07	4.928246e-09	4.928246e-09
1.491164e+02	1.572301e+02	8.942259e-08	4.421663e-09	4.421663e-09
1.572301e+02	1.657853e+02	8.646669e-08	4.234292e-09	4.234292e-09
1.657853e+02	1.748059e+02	6.587980e-08	3.599397e-09	3.599397e-09
1.748059e+02	1.843175e+02	6.024096e-08	3.372587e-09	3.372587e-09
1.843175e+02	1.943465e+02	5.306480e-08	3.063698e-09	3.063698e-09
1.943465e+02	2.049213e+02	4.328032e-08	2.694515e-09	2.694515e-09
2.049213e+02	2.160715e+02	3.722855e-08	2.444085e-09	2.444085e-09
2.160715e+02	2.278283e+02	3.560949e-08	2.327782e-09	2.327782e-09
2.278283e+02	2.402249e+02	2.604424e-08	1.930528e-09	1.930528e-09
2.402249e+02	2.532960e+02	2.307171e-08	1.779898e-09	1.779898e-09
2.532960e+02	2.670783e+02	2.046531e-08	1.623005e-09	1.623005e-09
2.670783e+02	2.816105e+02	1.818854e-08	1.490063e-09	1.490063e-09
2.816105e+02	2.969335e+02	1.759716e-08	1.427319e-09	1.427319e-09
2.969335e+02	3.130902e+02	1.460299e-08	1.275725e-09	1.275725e-09
3.130902e+02	3.301261e+02	1.322457e-08	1.173491e-09	1.173491e-09
3.301261e+02	3.480888e+02	1.036957e-08	1.011966e-09	1.011966e-09
3.480888e+02	3.670290e+02	9.178768e-09	9.366091e-10	9.366091e-10
3.670290e+02	3.869998e+02	8.527440e-09	8.793473e-10	8.793473e-10
3.869998e+02	4.080572e+02	8.424383e-09	8.424384e-10	8.424384e-10
4.080572e+02	4.302603e+02	6.951020e-09	7.621667e-10	7.621667e-10
4.302603e+02	4.536716e+02	5.834559e-09	6.649098e-10	6.649098e-10
4.536716e+02	4.783567e+02	6.970756e-09	7.077728e-10	7.077728e-10
4.783567e+02	5.043850e+02	5.861320e-09	6.320426e-10	6.320426e-10
5.043850e+02	5.318296e+02	6.786960e-09	6.623395e-10	6.623395e-10
5.318296e+02	5.607674e+02	4.658982e-09	5.483053e-10	5.483053e-10
5.607674e+02	5.912799e+02	4.185983e-09	4.933230e-10	4.933230e-10
5.912799e+02	6.234525e+02	4.631652e-09	5.053547e-10	5.053547e-10
6.234525e+02	6.573758e+02	4.288038e-09	4.792746e-10	4.792746e-10
6.573758e+02	6.931448e+02	4.215558e-09	4.625895e-10	4.625895e-10
6.931448e+02	7.308602e+02	4.045037e-09	4.412305e-10	4.412305e-10
7.308602e+02	7.706277e+02	3.479439e-09	4.039444e-10	4.039444e-10
7.706277e+02	8.125590e+02	2.792212e-09	3.436977e-10	3.436977e-10
8.125590e+02	8.567719e+02	2.086398e-09	3.002534e-10	3.002534e-10
8.567719e+02	9.033905e+02	1.522102e-09	2.466087e-10	2.466087e-10
9.033905e+02	9.525456e+02	1.804448e-09	2.551874e-10	2.551874e-10
9.525456e+02	1.004375e+03	1.403300e-09	2.191587e-10	2.191587e-10
1.004375e+03	1.059025e+03	8.764285e-10	1.686687e-10	1.686687e-10
1.059025e+03	1.116649e+03	1.323756e-09	2.065122e-10	2.065122e-10
1.116649e+03	1.177408e+03	6.131286e-10	1.337956e-10	1.337956e-10
1.177408e+03	1.241473e+03	4.430391e-10	1.107598e-10	1.107598e-10
1.241473e+03	1.309024e+03	3.676539e-10	9.825963e-11	9.825963e-11
1.309024e+03	1.380250e+03	4.732144e-10	1.085628e-10	1.085628e-10
1.380250e+03	1.455352e+03	1.417238e-10	5.785847e-11	5.785847e-11
1.455352e+03	1.534541e+03	2.912201e-10	8.076993e-11	8.076993e-11
1.534541e+03	1.618038e+03	1.487202e-10	5.621097e-11	5.621097e-11
1.618038e+03	1.706079e+03	4.029841e-11	4.029841e-11	4.029841e-11
1.706079e+03	1.798910e+03	1.910952e-11	1.910952e-11	1.910952e-11
1.798910e+03	1.896792e+03	5.437025e-11	3.139068e-11	3.139068e-11
1.896792e+03	2.000000e+03	0.000000e+00	0.000000e+00	0.000000e+00
# END HISTO1D


# BEGIN HISTO1D //eos/home-y/yiyu/monobc/Rivet_New2/X2000_pi20_L40_darkQCDtch.yoda.gz/JetMETAnalysis/jet_pt
ErrorBars=1
LineColor=violet
LineStyle=solid
Path=//eos/home-y/yiyu/monobc/Rivet_New2/X2000_pi20_L40_darkQCDtch.yoda.gz/JetMETAnalysis/jet_pt
ScaledBy=4.02203882379310458e-06
Title=X2000_pi20_L40
# xlow	 xhigh	 val	 errminus	 errplus
1.000000e+01	1.054412e+01	0.000000e+00	0.000000e+00	0.000000e+00
1.054412e+01	1.111784e+01	0.000000e+00	0.000000e+00	0.000000e+00
1.111784e+01	1.172279e+01	0.000000e+00	0.000000e+00	0.000000e+00
1.172279e+01	1.236065e+01	0.000000e+00	0.000000e+00	0.000000e+00
1.236065e+01	1.303321e+01	0.000000e+00	0.000000e+00	0.000000e+00
1.303321e+01	1.374238e+01	0.000000e+00	0.000000e+00	0.000000e+00
1.374238e+01	1.449012e+01	0.000000e+00	0.000000e+00	0.000000e+00
1.449012e+01	1.527856e+01	0.000000e+00	0.000000e+00	0.000000e+00
1.527856e+01	1.610989e+01	0.000000e+00	0.000000e+00	0.000000e+00
1.610989e+01	1.698646e+01	0.000000e+00	0.000000e+00	0.000000e+00
1.698646e+01	1.791073e+01	0.000000e+00	0.000000e+00	0.000000e+00
1.791073e+01	1.888529e+01	0.000000e+00	0.000000e+00	0.000000e+00
1.888529e+01	1.991287e+01	0.000000e+00	0.000000e+00	0.000000e+00
1.991287e+01	2.099637e+01	8.416214e-07	2.136343e-08	2.136343e-08
2.099637e+01	2.213882e+01	8.624816e-07	2.106121e-08	2.106121e-08
2.213882e+01	2.334344e+01	8.247978e-07	2.006931e-08	2.006931e-08
2.334344e+01	2.461360e+01	8.275721e-07	1.957687e-08	1.957687e-08
2.461360e+01	2.595287e+01	7.743383e-07	1.845227e-08	1.845227e-08
2.595287e+01	2.736502e+01	7.526821e-07	1.769671e-08	1.769671e-08
2.736502e+01	2.885400e+01	6.834598e-07	1.643197e-08	1.643197e-08
2.885400e+01	3.042400e+01	6.418274e-07	1.550742e-08	1.550742e-08
3.042400e+01	3.207943e+01	6.143842e-07	1.477551e-08	1.477551e-08
3.207943e+01	3.382493e+01	5.560888e-07	1.368167e-08	1.368167e-08
3.382493e+01	3.566541e+01	5.194102e-07	1.287706e-08	1.287706e-08
3.566541e+01	3.760603e+01	4.971491e-07	1.227621e-08	1.227621e-08
3.760603e+01	3.965225e+01	4.617296e-07	1.151449e-08	1.151449e-08
3.965225e+01	4.180980e+01	4.351809e-07	1.089314e-08	1.089314e-08
4.180980e+01	4.408475e+01	3.765647e-07	9.861906e-09	9.861906e-09
4.408475e+01	4.648349e+01	3.549271e-07	9.324058e-09	9.324058e-09
4.648349e+01	4.901274e+01	3.549650e-07	9.080795e-09	9.080795e-09
4.901274e+01	5.167962e+01	3.099878e-07	8.264137e-09	8.264137e-09
5.167962e+01	5.449160e+01	2.847984e-07	7.714178e-09	7.714178e-09
5.449160e+01	5.745660e+01	2.732710e-07	7.364209e-09	7.364209e-09
5.745660e+01	6.058292e+01	2.537198e-07	6.910490e-09	6.910490e-09
6.058292e+01	6.387935e+01	2.292192e-07	6.396877e-09	6.396877e-09
6.387935e+01	6.735515e+01	2.156999e-07	6.038437e-09	6.038437e-09
6.735515e+01	7.102007e+01	1.938277e-07	5.574458e-09	5.574458e-09
7.102007e+01	7.488441e+01	1.693807e-07	5.074827e-09	5.074827e-09
7.488441e+01	7.895901e+01	1.607844e-07	4.815112e-09	4.815112e-09
7.895901e+01	8.325532e+01	1.408626e-07	4.389115e-09	4.389115e-09
8.325532e+01	8.778540e+01	1.295727e-07	4.103601e-09	4.103601e-09
8.778540e+01	9.256197e+01	1.171048e-07	3.803354e-09	3.803354e-09
9.256197e+01	9.759844e+01	1.063953e-07	3.523101e-09	3.523101e-09
9.759844e+01	1.029090e+02	9.515072e-08	3.244613e-09	3.244613e-09
1.029090e+02	1.085084e+02	8.216261e-08	2.936252e-09	2.936252e-09
1.085084e+02	1.144126e+02	7.961280e-08	2.818254e-09	2.818254e-09
1.144126e+02	1.206380e+02	6.332995e-08	2.444826e-09	2.444826e-09
1.206380e+02	1.272021e+02	5.675028e-08	2.253842e-09	2.253842e-09
1.272021e+02	1.341234e+02	5.203874e-08	2.101825e-09	2.101825e-09
1.341234e+02	1.414214e+02	4.605175e-08	1.928884e-09	1.928884e-09
1.414214e+02	1.491164e+02	3.833090e-08	1.710792e-09	1.710792e-09
1.491164e+02	1.572301e+02	3.548389e-08	1.602998e-09	1.602998e-09
1.572301e+02	1.657853e+02	2.911988e-08	1.414187e-09	1.414187e-09
1.657853e+02	1.748059e+02	2.383963e-08	1.246118e-09	1.246118e-09
1.748059e+02	1.843175e+02	2.057049e-08	1.127256e-09	1.127256e-09
1.843175e+02	1.943465e+02	1.693145e-08	9.959677e-10	9.959677e-10
1.943465e+02	2.049213e+02	1.500187e-08	9.129851e-10	9.129851e-10
2.049213e+02	2.160715e+02	1.406962e-08	8.610471e-10	8.610471e-10
2.160715e+02	2.278283e+02	1.169447e-08	7.644917e-10	7.644917e-10
2.278283e+02	2.402249e+02	8.815853e-09	6.498757e-10	6.498757e-10
2.402249e+02	2.532960e+02	7.372006e-09	5.791564e-10	5.791564e-10
2.532960e+02	2.670783e+02	7.119487e-09	5.542116e-10	5.542116e-10
2.670783e+02	2.816105e+02	5.296560e-09	4.627626e-10	4.627626e-10
2.816105e+02	2.969335e+02	4.179619e-09	4.039910e-10	4.039910e-10
2.969335e+02	3.130902e+02	3.782115e-09	3.779316e-10	3.779316e-10
3.130902e+02	3.301261e+02	3.276517e-09	3.466168e-10	3.466168e-10
3.301261e+02	3.480888e+02	2.714942e-09	3.015726e-10	3.015726e-10
3.480888e+02	3.670290e+02	2.140516e-09	2.576879e-10	2.576879e-10
3.670290e+02	3.869998e+02	1.971212e-09	2.408219e-10	2.408219e-10
3.869998e+02	4.080572e+02	1.590465e-09	2.106622e-10	2.106622e-10
4.080572e+02	4.302603e+02	1.402543e-09	1.926541e-10	1.926541e-10
4.302603e+02	4.536716e+02	1.079187e-09	1.645745e-10	1.645745e-10
4.536716e+02	4.783567e+02	1.071104e-09	1.596707e-10	1.596707e-10
4.783567e+02	5.043850e+02	8.578113e-10	1.391554e-10	1.391554e-10
5.043850e+02	5.318296e+02	7.493161e-10	1.266575e-10	1.266575e-10
5.318296e+02	5.607674e+02	5.076080e-10	1.015216e-10	1.015216e-10
5.607674e+02	5.912799e+02	6.354628e-10	1.106198e-10	1.106198e-10
5.912799e+02	6.234525e+02	5.296218e-10	9.834831e-11	9.834831e-11
6.234525e+02	6.573758e+02	3.983672e-10	8.306533e-11	8.306533e-11
6.573758e+02	6.931448e+02	1.642658e-10	6.146263e-11	6.146263e-11
6.931448e+02	7.308602e+02	4.050499e-10	7.943683e-11	7.943683e-11
7.308602e+02	7.706277e+02	3.545986e-10	7.238212e-11	7.238212e-11
7.706277e+02	8.125590e+02	2.662374e-10	6.107907e-11	6.107907e-11
8.125590e+02	8.567719e+02	2.923665e-10	6.233275e-11	6.233275e-11
8.567719e+02	9.033905e+02	3.024866e-10	6.174480e-11	6.174480e-11
9.033905e+02	9.525456e+02	1.553920e-10	4.629467e-11	4.629467e-11
9.525456e+02	1.004375e+03	2.267294e-10	5.069823e-11	5.069823e-11
1.004375e+03	1.059025e+03	2.042759e-10	4.686413e-11	4.686413e-11
1.059025e+03	1.116649e+03	5.098244e-11	2.280004e-11	2.280004e-11
1.116649e+03	1.177408e+03	1.547260e-10	3.868150e-11	3.868150e-11
1.177408e+03	1.241473e+03	1.375702e-10	3.552048e-11	3.552048e-11
1.241473e+03	1.309024e+03	6.958445e-11	2.460182e-11	2.460182e-11
1.309024e+03	1.380250e+03	5.774487e-11	2.182551e-11	2.182551e-11
1.380250e+03	1.455352e+03	1.564705e-11	1.564705e-11	1.564705e-11
1.455352e+03	1.534541e+03	2.225924e-11	1.285138e-11	1.285138e-11
1.534541e+03	1.618038e+03	1.407386e-11	1.407386e-11	1.407386e-11
1.618038e+03	1.706079e+03	6.673736e-12	6.673735e-12	6.673735e-12
1.706079e+03	1.798910e+03	1.265876e-11	1.265875e-11	1.265875e-11
1.798910e+03	1.896792e+03	1.800829e-11	1.039709e-11	1.039709e-11
1.896792e+03	2.000000e+03	-5.692993e-12	5.692992e-12	5.692992e-12
# END HISTO1D

