# BEGIN PLOT
Legend=1
LogY=1
LegendPlacement=manual
LegendAlign=r
LegendXPos=1.32
RightMargin=3.3
Title=Di-bjet $\Delta R$
XLabel=$\Delta R_{bb}$
YLabel=$\mathrm{d}\sigma/\mathrm{d}\Delta R_{bb}$ [pb]
DrawOnly=//eos/home-y/yiyu/monobc/Rivet_New/X1000_Qd10.yoda.gz/JetMETAnalysis/bb_dR //eos/home-y/yiyu/monobc/Rivet_New/X1000_Qd20.yoda.gz/JetMETAnalysis/bb_dR //eos/home-y/yiyu/monobc/Rivet_New/X1000_Qd40.yoda.gz/JetMETAnalysis/bb_dR //eos/home-y/yiyu/monobc/Rivet_New/X1200_Qd10.yoda.gz/JetMETAnalysis/bb_dR //eos/home-y/yiyu/monobc/Rivet_New/X1200_Qd20.yoda.gz/JetMETAnalysis/bb_dR //eos/home-y/yiyu/monobc/Rivet_New/X1200_Qd40.yoda.gz/JetMETAnalysis/bb_dR //eos/home-y/yiyu/monobc/Rivet_New/X1500_Qd10.yoda.gz/JetMETAnalysis/bb_dR //eos/home-y/yiyu/monobc/Rivet_New/X1500_Qd20.yoda.gz/JetMETAnalysis/bb_dR //eos/home-y/yiyu/monobc/Rivet_New/X1500_Qd40.yoda.gz/JetMETAnalysis/bb_dR //eos/home-y/yiyu/monobc/Rivet_New/X2000_Qd10.yoda.gz/JetMETAnalysis/bb_dR //eos/home-y/yiyu/monobc/Rivet_New/X2000_Qd20.yoda.gz/JetMETAnalysis/bb_dR //eos/home-y/yiyu/monobc/Rivet_New/X2000_Qd40.yoda.gz/JetMETAnalysis/bb_dR //eos/home-y/yiyu/monobc/Rivet_New/X600_Qd10.yoda.gz/JetMETAnalysis/bb_dR //eos/home-y/yiyu/monobc/Rivet_New/X600_Qd20.yoda.gz/JetMETAnalysis/bb_dR //eos/home-y/yiyu/monobc/Rivet_New/X600_Qd40.yoda.gz/JetMETAnalysis/bb_dR //eos/home-y/yiyu/monobc/Rivet_New/X800_Qd10.yoda.gz/JetMETAnalysis/bb_dR //eos/home-y/yiyu/monobc/Rivet_New/X800_Qd20.yoda.gz/JetMETAnalysis/bb_dR //eos/home-y/yiyu/monobc/Rivet_New/X800_Qd40.yoda.gz/JetMETAnalysis/bb_dR
LegendOnly=//eos/home-y/yiyu/monobc/Rivet_New/X1000_Qd10.yoda.gz/JetMETAnalysis/bb_dR //eos/home-y/yiyu/monobc/Rivet_New/X1000_Qd20.yoda.gz/JetMETAnalysis/bb_dR //eos/home-y/yiyu/monobc/Rivet_New/X1000_Qd40.yoda.gz/JetMETAnalysis/bb_dR //eos/home-y/yiyu/monobc/Rivet_New/X1200_Qd10.yoda.gz/JetMETAnalysis/bb_dR //eos/home-y/yiyu/monobc/Rivet_New/X1200_Qd20.yoda.gz/JetMETAnalysis/bb_dR //eos/home-y/yiyu/monobc/Rivet_New/X1200_Qd40.yoda.gz/JetMETAnalysis/bb_dR //eos/home-y/yiyu/monobc/Rivet_New/X1500_Qd10.yoda.gz/JetMETAnalysis/bb_dR //eos/home-y/yiyu/monobc/Rivet_New/X1500_Qd20.yoda.gz/JetMETAnalysis/bb_dR //eos/home-y/yiyu/monobc/Rivet_New/X1500_Qd40.yoda.gz/JetMETAnalysis/bb_dR //eos/home-y/yiyu/monobc/Rivet_New/X2000_Qd10.yoda.gz/JetMETAnalysis/bb_dR //eos/home-y/yiyu/monobc/Rivet_New/X2000_Qd20.yoda.gz/JetMETAnalysis/bb_dR //eos/home-y/yiyu/monobc/Rivet_New/X2000_Qd40.yoda.gz/JetMETAnalysis/bb_dR //eos/home-y/yiyu/monobc/Rivet_New/X600_Qd10.yoda.gz/JetMETAnalysis/bb_dR //eos/home-y/yiyu/monobc/Rivet_New/X600_Qd20.yoda.gz/JetMETAnalysis/bb_dR //eos/home-y/yiyu/monobc/Rivet_New/X600_Qd40.yoda.gz/JetMETAnalysis/bb_dR //eos/home-y/yiyu/monobc/Rivet_New/X800_Qd10.yoda.gz/JetMETAnalysis/bb_dR //eos/home-y/yiyu/monobc/Rivet_New/X800_Qd20.yoda.gz/JetMETAnalysis/bb_dR //eos/home-y/yiyu/monobc/Rivet_New/X800_Qd40.yoda.gz/JetMETAnalysis/bb_dR
RatioPlot=1
RatioPlotReference=//eos/home-y/yiyu/monobc/Rivet_New/X1000_Qd10.yoda.gz/JetMETAnalysis/bb_dR
RatioPlotYLabel=Ratio
# END PLOT

# BEGIN HISTO1D //eos/home-y/yiyu/monobc/Rivet_New/X1000_Qd10.yoda.gz/JetMETAnalysis/bb_dR
ErrorBars=1
LineColor=red
LineStyle=solid
Path=//eos/home-y/yiyu/monobc/Rivet_New/X1000_Qd10.yoda.gz/JetMETAnalysis/bb_dR
ScaledBy=1.57872041894473936e-05
Title=X1000_Qd10
# xlow	 xhigh	 val	 errminus	 errplus
0.000000e+00	1.000000e-01	0.000000e+00	0.000000e+00	0.000000e+00
1.000000e-01	2.000000e-01	0.000000e+00	0.000000e+00	0.000000e+00
2.000000e-01	3.000000e-01	0.000000e+00	0.000000e+00	0.000000e+00
3.000000e-01	4.000000e-01	0.000000e+00	0.000000e+00	0.000000e+00
4.000000e-01	5.000000e-01	4.753153e-01	4.281135e-02	4.281135e-02
5.000000e-01	6.000000e-01	5.747999e-01	4.660710e-02	4.660710e-02
6.000000e-01	7.000000e-01	7.332383e-01	5.352212e-02	5.352212e-02
7.000000e-01	8.000000e-01	7.037614e-01	5.223842e-02	5.223842e-02
8.000000e-01	9.000000e-01	9.469459e-01	6.020710e-02	6.020710e-02
9.000000e-01	1.000000e+00	9.764229e-01	6.110242e-02	6.110242e-02
1.000000e+00	1.100000e+00	1.149600e+00	6.713688e-02	6.713688e-02
1.100000e+00	1.200000e+00	1.197500e+00	6.883428e-02	6.883428e-02
1.200000e+00	1.300000e+00	1.330146e+00	7.097069e-02	7.097069e-02
1.300000e+00	1.400000e+00	1.499638e+00	7.578134e-02	7.578134e-02
1.400000e+00	1.500000e+00	1.400154e+00	7.295165e-02	7.295165e-02
1.500000e+00	1.600000e+00	1.713346e+00	8.147915e-02	8.147915e-02
1.600000e+00	1.700000e+00	1.849677e+00	8.466600e-02	8.466600e-02
1.700000e+00	1.800000e+00	1.820200e+00	8.418357e-02	8.418357e-02
1.800000e+00	1.900000e+00	1.989692e+00	8.858414e-02	8.858414e-02
1.900000e+00	2.000000e+00	2.004430e+00	8.843075e-02	8.843075e-02
2.000000e+00	2.100000e+00	2.100230e+00	9.040456e-02	9.040456e-02
2.100000e+00	2.200000e+00	2.487115e+00	9.783328e-02	9.783328e-02
2.200000e+00	2.300000e+00	2.487115e+00	9.824871e-02	9.824871e-02
2.300000e+00	2.400000e+00	2.523961e+00	9.934803e-02	9.934803e-02
2.400000e+00	2.500000e+00	2.597653e+00	1.003000e-01	1.003000e-01
2.500000e+00	2.600000e+00	2.851892e+00	1.047364e-01	1.047364e-01
2.600000e+00	2.700000e+00	2.686084e+00	1.034977e-01	1.034977e-01
2.700000e+00	2.800000e+00	3.039807e+00	1.088677e-01	1.088677e-01
2.800000e+00	2.900000e+00	3.224038e+00	1.113339e-01	1.113339e-01
2.900000e+00	3.000000e+00	3.047176e+00	1.094895e-01	1.094895e-01
3.000000e+00	3.100000e+00	3.308784e+00	1.134478e-01	1.134478e-01
3.100000e+00	3.200000e+00	2.811361e+00	1.045418e-01	1.045418e-01
3.200000e+00	3.300000e+00	1.779669e+00	8.345469e-02	8.345469e-02
3.300000e+00	3.400000e+00	1.322777e+00	7.267196e-02	7.267196e-02
3.400000e+00	3.500000e+00	1.160654e+00	6.764054e-02	6.764054e-02
3.500000e+00	3.600000e+00	9.801075e-01	6.296272e-02	6.296272e-02
3.600000e+00	3.700000e+00	7.369229e-01	5.314027e-02	5.314027e-02
3.700000e+00	3.800000e+00	5.784845e-01	4.818259e-02	4.818259e-02
3.800000e+00	3.900000e+00	4.237307e-01	4.086435e-02	4.086435e-02
3.900000e+00	4.000000e+00	2.984538e-01	3.628924e-02	3.628924e-02
4.000000e+00	4.100000e+00	2.800307e-01	3.416971e-02	3.416971e-02
4.100000e+00	4.200000e+00	2.358153e-01	3.082770e-02	3.082770e-02
4.200000e+00	4.300000e+00	1.437000e-01	2.526045e-02	2.526045e-02
4.300000e+00	4.400000e+00	1.031692e-01	2.084333e-02	2.084333e-02
4.400000e+00	4.500000e+00	7.737691e-02	2.051507e-02	2.051507e-02
4.500000e+00	4.600000e+00	5.895383e-02	1.473846e-02	1.473846e-02
4.600000e+00	4.700000e+00	7.369229e-02	1.728238e-02	1.728238e-02
4.700000e+00	4.800000e+00	2.579230e-02	1.105385e-02	1.105385e-02
4.800000e+00	4.900000e+00	2.210769e-02	1.165177e-02	1.165177e-02
4.900000e+00	5.000000e+00	1.473846e-02	7.369229e-03	7.369229e-03
# END HISTO1D


# BEGIN HISTO1D //eos/home-y/yiyu/monobc/Rivet_New/X1000_Qd20.yoda.gz/JetMETAnalysis/bb_dR
ErrorBars=1
LineColor=blue
LineStyle=solid
Path=//eos/home-y/yiyu/monobc/Rivet_New/X1000_Qd20.yoda.gz/JetMETAnalysis/bb_dR
ScaledBy=1.59148787614182405e-05
Title=X1000_Qd20
# xlow	 xhigh	 val	 errminus	 errplus
0.000000e+00	1.000000e-01	0.000000e+00	0.000000e+00	0.000000e+00
1.000000e-01	2.000000e-01	0.000000e+00	0.000000e+00	0.000000e+00
2.000000e-01	3.000000e-01	0.000000e+00	0.000000e+00	0.000000e+00
3.000000e-01	4.000000e-01	0.000000e+00	0.000000e+00	0.000000e+00
4.000000e-01	5.000000e-01	5.534201e-01	4.594247e-02	4.594247e-02
5.000000e-01	6.000000e-01	6.685612e-01	5.065533e-02	5.065533e-02
6.000000e-01	7.000000e-01	7.502742e-01	5.382429e-02	5.382429e-02
7.000000e-01	8.000000e-01	8.134161e-01	5.669524e-02	5.669524e-02
8.000000e-01	9.000000e-01	8.802722e-01	5.860954e-02	5.860954e-02
9.000000e-01	1.000000e+00	1.058555e+00	6.379397e-02	6.379397e-02
1.000000e+00	1.100000e+00	1.028841e+00	6.336000e-02	6.336000e-02
1.100000e+00	1.200000e+00	1.229410e+00	6.838620e-02	6.838620e-02
1.200000e+00	1.300000e+00	1.322265e+00	7.125126e-02	7.125126e-02
1.300000e+00	1.400000e+00	1.500548e+00	7.593759e-02	7.593759e-02
1.400000e+00	1.500000e+00	1.652832e+00	7.992067e-02	7.992067e-02
1.500000e+00	1.600000e+00	1.667689e+00	7.992067e-02	7.992067e-02
1.600000e+00	1.700000e+00	1.745688e+00	8.238558e-02	8.238558e-02
1.700000e+00	1.800000e+00	1.764259e+00	8.461597e-02	8.461597e-02
1.800000e+00	1.900000e+00	2.053968e+00	8.937333e-02	8.937333e-02
1.900000e+00	2.000000e+00	1.949970e+00	8.781618e-02	8.781618e-02
2.000000e+00	2.100000e+00	2.146824e+00	9.158417e-02	9.158417e-02
2.100000e+00	2.200000e+00	2.150538e+00	9.210987e-02	9.210987e-02
2.200000e+00	2.300000e+00	2.406820e+00	9.614043e-02	9.614043e-02
2.300000e+00	2.400000e+00	2.481105e+00	9.896869e-02	9.896869e-02
2.400000e+00	2.500000e+00	2.492247e+00	9.917756e-02	9.917756e-02
2.500000e+00	2.600000e+00	2.748529e+00	1.027976e-01	1.027976e-01
2.600000e+00	2.700000e+00	2.952812e+00	1.068123e-01	1.068123e-01
2.700000e+00	2.800000e+00	3.145952e+00	1.109927e-01	1.109927e-01
2.800000e+00	2.900000e+00	3.112524e+00	1.095540e-01	1.095540e-01
2.900000e+00	3.000000e+00	3.138523e+00	1.117359e-01	1.117359e-01
3.000000e+00	3.100000e+00	3.205379e+00	1.134513e-01	1.134513e-01
3.100000e+00	3.200000e+00	2.752243e+00	1.037992e-01	1.037992e-01
3.200000e+00	3.300000e+00	2.042826e+00	9.006526e-02	9.006526e-02
3.300000e+00	3.400000e+00	1.511691e+00	7.782173e-02	7.782173e-02
3.400000e+00	3.500000e+00	1.195982e+00	6.988279e-02	6.988279e-02
3.500000e+00	3.600000e+00	8.765580e-01	6.034908e-02	6.034908e-02
3.600000e+00	3.700000e+00	7.242746e-01	5.620648e-02	5.620648e-02
3.700000e+00	3.800000e+00	6.351331e-01	5.213169e-02	5.213169e-02
3.800000e+00	3.900000e+00	4.197078e-01	4.251129e-02	4.251129e-02
3.900000e+00	4.000000e+00	3.454233e-01	3.842028e-02	3.842028e-02
4.000000e+00	4.100000e+00	3.194237e-01	3.601079e-02	3.601079e-02
4.100000e+00	4.200000e+00	2.525676e-01	3.151628e-02	3.151628e-02
4.200000e+00	4.300000e+00	1.745688e-01	2.703999e-02	2.703999e-02
4.300000e+00	4.400000e+00	1.188553e-01	2.289604e-02	2.289604e-02
4.400000e+00	4.500000e+00	6.314189e-02	1.781282e-02	1.781282e-02
4.500000e+00	4.600000e+00	1.077126e-01	2.133662e-02	2.133662e-02
4.600000e+00	4.700000e+00	5.942766e-02	1.485691e-02	1.485691e-02
4.700000e+00	4.800000e+00	3.714229e-02	1.174542e-02	1.174542e-02
4.800000e+00	4.900000e+00	3.714229e-02	1.286646e-02	1.286646e-02
4.900000e+00	5.000000e+00	2.599960e-02	9.826926e-03	9.826926e-03
# END HISTO1D


# BEGIN HISTO1D //eos/home-y/yiyu/monobc/Rivet_New/X1000_Qd40.yoda.gz/JetMETAnalysis/bb_dR
ErrorBars=1
LineColor=green
LineStyle=solid
Path=//eos/home-y/yiyu/monobc/Rivet_New/X1000_Qd40.yoda.gz/JetMETAnalysis/bb_dR
ScaledBy=1.57578455171900267e-05
Title=X1000_Qd40
# xlow	 xhigh	 val	 errminus	 errplus
0.000000e+00	1.000000e-01	0.000000e+00	0.000000e+00	0.000000e+00
1.000000e-01	2.000000e-01	0.000000e+00	0.000000e+00	0.000000e+00
2.000000e-01	3.000000e-01	0.000000e+00	0.000000e+00	0.000000e+00
3.000000e-01	4.000000e-01	3.651737e-03	3.651737e-03	3.651737e-03
4.000000e-01	5.000000e-01	3.834323e-01	3.916052e-02	3.916052e-02
5.000000e-01	6.000000e-01	6.207952e-01	4.789208e-02	4.789208e-02
6.000000e-01	7.000000e-01	7.887751e-01	5.489764e-02	5.489764e-02
7.000000e-01	8.000000e-01	7.960786e-01	5.657246e-02	5.657246e-02
8.000000e-01	9.000000e-01	8.618098e-01	5.727525e-02	5.727525e-02
9.000000e-01	1.000000e+00	1.029790e+00	6.218683e-02	6.218683e-02
1.000000e+00	1.100000e+00	1.077262e+00	6.460581e-02	6.460581e-02
1.100000e+00	1.200000e+00	1.292715e+00	6.986184e-02	6.986184e-02
1.200000e+00	1.300000e+00	1.384008e+00	7.239286e-02	7.239286e-02
1.300000e+00	1.400000e+00	1.402267e+00	7.285191e-02	7.285191e-02
1.400000e+00	1.500000e+00	1.446088e+00	7.430184e-02	7.430184e-02
1.500000e+00	1.600000e+00	1.687102e+00	8.017205e-02	8.017205e-02
1.600000e+00	1.700000e+00	1.730923e+00	8.116390e-02	8.116390e-02
1.700000e+00	1.800000e+00	1.876993e+00	8.532882e-02	8.532882e-02
1.800000e+00	1.900000e+00	1.979241e+00	8.657004e-02	8.657004e-02
1.900000e+00	2.000000e+00	2.088793e+00	8.974658e-02	8.974658e-02
2.000000e+00	2.100000e+00	2.260425e+00	9.231024e-02	9.231024e-02
2.100000e+00	2.200000e+00	2.413798e+00	9.557509e-02	9.557509e-02
2.200000e+00	2.300000e+00	2.446663e+00	9.744048e-02	9.744048e-02
2.300000e+00	2.400000e+00	2.530653e+00	9.873204e-02	9.873204e-02
2.400000e+00	2.500000e+00	2.760713e+00	1.034157e-01	1.034157e-01
2.500000e+00	2.600000e+00	2.625599e+00	1.019220e-01	1.019220e-01
2.600000e+00	2.700000e+00	2.760713e+00	1.043145e-01	1.043145e-01
2.700000e+00	2.800000e+00	3.001727e+00	1.075869e-01	1.075869e-01
2.800000e+00	2.900000e+00	2.873917e+00	1.057744e-01	1.057744e-01
2.900000e+00	3.000000e+00	2.987120e+00	1.078345e-01	1.078345e-01
3.000000e+00	3.100000e+00	3.136842e+00	1.105819e-01	1.105819e-01
3.100000e+00	3.200000e+00	2.789927e+00	1.049517e-01	1.049517e-01
3.200000e+00	3.300000e+00	1.756485e+00	8.206257e-02	8.206257e-02
3.300000e+00	3.400000e+00	1.416874e+00	7.501630e-02	7.501630e-02
3.400000e+00	3.500000e+00	1.164904e+00	6.763111e-02	6.763111e-02
3.500000e+00	3.600000e+00	8.581581e-01	5.762343e-02	5.762343e-02
3.600000e+00	3.700000e+00	7.814716e-01	5.465419e-02	5.465419e-02
3.700000e+00	3.800000e+00	4.528153e-01	4.412410e-02	4.412410e-02
3.800000e+00	3.900000e+00	4.710740e-01	4.242934e-02	4.242934e-02
3.900000e+00	4.000000e+00	3.213528e-01	3.540490e-02	3.540490e-02
4.000000e+00	4.100000e+00	3.177011e-01	3.596543e-02	3.596543e-02
4.100000e+00	4.200000e+00	1.862386e-01	2.708200e-02	2.708200e-02
4.200000e+00	4.300000e+00	1.497212e-01	2.449659e-02	2.449659e-02
4.300000e+00	4.400000e+00	1.278108e-01	2.280509e-02	2.280509e-02
4.400000e+00	4.500000e+00	9.494515e-02	1.932317e-02	1.932317e-02
4.500000e+00	4.600000e+00	7.668647e-02	1.897498e-02	1.897498e-02
4.600000e+00	4.700000e+00	7.303473e-02	1.633106e-02	1.633106e-02
4.700000e+00	4.800000e+00	5.112431e-02	1.366355e-02	1.366355e-02
4.800000e+00	4.900000e+00	4.747257e-02	1.414311e-02	1.414311e-02
4.900000e+00	5.000000e+00	1.460695e-02	7.303473e-03	7.303473e-03
# END HISTO1D


# BEGIN HISTO1D //eos/home-y/yiyu/monobc/Rivet_New/X1200_Qd10.yoda.gz/JetMETAnalysis/bb_dR
ErrorBars=1
LineColor=orange
LineStyle=solid
Path=//eos/home-y/yiyu/monobc/Rivet_New/X1200_Qd10.yoda.gz/JetMETAnalysis/bb_dR
ScaledBy=1.55131369446056310e-05
Title=X1200_Qd10
# xlow	 xhigh	 val	 errminus	 errplus
0.000000e+00	1.000000e-01	0.000000e+00	0.000000e+00	0.000000e+00
1.000000e-01	2.000000e-01	0.000000e+00	0.000000e+00	0.000000e+00
2.000000e-01	3.000000e-01	0.000000e+00	0.000000e+00	0.000000e+00
3.000000e-01	4.000000e-01	0.000000e+00	0.000000e+00	0.000000e+00
4.000000e-01	5.000000e-01	1.445744e-01	1.478821e-02	1.478821e-02
5.000000e-01	6.000000e-01	2.596725e-01	2.009700e-02	2.009700e-02
6.000000e-01	7.000000e-01	2.947634e-01	2.100769e-02	2.100769e-02
7.000000e-01	8.000000e-01	2.835343e-01	2.053341e-02	2.053341e-02
8.000000e-01	9.000000e-01	3.593306e-01	2.289260e-02	2.289260e-02
9.000000e-01	1.000000e+00	4.140724e-01	2.506972e-02	2.506972e-02
1.000000e+00	1.100000e+00	4.617960e-01	2.659509e-02	2.659509e-02
1.100000e+00	1.200000e+00	4.477596e-01	2.652090e-02	2.652090e-02
1.200000e+00	1.300000e+00	4.716214e-01	2.685312e-02	2.685312e-02
1.300000e+00	1.400000e+00	5.389959e-01	2.876596e-02	2.876596e-02
1.400000e+00	1.500000e+00	5.193450e-01	2.897070e-02	2.897070e-02
1.500000e+00	1.600000e+00	6.063704e-01	2.984169e-02	2.984169e-02
1.600000e+00	1.700000e+00	6.344431e-01	3.107079e-02	3.107079e-02
1.700000e+00	1.800000e+00	6.835703e-01	3.336402e-02	3.336402e-02
1.800000e+00	1.900000e+00	7.186612e-01	3.315670e-02	3.315670e-02
1.900000e+00	2.000000e+00	8.028793e-01	3.511894e-02	3.511894e-02
2.000000e+00	2.100000e+00	8.141084e-01	3.528684e-02	3.528684e-02
2.100000e+00	2.200000e+00	8.660429e-01	3.657540e-02	3.657540e-02
2.200000e+00	2.300000e+00	8.856938e-01	3.711016e-02	3.711016e-02
2.300000e+00	2.400000e+00	9.137665e-01	3.779403e-02	3.779403e-02
2.400000e+00	2.500000e+00	1.055534e+00	3.994815e-02	3.994815e-02
2.500000e+00	2.600000e+00	1.023250e+00	3.972561e-02	3.972561e-02
2.600000e+00	2.700000e+00	1.066763e+00	4.135367e-02	4.135367e-02
2.700000e+00	2.800000e+00	1.070974e+00	4.055996e-02	4.055996e-02
2.800000e+00	2.900000e+00	1.090625e+00	4.137749e-02	4.137749e-02
2.900000e+00	3.000000e+00	1.040094e+00	4.065699e-02	4.065699e-02
3.000000e+00	3.100000e+00	1.131330e+00	4.234234e-02	4.234234e-02
3.100000e+00	3.200000e+00	9.460501e-01	3.838884e-02	3.838884e-02
3.200000e+00	3.300000e+00	7.018176e-01	3.392038e-02	3.392038e-02
3.300000e+00	3.400000e+00	4.589887e-01	2.725367e-02	2.725367e-02
3.400000e+00	3.500000e+00	3.831924e-01	2.522641e-02	2.522641e-02
3.500000e+00	3.600000e+00	2.877452e-01	2.169967e-02	2.169967e-02
3.600000e+00	3.700000e+00	2.540580e-01	2.048538e-02	2.048538e-02
3.700000e+00	3.800000e+00	1.656289e-01	1.707596e-02	1.707596e-02
3.800000e+00	3.900000e+00	1.810689e-01	1.724816e-02	1.724816e-02
3.900000e+00	4.000000e+00	1.094835e-01	1.375276e-02	1.375276e-02
4.000000e+00	4.100000e+00	7.439266e-02	1.131647e-02	1.131647e-02
4.100000e+00	4.200000e+00	7.719993e-02	1.114101e-02	1.114101e-02
4.200000e+00	4.300000e+00	5.333814e-02	1.050384e-02	1.050384e-02
4.300000e+00	4.400000e+00	3.930178e-02	8.184529e-03	8.184529e-03
4.400000e+00	4.500000e+00	4.491633e-02	8.652588e-03	8.652588e-03
4.500000e+00	4.600000e+00	1.824726e-02	5.060878e-03	5.060878e-03
4.600000e+00	4.700000e+00	1.543999e-02	5.060878e-03	5.060878e-03
4.700000e+00	4.800000e+00	8.421811e-03	3.970079e-03	3.970079e-03
4.800000e+00	4.900000e+00	9.825446e-03	3.713669e-03	3.713669e-03
4.900000e+00	5.000000e+00	5.614541e-03	2.807270e-03	2.807270e-03
# END HISTO1D


# BEGIN HISTO1D //eos/home-y/yiyu/monobc/Rivet_New/X1200_Qd20.yoda.gz/JetMETAnalysis/bb_dR
ErrorBars=1
LineColor=lilac
LineStyle=solid
Path=//eos/home-y/yiyu/monobc/Rivet_New/X1200_Qd20.yoda.gz/JetMETAnalysis/bb_dR
ScaledBy=1.52017278918568426e-05
Title=X1200_Qd20
# xlow	 xhigh	 val	 errminus	 errplus
0.000000e+00	1.000000e-01	0.000000e+00	0.000000e+00	0.000000e+00
1.000000e-01	2.000000e-01	0.000000e+00	0.000000e+00	0.000000e+00
2.000000e-01	3.000000e-01	0.000000e+00	0.000000e+00	0.000000e+00
3.000000e-01	4.000000e-01	0.000000e+00	0.000000e+00	0.000000e+00
4.000000e-01	5.000000e-01	1.889177e-01	1.637426e-02	1.637426e-02
5.000000e-01	6.000000e-01	2.426972e-01	1.880653e-02	1.880653e-02
6.000000e-01	7.000000e-01	3.088874e-01	2.109406e-02	2.109406e-02
7.000000e-01	8.000000e-01	3.102663e-01	2.104893e-02	2.104893e-02
8.000000e-01	9.000000e-01	3.819723e-01	2.352332e-02	2.352332e-02
9.000000e-01	1.000000e+00	3.612879e-01	2.290903e-02	2.290903e-02
1.000000e+00	1.100000e+00	4.178253e-01	2.478297e-02	2.478297e-02
1.100000e+00	1.200000e+00	4.660890e-01	2.688091e-02	2.688091e-02
1.200000e+00	1.300000e+00	5.198685e-01	2.815919e-02	2.815919e-02
1.300000e+00	1.400000e+00	5.405529e-01	2.832751e-02	2.832751e-02
1.400000e+00	1.500000e+00	5.750269e-01	2.941426e-02	2.941426e-02
1.500000e+00	1.600000e+00	6.205327e-01	3.064895e-02	3.064895e-02
1.600000e+00	1.700000e+00	6.508698e-01	3.114134e-02	3.114134e-02
1.700000e+00	1.800000e+00	6.853439e-01	3.183580e-02	3.183580e-02
1.800000e+00	1.900000e+00	7.846291e-01	3.441883e-02	3.441883e-02
1.900000e+00	2.000000e+00	7.432603e-01	3.335263e-02	3.335263e-02
2.000000e+00	2.100000e+00	8.356507e-01	3.590600e-02	3.590600e-02
2.100000e+00	2.200000e+00	8.480613e-01	3.577336e-02	3.577336e-02
2.200000e+00	2.300000e+00	8.949460e-01	3.718086e-02	3.718086e-02
2.300000e+00	2.400000e+00	9.666520e-01	3.853698e-02	3.853698e-02
2.400000e+00	2.500000e+00	9.432097e-01	3.771403e-02	3.771403e-02
2.500000e+00	2.600000e+00	9.956102e-01	3.851230e-02	3.851230e-02
2.600000e+00	2.700000e+00	1.054906e+00	4.008487e-02	4.008487e-02
2.700000e+00	2.800000e+00	1.048011e+00	4.015597e-02	4.015597e-02
2.800000e+00	2.900000e+00	1.050769e+00	3.991849e-02	3.991849e-02
2.900000e+00	3.000000e+00	1.049390e+00	4.041557e-02	4.041557e-02
3.000000e+00	3.100000e+00	1.133506e+00	4.155230e-02	4.155230e-02
3.100000e+00	3.200000e+00	9.845785e-01	3.846289e-02	3.846289e-02
3.200000e+00	3.300000e+00	6.770701e-01	3.242760e-02	3.242760e-02
3.300000e+00	3.400000e+00	5.074578e-01	2.812541e-02	2.812541e-02
3.400000e+00	3.500000e+00	3.640458e-01	2.404302e-02	2.404302e-02
3.500000e+00	3.600000e+00	2.578658e-01	2.104893e-02	2.104893e-02
3.600000e+00	3.700000e+00	2.509710e-01	1.950146e-02	1.950146e-02
3.700000e+00	3.800000e+00	1.985705e-01	1.733328e-02	1.733328e-02
3.800000e+00	3.900000e+00	1.599595e-01	1.596263e-02	1.596263e-02
3.900000e+00	4.000000e+00	9.101146e-02	1.233381e-02	1.233381e-02
4.000000e+00	4.100000e+00	8.549561e-02	1.233381e-02	1.233381e-02
4.100000e+00	4.200000e+00	4.136885e-02	1.013326e-02	1.013326e-02
4.200000e+00	4.300000e+00	4.688469e-02	9.146996e-03	9.146996e-03
4.300000e+00	4.400000e+00	2.620027e-02	6.613267e-03	6.613267e-03
4.400000e+00	4.500000e+00	3.723196e-02	7.165294e-03	7.165294e-03
4.500000e+00	4.600000e+00	1.792650e-02	5.340695e-03	5.340695e-03
4.600000e+00	4.700000e+00	9.652731e-03	4.971916e-03	4.971916e-03
4.700000e+00	4.800000e+00	5.515846e-03	3.900292e-03	3.900292e-03
4.800000e+00	4.900000e+00	5.515846e-03	3.377752e-03	3.377752e-03
4.900000e+00	5.000000e+00	9.652731e-03	3.648389e-03	3.648389e-03
# END HISTO1D


# BEGIN HISTO1D //eos/home-y/yiyu/monobc/Rivet_New/X1200_Qd40.yoda.gz/JetMETAnalysis/bb_dR
ErrorBars=1
LineColor=red
LineStyle=dashed
Path=//eos/home-y/yiyu/monobc/Rivet_New/X1200_Qd40.yoda.gz/JetMETAnalysis/bb_dR
ScaledBy=1.53816275566518442e-05
Title=X1200_Qd40
# xlow	 xhigh	 val	 errminus	 errplus
0.000000e+00	1.000000e-01	0.000000e+00	0.000000e+00	0.000000e+00
1.000000e-01	2.000000e-01	0.000000e+00	0.000000e+00	0.000000e+00
2.000000e-01	3.000000e-01	0.000000e+00	0.000000e+00	0.000000e+00
3.000000e-01	4.000000e-01	0.000000e+00	0.000000e+00	0.000000e+00
4.000000e-01	5.000000e-01	1.858855e-01	1.629597e-02	1.629597e-02
5.000000e-01	6.000000e-01	2.705051e-01	1.956894e-02	1.956894e-02
6.000000e-01	7.000000e-01	2.760539e-01	2.024560e-02	2.024560e-02
7.000000e-01	8.000000e-01	3.051852e-01	2.140076e-02	2.140076e-02
8.000000e-01	9.000000e-01	3.468014e-01	2.279411e-02	2.279411e-02
9.000000e-01	1.000000e+00	3.870303e-01	2.422650e-02	2.422650e-02
1.000000e+00	1.100000e+00	4.411313e-01	2.595224e-02	2.595224e-02
1.100000e+00	1.200000e+00	4.702627e-01	2.650252e-02	2.650252e-02
1.200000e+00	1.300000e+00	5.271381e-01	2.788249e-02	2.788249e-02
1.300000e+00	1.400000e+00	5.410101e-01	2.916433e-02	2.916433e-02
1.400000e+00	1.500000e+00	5.840135e-01	2.965507e-02	2.965507e-02
1.500000e+00	1.600000e+00	6.006600e-01	2.984910e-02	2.984910e-02
1.600000e+00	1.700000e+00	7.088620e-01	3.256242e-02	3.256242e-02
1.700000e+00	1.800000e+00	7.324445e-01	3.306093e-02	3.306093e-02
1.800000e+00	1.900000e+00	6.852795e-01	3.235491e-02	3.235491e-02
1.900000e+00	2.000000e+00	7.601886e-01	3.380913e-02	3.380913e-02
2.000000e+00	2.100000e+00	7.990304e-01	3.492894e-02	3.492894e-02
2.100000e+00	2.200000e+00	8.628418e-01	3.654437e-02	3.654437e-02
2.200000e+00	2.300000e+00	9.224917e-01	3.724846e-02	3.724846e-02
2.300000e+00	2.400000e+00	9.155556e-01	3.748023e-02	3.748023e-02
2.400000e+00	2.500000e+00	9.682694e-01	3.839328e-02	3.839328e-02
2.500000e+00	2.600000e+00	9.571718e-01	3.869284e-02	3.869284e-02
2.600000e+00	2.700000e+00	1.015434e+00	3.977194e-02	3.977194e-02
2.700000e+00	2.800000e+00	1.052889e+00	3.998907e-02	3.998907e-02
2.800000e+00	2.900000e+00	1.069535e+00	4.046743e-02	4.046743e-02
2.900000e+00	3.000000e+00	1.212418e+00	4.257613e-02	4.257613e-02
3.000000e+00	3.100000e+00	1.101441e+00	4.189268e-02	4.189268e-02
3.100000e+00	3.200000e+00	9.863031e-01	3.886652e-02	3.886652e-02
3.200000e+00	3.300000e+00	6.256297e-01	3.123523e-02	3.123523e-02
3.300000e+00	3.400000e+00	4.702627e-01	2.750028e-02	2.750028e-02
3.400000e+00	3.500000e+00	3.606734e-01	2.378562e-02	2.378562e-02
3.500000e+00	3.600000e+00	3.079596e-01	2.149050e-02	2.149050e-02
3.600000e+00	3.700000e+00	2.219529e-01	1.902040e-02	1.902040e-02
3.700000e+00	3.800000e+00	1.858855e-01	1.776490e-02	1.776490e-02
3.800000e+00	3.900000e+00	1.401078e-01	1.487612e-02	1.487612e-02
3.900000e+00	4.000000e+00	9.016836e-02	1.263804e-02	1.263804e-02
4.000000e+00	4.100000e+00	9.571718e-02	1.248485e-02	1.248485e-02
4.100000e+00	4.200000e+00	7.490910e-02	1.056464e-02	1.056464e-02
4.200000e+00	4.300000e+00	5.826263e-02	9.408486e-03	9.408486e-03
4.300000e+00	4.400000e+00	2.358249e-02	6.356974e-03	6.356974e-03
4.400000e+00	4.500000e+00	3.051852e-02	6.506571e-03	6.506571e-03
4.500000e+00	4.600000e+00	2.219529e-02	6.203771e-03	6.203771e-03
4.600000e+00	4.700000e+00	1.942088e-02	5.190448e-03	5.190448e-03
4.700000e+00	4.800000e+00	1.525926e-02	5.372624e-03	5.372624e-03
4.800000e+00	4.900000e+00	1.387205e-02	4.386729e-03	4.386729e-03
4.900000e+00	5.000000e+00	4.161616e-03	3.101886e-03	3.101886e-03
# END HISTO1D


# BEGIN HISTO1D //eos/home-y/yiyu/monobc/Rivet_New/X1500_Qd10.yoda.gz/JetMETAnalysis/bb_dR
ErrorBars=1
LineColor=blue
LineStyle=dashed
Path=//eos/home-y/yiyu/monobc/Rivet_New/X1500_Qd10.yoda.gz/JetMETAnalysis/bb_dR
ScaledBy=1.46305397465780652e-05
Title=X1500_Qd10
# xlow	 xhigh	 val	 errminus	 errplus
0.000000e+00	1.000000e-01	0.000000e+00	0.000000e+00	0.000000e+00
1.000000e-01	2.000000e-01	0.000000e+00	0.000000e+00	0.000000e+00
2.000000e-01	3.000000e-01	0.000000e+00	0.000000e+00	0.000000e+00
3.000000e-01	4.000000e-01	3.432000e-04	3.432001e-04	3.432001e-04
4.000000e-01	5.000000e-01	5.148000e-02	4.421823e-03	4.421823e-03
5.000000e-01	6.000000e-01	5.903040e-02	4.877788e-03	4.877788e-03
6.000000e-01	7.000000e-01	6.177600e-02	4.925847e-03	4.925847e-03
7.000000e-01	8.000000e-01	7.207201e-02	5.555178e-03	5.555178e-03
8.000000e-01	9.000000e-01	8.545681e-02	5.914602e-03	5.914602e-03
9.000000e-01	1.000000e+00	8.785921e-02	5.983897e-03	5.983897e-03
1.000000e+00	1.100000e+00	1.005576e-01	6.281592e-03	6.281592e-03
1.100000e+00	1.200000e+00	1.160016e-01	6.829594e-03	6.829594e-03
1.200000e+00	1.300000e+00	1.098240e-01	6.795014e-03	6.795014e-03
1.300000e+00	1.400000e+00	1.451736e-01	7.651129e-03	7.651129e-03
1.400000e+00	1.500000e+00	1.403688e-01	7.495602e-03	7.495602e-03
1.500000e+00	1.600000e+00	1.328184e-01	7.368817e-03	7.368817e-03
1.600000e+00	1.700000e+00	1.582152e-01	8.143320e-03	8.143320e-03
1.700000e+00	1.800000e+00	1.712568e-01	8.343361e-03	8.343361e-03
1.800000e+00	1.900000e+00	1.716000e-01	8.378580e-03	8.378580e-03
1.900000e+00	2.000000e+00	1.650792e-01	8.511084e-03	8.511084e-03
2.000000e+00	2.100000e+00	1.839552e-01	8.763369e-03	8.763369e-03
2.100000e+00	2.200000e+00	1.939080e-01	9.086703e-03	9.086703e-03
2.200000e+00	2.300000e+00	1.784640e-01	8.816968e-03	8.816968e-03
2.300000e+00	2.400000e+00	2.035176e-01	9.405184e-03	9.405184e-03
2.400000e+00	2.500000e+00	1.963104e-01	9.298124e-03	9.298124e-03
2.500000e+00	2.600000e+00	2.172456e-01	9.578909e-03	9.578909e-03
2.600000e+00	2.700000e+00	2.124408e-01	9.640195e-03	9.640195e-03
2.700000e+00	2.800000e+00	2.175888e-01	9.707163e-03	9.707163e-03
2.800000e+00	2.900000e+00	2.392104e-01	1.010548e-02	1.010548e-02
2.900000e+00	3.000000e+00	2.203344e-01	9.851694e-03	9.851694e-03
3.000000e+00	3.100000e+00	2.230800e-01	1.022713e-02	1.022713e-02
3.100000e+00	3.200000e+00	1.990560e-01	9.423950e-03	9.423950e-03
3.200000e+00	3.300000e+00	1.348776e-01	7.878665e-03	7.878665e-03
3.300000e+00	3.400000e+00	1.153152e-01	7.199024e-03	7.199024e-03
3.400000e+00	3.500000e+00	6.864001e-02	5.924551e-03	5.924551e-03
3.500000e+00	3.600000e+00	6.040320e-02	5.043989e-03	5.043989e-03
3.600000e+00	3.700000e+00	4.255680e-02	4.553063e-03	4.553063e-03
3.700000e+00	3.800000e+00	3.123120e-02	4.132676e-03	4.132676e-03
3.800000e+00	3.900000e+00	2.917200e-02	3.414797e-03	3.414797e-03
3.900000e+00	4.000000e+00	1.956240e-02	2.972199e-03	2.972199e-03
4.000000e+00	4.100000e+00	9.952801e-03	2.680478e-03	2.680478e-03
4.100000e+00	4.200000e+00	9.952801e-03	2.352861e-03	2.352861e-03
4.200000e+00	4.300000e+00	8.236801e-03	2.001183e-03	2.001183e-03
4.300000e+00	4.400000e+00	9.609601e-03	1.941432e-03	1.941432e-03
4.400000e+00	4.500000e+00	3.088800e-03	1.138266e-03	1.138266e-03
4.500000e+00	4.600000e+00	3.775200e-03	1.415050e-03	1.415050e-03
4.600000e+00	4.700000e+00	2.745600e-03	1.085294e-03	1.085294e-03
4.700000e+00	4.800000e+00	2.745600e-03	9.707163e-04	9.707163e-04
4.800000e+00	4.900000e+00	-1.029600e-03	5.944399e-04	5.944399e-04
4.900000e+00	5.000000e+00	3.432000e-04	3.432001e-04	3.432001e-04
# END HISTO1D


# BEGIN HISTO1D //eos/home-y/yiyu/monobc/Rivet_New/X1500_Qd20.yoda.gz/JetMETAnalysis/bb_dR
ErrorBars=1
LineColor=green
LineStyle=dashed
Path=//eos/home-y/yiyu/monobc/Rivet_New/X1500_Qd20.yoda.gz/JetMETAnalysis/bb_dR
ScaledBy=1.46551806770839469e-05
Title=X1500_Qd20
# xlow	 xhigh	 val	 errminus	 errplus
0.000000e+00	1.000000e-01	0.000000e+00	0.000000e+00	0.000000e+00
1.000000e-01	2.000000e-01	0.000000e+00	0.000000e+00	0.000000e+00
2.000000e-01	3.000000e-01	0.000000e+00	0.000000e+00	0.000000e+00
3.000000e-01	4.000000e-01	0.000000e+00	0.000000e+00	0.000000e+00
4.000000e-01	5.000000e-01	4.785607e-02	4.449185e-03	4.449185e-03
5.000000e-01	6.000000e-01	5.164324e-02	4.541474e-03	4.541474e-03
6.000000e-01	7.000000e-01	7.195625e-02	5.164325e-03	5.164325e-03
7.000000e-01	8.000000e-01	7.161197e-02	5.530089e-03	5.530089e-03
8.000000e-01	9.000000e-01	8.331777e-02	5.822444e-03	5.822444e-03
9.000000e-01	1.000000e+00	1.032865e-01	6.367007e-03	6.367007e-03
1.000000e+00	1.100000e+00	1.063851e-01	6.577619e-03	6.577619e-03
1.100000e+00	1.200000e+00	1.087951e-01	6.799149e-03	6.799149e-03
1.200000e+00	1.300000e+00	1.266981e-01	7.254605e-03	7.254605e-03
1.300000e+00	1.400000e+00	1.366825e-01	7.376130e-03	7.376130e-03
1.400000e+00	1.500000e+00	1.373710e-01	7.597781e-03	7.597781e-03
1.500000e+00	1.600000e+00	1.322067e-01	7.589976e-03	7.589976e-03
1.600000e+00	1.700000e+00	1.490768e-01	7.888636e-03	7.888636e-03
1.700000e+00	1.800000e+00	1.532083e-01	7.963411e-03	7.963411e-03
1.800000e+00	1.900000e+00	1.597498e-01	8.234179e-03	8.234179e-03
1.900000e+00	2.000000e+00	1.776528e-01	8.558871e-03	8.558871e-03
2.000000e+00	2.100000e+00	1.907357e-01	8.791157e-03	8.791157e-03
2.100000e+00	2.200000e+00	1.879814e-01	8.911682e-03	8.911682e-03
2.200000e+00	2.300000e+00	2.014087e-01	9.371980e-03	9.371980e-03
2.300000e+00	2.400000e+00	1.986543e-01	9.270246e-03	9.270246e-03
2.400000e+00	2.500000e+00	1.983101e-01	9.390933e-03	9.390933e-03
2.500000e+00	2.600000e+00	2.313617e-01	1.001400e-02	1.001400e-02
2.600000e+00	2.700000e+00	2.103601e-01	9.609283e-03	9.609283e-03
2.700000e+00	2.800000e+00	2.107044e-01	9.798617e-03	9.798617e-03
2.800000e+00	2.900000e+00	2.341160e-01	1.002583e-02	1.002583e-02
2.900000e+00	3.000000e+00	2.330832e-01	1.009064e-02	1.009064e-02
3.000000e+00	3.100000e+00	2.330832e-01	1.000808e-02	1.000808e-02
3.100000e+00	3.200000e+00	1.938343e-01	9.621611e-03	9.621611e-03
3.200000e+00	3.300000e+00	1.208452e-01	7.644440e-03	7.644440e-03
3.300000e+00	3.400000e+00	8.676065e-02	6.532411e-03	6.532411e-03
3.400000e+00	3.500000e+00	7.574343e-02	6.100804e-03	6.100804e-03
3.500000e+00	3.600000e+00	5.646328e-02	5.198639e-03	5.198639e-03
3.600000e+00	3.700000e+00	4.647892e-02	4.881129e-03	4.881129e-03
3.700000e+00	3.800000e+00	3.270739e-02	4.059100e-03	4.059100e-03
3.800000e+00	3.900000e+00	3.201881e-02	3.879932e-03	3.879932e-03
3.900000e+00	4.000000e+00	2.100159e-02	3.355707e-03	3.355707e-03
4.000000e+00	4.100000e+00	1.859157e-02	2.797011e-03	2.797011e-03
4.100000e+00	4.200000e+00	1.273867e-02	2.257649e-03	2.257649e-03
4.200000e+00	4.300000e+00	5.852901e-03	1.916916e-03	1.916916e-03
4.300000e+00	4.400000e+00	5.164324e-03	1.854049e-03	1.854049e-03
4.400000e+00	4.500000e+00	5.164324e-03	1.577727e-03	1.577727e-03
4.500000e+00	4.600000e+00	2.754306e-03	1.288209e-03	1.288209e-03
4.600000e+00	4.700000e+00	1.377153e-03	1.088735e-03	1.088735e-03
4.700000e+00	4.800000e+00	1.377153e-03	8.433307e-04	8.433307e-04
4.800000e+00	4.900000e+00	1.377153e-03	6.885766e-04	6.885766e-04
4.900000e+00	5.000000e+00	1.032865e-03	5.963248e-04	5.963248e-04
# END HISTO1D


# BEGIN HISTO1D //eos/home-y/yiyu/monobc/Rivet_New/X1500_Qd40.yoda.gz/JetMETAnalysis/bb_dR
ErrorBars=1
LineColor=orange
LineStyle=dashed
Path=//eos/home-y/yiyu/monobc/Rivet_New/X1500_Qd40.yoda.gz/JetMETAnalysis/bb_dR
ScaledBy=1.45749876052156690e-05
Title=X1500_Qd40
# xlow	 xhigh	 val	 errminus	 errplus
0.000000e+00	1.000000e-01	0.000000e+00	0.000000e+00	0.000000e+00
1.000000e-01	2.000000e-01	0.000000e+00	0.000000e+00	0.000000e+00
2.000000e-01	3.000000e-01	0.000000e+00	0.000000e+00	0.000000e+00
3.000000e-01	4.000000e-01	0.000000e+00	0.000000e+00	0.000000e+00
4.000000e-01	5.000000e-01	4.229495e-02	4.064537e-03	4.064537e-03
5.000000e-01	6.000000e-01	5.457413e-02	4.750810e-03	4.750810e-03
6.000000e-01	7.000000e-01	7.026420e-02	5.150321e-03	5.150321e-03
7.000000e-01	8.000000e-01	7.538052e-02	5.446744e-03	5.446744e-03
8.000000e-01	9.000000e-01	8.902406e-02	5.956852e-03	5.956852e-03
9.000000e-01	1.000000e+00	9.209385e-02	5.907824e-03	5.907824e-03
1.000000e+00	1.100000e+00	9.107059e-02	6.205558e-03	6.205558e-03
1.100000e+00	1.200000e+00	1.026676e-01	6.552093e-03	6.552093e-03
1.200000e+00	1.300000e+00	1.292725e-01	7.113961e-03	7.113961e-03
1.300000e+00	1.400000e+00	1.186987e-01	7.154729e-03	7.154729e-03
1.400000e+00	1.500000e+00	1.190398e-01	7.418181e-03	7.418181e-03
1.500000e+00	1.600000e+00	1.418927e-01	7.717948e-03	7.717948e-03
1.600000e+00	1.700000e+00	1.613348e-01	8.136226e-03	8.136226e-03
1.700000e+00	1.800000e+00	1.521254e-01	8.057197e-03	8.057197e-03
1.800000e+00	1.900000e+00	1.664511e-01	8.396595e-03	8.396595e-03
1.900000e+00	2.000000e+00	1.879397e-01	8.782611e-03	8.782611e-03
2.000000e+00	2.100000e+00	1.773659e-01	8.628928e-03	8.628928e-03
2.100000e+00	2.200000e+00	1.852110e-01	8.809065e-03	8.809065e-03
2.200000e+00	2.300000e+00	1.824823e-01	8.887953e-03	8.887953e-03
2.300000e+00	2.400000e+00	2.114748e-01	9.403156e-03	9.403156e-03
2.400000e+00	2.500000e+00	2.131802e-01	9.483237e-03	9.483237e-03
2.500000e+00	2.600000e+00	2.258005e-01	9.683545e-03	9.683545e-03
2.600000e+00	2.700000e+00	2.315990e-01	9.996857e-03	9.996857e-03
2.700000e+00	2.800000e+00	2.356920e-01	9.868010e-03	9.868010e-03
2.800000e+00	2.900000e+00	2.056763e-01	9.617240e-03	9.617240e-03
2.900000e+00	3.000000e+00	2.350099e-01	9.891562e-03	9.891562e-03
3.000000e+00	3.100000e+00	2.295524e-01	1.011257e-02	1.011257e-02
3.100000e+00	3.200000e+00	1.920327e-01	9.421697e-03	9.421697e-03
3.200000e+00	3.300000e+00	1.193809e-01	7.534888e-03	7.534888e-03
3.300000e+00	3.400000e+00	9.311712e-02	6.587510e-03	6.587510e-03
3.400000e+00	3.500000e+00	6.617114e-02	5.604653e-03	5.604653e-03
3.500000e+00	3.600000e+00	6.992311e-02	5.635704e-03	5.635704e-03
3.600000e+00	3.700000e+00	3.888407e-02	4.394616e-03	4.394616e-03
3.700000e+00	3.800000e+00	2.831033e-02	3.657764e-03	3.657764e-03
3.800000e+00	3.900000e+00	2.387618e-02	3.577365e-03	3.577365e-03
3.900000e+00	4.000000e+00	1.910095e-02	3.012411e-03	3.012411e-03
4.000000e+00	4.100000e+00	1.125592e-02	2.707305e-03	2.707305e-03
4.100000e+00	4.200000e+00	8.186120e-03	2.102610e-03	2.102610e-03
4.200000e+00	4.300000e+00	1.125592e-02	2.184031e-03	2.184031e-03
4.300000e+00	4.400000e+00	6.821767e-03	1.804870e-03	1.804870e-03
4.400000e+00	4.500000e+00	5.116325e-03	1.635802e-03	1.635802e-03
4.500000e+00	4.600000e+00	3.069795e-03	1.321030e-03	1.321030e-03
4.600000e+00	4.700000e+00	1.364353e-03	9.647435e-04	9.647435e-04
4.700000e+00	4.800000e+00	1.364353e-03	1.078616e-03	1.078616e-03
4.800000e+00	4.900000e+00	6.821767e-04	4.823717e-04	4.823717e-04
4.900000e+00	5.000000e+00	3.069795e-03	1.023265e-03	1.023265e-03
# END HISTO1D


# BEGIN HISTO1D //eos/home-y/yiyu/monobc/Rivet_New/X2000_Qd10.yoda.gz/JetMETAnalysis/bb_dR
ErrorBars=1
LineColor=lilac
LineStyle=dashed
Path=//eos/home-y/yiyu/monobc/Rivet_New/X2000_Qd10.yoda.gz/JetMETAnalysis/bb_dR
ScaledBy=1.44651624061781982e-05
Title=X2000_Qd10
# xlow	 xhigh	 val	 errminus	 errplus
0.000000e+00	1.000000e-01	0.000000e+00	0.000000e+00	0.000000e+00
1.000000e-01	2.000000e-01	0.000000e+00	0.000000e+00	0.000000e+00
2.000000e-01	3.000000e-01	0.000000e+00	0.000000e+00	0.000000e+00
3.000000e-01	4.000000e-01	-4.332258e-05	4.332258e-05	4.332258e-05
4.000000e-01	5.000000e-01	4.418903e-03	5.547997e-04	5.547997e-04
5.000000e-01	6.000000e-01	4.462226e-03	6.352337e-04	6.352337e-04
6.000000e-01	7.000000e-01	3.769064e-03	6.697508e-04	6.697508e-04
7.000000e-01	8.000000e-01	6.585032e-03	7.144943e-04	7.144943e-04
8.000000e-01	9.000000e-01	7.494806e-03	7.565963e-04	7.565963e-04
9.000000e-01	1.000000e+00	6.801645e-03	7.640020e-04	7.640020e-04
1.000000e+00	1.100000e+00	8.014677e-03	8.434006e-04	8.434006e-04
1.100000e+00	1.200000e+00	9.141064e-03	8.500504e-04	8.500504e-04
1.200000e+00	1.300000e+00	9.141064e-03	8.846721e-04	8.846721e-04
1.300000e+00	1.400000e+00	1.096061e-02	9.560460e-04	9.560460e-04
1.400000e+00	1.500000e+00	1.026745e-02	9.281553e-04	9.281553e-04
1.500000e+00	1.600000e+00	9.574290e-03	9.501384e-04	9.501384e-04
1.600000e+00	1.700000e+00	1.204368e-02	1.027028e-03	1.027028e-03
1.700000e+00	1.800000e+00	1.148048e-02	1.044245e-03	1.044245e-03
1.800000e+00	1.900000e+00	1.208700e-02	1.065595e-03	1.065595e-03
1.900000e+00	2.000000e+00	1.351664e-02	1.092554e-03	1.092554e-03
2.000000e+00	2.100000e+00	1.260687e-02	1.161659e-03	1.161659e-03
2.100000e+00	2.200000e+00	1.226029e-02	1.100257e-03	1.100257e-03
2.200000e+00	2.300000e+00	1.035410e-02	1.120540e-03	1.120540e-03
2.300000e+00	2.400000e+00	1.533619e-02	1.167300e-03	1.167300e-03
2.400000e+00	2.500000e+00	1.221697e-02	1.144569e-03	1.144569e-03
2.500000e+00	2.600000e+00	1.282348e-02	1.164080e-03	1.164080e-03
2.600000e+00	2.700000e+00	1.260687e-02	1.195107e-03	1.195107e-03
2.700000e+00	2.800000e+00	1.420981e-02	1.173714e-03	1.173714e-03
2.800000e+00	2.900000e+00	1.446974e-02	1.229934e-03	1.229934e-03
2.900000e+00	3.000000e+00	1.407984e-02	1.198243e-03	1.198243e-03
3.000000e+00	3.100000e+00	1.355997e-02	1.216894e-03	1.216894e-03
3.100000e+00	3.200000e+00	1.295345e-02	1.125554e-03	1.125554e-03
3.200000e+00	3.300000e+00	8.924451e-03	9.412074e-04	9.412074e-04
3.300000e+00	3.400000e+00	5.458645e-03	7.964759e-04	7.964759e-04
3.400000e+00	3.500000e+00	3.465806e-03	7.144943e-04	7.144943e-04
3.500000e+00	3.600000e+00	3.855710e-03	6.440365e-04	6.440365e-04
3.600000e+00	3.700000e+00	1.472968e-03	5.971605e-04	5.971605e-04
3.700000e+00	3.800000e+00	1.039742e-03	4.901391e-04	4.901391e-04
3.800000e+00	3.900000e+00	1.862871e-03	4.439243e-04	4.439243e-04
3.900000e+00	4.000000e+00	6.931613e-04	3.624627e-04	3.624627e-04
4.000000e+00	4.100000e+00	1.732903e-04	3.241965e-04	3.241965e-04
4.100000e+00	4.200000e+00	2.599355e-04	3.001476e-04	3.001476e-04
4.200000e+00	4.300000e+00	5.198710e-04	2.450695e-04	2.450695e-04
4.300000e+00	4.400000e+00	3.032581e-04	2.488693e-04	2.488693e-04
4.400000e+00	4.500000e+00	-4.332258e-05	1.786236e-04	1.786236e-04
4.500000e+00	4.600000e+00	-8.664516e-05	1.620982e-04	1.620982e-04
4.600000e+00	4.700000e+00	1.299677e-04	1.677876e-04	1.677876e-04
4.700000e+00	4.800000e+00	3.899032e-04	1.436848e-04	1.436848e-04
4.800000e+00	4.900000e+00	1.299677e-04	9.687224e-05	9.687224e-05
4.900000e+00	5.000000e+00	1.299677e-04	9.687224e-05	9.687224e-05
# END HISTO1D


# BEGIN HISTO1D //eos/home-y/yiyu/monobc/Rivet_New/X2000_Qd20.yoda.gz/JetMETAnalysis/bb_dR
ErrorBars=1
LineColor=red
LineStyle=dashdotted
Path=//eos/home-y/yiyu/monobc/Rivet_New/X2000_Qd20.yoda.gz/JetMETAnalysis/bb_dR
ScaledBy=1.42285921865514894e-05
Title=X2000_Qd20
# xlow	 xhigh	 val	 errminus	 errplus
0.000000e+00	1.000000e-01	0.000000e+00	0.000000e+00	0.000000e+00
1.000000e-01	2.000000e-01	0.000000e+00	0.000000e+00	0.000000e+00
2.000000e-01	3.000000e-01	0.000000e+00	0.000000e+00	0.000000e+00
3.000000e-01	4.000000e-01	0.000000e+00	0.000000e+00	0.000000e+00
4.000000e-01	5.000000e-01	4.094198e-03	5.295826e-04	5.295826e-04
5.000000e-01	6.000000e-01	3.361552e-03	5.940487e-04	5.940487e-04
6.000000e-01	7.000000e-01	5.128521e-03	6.827820e-04	6.827820e-04
7.000000e-01	8.000000e-01	5.904264e-03	7.042079e-04	7.042079e-04
8.000000e-01	9.000000e-01	6.981685e-03	7.805166e-04	7.805166e-04
9.000000e-01	1.000000e+00	6.507620e-03	7.551173e-04	7.551173e-04
1.000000e+00	1.100000e+00	6.550717e-03	8.062676e-04	8.062676e-04
1.100000e+00	1.200000e+00	6.507620e-03	8.434214e-04	8.434214e-04
1.200000e+00	1.300000e+00	1.034324e-02	9.040065e-04	9.040065e-04
1.300000e+00	1.400000e+00	1.055872e-02	9.646374e-04	9.646374e-04
1.400000e+00	1.500000e+00	1.025704e-02	9.520399e-04	9.520399e-04
1.500000e+00	1.600000e+00	9.782978e-03	9.912269e-04	9.912269e-04
1.600000e+00	1.700000e+00	1.202401e-02	1.015294e-03	1.015294e-03
1.700000e+00	1.800000e+00	1.172233e-02	1.010710e-03	1.010710e-03
1.800000e+00	1.900000e+00	1.219640e-02	1.065285e-03	1.065285e-03
1.900000e+00	2.000000e+00	1.219640e-02	1.049476e-03	1.049476e-03
2.000000e+00	2.100000e+00	1.366169e-02	1.118028e-03	1.118028e-03
2.100000e+00	2.200000e+00	1.366169e-02	1.080863e-03	1.080863e-03
2.200000e+00	2.300000e+00	1.086040e-02	1.141863e-03	1.141863e-03
2.300000e+00	2.400000e+00	1.305834e-02	1.127952e-03	1.127952e-03
2.400000e+00	2.500000e+00	1.590273e-02	1.174734e-03	1.174734e-03
2.500000e+00	2.600000e+00	1.478221e-02	1.201312e-03	1.201312e-03
2.600000e+00	2.700000e+00	1.374789e-02	1.165209e-03	1.165209e-03
2.700000e+00	2.800000e+00	1.517008e-02	1.226557e-03	1.226557e-03
2.800000e+00	2.900000e+00	1.404956e-02	1.184967e-03	1.184967e-03
2.900000e+00	3.000000e+00	1.598892e-02	1.227314e-03	1.227314e-03
3.000000e+00	3.100000e+00	1.460982e-02	1.191999e-03	1.191999e-03
3.100000e+00	3.200000e+00	1.167924e-02	1.123001e-03	1.123001e-03
3.200000e+00	3.300000e+00	7.369556e-03	9.273330e-04	9.273330e-04
3.300000e+00	3.400000e+00	6.421426e-03	8.120063e-04	8.120063e-04
3.400000e+00	3.500000e+00	5.344006e-03	6.949153e-04	6.949153e-04
3.500000e+00	3.600000e+00	2.715100e-03	6.348558e-04	6.348558e-04
3.600000e+00	3.700000e+00	1.594582e-03	5.569337e-04	5.569337e-04
3.700000e+00	3.800000e+00	2.197938e-03	4.856765e-04	4.856765e-04
3.800000e+00	3.900000e+00	3.016777e-04	4.156106e-04	4.156106e-04
3.900000e+00	4.000000e+00	6.895491e-04	3.501203e-04	3.501203e-04
4.000000e+00	4.100000e+00	3.016777e-04	3.077729e-04	3.077729e-04
4.100000e+00	4.200000e+00	7.757427e-04	3.047405e-04	3.047405e-04
4.200000e+00	4.300000e+00	-8.619364e-05	2.512955e-04	2.512955e-04
4.300000e+00	4.400000e+00	3.016777e-04	2.475724e-04	2.475724e-04
4.400000e+00	4.500000e+00	3.447746e-04	1.723873e-04	1.723873e-04
4.500000e+00	4.600000e+00	2.585809e-04	1.723873e-04	1.723873e-04
4.600000e+00	4.700000e+00	-4.309682e-05	1.429360e-04	1.429360e-04
4.700000e+00	4.800000e+00	1.292905e-04	9.636742e-05	9.636742e-05
4.800000e+00	4.900000e+00	1.292905e-04	1.429360e-04	1.429360e-04
4.900000e+00	5.000000e+00	0.000000e+00	-nan	-nan
# END HISTO1D


# BEGIN HISTO1D //eos/home-y/yiyu/monobc/Rivet_New/X2000_Qd40.yoda.gz/JetMETAnalysis/bb_dR
ErrorBars=1
LineColor=blue
LineStyle=dashdotted
Path=//eos/home-y/yiyu/monobc/Rivet_New/X2000_Qd40.yoda.gz/JetMETAnalysis/bb_dR
ScaledBy=1.42928020099892123e-05
Title=X2000_Qd40
# xlow	 xhigh	 val	 errminus	 errplus
0.000000e+00	1.000000e-01	0.000000e+00	0.000000e+00	0.000000e+00
1.000000e-01	2.000000e-01	0.000000e+00	0.000000e+00	0.000000e+00
2.000000e-01	3.000000e-01	0.000000e+00	0.000000e+00	0.000000e+00
3.000000e-01	4.000000e-01	0.000000e+00	0.000000e+00	0.000000e+00
4.000000e-01	5.000000e-01	4.334384e-03	5.411337e-04	5.411337e-04
5.000000e-01	6.000000e-01	4.806446e-03	6.189246e-04	6.189246e-04
6.000000e-01	7.000000e-01	5.922228e-03	6.479977e-04	6.479977e-04
7.000000e-01	8.000000e-01	6.222631e-03	7.168167e-04	7.168167e-04
8.000000e-01	9.000000e-01	6.780522e-03	7.408224e-04	7.408224e-04
9.000000e-01	1.000000e+00	5.965142e-03	7.640744e-04	7.640744e-04
1.000000e+00	1.100000e+00	8.282536e-03	8.485831e-04	8.485831e-04
1.100000e+00	1.200000e+00	8.454195e-03	8.507507e-04	8.507507e-04
1.200000e+00	1.300000e+00	9.784550e-03	8.960851e-04	8.960851e-04
1.300000e+00	1.400000e+00	1.081450e-02	9.634325e-04	9.634325e-04
1.400000e+00	1.500000e+00	1.055701e-02	9.362881e-04	9.362881e-04
1.500000e+00	1.600000e+00	8.625853e-03	9.907626e-04	9.907626e-04
1.600000e+00	1.700000e+00	8.497109e-03	9.402139e-04	9.402139e-04
1.700000e+00	1.800000e+00	1.150114e-02	1.019167e-03	1.019167e-03
1.800000e+00	1.900000e+00	1.291732e-02	1.057305e-03	1.057305e-03
1.900000e+00	2.000000e+00	1.308898e-02	1.098314e-03	1.098314e-03
2.000000e+00	2.100000e+00	1.193028e-02	1.051191e-03	1.051191e-03
2.100000e+00	2.200000e+00	1.308898e-02	1.099990e-03	1.099990e-03
2.200000e+00	2.300000e+00	1.373270e-02	1.112476e-03	1.112476e-03
2.300000e+00	2.400000e+00	1.373270e-02	1.167406e-03	1.167406e-03
2.400000e+00	2.500000e+00	1.351813e-02	1.123185e-03	1.123185e-03
2.500000e+00	2.600000e+00	1.347521e-02	1.135416e-03	1.135416e-03
2.600000e+00	2.700000e+00	1.265983e-02	1.190061e-03	1.190061e-03
2.700000e+00	2.800000e+00	1.480557e-02	1.231136e-03	1.231136e-03
2.800000e+00	2.900000e+00	1.454808e-02	1.182298e-03	1.182298e-03
2.900000e+00	3.000000e+00	1.484848e-02	1.221373e-03	1.221373e-03
3.000000e+00	3.100000e+00	1.544929e-02	1.181519e-03	1.181519e-03
3.100000e+00	3.200000e+00	1.244526e-02	1.104168e-03	1.104168e-03
3.200000e+00	3.300000e+00	1.064284e-02	9.323458e-04	9.323458e-04
3.300000e+00	3.400000e+00	4.720616e-03	8.165077e-04	8.165077e-04
3.400000e+00	3.500000e+00	2.789455e-03	6.606633e-04	6.606633e-04
3.500000e+00	3.600000e+00	3.175687e-03	6.248473e-04	6.248473e-04
3.600000e+00	3.700000e+00	2.789455e-03	5.773581e-04	5.773581e-04
3.700000e+00	3.800000e+00	1.716588e-03	4.930523e-04	4.930523e-04
3.800000e+00	3.900000e+00	9.441233e-04	4.376457e-04	4.376457e-04
3.900000e+00	4.000000e+00	6.866351e-04	3.790123e-04	3.790123e-04
4.000000e+00	4.100000e+00	1.716588e-04	2.910616e-04	2.910616e-04
4.100000e+00	4.200000e+00	1.716588e-04	2.973217e-04	2.973217e-04
4.200000e+00	4.300000e+00	-1.716588e-04	2.645439e-04	2.645439e-04
4.300000e+00	4.400000e+00	1.716588e-04	2.574882e-04	2.574882e-04
4.400000e+00	4.500000e+00	2.574882e-04	2.102382e-04	2.102382e-04
4.500000e+00	4.600000e+00	1.716588e-04	1.357082e-04	1.357082e-04
4.600000e+00	4.700000e+00	3.433176e-04	1.820716e-04	1.820716e-04
4.700000e+00	4.800000e+00	8.582939e-05	1.357082e-04	1.357082e-04
4.800000e+00	4.900000e+00	8.582939e-05	8.582939e-05	8.582939e-05
4.900000e+00	5.000000e+00	0.000000e+00	-nan	-nan
# END HISTO1D


# BEGIN HISTO1D //eos/home-y/yiyu/monobc/Rivet_New/X600_Qd10.yoda.gz/JetMETAnalysis/bb_dR
ErrorBars=1
LineColor=green
LineStyle=dashdotted
Path=//eos/home-y/yiyu/monobc/Rivet_New/X600_Qd10.yoda.gz/JetMETAnalysis/bb_dR
ScaledBy=1.84504652561335948e-05
Title=X600_Qd10
# xlow	 xhigh	 val	 errminus	 errplus
0.000000e+00	1.000000e-01	0.000000e+00	0.000000e+00	0.000000e+00
1.000000e-01	2.000000e-01	0.000000e+00	0.000000e+00	0.000000e+00
2.000000e-01	3.000000e-01	0.000000e+00	0.000000e+00	0.000000e+00
3.000000e-01	4.000000e-01	0.000000e+00	0.000000e+00	0.000000e+00
4.000000e-01	5.000000e-01	3.105668e+00	3.273662e-01	3.273662e-01
5.000000e-01	6.000000e-01	5.831754e+00	4.512431e-01	4.512431e-01
6.000000e-01	7.000000e-01	5.486680e+00	4.378501e-01	4.378501e-01
7.000000e-01	8.000000e-01	6.832470e+00	4.855625e-01	4.855625e-01
8.000000e-01	9.000000e-01	6.901484e+00	4.880086e-01	4.880086e-01
9.000000e-01	1.000000e+00	7.557125e+00	5.176113e-01	5.176113e-01
1.000000e+00	1.100000e+00	9.282496e+00	5.680638e-01	5.680638e-01
1.100000e+00	1.200000e+00	1.076632e+01	6.153555e-01	6.153555e-01
1.200000e+00	1.300000e+00	1.090435e+01	6.192135e-01	6.192135e-01
1.300000e+00	1.400000e+00	1.124942e+01	6.306462e-01	6.306462e-01
1.400000e+00	1.500000e+00	1.394100e+01	6.987220e-01	6.987220e-01
1.500000e+00	1.600000e+00	1.383748e+01	6.978694e-01	6.978694e-01
1.600000e+00	1.700000e+00	1.452762e+01	7.147286e-01	7.147286e-01
1.700000e+00	1.800000e+00	1.652906e+01	7.615124e-01	7.615124e-01
1.800000e+00	1.900000e+00	1.752977e+01	7.823373e-01	7.823373e-01
1.900000e+00	2.000000e+00	1.770231e+01	7.906643e-01	7.906643e-01
2.000000e+00	2.100000e+00	2.042839e+01	8.466633e-01	8.466633e-01
2.100000e+00	2.200000e+00	2.177418e+01	8.709280e-01	8.709280e-01
2.200000e+00	2.300000e+00	2.111854e+01	8.578409e-01	8.578409e-01
2.300000e+00	2.400000e+00	2.311997e+01	9.011658e-01	9.011658e-01
2.400000e+00	2.500000e+00	2.360308e+01	9.129806e-01	9.129806e-01
2.500000e+00	2.600000e+00	2.525943e+01	9.387034e-01	9.387034e-01
2.600000e+00	2.700000e+00	2.822707e+01	9.965418e-01	9.965418e-01
2.700000e+00	2.800000e+00	2.708833e+01	9.754071e-01	9.754071e-01
2.800000e+00	2.900000e+00	2.857215e+01	1.003686e+00	1.003686e+00
2.900000e+00	3.000000e+00	3.084964e+01	1.035223e+00	1.035223e+00
3.000000e+00	3.100000e+00	3.250599e+01	1.062470e+00	1.062470e+00
3.100000e+00	3.200000e+00	2.802003e+01	9.917507e-01	9.917507e-01
3.200000e+00	3.300000e+00	2.104953e+01	8.633754e-01	8.633754e-01
3.300000e+00	3.400000e+00	1.490721e+01	7.221868e-01	7.221868e-01
3.400000e+00	3.500000e+00	1.221563e+01	6.565485e-01	6.565485e-01
3.500000e+00	3.600000e+00	9.040945e+00	5.670148e-01	5.670148e-01
3.600000e+00	3.700000e+00	8.178259e+00	5.379175e-01	5.379175e-01
3.700000e+00	3.800000e+00	6.107814e+00	4.590914e-01	4.590914e-01
3.800000e+00	3.900000e+00	6.142321e+00	4.629657e-01	4.629657e-01
3.900000e+00	4.000000e+00	3.726802e+00	3.684385e-01	3.684385e-01
4.000000e+00	4.100000e+00	3.519757e+00	3.519081e-01	3.519081e-01
4.100000e+00	4.200000e+00	2.519042e+00	2.988430e-01	2.988430e-01
4.200000e+00	4.300000e+00	2.104953e+00	2.824554e-01	2.824554e-01
4.300000e+00	4.400000e+00	1.932416e+00	2.582299e-01	2.582299e-01
4.400000e+00	4.500000e+00	1.276775e+00	2.154988e-01	2.154988e-01
4.500000e+00	4.600000e+00	1.000715e+00	1.982300e-01	1.982300e-01
4.600000e+00	4.700000e+00	7.246559e-01	1.581329e-01	1.581329e-01
4.700000e+00	4.800000e+00	5.176113e-01	1.336467e-01	1.336467e-01
4.800000e+00	4.900000e+00	5.176113e-01	1.336467e-01	1.336467e-01
4.900000e+00	5.000000e+00	2.070445e-01	9.760173e-02	9.760173e-02
# END HISTO1D


# BEGIN HISTO1D //eos/home-y/yiyu/monobc/Rivet_New/X600_Qd20.yoda.gz/JetMETAnalysis/bb_dR
ErrorBars=1
LineColor=orange
LineStyle=dashdotted
Path=//eos/home-y/yiyu/monobc/Rivet_New/X600_Qd20.yoda.gz/JetMETAnalysis/bb_dR
ScaledBy=1.83664539082963119e-05
Title=X600_Qd20
# xlow	 xhigh	 val	 errminus	 errplus
0.000000e+00	1.000000e-01	0.000000e+00	0.000000e+00	0.000000e+00
1.000000e-01	2.000000e-01	0.000000e+00	0.000000e+00	0.000000e+00
2.000000e-01	3.000000e-01	0.000000e+00	0.000000e+00	0.000000e+00
3.000000e-01	4.000000e-01	3.418253e-02	3.418254e-02	3.418254e-02
4.000000e-01	5.000000e-01	3.144793e+00	3.278674e-01	3.278674e-01
5.000000e-01	6.000000e-01	4.888102e+00	4.116122e-01	4.116122e-01
6.000000e-01	7.000000e-01	5.879396e+00	4.482997e-01	4.482997e-01
7.000000e-01	8.000000e-01	6.768142e+00	4.834140e-01	4.834140e-01
8.000000e-01	9.000000e-01	6.699776e+00	4.785554e-01	4.785554e-01
9.000000e-01	1.000000e+00	8.579816e+00	5.415531e-01	5.415531e-01
1.000000e+00	1.100000e+00	8.716546e+00	5.522357e-01	5.522357e-01
1.100000e+00	1.200000e+00	9.776204e+00	5.780791e-01	5.780791e-01
1.200000e+00	1.300000e+00	1.179297e+01	6.422315e-01	6.422315e-01
1.300000e+00	1.400000e+00	1.237408e+01	6.557347e-01	6.557347e-01
1.400000e+00	1.500000e+00	1.360465e+01	6.836506e-01	6.836506e-01
1.500000e+00	1.600000e+00	1.391229e+01	6.946711e-01	6.946711e-01
1.600000e+00	1.700000e+00	1.541632e+01	7.307391e-01	7.307391e-01
1.700000e+00	1.800000e+00	1.743309e+01	7.779812e-01	7.779812e-01
1.800000e+00	1.900000e+00	1.917640e+01	8.110702e-01	8.110702e-01
1.900000e+00	2.000000e+00	1.784328e+01	7.869410e-01	7.869410e-01
2.000000e+00	2.100000e+00	2.009933e+01	8.316969e-01	8.316969e-01
2.100000e+00	2.200000e+00	1.979169e+01	8.407792e-01	8.407792e-01
2.200000e+00	2.300000e+00	2.085135e+01	8.525099e-01	8.525099e-01
2.300000e+00	2.400000e+00	2.266302e+01	8.854530e-01	8.854530e-01
2.400000e+00	2.500000e+00	2.467979e+01	9.222952e-01	9.222952e-01
2.500000e+00	2.600000e+00	2.505580e+01	9.279787e-01	9.279787e-01
2.600000e+00	2.700000e+00	2.707257e+01	9.668280e-01	9.668280e-01
2.700000e+00	2.800000e+00	2.765367e+01	9.794354e-01	9.794354e-01
2.800000e+00	2.900000e+00	2.792713e+01	9.865673e-01	9.865673e-01
2.900000e+00	3.000000e+00	3.004645e+01	1.015745e+00	1.015745e+00
3.000000e+00	3.100000e+00	3.127702e+01	1.041867e+00	1.041867e+00
3.100000e+00	3.200000e+00	2.618382e+01	9.534415e-01	9.534415e-01
3.200000e+00	3.300000e+00	2.030442e+01	8.414737e-01	8.414737e-01
3.300000e+00	3.400000e+00	1.527959e+01	7.307391e-01	7.307391e-01
3.400000e+00	3.500000e+00	1.076750e+01	6.124304e-01	6.124304e-01
3.500000e+00	3.600000e+00	9.707839e+00	5.841114e-01	5.841114e-01
3.600000e+00	3.700000e+00	7.656887e+00	5.161449e-01	5.161449e-01
3.700000e+00	3.800000e+00	6.357951e+00	4.711737e-01	4.711737e-01
3.800000e+00	3.900000e+00	5.195745e+00	4.296678e-01	4.296678e-01
3.900000e+00	4.000000e+00	4.546277e+00	3.971651e-01	3.971651e-01
4.000000e+00	4.100000e+00	3.281523e+00	3.349191e-01	3.349191e-01
4.100000e+00	4.200000e+00	2.221865e+00	2.839414e-01	2.839414e-01
4.200000e+00	4.300000e+00	2.119317e+00	2.691535e-01	2.691535e-01
4.300000e+00	4.400000e+00	1.162206e+00	1.993167e-01	1.993167e-01
4.400000e+00	4.500000e+00	1.196389e+00	2.022266e-01	2.022266e-01
4.500000e+00	4.600000e+00	9.912935e-01	1.903203e-01	1.903203e-01
4.600000e+00	4.700000e+00	5.811031e-01	1.489982e-01	1.489982e-01
4.700000e+00	4.800000e+00	4.785555e-01	1.278993e-01	1.278993e-01
4.800000e+00	4.900000e+00	4.785555e-01	1.278993e-01	1.278993e-01
4.900000e+00	5.000000e+00	3.076428e-01	1.025476e-01	1.025476e-01
# END HISTO1D


# BEGIN HISTO1D //eos/home-y/yiyu/monobc/Rivet_New/X600_Qd40.yoda.gz/JetMETAnalysis/bb_dR
ErrorBars=1
LineColor=lilac
LineStyle=dashdotted
Path=//eos/home-y/yiyu/monobc/Rivet_New/X600_Qd40.yoda.gz/JetMETAnalysis/bb_dR
ScaledBy=1.83500819647793534e-05
Title=X600_Qd40
# xlow	 xhigh	 val	 errminus	 errplus
0.000000e+00	1.000000e-01	0.000000e+00	0.000000e+00	0.000000e+00
1.000000e-01	2.000000e-01	0.000000e+00	0.000000e+00	0.000000e+00
2.000000e-01	3.000000e-01	0.000000e+00	0.000000e+00	0.000000e+00
3.000000e-01	4.000000e-01	0.000000e+00	0.000000e+00	0.000000e+00
4.000000e-01	5.000000e-01	2.783661e+00	3.092059e-01	3.092059e-01
5.000000e-01	6.000000e-01	4.628256e+00	3.939834e-01	3.939834e-01
6.000000e-01	7.000000e-01	5.265480e+00	4.202310e-01	4.202310e-01
7.000000e-01	8.000000e-01	5.701475e+00	4.423978e-01	4.423978e-01
8.000000e-01	9.000000e-01	7.646684e+00	5.086303e-01	5.086303e-01
9.000000e-01	1.000000e+00	7.914989e+00	5.195698e-01	5.195698e-01
1.000000e+00	1.100000e+00	9.290050e+00	5.622008e-01	5.622008e-01
1.100000e+00	1.200000e+00	1.016204e+01	5.933493e-01	5.933493e-01
1.200000e+00	1.300000e+00	1.183894e+01	6.319060e-01	6.319060e-01
1.300000e+00	1.400000e+00	1.167125e+01	6.256449e-01	6.256449e-01
1.400000e+00	1.500000e+00	1.331462e+01	6.732724e-01	6.732724e-01
1.500000e+00	1.600000e+00	1.318047e+01	6.699228e-01	6.699228e-01
1.600000e+00	1.700000e+00	1.515922e+01	7.208738e-01	7.208738e-01
1.700000e+00	1.800000e+00	1.589705e+01	7.317147e-01	7.317147e-01
1.800000e+00	1.900000e+00	1.784226e+01	7.779101e-01	7.779101e-01
1.900000e+00	2.000000e+00	1.750688e+01	7.691856e-01	7.691856e-01
2.000000e+00	2.100000e+00	1.770811e+01	7.750129e-01	7.750129e-01
2.100000e+00	2.200000e+00	2.072654e+01	8.377811e-01	8.377811e-01
2.200000e+00	2.300000e+00	2.233637e+01	8.745663e-01	8.745663e-01
2.300000e+00	2.400000e+00	2.330897e+01	8.904978e-01	8.904978e-01
2.400000e+00	2.500000e+00	2.377850e+01	8.992962e-01	8.992962e-01
2.500000e+00	2.600000e+00	2.545541e+01	9.300396e-01	9.300396e-01
2.600000e+00	2.700000e+00	2.626032e+01	9.420562e-01	9.420562e-01
2.700000e+00	2.800000e+00	2.743416e+01	9.697090e-01	9.697090e-01
2.800000e+00	2.900000e+00	2.971475e+01	1.005024e+00	1.005024e+00
2.900000e+00	3.000000e+00	2.666278e+01	9.503773e-01	9.503773e-01
3.000000e+00	3.100000e+00	2.823907e+01	9.800929e-01	9.800929e-01
3.100000e+00	3.200000e+00	2.803784e+01	9.766438e-01	9.766438e-01
3.200000e+00	3.300000e+00	2.035762e+01	8.344179e-01	8.344179e-01
3.300000e+00	3.400000e+00	1.502506e+01	7.177464e-01	7.177464e-01
3.400000e+00	3.500000e+00	1.133587e+01	6.256449e-01	6.256449e-01
3.500000e+00	3.600000e+00	9.290050e+00	5.641979e-01	5.641979e-01
3.600000e+00	3.700000e+00	8.317446e+00	5.302837e-01	5.302837e-01
3.700000e+00	3.800000e+00	6.472851e+00	4.707294e-01	4.707294e-01
3.800000e+00	3.900000e+00	5.768551e+00	4.423978e-01	4.423978e-01
3.900000e+00	4.000000e+00	4.091647e+00	3.704403e-01	3.704403e-01
4.000000e+00	4.100000e+00	3.387347e+00	3.469207e-01	3.469207e-01
4.100000e+00	4.200000e+00	2.448280e+00	2.980930e-01	2.980930e-01
4.200000e+00	4.300000e+00	2.247052e+00	2.745211e-01	2.745211e-01
4.300000e+00	4.400000e+00	1.777519e+00	2.487251e-01	2.487251e-01
4.400000e+00	4.500000e+00	8.719903e-01	1.710114e-01	1.710114e-01
4.500000e+00	4.600000e+00	8.049141e-01	1.710114e-01	1.710114e-01
4.600000e+00	4.700000e+00	6.036856e-01	1.422901e-01	1.422901e-01
4.700000e+00	4.800000e+00	5.030713e-01	1.298925e-01	1.298925e-01
4.800000e+00	4.900000e+00	4.695332e-01	1.254880e-01	1.254880e-01
4.900000e+00	5.000000e+00	4.695332e-01	1.254880e-01	1.254880e-01
# END HISTO1D


# BEGIN HISTO1D //eos/home-y/yiyu/monobc/Rivet_New/X800_Qd10.yoda.gz/JetMETAnalysis/bb_dR
ErrorBars=1
LineColor=red
LineStyle=dotted
Path=//eos/home-y/yiyu/monobc/Rivet_New/X800_Qd10.yoda.gz/JetMETAnalysis/bb_dR
ScaledBy=1.67247502780518323e-05
Title=X800_Qd10
# xlow	 xhigh	 val	 errminus	 errplus
0.000000e+00	1.000000e-01	0.000000e+00	0.000000e+00	0.000000e+00
1.000000e-01	2.000000e-01	0.000000e+00	0.000000e+00	0.000000e+00
2.000000e-01	3.000000e-01	0.000000e+00	0.000000e+00	0.000000e+00
3.000000e-01	4.000000e-01	0.000000e+00	0.000000e+00	0.000000e+00
4.000000e-01	5.000000e-01	1.249372e+00	1.150140e-01	1.150140e-01
5.000000e-01	6.000000e-01	1.810531e+00	1.392621e-01	1.392621e-01
6.000000e-01	7.000000e-01	1.969349e+00	1.467102e-01	1.467102e-01
7.000000e-01	8.000000e-01	2.202283e+00	1.534332e-01	1.534332e-01
8.000000e-01	9.000000e-01	2.329337e+00	1.605734e-01	1.605734e-01
9.000000e-01	1.000000e+00	2.943436e+00	1.765355e-01	1.765355e-01
1.000000e+00	1.100000e+00	3.091666e+00	1.827755e-01	1.827755e-01
1.100000e+00	1.200000e+00	3.409303e+00	1.911695e-01	1.911695e-01
1.200000e+00	1.300000e+00	4.055165e+00	2.088260e-01	2.088260e-01
1.300000e+00	1.400000e+00	4.044577e+00	2.101638e-01	2.101638e-01
1.400000e+00	1.500000e+00	4.796318e+00	2.258476e-01	2.258476e-01
1.500000e+00	1.600000e+00	4.499857e+00	2.203199e-01	2.203199e-01
1.600000e+00	1.700000e+00	5.050427e+00	2.322107e-01	2.322107e-01
1.700000e+00	1.800000e+00	5.018664e+00	2.338943e-01	2.338943e-01
1.800000e+00	1.900000e+00	5.590410e+00	2.460405e-01	2.460405e-01
1.900000e+00	2.000000e+00	5.558646e+00	2.453561e-01	2.453561e-01
2.000000e+00	2.100000e+00	6.500969e+00	2.649091e-01	2.649091e-01
2.100000e+00	2.200000e+00	7.252710e+00	2.807291e-01	2.807291e-01
2.200000e+00	2.300000e+00	7.083304e+00	2.754889e-01	2.754889e-01
2.300000e+00	2.400000e+00	7.115067e+00	2.797290e-01	2.797290e-01
2.400000e+00	2.500000e+00	8.015039e+00	2.932293e-01	2.932293e-01
2.500000e+00	2.600000e+00	8.036214e+00	2.955143e-01	2.955143e-01
2.600000e+00	2.700000e+00	8.491494e+00	3.039298e-01	3.039298e-01
2.700000e+00	2.800000e+00	8.438554e+00	3.033761e-01	3.033761e-01
2.800000e+00	2.900000e+00	8.999713e+00	3.122981e-01	3.122981e-01
2.900000e+00	3.000000e+00	9.105592e+00	3.165764e-01	3.165764e-01
3.000000e+00	3.100000e+00	9.433817e+00	3.185180e-01	3.185180e-01
3.100000e+00	3.200000e+00	8.480906e+00	3.048506e-01	3.048506e-01
3.200000e+00	3.300000e+00	5.442179e+00	2.432914e-01	2.432914e-01
3.300000e+00	3.400000e+00	4.510444e+00	2.215883e-01	2.215883e-01
3.400000e+00	3.500000e+00	3.356364e+00	1.943680e-01	1.943680e-01
3.500000e+00	3.600000e+00	2.890496e+00	1.799942e-01	1.799942e-01
3.600000e+00	3.700000e+00	2.350513e+00	1.591710e-01	1.591710e-01
3.700000e+00	3.800000e+00	1.884646e+00	1.467102e-01	1.467102e-01
3.800000e+00	3.900000e+00	1.408190e+00	1.266128e-01	1.266128e-01
3.900000e+00	4.000000e+00	1.302311e+00	1.202554e-01	1.202554e-01
4.000000e+00	4.100000e+00	8.893834e-01	9.932329e-02	9.932329e-02
4.100000e+00	4.200000e+00	7.305649e-01	8.921521e-02	8.921521e-02
4.200000e+00	4.300000e+00	5.082191e-01	7.335511e-02	7.335511e-02
4.300000e+00	4.400000e+00	4.341038e-01	7.102578e-02	7.102578e-02
4.400000e+00	4.500000e+00	2.646974e-01	5.293948e-02	5.293948e-02
4.500000e+00	4.600000e+00	1.588185e-01	4.615158e-02	4.615158e-02
4.600000e+00	4.700000e+00	1.058790e-01	3.348188e-02	3.348188e-02
4.700000e+00	4.800000e+00	1.270548e-01	4.235159e-02	4.235159e-02
4.800000e+00	4.900000e+00	2.117580e-02	1.497355e-02	1.497355e-02
4.900000e+00	5.000000e+00	7.411528e-02	2.801294e-02	2.801294e-02
# END HISTO1D


# BEGIN HISTO1D //eos/home-y/yiyu/monobc/Rivet_New/X800_Qd20.yoda.gz/JetMETAnalysis/bb_dR
ErrorBars=1
LineColor=blue
LineStyle=dotted
Path=//eos/home-y/yiyu/monobc/Rivet_New/X800_Qd20.yoda.gz/JetMETAnalysis/bb_dR
ScaledBy=1.67808876512372445e-05
Title=X800_Qd20
# xlow	 xhigh	 val	 errminus	 errplus
0.000000e+00	1.000000e-01	0.000000e+00	0.000000e+00	0.000000e+00
1.000000e-01	2.000000e-01	0.000000e+00	0.000000e+00	0.000000e+00
2.000000e-01	3.000000e-01	0.000000e+00	0.000000e+00	0.000000e+00
3.000000e-01	4.000000e-01	2.122250e-02	1.500657e-02	1.500657e-02
4.000000e-01	5.000000e-01	1.050514e+00	1.055806e-01	1.055806e-01
5.000000e-01	6.000000e-01	1.655355e+00	1.325344e-01	1.325344e-01
6.000000e-01	7.000000e-01	2.154083e+00	1.519300e-01	1.519300e-01
7.000000e-01	8.000000e-01	2.398142e+00	1.609276e-01	1.609276e-01
8.000000e-01	9.000000e-01	2.461810e+00	1.643887e-01	1.643887e-01
9.000000e-01	1.000000e+00	2.663423e+00	1.694480e-01	1.694480e-01
1.000000e+00	1.100000e+00	3.236431e+00	1.871314e-01	1.871314e-01
1.100000e+00	1.200000e+00	3.384988e+00	1.930548e-01	1.930548e-01
1.200000e+00	1.300000e+00	4.064108e+00	2.114276e-01	2.114276e-01
1.300000e+00	1.400000e+00	3.915551e+00	2.071233e-01	2.071233e-01
1.400000e+00	1.500000e+00	4.180832e+00	2.132834e-01	2.132834e-01
1.500000e+00	1.600000e+00	4.552226e+00	2.238445e-01	2.238445e-01
1.600000e+00	1.700000e+00	4.913008e+00	2.307794e-01	2.307794e-01
1.700000e+00	1.800000e+00	5.252568e+00	2.389299e-01	2.389299e-01
1.800000e+00	1.900000e+00	5.443571e+00	2.435969e-01	2.435969e-01
1.900000e+00	2.000000e+00	5.708852e+00	2.479492e-01	2.479492e-01
2.000000e+00	2.100000e+00	6.260637e+00	2.612178e-01	2.612178e-01
2.100000e+00	2.200000e+00	6.727532e+00	2.701183e-01	2.701183e-01
2.200000e+00	2.300000e+00	7.480930e+00	2.837393e-01	2.837393e-01
2.300000e+00	2.400000e+00	7.024647e+00	2.771141e-01	2.771141e-01
2.400000e+00	2.500000e+00	7.480930e+00	2.845319e-01	2.845319e-01
2.500000e+00	2.600000e+00	8.170661e+00	2.982497e-01	2.982497e-01
2.600000e+00	2.700000e+00	8.860393e+00	3.106397e-01	3.106397e-01
2.700000e+00	2.800000e+00	8.775503e+00	3.088220e-01	3.088220e-01
2.800000e+00	2.900000e+00	8.680001e+00	3.071769e-01	3.071769e-01
2.900000e+00	3.000000e+00	8.934671e+00	3.144226e-01	3.144226e-01
3.000000e+00	3.100000e+00	9.677459e+00	3.242948e-01	3.242948e-01
3.100000e+00	3.200000e+00	8.595111e+00	3.053386e-01	3.053386e-01
3.200000e+00	3.300000e+00	5.814964e+00	2.551117e-01	2.551117e-01
3.300000e+00	3.400000e+00	4.446113e+00	2.208058e-01	2.208058e-01
3.400000e+00	3.500000e+00	3.554768e+00	1.970952e-01	1.970952e-01
3.500000e+00	3.600000e+00	2.758925e+00	1.737136e-01	1.737136e-01
3.600000e+00	3.700000e+00	2.196528e+00	1.555915e-01	1.555915e-01
3.700000e+00	3.800000e+00	1.835746e+00	1.411735e-01	1.411735e-01
3.800000e+00	3.900000e+00	1.687189e+00	1.346416e-01	1.346416e-01
3.900000e+00	4.000000e+00	1.071736e+00	1.107847e-01	1.107847e-01
4.000000e+00	4.100000e+00	7.852324e-01	9.490989e-02	9.490989e-02
4.100000e+00	4.200000e+00	7.852324e-01	9.371601e-02	9.371601e-02
4.200000e+00	4.300000e+00	6.472862e-01	8.685681e-02	8.685681e-02
4.300000e+00	4.400000e+00	3.713937e-01	6.794515e-02	6.794515e-02
4.400000e+00	4.500000e+00	2.334475e-01	5.198429e-02	5.198429e-02
4.500000e+00	4.600000e+00	2.228362e-01	5.305624e-02	5.305624e-02
4.600000e+00	4.700000e+00	1.485575e-01	4.244500e-02	4.244500e-02
4.700000e+00	4.800000e+00	1.591687e-01	4.862685e-02	4.862685e-02
4.800000e+00	4.900000e+00	1.697800e-01	4.244500e-02	4.244500e-02
4.900000e+00	5.000000e+00	6.366749e-02	2.599214e-02	2.599214e-02
# END HISTO1D


# BEGIN HISTO1D //eos/home-y/yiyu/monobc/Rivet_New/X800_Qd40.yoda.gz/JetMETAnalysis/bb_dR
ErrorBars=1
LineColor=green
LineStyle=dotted
Path=//eos/home-y/yiyu/monobc/Rivet_New/X800_Qd40.yoda.gz/JetMETAnalysis/bb_dR
ScaledBy=1.67815229838021701e-05
Title=X800_Qd40
# xlow	 xhigh	 val	 errminus	 errplus
0.000000e+00	1.000000e-01	0.000000e+00	0.000000e+00	0.000000e+00
1.000000e-01	2.000000e-01	0.000000e+00	0.000000e+00	0.000000e+00
2.000000e-01	3.000000e-01	0.000000e+00	0.000000e+00	0.000000e+00
3.000000e-01	4.000000e-01	0.000000e+00	0.000000e+00	0.000000e+00
4.000000e-01	5.000000e-01	1.269879e+00	1.173362e-01	1.173362e-01
5.000000e-01	6.000000e-01	1.941551e+00	1.435152e-01	1.435152e-01
6.000000e-01	7.000000e-01	2.046499e+00	1.502636e-01	1.502636e-01
7.000000e-01	8.000000e-01	2.329861e+00	1.563700e-01	1.563700e-01
8.000000e-01	9.000000e-01	2.434809e+00	1.605406e-01	1.605406e-01
9.000000e-01	1.000000e+00	2.613222e+00	1.688989e-01	1.688989e-01
1.000000e+00	1.100000e+00	2.875594e+00	1.774843e-01	1.774843e-01
1.100000e+00	1.200000e+00	3.452812e+00	1.938002e-01	1.938002e-01
1.200000e+00	1.300000e+00	3.809637e+00	2.021454e-01	2.021454e-01
1.300000e+00	1.400000e+00	3.788648e+00	2.032323e-01	2.032323e-01
1.400000e+00	1.500000e+00	3.914586e+00	2.053886e-01	2.053886e-01
1.500000e+00	1.600000e+00	4.239927e+00	2.130226e-01	2.130226e-01
1.600000e+00	1.700000e+00	4.743681e+00	2.250898e-01	2.250898e-01
1.700000e+00	1.800000e+00	5.352383e+00	2.397796e-01	2.397796e-01
1.800000e+00	1.900000e+00	5.772178e+00	2.501216e-01	2.501216e-01
1.900000e+00	2.000000e+00	5.877126e+00	2.523138e-01	2.523138e-01
2.000000e+00	2.100000e+00	6.097519e+00	2.547033e-01	2.547033e-01
2.100000e+00	2.200000e+00	6.790180e+00	2.681845e-01	2.681845e-01
2.200000e+00	2.300000e+00	7.052552e+00	2.768737e-01	2.768737e-01
2.300000e+00	2.400000e+00	7.010572e+00	2.768737e-01	2.768737e-01
2.400000e+00	2.500000e+00	7.839667e+00	2.914098e-01	2.914098e-01
2.500000e+00	2.600000e+00	8.154513e+00	2.981356e-01	2.981356e-01
2.600000e+00	2.700000e+00	8.574308e+00	3.050741e-01	3.050741e-01
2.700000e+00	2.800000e+00	8.700246e+00	3.061553e-01	3.061553e-01
2.800000e+00	2.900000e+00	9.183010e+00	3.129161e-01	3.129161e-01
2.900000e+00	3.000000e+00	9.151525e+00	3.141456e-01	3.141456e-01
3.000000e+00	3.100000e+00	8.962618e+00	3.127400e-01	3.127400e-01
3.100000e+00	3.200000e+00	8.311936e+00	2.990577e-01	2.990577e-01
3.200000e+00	3.300000e+00	6.055539e+00	2.542705e-01	2.542705e-01
3.300000e+00	3.400000e+00	4.145473e+00	2.158476e-01	2.158476e-01
3.400000e+00	3.500000e+00	3.662709e+00	2.015999e-01	2.015999e-01
3.500000e+00	3.600000e+00	2.718171e+00	1.714876e-01	1.714876e-01
3.600000e+00	3.700000e+00	2.119963e+00	1.513591e-01	1.513591e-01
3.700000e+00	3.800000e+00	1.868087e+00	1.423593e-01	1.423593e-01
3.800000e+00	3.900000e+00	1.616210e+00	1.335779e-01	1.335779e-01
3.900000e+00	4.000000e+00	1.206910e+00	1.173362e-01	1.173362e-01
4.000000e+00	4.100000e+00	9.550330e-01	1.033625e-01	1.033625e-01
4.100000e+00	4.200000e+00	5.562280e-01	7.923452e-02	7.923452e-02
4.200000e+00	4.300000e+00	7.031562e-01	8.843133e-02	8.843133e-02
4.300000e+00	4.400000e+00	5.562280e-01	7.783203e-02	7.783203e-02
4.400000e+00	4.500000e+00	2.728666e-01	5.553362e-02	5.553362e-02
4.500000e+00	4.600000e+00	1.889076e-01	4.452596e-02	4.452596e-02
4.600000e+00	4.700000e+00	2.308871e-01	5.141414e-02	5.141414e-02
4.700000e+00	4.800000e+00	1.574230e-01	4.064645e-02	4.064645e-02
4.800000e+00	4.900000e+00	8.395895e-02	2.968397e-02	2.968397e-02
4.900000e+00	5.000000e+00	6.296921e-02	2.570707e-02	2.570707e-02
# END HISTO1D

