# BEGIN PLOT
Legend=1
LogY=1
LegendPlacement=manual
LegendAlign=r
LegendXPos=1.32
RightMargin=3.3
Title=Di-bjet $\Delta\phi$
XLabel=$\Delta\phi_{bb}$ [rad]
YLabel=$\mathrm{d}\sigma/\mathrm{d}\Delta\phi_{bb}$ [pb/rad]
XMin=0
DrawOnly=//eos/home-y/yiyu/monobc/Rivet_New/X1000_Qd10.yoda.gz/JetMETAnalysis/bb_dphi //eos/home-y/yiyu/monobc/Rivet_New/X1000_Qd20.yoda.gz/JetMETAnalysis/bb_dphi //eos/home-y/yiyu/monobc/Rivet_New/X1000_Qd40.yoda.gz/JetMETAnalysis/bb_dphi //eos/home-y/yiyu/monobc/Rivet_New/X1200_Qd10.yoda.gz/JetMETAnalysis/bb_dphi //eos/home-y/yiyu/monobc/Rivet_New/X1200_Qd20.yoda.gz/JetMETAnalysis/bb_dphi //eos/home-y/yiyu/monobc/Rivet_New/X1200_Qd40.yoda.gz/JetMETAnalysis/bb_dphi //eos/home-y/yiyu/monobc/Rivet_New/X1500_Qd10.yoda.gz/JetMETAnalysis/bb_dphi //eos/home-y/yiyu/monobc/Rivet_New/X1500_Qd20.yoda.gz/JetMETAnalysis/bb_dphi //eos/home-y/yiyu/monobc/Rivet_New/X1500_Qd40.yoda.gz/JetMETAnalysis/bb_dphi //eos/home-y/yiyu/monobc/Rivet_New/X2000_Qd10.yoda.gz/JetMETAnalysis/bb_dphi //eos/home-y/yiyu/monobc/Rivet_New/X2000_Qd20.yoda.gz/JetMETAnalysis/bb_dphi //eos/home-y/yiyu/monobc/Rivet_New/X2000_Qd40.yoda.gz/JetMETAnalysis/bb_dphi //eos/home-y/yiyu/monobc/Rivet_New/X600_Qd10.yoda.gz/JetMETAnalysis/bb_dphi //eos/home-y/yiyu/monobc/Rivet_New/X600_Qd20.yoda.gz/JetMETAnalysis/bb_dphi //eos/home-y/yiyu/monobc/Rivet_New/X600_Qd40.yoda.gz/JetMETAnalysis/bb_dphi //eos/home-y/yiyu/monobc/Rivet_New/X800_Qd10.yoda.gz/JetMETAnalysis/bb_dphi //eos/home-y/yiyu/monobc/Rivet_New/X800_Qd20.yoda.gz/JetMETAnalysis/bb_dphi //eos/home-y/yiyu/monobc/Rivet_New/X800_Qd40.yoda.gz/JetMETAnalysis/bb_dphi
LegendOnly=//eos/home-y/yiyu/monobc/Rivet_New/X1000_Qd10.yoda.gz/JetMETAnalysis/bb_dphi //eos/home-y/yiyu/monobc/Rivet_New/X1000_Qd20.yoda.gz/JetMETAnalysis/bb_dphi //eos/home-y/yiyu/monobc/Rivet_New/X1000_Qd40.yoda.gz/JetMETAnalysis/bb_dphi //eos/home-y/yiyu/monobc/Rivet_New/X1200_Qd10.yoda.gz/JetMETAnalysis/bb_dphi //eos/home-y/yiyu/monobc/Rivet_New/X1200_Qd20.yoda.gz/JetMETAnalysis/bb_dphi //eos/home-y/yiyu/monobc/Rivet_New/X1200_Qd40.yoda.gz/JetMETAnalysis/bb_dphi //eos/home-y/yiyu/monobc/Rivet_New/X1500_Qd10.yoda.gz/JetMETAnalysis/bb_dphi //eos/home-y/yiyu/monobc/Rivet_New/X1500_Qd20.yoda.gz/JetMETAnalysis/bb_dphi //eos/home-y/yiyu/monobc/Rivet_New/X1500_Qd40.yoda.gz/JetMETAnalysis/bb_dphi //eos/home-y/yiyu/monobc/Rivet_New/X2000_Qd10.yoda.gz/JetMETAnalysis/bb_dphi //eos/home-y/yiyu/monobc/Rivet_New/X2000_Qd20.yoda.gz/JetMETAnalysis/bb_dphi //eos/home-y/yiyu/monobc/Rivet_New/X2000_Qd40.yoda.gz/JetMETAnalysis/bb_dphi //eos/home-y/yiyu/monobc/Rivet_New/X600_Qd10.yoda.gz/JetMETAnalysis/bb_dphi //eos/home-y/yiyu/monobc/Rivet_New/X600_Qd20.yoda.gz/JetMETAnalysis/bb_dphi //eos/home-y/yiyu/monobc/Rivet_New/X600_Qd40.yoda.gz/JetMETAnalysis/bb_dphi //eos/home-y/yiyu/monobc/Rivet_New/X800_Qd10.yoda.gz/JetMETAnalysis/bb_dphi //eos/home-y/yiyu/monobc/Rivet_New/X800_Qd20.yoda.gz/JetMETAnalysis/bb_dphi //eos/home-y/yiyu/monobc/Rivet_New/X800_Qd40.yoda.gz/JetMETAnalysis/bb_dphi
RatioPlot=1
RatioPlotReference=//eos/home-y/yiyu/monobc/Rivet_New/X1000_Qd10.yoda.gz/JetMETAnalysis/bb_dphi
RatioPlotYLabel=Ratio
# END PLOT

# BEGIN HISTO1D //eos/home-y/yiyu/monobc/Rivet_New/X1000_Qd10.yoda.gz/JetMETAnalysis/bb_dphi
ErrorBars=1
LineColor=red
LineStyle=solid
Path=//eos/home-y/yiyu/monobc/Rivet_New/X1000_Qd10.yoda.gz/JetMETAnalysis/bb_dphi
ScaledBy=1.57872041894473936e-05
Title=X1000_Qd10
# xlow	 xhigh	 val	 errminus	 errplus
0.000000e+00	6.283185e-02	1.125935e+00	8.375819e-02	8.375819e-02
6.283185e-02	1.256637e-01	1.184578e+00	8.578653e-02	8.578653e-02
1.256637e-01	1.884956e-01	1.114206e+00	8.293290e-02	8.293290e-02
1.884956e-01	2.513274e-01	1.090751e+00	8.293304e-02	8.293304e-02
2.513274e-01	3.141593e-01	1.243219e+00	8.815889e-02	8.815889e-02
3.141593e-01	3.769911e-01	1.219764e+00	8.737537e-02	8.737537e-02
3.769911e-01	4.398230e-01	1.419146e+00	9.382786e-02	9.382786e-02
4.398230e-01	5.026548e-01	1.419149e+00	9.564304e-02	9.564304e-02
5.026548e-01	5.654867e-01	1.360504e+00	9.235017e-02	9.235017e-02
5.654867e-01	6.283185e-01	1.325321e+00	9.046927e-02	9.046927e-02
6.283185e-01	6.911504e-01	1.489517e+00	9.564289e-02	9.564289e-02
6.911504e-01	7.539822e-01	1.419149e+00	9.272195e-02	9.272195e-02
7.539822e-01	8.168141e-01	1.348776e+00	9.046912e-02	9.046912e-02
8.168141e-01	8.796459e-01	1.530570e+00	9.618086e-02	9.618086e-02
8.796459e-01	9.424778e-01	1.436739e+00	9.582251e-02	9.582251e-02
9.424778e-01	1.005310e+00	1.806177e+00	1.055559e-01	1.055559e-01
1.005310e+00	1.068142e+00	1.729948e+00	1.027497e-01	1.027497e-01
1.068142e+00	1.130973e+00	1.636146e+00	9.969354e-02	9.969354e-02
1.130973e+00	1.193805e+00	1.466058e+00	9.528251e-02	9.528251e-02
1.193805e+00	1.256637e+00	1.683034e+00	1.030838e-01	1.030838e-01
1.256637e+00	1.319469e+00	1.571614e+00	9.707032e-02	9.707032e-02
1.319469e+00	1.382301e+00	1.765134e+00	1.047385e-01	1.047385e-01
1.382301e+00	1.445133e+00	1.636120e+00	1.017406e-01	1.017406e-01
1.445133e+00	1.507964e+00	1.905906e+00	1.095546e-01	1.095546e-01
1.507964e+00	1.570796e+00	1.858962e+00	1.079720e-01	1.079720e-01
1.570796e+00	1.633628e+00	1.970381e+00	1.100228e-01	1.100228e-01
1.633628e+00	1.696460e+00	1.929332e+00	1.092385e-01	1.092385e-01
1.696460e+00	1.759292e+00	1.864825e+00	1.081311e-01	1.081311e-01
1.759292e+00	1.822124e+00	2.034888e+00	1.126482e-01	1.126482e-01
1.822124e+00	1.884956e+00	2.052481e+00	1.140137e-01	1.140137e-01
1.884956e+00	1.947787e+00	2.193258e+00	1.166986e-01	1.166986e-01
1.947787e+00	2.010619e+00	2.152174e+00	1.138628e-01	1.138628e-01
2.010619e+00	2.073451e+00	2.204951e+00	1.161059e-01	1.161059e-01
2.073451e+00	2.136283e+00	2.234272e+00	1.177236e-01	1.177236e-01
2.136283e+00	2.199115e+00	2.204951e+00	1.155120e-01	1.155120e-01
2.199115e+00	2.261947e+00	2.591991e+00	1.271335e-01	1.271335e-01
2.261947e+00	2.324779e+00	2.591991e+00	1.255001e-01	1.255001e-01
2.324779e+00	2.387610e+00	2.597896e+00	1.267292e-01	1.267292e-01
2.387610e+00	2.450442e+00	2.462977e+00	1.252257e-01	1.252257e-01
2.450442e+00	2.513274e+00	2.580262e+00	1.271335e-01	1.271335e-01
2.513274e+00	2.576106e+00	2.439521e+00	1.260469e-01	1.260469e-01
2.576106e+00	2.638938e+00	2.709276e+00	1.284789e-01	1.284789e-01
2.638938e+00	2.701770e+00	2.650633e+00	1.300750e-01	1.300750e-01
2.701770e+00	2.764602e+00	3.049402e+00	1.375284e-01	1.375284e-01
2.764602e+00	2.827433e+00	2.832470e+00	1.315231e-01	1.315231e-01
2.827433e+00	2.890265e+00	2.908660e+00	1.344944e-01	1.344944e-01
2.890265e+00	2.953097e+00	3.096314e+00	1.372782e-01	1.372782e-01
2.953097e+00	3.015929e+00	2.685818e+00	1.300750e-01	1.300750e-01
3.015929e+00	3.078761e+00	2.932116e+00	1.350048e-01	1.350048e-01
3.078761e+00	3.141593e+00	2.773782e+00	1.315210e-01	1.315210e-01
# END HISTO1D


# BEGIN HISTO1D //eos/home-y/yiyu/monobc/Rivet_New/X1000_Qd20.yoda.gz/JetMETAnalysis/bb_dphi
ErrorBars=1
LineColor=blue
LineStyle=solid
Path=//eos/home-y/yiyu/monobc/Rivet_New/X1000_Qd20.yoda.gz/JetMETAnalysis/bb_dphi
ScaledBy=1.59148787614182405e-05
Title=X1000_Qd20
# xlow	 xhigh	 val	 errminus	 errplus
0.000000e+00	6.283185e-02	1.140896e+00	8.463806e-02	8.463806e-02
6.283185e-02	1.256637e-01	1.111339e+00	8.275930e-02	8.275930e-02
1.256637e-01	1.884956e-01	1.129072e+00	8.297010e-02	8.297010e-02
1.884956e-01	2.513274e-01	1.194099e+00	8.647609e-02	8.647609e-02
2.513274e-01	3.141593e-01	1.270945e+00	8.827564e-02	8.827564e-02
3.141593e-01	3.769911e-01	1.241391e+00	8.728053e-02	8.728053e-02
3.769911e-01	4.398230e-01	1.400996e+00	9.290453e-02	9.290453e-02
4.398230e-01	5.026548e-01	1.335973e+00	9.233877e-02	9.233877e-02
5.026548e-01	5.654867e-01	1.531046e+00	9.659265e-02	9.659265e-02
5.654867e-01	6.283185e-01	1.389175e+00	9.439722e-02	9.439722e-02
6.283185e-01	6.911504e-01	1.513312e+00	9.749289e-02	9.749289e-02
6.911504e-01	7.539822e-01	1.684744e+00	1.011866e-01	1.011866e-01
7.539822e-01	8.168141e-01	1.560603e+00	9.820713e-02	9.820713e-02
8.168141e-01	8.796459e-01	1.513314e+00	9.677352e-02	9.677352e-02
8.796459e-01	9.424778e-01	1.560603e+00	9.641160e-02	9.641160e-02
9.424778e-01	1.005310e+00	1.424634e+00	9.476608e-02	9.476608e-02
1.005310e+00	1.068142e+00	1.442373e+00	9.384001e-02	9.384001e-02
1.068142e+00	1.130973e+00	1.720235e+00	1.042497e-01	1.042497e-01
1.130973e+00	1.193805e+00	1.696562e+00	1.015310e-01	1.015310e-01
1.193805e+00	1.256637e+00	1.613802e+00	1.011863e-01	1.011863e-01
1.256637e+00	1.319469e+00	1.814789e+00	1.065686e-01	1.065686e-01
1.319469e+00	1.382301e+00	1.826612e+00	1.078723e-01	1.078723e-01
1.382301e+00	1.445133e+00	1.791143e+00	1.052489e-01	1.052489e-01
1.445133e+00	1.507964e+00	1.720235e+00	1.059125e-01	1.059125e-01
1.507964e+00	1.570796e+00	1.844345e+00	1.073853e-01	1.073853e-01
1.570796e+00	1.633628e+00	1.867991e+00	1.080341e-01	1.080341e-01
1.633628e+00	1.696460e+00	1.986219e+00	1.096395e-01	1.096395e-01
1.696460e+00	1.759292e+00	1.962573e+00	1.109070e-01	1.109070e-01
1.759292e+00	1.822124e+00	2.116269e+00	1.149301e-01	1.149301e-01
1.822124e+00	1.884956e+00	1.998041e+00	1.121603e-01	1.121603e-01
1.884956e+00	1.947787e+00	2.069011e+00	1.158405e-01	1.158405e-01
1.947787e+00	2.010619e+00	2.145825e+00	1.159894e-01	1.159894e-01
2.010619e+00	2.073451e+00	2.151736e+00	1.149301e-01	1.149301e-01
2.073451e+00	2.136283e+00	2.275875e+00	1.201331e-01	1.201331e-01
2.136283e+00	2.199115e+00	2.370458e+00	1.212911e-01	1.212911e-01
2.199115e+00	2.261947e+00	2.329078e+00	1.199876e-01	1.199876e-01
2.261947e+00	2.324779e+00	2.317256e+00	1.205687e-01	1.205687e-01
2.324779e+00	2.387610e+00	2.589219e+00	1.270620e-01	1.270620e-01
2.387610e+00	2.450442e+00	2.506419e+00	1.231495e-01	1.231495e-01
2.450442e+00	2.513274e+00	2.518241e+00	1.265087e-01	1.265087e-01
2.513274e+00	2.576106e+00	2.701494e+00	1.293765e-01	1.293765e-01
2.576106e+00	2.638938e+00	2.748784e+00	1.323143e-01	1.323143e-01
2.638938e+00	2.701770e+00	2.748784e+00	1.317850e-01	1.317850e-01
2.701770e+00	2.764602e+00	2.908392e+00	1.347999e-01	1.347999e-01
2.764602e+00	2.827433e+00	2.932083e+00	1.360920e-01	1.360920e-01
2.827433e+00	2.890265e+00	2.961594e+00	1.362182e-01	1.362182e-01
2.890265e+00	2.953097e+00	2.896569e+00	1.340199e-01	1.340199e-01
2.953097e+00	3.015929e+00	2.843366e+00	1.357041e-01	1.357041e-01
3.015929e+00	3.078761e+00	2.914303e+00	1.385077e-01	1.385077e-01
3.078761e+00	3.141593e+00	2.884747e+00	1.355753e-01	1.355753e-01
# END HISTO1D


# BEGIN HISTO1D //eos/home-y/yiyu/monobc/Rivet_New/X1000_Qd40.yoda.gz/JetMETAnalysis/bb_dphi
ErrorBars=1
LineColor=green
LineStyle=solid
Path=//eos/home-y/yiyu/monobc/Rivet_New/X1000_Qd40.yoda.gz/JetMETAnalysis/bb_dphi
ScaledBy=1.57578455171900267e-05
Title=X1000_Qd40
# xlow	 xhigh	 val	 errminus	 errplus
0.000000e+00	6.283185e-02	1.110077e+00	8.402195e-02	8.402195e-02
6.283185e-02	1.256637e-01	1.051957e+00	7.990068e-02	7.990068e-02
1.256637e-01	1.884956e-01	1.203066e+00	8.442294e-02	8.442294e-02
1.884956e-01	2.513274e-01	1.272811e+00	8.756547e-02	8.756547e-02
2.513274e-01	3.141593e-01	1.319305e+00	9.022518e-02	9.022518e-02
3.141593e-01	3.769911e-01	1.319307e+00	9.022532e-02	9.022532e-02
3.769911e-01	4.398230e-01	1.342552e+00	9.097086e-02	9.097086e-02
4.398230e-01	5.026548e-01	1.435545e+00	9.317223e-02	9.317223e-02
5.026548e-01	5.654867e-01	1.313493e+00	9.078501e-02	9.078501e-02
5.654867e-01	6.283185e-01	1.470417e+00	9.496762e-02	9.496762e-02
6.283185e-01	6.911504e-01	1.476226e+00	9.549950e-02	9.549950e-02
6.911504e-01	7.539822e-01	1.400674e+00	9.317223e-02	9.317223e-02
7.539822e-01	8.168141e-01	1.662208e+00	9.965358e-02	9.965358e-02
8.168141e-01	8.796459e-01	1.586655e+00	9.914399e-02	9.914399e-02
8.796459e-01	9.424778e-01	1.435543e+00	9.244416e-02	9.244416e-02
9.424778e-01	1.005310e+00	1.627328e+00	1.003287e-01	1.003287e-01
1.005310e+00	1.068142e+00	1.557591e+00	9.690383e-02	9.690383e-02
1.068142e+00	1.130973e+00	1.499495e+00	9.479082e-02	9.479082e-02
1.130973e+00	1.193805e+00	1.766819e+00	1.026587e-01	1.026587e-01
1.193805e+00	1.256637e+00	1.656393e+00	1.024941e-01	1.024941e-01
1.256637e+00	1.319469e+00	1.813315e+00	1.055785e-01	1.055785e-01
1.319469e+00	1.382301e+00	1.598275e+00	9.982276e-02	9.982276e-02
1.382301e+00	1.445133e+00	1.685453e+00	1.019985e-01	1.019985e-01
1.445133e+00	1.507964e+00	1.883088e+00	1.065357e-01	1.065357e-01
1.507964e+00	1.570796e+00	1.731947e+00	1.026587e-01	1.026587e-01
1.570796e+00	1.633628e+00	1.888869e+00	1.079514e-01	1.079514e-01
1.633628e+00	1.696460e+00	1.853998e+00	1.060573e-01	1.060573e-01
1.696460e+00	1.759292e+00	1.993484e+00	1.104262e-01	1.104262e-01
1.759292e+00	1.822124e+00	1.923741e+00	1.088860e-01	1.088860e-01
1.822124e+00	1.884956e+00	2.045790e+00	1.117942e-01	1.117942e-01
1.884956e+00	1.947787e+00	2.086507e+00	1.131475e-01	1.131475e-01
1.947787e+00	2.010619e+00	2.063226e+00	1.128468e-01	1.128468e-01
2.010619e+00	2.073451e+00	2.069038e+00	1.132949e-01	1.132949e-01
2.073451e+00	2.136283e+00	2.301515e+00	1.182548e-01	1.182548e-01
2.136283e+00	2.199115e+00	2.464248e+00	1.232891e-01	1.232891e-01
2.199115e+00	2.261947e+00	2.301515e+00	1.188247e-01	1.188247e-01
2.261947e+00	2.324779e+00	2.580486e+00	1.268008e-01	1.268008e-01
2.324779e+00	2.387610e+00	2.382919e+00	1.219135e-01	1.219135e-01
2.387610e+00	2.450442e+00	2.470060e+00	1.250573e-01	1.250573e-01
2.450442e+00	2.513274e+00	2.656042e+00	1.269339e-01	1.269339e-01
2.513274e+00	2.576106e+00	2.842022e+00	1.318931e-01	1.318931e-01
2.576106e+00	2.638938e+00	2.667665e+00	1.285207e-01	1.285207e-01
2.638938e+00	2.701770e+00	2.871082e+00	1.327865e-01	1.327865e-01
2.701770e+00	2.764602e+00	2.754843e+00	1.291761e-01	1.291761e-01
2.764602e+00	2.827433e+00	2.638647e+00	1.286541e-01	1.286541e-01
2.827433e+00	2.890265e+00	2.429377e+00	1.241083e-01	1.241083e-01
2.890265e+00	2.953097e+00	2.743220e+00	1.320211e-01	1.320211e-01
2.953097e+00	3.015929e+00	2.940825e+00	1.350565e-01	1.350565e-01
3.015929e+00	3.078761e+00	2.795526e+00	1.295677e-01	1.295677e-01
3.078761e+00	3.141593e+00	2.807151e+00	1.334209e-01	1.334209e-01
# END HISTO1D


# BEGIN HISTO1D //eos/home-y/yiyu/monobc/Rivet_New/X1200_Qd10.yoda.gz/JetMETAnalysis/bb_dphi
ErrorBars=1
LineColor=orange
LineStyle=solid
Path=//eos/home-y/yiyu/monobc/Rivet_New/X1200_Qd10.yoda.gz/JetMETAnalysis/bb_dphi
ScaledBy=1.55131369446056310e-05
Title=X1200_Qd10
# xlow	 xhigh	 val	 errminus	 errplus
0.000000e+00	6.283185e-02	3.931761e-01	3.079294e-02	3.079294e-02
6.283185e-02	1.256637e-01	3.775383e-01	3.071180e-02	3.071180e-02
1.256637e-01	1.884956e-01	4.065795e-01	3.079292e-02	3.079292e-02
1.884956e-01	2.513274e-01	4.043462e-01	3.275623e-02	3.275623e-02
2.513274e-01	3.141593e-01	4.266850e-01	3.229589e-02	3.229589e-02
3.141593e-01	3.769911e-01	4.534931e-01	3.380590e-02	3.380590e-02
3.769911e-01	4.398230e-01	4.668961e-01	3.525118e-02	3.525118e-02
4.398230e-01	5.026548e-01	5.517873e-01	3.622869e-02	3.622869e-02
5.026548e-01	5.654867e-01	5.495524e-01	3.670760e-02	3.670760e-02
5.654867e-01	6.283185e-01	6.076363e-01	3.869326e-02	3.869326e-02
6.283185e-01	6.911504e-01	6.009334e-01	3.797720e-02	3.797720e-02
6.911504e-01	7.539822e-01	5.450855e-01	3.684336e-02	3.684336e-02
7.539822e-01	8.168141e-01	5.383827e-01	3.595207e-02	3.595207e-02
8.168141e-01	8.796459e-01	5.383836e-01	3.581305e-02	3.581305e-02
8.796459e-01	9.424778e-01	5.852957e-01	3.697850e-02	3.697850e-02
9.424778e-01	1.005310e+00	5.517838e-01	3.704574e-02	3.704574e-02
1.005310e+00	1.068142e+00	6.098682e-01	3.862860e-02	3.862860e-02
1.068142e+00	1.130973e+00	5.562624e-01	3.784611e-02	3.784611e-02
1.130973e+00	1.193805e+00	6.098682e-01	3.875758e-02	3.875758e-02
1.193805e+00	1.256637e+00	6.567811e-01	3.996210e-02	3.996210e-02
1.256637e+00	1.319469e+00	6.724188e-01	4.027310e-02	4.027310e-02
1.319469e+00	1.382301e+00	6.523133e-01	3.958569e-02	3.958569e-02
1.382301e+00	1.445133e+00	6.121021e-01	3.958569e-02	3.958569e-02
1.445133e+00	1.507964e+00	6.076440e-01	3.895086e-02	3.895086e-02
1.507964e+00	1.570796e+00	6.433774e-01	4.058171e-02	4.058171e-02
1.570796e+00	1.633628e+00	7.282676e-01	4.285458e-02	4.285458e-02
1.633628e+00	1.696460e+00	6.724188e-01	4.100986e-02	4.100986e-02
1.696460e+00	1.759292e+00	7.059280e-01	4.155386e-02	4.155386e-02
1.759292e+00	1.822124e+00	6.902905e-01	4.137332e-02	4.137332e-02
1.822124e+00	1.884956e+00	7.394372e-01	4.349035e-02	4.349035e-02
1.884956e+00	1.947787e+00	8.064686e-01	4.539994e-02	4.539994e-02
1.947787e+00	2.010619e+00	8.019878e-01	4.517883e-02	4.517883e-02
2.010619e+00	2.073451e+00	8.243274e-01	4.484622e-02	4.484622e-02
2.073451e+00	2.136283e+00	7.818823e-01	4.389014e-02	4.389014e-02
2.136283e+00	2.199115e+00	9.315570e-01	4.733654e-02	4.733654e-02
2.199115e+00	2.261947e+00	7.975201e-01	4.439887e-02	4.439887e-02
2.261947e+00	2.324779e+00	8.600705e-01	4.712522e-02	4.712522e-02
2.324779e+00	2.387610e+00	8.980619e-01	4.749517e-02	4.749517e-02
2.387610e+00	2.450442e+00	8.935799e-01	4.696610e-02	4.696610e-02
2.450442e+00	2.513274e+00	8.891119e-01	4.664624e-02	4.664624e-02
2.513274e+00	2.576106e+00	9.896397e-01	5.010226e-02	5.010226e-02
2.576106e+00	2.638938e+00	1.014213e+00	4.965201e-02	4.965201e-02
2.638938e+00	2.701770e+00	9.941075e-01	5.000256e-02	5.000256e-02
2.701770e+00	2.764602e+00	9.315570e-01	4.848237e-02	4.848237e-02
2.764602e+00	2.827433e+00	1.003059e+00	5.138165e-02	5.138165e-02
2.827433e+00	2.890265e+00	1.103571e+00	5.229542e-02	5.229542e-02
2.890265e+00	2.953097e+00	9.449607e-01	4.899434e-02	4.899434e-02
2.953097e+00	3.015929e+00	1.054424e+00	5.074558e-02	5.074558e-02
3.015929e+00	3.078761e+00	9.874056e-01	4.985263e-02	4.985263e-02
3.078761e+00	3.141593e+00	1.061126e+00	5.215207e-02	5.215207e-02
# END HISTO1D


# BEGIN HISTO1D //eos/home-y/yiyu/monobc/Rivet_New/X1200_Qd20.yoda.gz/JetMETAnalysis/bb_dphi
ErrorBars=1
LineColor=lilac
LineStyle=solid
Path=//eos/home-y/yiyu/monobc/Rivet_New/X1200_Qd20.yoda.gz/JetMETAnalysis/bb_dphi
ScaledBy=1.52017278918568426e-05
Title=X1200_Qd20
# xlow	 xhigh	 val	 errminus	 errplus
0.000000e+00	6.283185e-02	4.411318e-01	3.247838e-02	3.247838e-02
6.283185e-02	1.256637e-01	4.038221e-01	3.103754e-02	3.103754e-02
1.256637e-01	1.884956e-01	3.994325e-01	3.134635e-02	3.134635e-02
1.884956e-01	2.513274e-01	4.740525e-01	3.385799e-02	3.385799e-02
2.513274e-01	3.141593e-01	3.884590e-01	3.080386e-02	3.080386e-02
3.141593e-01	3.769911e-01	5.025834e-01	3.407071e-02	3.407071e-02
3.769911e-01	4.398230e-01	5.289187e-01	3.586143e-02	3.586143e-02
4.398230e-01	5.026548e-01	4.806366e-01	3.407071e-02	3.407071e-02
5.026548e-01	5.654867e-01	5.596444e-01	3.705053e-02	3.705053e-02
5.654867e-01	6.283185e-01	5.662294e-01	3.698553e-02	3.698553e-02
6.283185e-01	6.911504e-01	5.091667e-01	3.565939e-02	3.565939e-02
6.911504e-01	7.539822e-01	5.574505e-01	3.672414e-02	3.672414e-02
7.539822e-01	8.168141e-01	5.772019e-01	3.599549e-02	3.599549e-02
8.168141e-01	8.796459e-01	5.135568e-01	3.592858e-02	3.592858e-02
8.796459e-01	9.424778e-01	5.420869e-01	3.586143e-02	3.586143e-02
9.424778e-01	1.005310e+00	5.969511e-01	3.775859e-02	3.775859e-02
1.005310e+00	1.068142e+00	5.398913e-01	3.592846e-02	3.592846e-02
1.068142e+00	1.130973e+00	5.881837e-01	3.775931e-02	3.775931e-02
1.130973e+00	1.193805e+00	6.386520e-01	3.895171e-02	3.895171e-02
1.193805e+00	1.256637e+00	6.627935e-01	3.962599e-02	3.962599e-02
1.256637e+00	1.319469e+00	6.342626e-01	3.895171e-02	3.895171e-02
1.319469e+00	1.382301e+00	6.562094e-01	4.016925e-02	4.016925e-02
1.382301e+00	1.445133e+00	6.605987e-01	3.956516e-02	3.956516e-02
1.445133e+00	1.507964e+00	6.935299e-01	4.070590e-02	4.070590e-02
1.507964e+00	1.570796e+00	6.254838e-01	3.932093e-02	3.932093e-02
1.570796e+00	1.633628e+00	6.474306e-01	3.968671e-02	3.968671e-02
1.633628e+00	1.696460e+00	7.242445e-01	4.164113e-02	4.164113e-02
1.696460e+00	1.759292e+00	7.110764e-01	4.117585e-02	4.117585e-02
1.759292e+00	1.822124e+00	6.847403e-01	4.094123e-02	4.094123e-02
1.822124e+00	1.884956e+00	7.527753e-01	4.261298e-02	4.261298e-02
1.884956e+00	1.947787e+00	7.900974e-01	4.300746e-02	4.300746e-02
1.947787e+00	2.010619e+00	8.142263e-01	4.438466e-02	4.438466e-02
2.010619e+00	2.073451e+00	8.054477e-01	4.394844e-02	4.394844e-02
2.073451e+00	2.136283e+00	8.647040e-01	4.529769e-02	4.529769e-02
2.136283e+00	2.199115e+00	8.537306e-01	4.587879e-02	4.587879e-02
2.199115e+00	2.261947e+00	8.032530e-01	4.443889e-02	4.443889e-02
2.261947e+00	2.324779e+00	8.756774e-01	4.640075e-02	4.640075e-02
2.324779e+00	2.387610e+00	8.471600e-01	4.666028e-02	4.666028e-02
2.387610e+00	2.450442e+00	8.581199e-01	4.608829e-02	4.608829e-02
2.450442e+00	2.513274e+00	9.173763e-01	4.707065e-02	4.707065e-02
2.513274e+00	2.576106e+00	9.788273e-01	4.868036e-02	4.868036e-02
2.576106e+00	2.638938e+00	9.064029e-01	4.752889e-02	4.752889e-02
2.638938e+00	2.701770e+00	9.919955e-01	4.946558e-02	4.946558e-02
2.701770e+00	2.764602e+00	9.985795e-01	4.892710e-02	4.892710e-02
2.764602e+00	2.827433e+00	9.722588e-01	4.922233e-02	4.922233e-02
2.827433e+00	2.890265e+00	1.064420e+00	5.038214e-02	5.038214e-02
2.890265e+00	2.953097e+00	1.064420e+00	5.057298e-02	5.057298e-02
2.953097e+00	3.015929e+00	9.810221e-01	4.863087e-02	4.863087e-02
3.015929e+00	3.078761e+00	1.049057e+00	5.033430e-02	5.033430e-02
3.078761e+00	3.141593e+00	9.744380e-01	4.877921e-02	4.877921e-02
# END HISTO1D


# BEGIN HISTO1D //eos/home-y/yiyu/monobc/Rivet_New/X1200_Qd40.yoda.gz/JetMETAnalysis/bb_dphi
ErrorBars=1
LineColor=red
LineStyle=dashed
Path=//eos/home-y/yiyu/monobc/Rivet_New/X1200_Qd40.yoda.gz/JetMETAnalysis/bb_dphi
ScaledBy=1.53816275566518442e-05
Title=X1200_Qd40
# xlow	 xhigh	 val	 errminus	 errplus
0.000000e+00	6.283185e-02	4.702628e-01	3.355575e-02	3.355575e-02
6.283185e-02	1.256637e-01	3.974051e-01	3.106659e-02	3.106659e-02
1.256637e-01	1.884956e-01	3.996126e-01	3.051247e-02	3.051247e-02
1.884956e-01	2.513274e-01	4.746787e-01	3.326398e-02	3.326398e-02
2.513274e-01	3.141593e-01	4.327297e-01	3.244796e-02	3.244796e-02
3.141593e-01	3.769911e-01	4.371460e-01	3.304345e-02	3.304345e-02
3.769911e-01	4.398230e-01	5.431200e-01	3.546259e-02	3.546259e-02
4.398230e-01	5.026548e-01	5.563676e-01	3.681152e-02	3.681152e-02
5.026548e-01	5.654867e-01	4.702624e-01	3.511728e-02	3.511728e-02
5.654867e-01	6.283185e-01	5.409129e-01	3.607588e-02	3.607588e-02
6.283185e-01	6.911504e-01	5.254575e-01	3.546259e-02	3.546259e-02
6.911504e-01	7.539822e-01	4.923411e-01	3.427440e-02	3.427440e-02
7.539822e-01	8.168141e-01	5.916916e-01	3.772698e-02	3.772698e-02
8.168141e-01	8.796459e-01	4.923411e-01	3.566823e-02	3.566823e-02
8.796459e-01	9.424778e-01	5.916916e-01	3.681146e-02	3.681146e-02
9.424778e-01	1.005310e+00	6.027277e-01	3.817633e-02	3.817633e-02
1.005310e+00	1.068142e+00	5.563659e-01	3.720652e-02	3.720652e-02
1.068142e+00	1.130973e+00	6.226097e-01	3.874736e-02	3.874736e-02
1.130973e+00	1.193805e+00	6.115608e-01	3.843096e-02	3.843096e-02
1.193805e+00	1.256637e+00	5.938985e-01	3.753262e-02	3.753262e-02
1.256637e+00	1.319469e+00	5.674048e-01	3.700949e-02	3.700949e-02
1.319469e+00	1.382301e+00	5.983141e-01	3.792023e-02	3.792023e-02
1.382301e+00	1.445133e+00	7.064964e-01	4.130417e-02	4.130417e-02
1.445133e+00	1.507964e+00	6.910527e-01	4.053048e-02	4.053048e-02
1.507964e+00	1.570796e+00	6.800027e-01	3.998498e-02	3.998498e-02
1.570796e+00	1.633628e+00	7.197431e-01	4.153953e-02	4.153953e-02
1.633628e+00	1.696460e+00	7.418210e-01	4.235297e-02	4.235297e-02
1.696460e+00	1.759292e+00	6.932495e-01	4.094861e-02	4.094861e-02
1.759292e+00	1.822124e+00	6.490935e-01	4.046966e-02	4.046966e-02
1.822124e+00	1.884956e+00	7.020806e-01	4.177355e-02	4.177355e-02
1.884956e+00	1.947787e+00	7.705348e-01	4.465072e-02	4.465072e-02
1.947787e+00	2.010619e+00	7.638991e-01	4.371223e-02	4.371223e-02
2.010619e+00	2.073451e+00	8.235097e-01	4.410079e-02	4.410079e-02
2.073451e+00	2.136283e+00	8.411722e-01	4.540776e-02	4.540776e-02
2.136283e+00	2.199115e+00	8.544189e-01	4.583514e-02	4.583514e-02
2.199115e+00	2.261947e+00	8.764970e-01	4.572867e-02	4.572867e-02
2.261947e+00	2.324779e+00	8.787048e-01	4.599438e-02	4.599438e-02
2.324779e+00	2.387610e+00	8.698875e-01	4.620659e-02	4.620659e-02
2.387610e+00	2.450442e+00	9.029905e-01	4.688654e-02	4.688654e-02
2.450442e+00	2.513274e+00	9.228608e-01	4.857162e-02	4.857162e-02
2.513274e+00	2.576106e+00	9.449389e-01	4.816853e-02	4.816853e-02
2.576106e+00	2.638938e+00	9.714324e-01	4.847116e-02	4.847116e-02
2.638938e+00	2.701770e+00	9.626012e-01	4.796571e-02	4.796571e-02
2.701770e+00	2.764602e+00	1.024420e+00	5.005431e-02	5.005431e-02
2.764602e+00	2.827433e+00	1.042099e+00	5.073221e-02	5.073221e-02
2.827433e+00	2.890265e+00	1.053121e+00	4.971230e-02	4.971230e-02
2.890265e+00	2.953097e+00	1.039874e+00	5.049062e-02	5.049062e-02
2.953097e+00	3.015929e+00	1.013381e+00	5.029718e-02	5.029718e-02
3.015929e+00	3.078761e+00	1.079615e+00	5.182458e-02	5.182458e-02
3.078761e+00	3.141593e+00	9.449389e-01	4.826962e-02	4.826962e-02
# END HISTO1D


# BEGIN HISTO1D //eos/home-y/yiyu/monobc/Rivet_New/X1500_Qd10.yoda.gz/JetMETAnalysis/bb_dphi
ErrorBars=1
LineColor=blue
LineStyle=dashed
Path=//eos/home-y/yiyu/monobc/Rivet_New/X1500_Qd10.yoda.gz/JetMETAnalysis/bb_dphi
ScaledBy=1.46305397465780652e-05
Title=X1500_Qd10
# xlow	 xhigh	 val	 errminus	 errplus
0.000000e+00	6.283185e-02	8.411785e-02	7.409286e-03	7.409286e-03
6.283185e-02	1.256637e-01	9.449602e-02	7.820677e-03	7.820677e-03
1.256637e-01	1.884956e-01	9.558839e-02	8.156796e-03	8.156796e-03
1.884956e-01	2.513274e-01	9.176500e-02	7.801586e-03	7.801586e-03
2.513274e-01	3.141593e-01	1.119750e-01	8.444348e-03	8.444348e-03
3.141593e-01	3.769911e-01	1.163449e-01	8.584526e-03	8.584526e-03
3.769911e-01	4.398230e-01	1.179834e-01	8.739510e-03	8.739510e-03
4.398230e-01	5.026548e-01	1.294542e-01	9.188847e-03	9.188847e-03
5.026548e-01	5.654867e-01	1.081514e-01	8.739510e-03	8.739510e-03
5.654867e-01	6.283185e-01	1.185298e-01	8.958678e-03	8.958678e-03
6.283185e-01	6.911504e-01	1.179834e-01	8.875014e-03	8.875014e-03
6.911504e-01	7.539822e-01	1.267231e-01	9.301795e-03	9.301795e-03
7.539822e-01	8.168141e-01	1.371011e-01	9.570537e-03	9.570537e-03
8.168141e-01	8.796459e-01	1.376475e-01	9.740503e-03	9.740503e-03
8.796459e-01	9.424778e-01	1.354624e-01	9.397514e-03	9.397514e-03
9.424778e-01	1.005310e+00	1.278147e-01	9.333757e-03	9.333757e-03
1.005310e+00	1.068142e+00	1.365546e-01	9.397499e-03	9.397499e-03
1.068142e+00	1.130973e+00	1.420191e-01	9.679172e-03	9.679172e-03
1.130973e+00	1.193805e+00	1.354622e-01	9.554923e-03	9.554923e-03
1.193805e+00	1.256637e+00	1.256303e-01	9.429193e-03	9.429193e-03
1.256637e+00	1.319469e+00	1.436555e-01	9.997441e-03	9.997441e-03
1.319469e+00	1.382301e+00	1.425630e-01	9.877347e-03	9.877347e-03
1.382301e+00	1.445133e+00	1.349160e-01	9.725144e-03	9.725144e-03
1.445133e+00	1.507964e+00	1.458427e-01	1.008673e-02	1.008673e-02
1.507964e+00	1.570796e+00	1.354622e-01	9.922553e-03	9.922553e-03
1.570796e+00	1.633628e+00	1.704202e-01	1.073149e-02	1.073149e-02
1.633628e+00	1.696460e+00	1.551261e-01	1.033494e-02	1.033494e-02
1.696460e+00	1.759292e+00	1.589496e-01	1.034936e-02	1.034936e-02
1.759292e+00	1.822124e+00	1.523950e-01	1.026251e-02	1.026251e-02
1.822124e+00	1.884956e+00	1.627731e-01	1.064776e-02	1.064776e-02
1.884956e+00	1.947787e+00	1.605908e-01	1.044994e-02	1.044994e-02
1.947787e+00	2.010619e+00	1.715126e-01	1.059157e-02	1.059157e-02
2.010619e+00	2.073451e+00	1.660504e-01	1.075926e-02	1.075926e-02
2.073451e+00	2.136283e+00	1.693277e-01	1.050672e-02	1.050672e-02
2.136283e+00	2.199115e+00	1.818908e-01	1.101954e-02	1.101954e-02
2.199115e+00	2.261947e+00	1.846218e-01	1.122077e-02	1.122077e-02
2.261947e+00	2.324779e+00	1.753361e-01	1.093802e-02	1.093802e-02
2.324779e+00	2.387610e+00	2.010116e-01	1.143169e-02	1.143169e-02
2.387610e+00	2.450442e+00	2.037395e-01	1.180388e-02	1.180388e-02
2.450442e+00	2.513274e+00	2.004622e-01	1.157416e-02	1.157416e-02
2.513274e+00	2.576106e+00	1.917227e-01	1.175322e-02	1.175322e-02
2.576106e+00	2.638938e+00	1.878992e-01	1.171508e-02	1.171508e-02
2.638938e+00	2.701770e+00	2.228571e-01	1.231114e-02	1.231114e-02
2.701770e+00	2.764602e+00	1.780672e-01	1.156127e-02	1.156127e-02
2.764602e+00	2.827433e+00	2.228607e-01	1.235971e-02	1.235971e-02
2.827433e+00	2.890265e+00	2.010084e-01	1.184174e-02	1.184174e-02
2.890265e+00	2.953097e+00	2.135714e-01	1.220160e-02	1.220160e-02
2.953097e+00	3.015929e+00	2.010084e-01	1.221382e-02	1.221382e-02
3.015929e+00	3.078761e+00	1.977311e-01	1.194209e-02	1.194209e-02
3.078761e+00	3.141593e+00	2.201261e-01	1.232325e-02	1.232325e-02
# END HISTO1D


# BEGIN HISTO1D //eos/home-y/yiyu/monobc/Rivet_New/X1500_Qd20.yoda.gz/JetMETAnalysis/bb_dphi
ErrorBars=1
LineColor=green
LineStyle=dashed
Path=//eos/home-y/yiyu/monobc/Rivet_New/X1500_Qd20.yoda.gz/JetMETAnalysis/bb_dphi
ScaledBy=1.46551806770839469e-05
Title=X1500_Qd20
# xlow	 xhigh	 val	 errminus	 errplus
0.000000e+00	6.283185e-02	8.054893e-02	7.612391e-03	7.612391e-03
6.283185e-02	1.256637e-01	1.024670e-01	8.034551e-03	8.034551e-03
1.256637e-01	1.884956e-01	1.046587e-01	8.255721e-03	8.255721e-03
1.884956e-01	2.513274e-01	1.030150e-01	8.594296e-03	8.594296e-03
2.513274e-01	3.141593e-01	9.643945e-02	8.015839e-03	8.015839e-03
3.141593e-01	3.769911e-01	1.084946e-01	8.310108e-03	8.310108e-03
3.769911e-01	4.398230e-01	1.041108e-01	8.559275e-03	8.559275e-03
4.398230e-01	5.026548e-01	1.364401e-01	9.506617e-03	9.506617e-03
5.026548e-01	5.654867e-01	1.210973e-01	9.086747e-03	9.086747e-03
5.654867e-01	6.283185e-01	1.254811e-01	8.987086e-03	8.987086e-03
6.283185e-01	6.911504e-01	1.408235e-01	9.786725e-03	9.786725e-03
6.911504e-01	7.539822e-01	1.260290e-01	9.266715e-03	9.266715e-03
7.539822e-01	8.168141e-01	1.156178e-01	8.852427e-03	8.852427e-03
8.168141e-01	8.796459e-01	1.282208e-01	9.136190e-03	9.136190e-03
8.796459e-01	9.424778e-01	1.271247e-01	9.234242e-03	9.234242e-03
9.424778e-01	1.005310e+00	1.221926e-01	8.818402e-03	8.818402e-03
1.005310e+00	1.068142e+00	1.238368e-01	9.103238e-03	9.103238e-03
1.068142e+00	1.130973e+00	1.238388e-01	9.863268e-03	9.863268e-03
1.130973e+00	1.193805e+00	1.391794e-01	9.740582e-03	9.740582e-03
1.193805e+00	1.256637e+00	1.435630e-01	9.802038e-03	9.802038e-03
1.256637e+00	1.319469e+00	1.501384e-01	1.025122e-02	1.025122e-02
1.319469e+00	1.382301e+00	1.347958e-01	9.802038e-03	9.802038e-03
1.382301e+00	1.445133e+00	1.430151e-01	9.600869e-03	9.600869e-03
1.445133e+00	1.507964e+00	1.386337e-01	9.908825e-03	9.908825e-03
1.507964e+00	1.570796e+00	1.479467e-01	1.022188e-02	1.022188e-02
1.570796e+00	1.633628e+00	1.660291e-01	1.035322e-02	1.035322e-02
1.633628e+00	1.696460e+00	1.550700e-01	1.002914e-02	1.002914e-02
1.696460e+00	1.759292e+00	1.391794e-01	9.954016e-03	9.954016e-03
1.759292e+00	1.822124e+00	1.512344e-01	1.010371e-02	1.010371e-02
1.822124e+00	1.884956e+00	1.737003e-01	1.086270e-02	1.086270e-02
1.884956e+00	1.947787e+00	1.654838e-01	1.109533e-02	1.109533e-02
1.947787e+00	2.010619e+00	1.863032e-01	1.114914e-02	1.114914e-02
2.010619e+00	2.073451e+00	1.802757e-01	1.118947e-02	1.118947e-02
2.073451e+00	2.136283e+00	1.769880e-01	1.126968e-02	1.126968e-02
2.136283e+00	2.199115e+00	1.654811e-01	1.079337e-02	1.079337e-02
2.199115e+00	2.261947e+00	1.819196e-01	1.144154e-02	1.144154e-02
2.261947e+00	2.324779e+00	1.917827e-01	1.125635e-02	1.125635e-02
2.324779e+00	2.387610e+00	2.016490e-01	1.177794e-02	1.177794e-02
2.387610e+00	2.450442e+00	1.819196e-01	1.117604e-02	1.117604e-02
2.450442e+00	2.513274e+00	1.972622e-01	1.187928e-02	1.187928e-02
2.513274e+00	2.576106e+00	2.054814e-01	1.168819e-02	1.168819e-02
2.576106e+00	2.638938e+00	2.060294e-01	1.195487e-02	1.195487e-02
2.638938e+00	2.701770e+00	1.813716e-01	1.140211e-02	1.140211e-02
2.701770e+00	2.764602e+00	1.934266e-01	1.181593e-02	1.181593e-02
2.764602e+00	2.827433e+00	2.219236e-01	1.257922e-02	1.257922e-02
2.827433e+00	2.890265e+00	1.923307e-01	1.168819e-02	1.168819e-02
2.890265e+00	2.953097e+00	2.109610e-01	1.231366e-02	1.231366e-02
2.953097e+00	3.015929e+00	2.104130e-01	1.220344e-02	1.220344e-02
3.015929e+00	3.078761e+00	2.202761e-01	1.230146e-02	1.230146e-02
3.078761e+00	3.141593e+00	2.043855e-01	1.236233e-02	1.236233e-02
# END HISTO1D


# BEGIN HISTO1D //eos/home-y/yiyu/monobc/Rivet_New/X1500_Qd40.yoda.gz/JetMETAnalysis/bb_dphi
ErrorBars=1
LineColor=orange
LineStyle=dashed
Path=//eos/home-y/yiyu/monobc/Rivet_New/X1500_Qd40.yoda.gz/JetMETAnalysis/bb_dphi
ScaledBy=1.45749876052156690e-05
Title=X1500_Qd40
# xlow	 xhigh	 val	 errminus	 errplus
0.000000e+00	6.283185e-02	9.174317e-02	7.657968e-03	7.657968e-03
6.283185e-02	1.256637e-01	8.251457e-02	7.791492e-03	7.791492e-03
1.256637e-01	1.884956e-01	9.445739e-02	8.015210e-03	8.015210e-03
1.884956e-01	2.513274e-01	1.015147e-01	8.214954e-03	8.214954e-03
2.513274e-01	3.141593e-01	1.058574e-01	8.250736e-03	8.250736e-03
3.141593e-01	3.769911e-01	1.134576e-01	8.497094e-03	8.497094e-03
3.769911e-01	4.398230e-01	1.210575e-01	9.034967e-03	9.034967e-03
4.398230e-01	5.026548e-01	1.129148e-01	9.051275e-03	9.051275e-03
5.026548e-01	5.654867e-01	1.373432e-01	9.228595e-03	9.228595e-03
5.654867e-01	6.283185e-01	1.036861e-01	8.736495e-03	8.736495e-03
6.283185e-01	6.911504e-01	1.362575e-01	9.386901e-03	9.386901e-03
6.911504e-01	7.539822e-01	1.340863e-01	9.260487e-03	9.260487e-03
7.539822e-01	8.168141e-01	1.150860e-01	9.018644e-03	9.018644e-03
8.168141e-01	8.796459e-01	1.140005e-01	8.685750e-03	8.685750e-03
8.796459e-01	9.424778e-01	1.351718e-01	9.228595e-03	9.228595e-03
9.424778e-01	1.005310e+00	1.215997e-01	9.212571e-03	9.212571e-03
1.005310e+00	1.068142e+00	1.270287e-01	9.276357e-03	9.276357e-03
1.068142e+00	1.130973e+00	1.297450e-01	9.035097e-03	9.035097e-03
1.130973e+00	1.193805e+00	1.302858e-01	9.308070e-03	9.308070e-03
1.193805e+00	1.256637e+00	1.297430e-01	9.196592e-03	9.196592e-03
1.256637e+00	1.319469e+00	1.188858e-01	9.132279e-03	9.132279e-03
1.319469e+00	1.382301e+00	1.422287e-01	9.891338e-03	9.891338e-03
1.382301e+00	1.445133e+00	1.476573e-01	1.018491e-02	1.018491e-02
1.445133e+00	1.507964e+00	1.438596e-01	1.014158e-02	1.014158e-02
1.507964e+00	1.570796e+00	1.476573e-01	9.801551e-03	9.801551e-03
1.570796e+00	1.633628e+00	1.764287e-01	1.056831e-02	1.056831e-02
1.633628e+00	1.696460e+00	1.579716e-01	1.051239e-02	1.051239e-02
1.696460e+00	1.759292e+00	1.541716e-01	1.038548e-02	1.038548e-02
1.759292e+00	1.822124e+00	1.465716e-01	1.021381e-02	1.021381e-02
1.822124e+00	1.884956e+00	1.715430e-01	1.091130e-02	1.091130e-02
1.884956e+00	1.947787e+00	1.558026e-01	1.028585e-02	1.028585e-02
1.947787e+00	2.010619e+00	1.682859e-01	1.077542e-02	1.077542e-02
2.010619e+00	2.073451e+00	1.661144e-01	1.044208e-02	1.044208e-02
2.073451e+00	2.136283e+00	1.704573e-01	1.107217e-02	1.107217e-02
2.136283e+00	2.199115e+00	1.976003e-01	1.161766e-02	1.161766e-02
2.199115e+00	2.261947e+00	1.872859e-01	1.137413e-02	1.137413e-02
2.261947e+00	2.324779e+00	1.796858e-01	1.116493e-02	1.116493e-02
2.324779e+00	2.387610e+00	1.932603e-01	1.104570e-02	1.104570e-02
2.387610e+00	2.450442e+00	1.862002e-01	1.140001e-02	1.140001e-02
2.450442e+00	2.513274e+00	1.992287e-01	1.147730e-02	1.147730e-02
2.513274e+00	2.576106e+00	2.117146e-01	1.166828e-02	1.166828e-02
2.576106e+00	2.638938e+00	1.965145e-01	1.184376e-02	1.184376e-02
2.638938e+00	2.701770e+00	1.965145e-01	1.174381e-02	1.174381e-02
2.701770e+00	2.764602e+00	1.959716e-01	1.202892e-02	1.202892e-02
2.764602e+00	2.827433e+00	2.062893e-01	1.179408e-02	1.179408e-02
2.827433e+00	2.890265e+00	1.932573e-01	1.201667e-02	1.201667e-02
2.890265e+00	2.953097e+00	2.122573e-01	1.200440e-02	1.200440e-02
2.953097e+00	3.015929e+00	2.193145e-01	1.245027e-02	1.245027e-02
3.015929e+00	3.078761e+00	2.041145e-01	1.206561e-02	1.206561e-02
3.078761e+00	3.141593e+00	2.035716e-01	1.168090e-02	1.168090e-02
# END HISTO1D


# BEGIN HISTO1D //eos/home-y/yiyu/monobc/Rivet_New/X2000_Qd10.yoda.gz/JetMETAnalysis/bb_dphi
ErrorBars=1
LineColor=lilac
LineStyle=dashed
Path=//eos/home-y/yiyu/monobc/Rivet_New/X2000_Qd10.yoda.gz/JetMETAnalysis/bb_dphi
ScaledBy=1.44651624061781982e-05
Title=X2000_Qd10
# xlow	 xhigh	 val	 errminus	 errplus
0.000000e+00	6.283185e-02	4.895452e-03	9.529084e-04	9.529084e-04
6.283185e-02	1.256637e-01	6.136553e-03	1.006293e-03	1.006293e-03
1.256637e-01	1.884956e-01	7.170797e-03	1.013354e-03	1.013354e-03
1.884956e-01	2.513274e-01	8.342960e-03	1.038838e-03	1.038838e-03
2.513274e-01	3.141593e-01	7.998197e-03	9.896184e-04	9.896184e-04
3.141593e-01	3.769911e-01	7.653459e-03	1.079240e-03	1.079240e-03
3.769911e-01	4.398230e-01	1.006670e-02	1.198223e-03	1.198223e-03
4.398230e-01	5.026548e-01	8.480860e-03	1.176200e-03	1.176200e-03
5.026548e-01	5.654867e-01	8.618746e-03	1.200205e-03	1.200205e-03
5.654867e-01	6.283185e-01	8.549811e-03	1.166052e-03	1.166052e-03
6.283185e-01	6.911504e-01	8.894547e-03	1.151692e-03	1.151692e-03
6.911504e-01	7.539822e-01	1.020461e-02	1.141327e-03	1.141327e-03
7.539822e-01	8.168141e-01	8.342947e-03	1.192257e-03	1.192257e-03
8.168141e-01	8.796459e-01	9.377212e-03	1.145485e-03	1.145485e-03
8.796459e-01	9.424778e-01	8.480847e-03	1.168087e-03	1.168087e-03
9.424778e-01	1.005310e+00	9.446101e-03	1.130858e-03	1.130858e-03
1.005310e+00	1.068142e+00	1.020458e-02	1.170118e-03	1.170118e-03
1.068142e+00	1.130973e+00	1.117006e-02	1.194266e-03	1.194266e-03
1.130973e+00	1.193805e+00	8.756634e-03	1.208099e-03	1.208099e-03
1.193805e+00	1.256637e+00	1.048038e-02	1.229552e-03	1.229552e-03
1.256637e+00	1.319469e+00	8.411884e-03	1.244922e-03	1.244922e-03
1.319469e+00	1.382301e+00	9.308231e-03	1.223739e-03	1.223739e-03
1.382301e+00	1.445133e+00	9.446131e-03	1.235338e-03	1.235338e-03
1.445133e+00	1.507964e+00	8.343066e-03	1.188279e-03	1.188279e-03
1.507964e+00	1.570796e+00	1.179043e-02	1.291775e-03	1.291775e-03
1.570796e+00	1.633628e+00	1.247993e-02	1.356404e-03	1.356404e-03
1.633628e+00	1.696460e+00	8.756634e-03	1.280687e-03	1.280687e-03
1.696460e+00	1.759292e+00	1.185938e-02	1.372085e-03	1.372085e-03
1.759292e+00	1.822124e+00	1.110093e-02	1.366878e-03	1.366878e-03
1.822124e+00	1.884956e+00	1.137673e-02	1.387589e-03	1.387589e-03
1.884956e+00	1.947787e+00	9.377331e-03	1.300964e-03	1.300964e-03
1.947787e+00	2.010619e+00	1.172148e-02	1.289934e-03	1.289934e-03
2.010619e+00	2.073451e+00	9.170332e-03	1.359904e-03	1.359904e-03
2.073451e+00	2.136283e+00	1.096303e-02	1.349375e-03	1.349375e-03
2.136283e+00	2.199115e+00	1.227308e-02	1.354650e-03	1.354650e-03
2.199115e+00	2.261947e+00	1.151463e-02	1.407996e-03	1.407996e-03
2.261947e+00	2.324779e+00	1.123883e-02	1.310047e-03	1.310047e-03
2.324779e+00	2.387610e+00	1.179061e-02	1.414755e-03	1.414755e-03
2.387610e+00	2.450442e+00	1.116988e-02	1.433096e-03	1.433096e-03
2.450442e+00	2.513274e+00	1.020458e-02	1.409683e-03	1.409683e-03
2.513274e+00	2.576106e+00	1.337627e-02	1.416412e-03	1.416412e-03
2.576106e+00	2.638938e+00	1.199728e-02	1.472366e-03	1.472366e-03
2.638938e+00	2.701770e+00	1.241098e-02	1.439715e-03	1.439715e-03
2.701770e+00	2.764602e+00	1.503107e-02	1.459394e-03	1.459394e-03
2.764602e+00	2.827433e+00	1.282488e-02	1.416435e-03	1.416435e-03
2.827433e+00	2.890265e+00	1.282468e-02	1.488423e-03	1.488423e-03
2.890265e+00	2.953097e+00	1.110093e-02	1.421438e-03	1.421438e-03
2.953097e+00	3.015929e+00	1.468632e-02	1.490019e-03	1.490019e-03
3.015929e+00	3.078761e+00	1.385892e-02	1.447947e-03	1.447947e-03
3.078761e+00	3.141593e+00	1.516897e-02	1.439715e-03	1.439715e-03
# END HISTO1D


# BEGIN HISTO1D //eos/home-y/yiyu/monobc/Rivet_New/X2000_Qd20.yoda.gz/JetMETAnalysis/bb_dphi
ErrorBars=1
LineColor=red
LineStyle=dashdotted
Path=//eos/home-y/yiyu/monobc/Rivet_New/X2000_Qd20.yoda.gz/JetMETAnalysis/bb_dphi
ScaledBy=1.42285921865514894e-05
Title=X2000_Qd20
# xlow	 xhigh	 val	 errminus	 errplus
0.000000e+00	6.283185e-02	6.584710e-03	9.796714e-04	9.796714e-04
6.283185e-02	1.256637e-01	8.573840e-03	9.916046e-04	9.916046e-04
1.256637e-01	1.884956e-01	3.703896e-03	1.003395e-03	1.003395e-03
1.884956e-01	2.513274e-01	6.241761e-03	9.772682e-04	9.772682e-04
2.513274e-01	3.141593e-01	9.465512e-03	1.118680e-03	1.118680e-03
3.141593e-01	3.769911e-01	5.967397e-03	1.028862e-03	1.028862e-03
3.769911e-01	4.398230e-01	7.544973e-03	1.127060e-03	1.127060e-03
4.398230e-01	5.026548e-01	9.602709e-03	1.155912e-03	1.155912e-03
5.026548e-01	5.654867e-01	7.476382e-03	1.137448e-03	1.137448e-03
5.654867e-01	6.283185e-01	1.028862e-02	1.151835e-03	1.151835e-03
6.283185e-01	6.911504e-01	8.573833e-03	1.129145e-03	1.129145e-03
6.911504e-01	7.539822e-01	8.436666e-03	1.137449e-03	1.137449e-03
7.539822e-01	8.168141e-01	8.025108e-03	1.149789e-03	1.149789e-03
8.168141e-01	8.796459e-01	7.270623e-03	1.199849e-03	1.199849e-03
8.796459e-01	9.424778e-01	7.750746e-03	1.141576e-03	1.141576e-03
9.424778e-01	1.005310e+00	8.985334e-03	1.124965e-03	1.124965e-03
1.005310e+00	1.068142e+00	9.053953e-03	1.203759e-03	1.203759e-03
1.068142e+00	1.130973e+00	1.111185e-02	1.249799e-03	1.249799e-03
1.130973e+00	1.193805e+00	7.476370e-03	1.178082e-03	1.178082e-03
1.193805e+00	1.256637e+00	1.131744e-02	1.259155e-03	1.259155e-03
1.256637e+00	1.319469e+00	1.159180e-02	1.274013e-03	1.274013e-03
1.319469e+00	1.382301e+00	1.015140e-02	1.215428e-03	1.215428e-03
1.382301e+00	1.445133e+00	9.808450e-03	1.277700e-03	1.277700e-03
1.445133e+00	1.507964e+00	1.131762e-02	1.236553e-03	1.236553e-03
1.507964e+00	1.570796e+00	1.070013e-02	1.268462e-03	1.268462e-03
1.570796e+00	1.633628e+00	1.152321e-02	1.308624e-03	1.308624e-03
1.633628e+00	1.696460e+00	1.241489e-02	1.310421e-03	1.310421e-03
1.696460e+00	1.759292e+00	1.166039e-02	1.330020e-03	1.330020e-03
1.759292e+00	1.822124e+00	1.282643e-02	1.306826e-03	1.306826e-03
1.822124e+00	1.884956e+00	9.053953e-03	1.238435e-03	1.238435e-03
1.884956e+00	1.947787e+00	1.179776e-02	1.340611e-03	1.340611e-03
1.947787e+00	2.010619e+00	1.131744e-02	1.310421e-03	1.310421e-03
2.010619e+00	2.073451e+00	9.808450e-03	1.303221e-03	1.303221e-03
2.073451e+00	2.136283e+00	1.070013e-02	1.368377e-03	1.368377e-03
2.136283e+00	2.199115e+00	9.396906e-03	1.349335e-03	1.349335e-03
2.199115e+00	2.261947e+00	1.152321e-02	1.354555e-03	1.354555e-03
2.261947e+00	2.324779e+00	1.124885e-02	1.361484e-03	1.361484e-03
2.324779e+00	2.387610e+00	1.323819e-02	1.414053e-03	1.414053e-03
2.387610e+00	2.450442e+00	1.316939e-02	1.371811e-03	1.371811e-03
2.450442e+00	2.513274e+00	1.406106e-02	1.459867e-03	1.459867e-03
2.513274e+00	2.576106e+00	1.214053e-02	1.427277e-03	1.427277e-03
2.576106e+00	2.638938e+00	1.358093e-02	1.422324e-03	1.422324e-03
2.638938e+00	2.701770e+00	1.502133e-02	1.485425e-03	1.485425e-03
2.701770e+00	2.764602e+00	1.248348e-02	1.480667e-03	1.480667e-03
2.764602e+00	2.827433e+00	1.248368e-02	1.471127e-03	1.471127e-03
2.827433e+00	2.890265e+00	1.358093e-02	1.428924e-03	1.428924e-03
2.890265e+00	2.953097e+00	1.172899e-02	1.423977e-03	1.423977e-03
2.953097e+00	3.015929e+00	1.426684e-02	1.455025e-03	1.455025e-03
3.015929e+00	3.078761e+00	1.419825e-02	1.400659e-03	1.400659e-03
3.078761e+00	3.141593e+00	1.488415e-02	1.443664e-03	1.443664e-03
# END HISTO1D


# BEGIN HISTO1D //eos/home-y/yiyu/monobc/Rivet_New/X2000_Qd40.yoda.gz/JetMETAnalysis/bb_dphi
ErrorBars=1
LineColor=blue
LineStyle=dashdotted
Path=//eos/home-y/yiyu/monobc/Rivet_New/X2000_Qd40.yoda.gz/JetMETAnalysis/bb_dphi
ScaledBy=1.42928020099892123e-05
Title=X2000_Qd40
# xlow	 xhigh	 val	 errminus	 errplus
0.000000e+00	6.283185e-02	6.625183e-03	9.731375e-04	9.731375e-04
6.283185e-02	1.256637e-01	7.513094e-03	9.944755e-04	9.944755e-04
1.256637e-01	1.884956e-01	6.283674e-03	9.755307e-04	9.755307e-04
1.884956e-01	2.513274e-01	8.537615e-03	1.033580e-03	1.033580e-03
2.513274e-01	3.141593e-01	6.625178e-03	1.051478e-03	1.051478e-03
3.141593e-01	3.769911e-01	5.873879e-03	1.058113e-03	1.058113e-03
3.769911e-01	4.398230e-01	9.425512e-03	1.155071e-03	1.155071e-03
4.398230e-01	5.026548e-01	1.113305e-02	1.208367e-03	1.208367e-03
5.026548e-01	5.654867e-01	7.786292e-03	1.062511e-03	1.062511e-03
5.654867e-01	6.283185e-01	9.357225e-03	1.196729e-03	1.196729e-03
6.283185e-01	6.911504e-01	7.171585e-03	1.144930e-03	1.144930e-03
6.911504e-01	7.539822e-01	8.059508e-03	1.167127e-03	1.167127e-03
7.539822e-01	8.168141e-01	9.425512e-03	1.167125e-03	1.167125e-03
8.168141e-01	8.796459e-01	1.010854e-02	1.142893e-03	1.142893e-03
8.796459e-01	9.424778e-01	7.854593e-03	1.107653e-03	1.107653e-03
9.424778e-01	1.005310e+00	1.113298e-02	1.208359e-03	1.208359e-03
1.005310e+00	1.068142e+00	9.425497e-03	1.179053e-03	1.179053e-03
1.068142e+00	1.130973e+00	9.220741e-03	1.204515e-03	1.204515e-03
1.130973e+00	1.193805e+00	1.072321e-02	1.227514e-03	1.227514e-03
1.193805e+00	1.256637e+00	9.903602e-03	1.200617e-03	1.200617e-03
1.256637e+00	1.319469e+00	8.879090e-03	1.151024e-03	1.151024e-03
1.319469e+00	1.382301e+00	9.015693e-03	1.244498e-03	1.244498e-03
1.382301e+00	1.445133e+00	1.051831e-02	1.240744e-03	1.240744e-03
1.445133e+00	1.507964e+00	9.425647e-03	1.251992e-03	1.251992e-03
1.507964e+00	1.570796e+00	1.072321e-02	1.253834e-03	1.253834e-03
1.570796e+00	1.633628e+00	9.562097e-03	1.240744e-03	1.240744e-03
1.633628e+00	1.696460e+00	9.971901e-03	1.310235e-03	1.310235e-03
1.696460e+00	1.759292e+00	9.835300e-03	1.295915e-03	1.295915e-03
1.759292e+00	1.822124e+00	1.263563e-02	1.283254e-03	1.283254e-03
1.822124e+00	1.884956e+00	1.290883e-02	1.336671e-03	1.336671e-03
1.884956e+00	1.947787e+00	1.475319e-02	1.310255e-03	1.310255e-03
1.947787e+00	2.010619e+00	9.766999e-03	1.272301e-03	1.272301e-03
2.010619e+00	2.073451e+00	1.079151e-02	1.338415e-03	1.338415e-03
2.073451e+00	2.136283e+00	1.249903e-02	1.374525e-03	1.374525e-03
2.136283e+00	2.199115e+00	1.092811e-02	1.362595e-03	1.362595e-03
2.199115e+00	2.261947e+00	1.106471e-02	1.372827e-03	1.372827e-03
2.261947e+00	2.324779e+00	1.263563e-02	1.401413e-03	1.401413e-03
2.324779e+00	2.387610e+00	1.045017e-02	1.381318e-03	1.381318e-03
2.387610e+00	2.450442e+00	1.017680e-02	1.326160e-03	1.326160e-03
2.450442e+00	2.513274e+00	1.331864e-02	1.391391e-03	1.391391e-03
2.513274e+00	2.576106e+00	1.290883e-02	1.364305e-03	1.364305e-03
2.576106e+00	2.638938e+00	1.031341e-02	1.404738e-03	1.404738e-03
2.638938e+00	2.701770e+00	1.502615e-02	1.487011e-03	1.487011e-03
2.701770e+00	2.764602e+00	1.502615e-02	1.471242e-03	1.471242e-03
2.764602e+00	2.827433e+00	1.202111e-02	1.409733e-03	1.409733e-03
2.827433e+00	2.890265e+00	1.290883e-02	1.456904e-03	1.456904e-03
2.890265e+00	2.953097e+00	1.331864e-02	1.424524e-03	1.424524e-03
2.953097e+00	3.015929e+00	1.215752e-02	1.386353e-03	1.386353e-03
3.015929e+00	3.078761e+00	1.468465e-02	1.444039e-03	1.444039e-03
3.078761e+00	3.141593e+00	1.427485e-02	1.485442e-03	1.485442e-03
# END HISTO1D


# BEGIN HISTO1D //eos/home-y/yiyu/monobc/Rivet_New/X600_Qd10.yoda.gz/JetMETAnalysis/bb_dphi
ErrorBars=1
LineColor=green
LineStyle=dashdotted
Path=//eos/home-y/yiyu/monobc/Rivet_New/X600_Qd10.yoda.gz/JetMETAnalysis/bb_dphi
ScaledBy=1.84504652561335948e-05
Title=X600_Qd10
# xlow	 xhigh	 val	 errminus	 errplus
0.000000e+00	6.283185e-02	9.995490e+00	7.449747e-01	7.449747e-01
6.283185e-02	1.256637e-01	8.677403e+00	6.946925e-01	6.946925e-01
1.256637e-01	1.884956e-01	1.048976e+01	7.590127e-01	7.590127e-01
1.884956e-01	2.513274e-01	1.070946e+01	7.747464e-01	7.747464e-01
2.513274e-01	3.141593e-01	1.252181e+01	8.365199e-01	8.365199e-01
3.141593e-01	3.769911e-01	1.037994e+01	7.590139e-01	7.590139e-01
3.769911e-01	4.398230e-01	1.290625e+01	8.419111e-01	8.419111e-01
4.398230e-01	5.026548e-01	1.279643e+01	8.383222e-01	8.383222e-01
5.026548e-01	5.654867e-01	1.378498e+01	8.701000e-01	8.701000e-01
5.654867e-01	6.283185e-01	1.136850e+01	7.939738e-01	7.939738e-01
6.283185e-01	6.911504e-01	1.334561e+01	8.561216e-01	8.561216e-01
6.911504e-01	7.539822e-01	1.329072e+01	8.578828e-01	8.578828e-01
7.539822e-01	8.168141e-01	1.411450e+01	8.804382e-01	8.804382e-01
8.168141e-01	8.796459e-01	1.296119e+01	8.543595e-01	8.543595e-01
8.796459e-01	9.424778e-01	1.323578e+01	8.631392e-01	8.631392e-01
9.424778e-01	1.005310e+00	1.186271e+01	8.182890e-01	8.182890e-01
1.005310e+00	1.068142e+00	1.411448e+01	8.838560e-01	8.838560e-01
1.068142e+00	1.130973e+00	1.367533e+01	8.770183e-01	8.770183e-01
1.130973e+00	1.193805e+00	1.537764e+01	9.222659e-01	9.222659e-01
1.193805e+00	1.256637e+00	1.351035e+01	8.787222e-01	8.787222e-01
1.256637e+00	1.319469e+00	1.477352e+01	9.040995e-01	9.040995e-01
1.319469e+00	1.382301e+00	1.510304e+01	9.238998e-01	9.238998e-01
1.382301e+00	1.445133e+00	1.598176e+01	9.464766e-01	9.464766e-01
1.445133e+00	1.507964e+00	1.570741e+01	9.320405e-01	9.320405e-01
1.507964e+00	1.570796e+00	1.642112e+01	9.591390e-01	9.591390e-01
1.570796e+00	1.633628e+00	1.581700e+01	9.480686e-01	9.480686e-01
1.633628e+00	1.696460e+00	1.751953e+01	9.900869e-01	9.900869e-01
1.696460e+00	1.759292e+00	1.675064e+01	9.591390e-01	9.591390e-01
1.759292e+00	1.822124e+00	1.905730e+01	1.034775e+00	1.034775e+00
1.822124e+00	1.884956e+00	1.894745e+01	1.023049e+00	1.023049e+00
1.884956e+00	1.947787e+00	2.163887e+01	1.106628e+00	1.106628e+00
1.947787e+00	2.010619e+00	2.048521e+01	1.071998e+00	1.071998e+00
2.010619e+00	2.073451e+00	2.169345e+01	1.097029e+00	1.097029e+00
2.073451e+00	2.136283e+00	2.010078e+01	1.062105e+00	1.062105e+00
2.136283e+00	2.199115e+00	2.163853e+01	1.101145e+00	1.101145e+00
2.199115e+00	2.261947e+00	2.284678e+01	1.125528e+00	1.125528e+00
2.261947e+00	2.324779e+00	2.125409e+01	1.085975e+00	1.085975e+00
2.324779e+00	2.387610e+00	2.218809e+01	1.120173e+00	1.120173e+00
2.387610e+00	2.450442e+00	2.581247e+01	1.198216e+00	1.198216e+00
2.450442e+00	2.513274e+00	2.372551e+01	1.167618e+00	1.167618e+00
2.513274e+00	2.576106e+00	2.713055e+01	1.225593e+00	1.225593e+00
2.576106e+00	2.638938e+00	2.570262e+01	1.195696e+00	1.195696e+00
2.638938e+00	2.701770e+00	2.817404e+01	1.251167e+00	1.251167e+00
2.701770e+00	2.764602e+00	2.910767e+01	1.273863e+00	1.273863e+00
2.764602e+00	2.827433e+00	2.844908e+01	1.264377e+00	1.264377e+00
2.827433e+00	2.890265e+00	2.888799e+01	1.266740e+00	1.266740e+00
2.890265e+00	2.953097e+00	2.949212e+01	1.282124e+00	1.282124e+00
2.953097e+00	3.015929e+00	3.004132e+01	1.298487e+00	1.298487e+00
3.015929e+00	3.078761e+00	2.828387e+01	1.258378e+00	1.258378e+00
3.078761e+00	3.141593e+00	2.910767e+01	1.285648e+00	1.285648e+00
# END HISTO1D


# BEGIN HISTO1D //eos/home-y/yiyu/monobc/Rivet_New/X600_Qd20.yoda.gz/JetMETAnalysis/bb_dphi
ErrorBars=1
LineColor=orange
LineStyle=dashdotted
Path=//eos/home-y/yiyu/monobc/Rivet_New/X600_Qd20.yoda.gz/JetMETAnalysis/bb_dphi
ScaledBy=1.83664539082963119e-05
Title=X600_Qd20
# xlow	 xhigh	 val	 errminus	 errplus
0.000000e+00	6.283185e-02	9.683769e+00	7.258291e-01	7.258291e-01
6.283185e-02	1.256637e-01	9.030929e+00	7.093308e-01	7.093308e-01
1.256637e-01	1.884956e-01	9.738163e+00	7.319195e-01	7.319195e-01
1.884956e-01	2.513274e-01	1.006460e+01	7.518677e-01	7.518677e-01
2.513274e-01	3.141593e-01	1.082623e+01	7.674509e-01	7.674509e-01
3.141593e-01	3.769911e-01	1.017341e+01	7.439530e-01	7.439530e-01
3.769911e-01	4.398230e-01	1.196869e+01	8.069291e-01	8.069291e-01
4.398230e-01	5.026548e-01	1.262155e+01	8.286455e-01	8.286455e-01
5.026548e-01	5.654867e-01	1.316556e+01	8.498043e-01	8.498043e-01
5.654867e-01	6.283185e-01	1.202312e+01	8.160485e-01	8.160485e-01
6.283185e-01	6.911504e-01	1.267593e+01	8.304280e-01	8.304280e-01
6.911504e-01	7.539822e-01	1.447126e+01	8.906194e-01	8.906194e-01
7.539822e-01	8.168141e-01	1.256713e+01	8.339845e-01	8.339845e-01
8.168141e-01	8.796459e-01	1.234953e+01	8.232703e-01	8.232703e-01
8.796459e-01	9.424778e-01	1.436243e+01	8.972398e-01	8.972398e-01
9.424778e-01	1.005310e+00	1.392714e+01	8.704463e-01	8.704463e-01
1.005310e+00	1.068142e+00	1.365517e+01	8.721474e-01	8.721474e-01
1.068142e+00	1.130973e+00	1.447145e+01	8.906307e-01	8.906307e-01
1.130973e+00	1.193805e+00	1.534166e+01	9.232506e-01	9.232506e-01
1.193805e+00	1.256637e+00	1.468883e+01	8.972383e-01	8.972383e-01
1.256637e+00	1.319469e+00	1.490644e+01	9.135827e-01	9.135827e-01
1.319469e+00	1.382301e+00	1.496084e+01	9.152012e-01	9.152012e-01
1.382301e+00	1.445133e+00	1.708257e+01	9.762281e-01	9.762281e-01
1.445133e+00	1.507964e+00	1.713724e+01	9.686344e-01	9.686344e-01
1.507964e+00	1.570796e+00	1.735458e+01	9.747110e-01	9.747110e-01
1.570796e+00	1.633628e+00	1.659293e+01	9.501087e-01	9.501087e-01
1.633628e+00	1.696460e+00	1.789860e+01	9.897770e-01	9.897770e-01
1.696460e+00	1.759292e+00	1.702815e+01	9.686190e-01	9.686190e-01
1.759292e+00	1.822124e+00	2.002032e+01	1.049288e+00	1.049288e+00
1.822124e+00	1.884956e+00	1.838824e+01	1.006089e+00	1.006089e+00
1.884956e+00	1.947787e+00	2.029266e+01	1.059132e+00	1.059132e+00
1.947787e+00	2.010619e+00	1.735458e+01	9.837783e-01	9.837783e-01
2.010619e+00	2.073451e+00	1.838824e+01	1.014876e+00	1.014876e+00
2.073451e+00	2.136283e+00	2.099959e+01	1.077126e+00	1.077126e+00
2.136283e+00	2.199115e+00	2.056436e+01	1.068851e+00	1.068851e+00
2.199115e+00	2.261947e+00	2.306689e+01	1.133361e+00	1.133361e+00
2.261947e+00	2.324779e+00	2.361093e+01	1.133361e+00	1.133361e+00
2.324779e+00	2.387610e+00	2.241441e+01	1.117600e+00	1.117600e+00
2.387610e+00	2.450442e+00	2.469899e+01	1.161732e+00	1.161732e+00
2.450442e+00	2.513274e+00	2.676631e+01	1.214054e+00	1.214054e+00
2.513274e+00	2.576106e+00	2.333892e+01	1.134666e+00	1.134666e+00
2.576106e+00	2.638938e+00	2.551504e+01	1.193152e+00	1.193152e+00
2.638938e+00	2.701770e+00	2.959527e+01	1.268887e+00	1.268887e+00
2.701770e+00	2.764602e+00	2.665750e+01	1.211614e+00	1.211614e+00
2.764602e+00	2.827433e+00	2.535223e+01	1.196886e+00	1.196886e+00
2.827433e+00	2.890265e+00	2.676631e+01	1.221346e+00	1.221346e+00
2.890265e+00	2.953097e+00	2.926884e+01	1.271217e+00	1.271217e+00
2.953097e+00	3.015929e+00	3.008489e+01	1.283958e+00	1.283958e+00
3.015929e+00	3.078761e+00	2.905123e+01	1.266552e+00	1.266552e+00
3.078761e+00	3.141593e+00	2.807199e+01	1.250087e+00	1.250087e+00
# END HISTO1D


# BEGIN HISTO1D //eos/home-y/yiyu/monobc/Rivet_New/X600_Qd40.yoda.gz/JetMETAnalysis/bb_dphi
ErrorBars=1
LineColor=lilac
LineStyle=dashdotted
Path=//eos/home-y/yiyu/monobc/Rivet_New/X600_Qd40.yoda.gz/JetMETAnalysis/bb_dphi
ScaledBy=1.83500819647793534e-05
Title=X600_Qd40
# xlow	 xhigh	 val	 errminus	 errplus
0.000000e+00	6.283185e-02	9.714710e+00	7.201022e-01	7.201022e-01
6.283185e-02	1.256637e-01	9.394444e+00	7.121450e-01	7.121450e-01
1.256637e-01	1.884956e-01	8.273509e+00	6.688179e-01	6.688179e-01
1.884956e-01	2.513274e-01	1.115591e+01	7.790200e-01	7.790200e-01
2.513274e-01	3.141593e-01	1.003497e+01	7.396201e-01	7.396201e-01
3.141593e-01	3.769911e-01	1.062214e+01	7.642505e-01	7.642505e-01
3.769911e-01	4.398230e-01	1.243695e+01	8.147720e-01	8.147720e-01
4.398230e-01	5.026548e-01	1.163631e+01	7.953078e-01	7.953078e-01
5.026548e-01	5.654867e-01	1.419841e+01	8.705604e-01	8.705604e-01
5.654867e-01	6.283185e-01	1.249035e+01	8.269218e-01	8.269218e-01
6.283185e-01	6.911504e-01	1.249033e+01	8.200005e-01	8.200005e-01
6.911504e-01	7.539822e-01	1.200995e+01	8.112689e-01	8.112689e-01
7.539822e-01	8.168141e-01	1.190318e+01	8.006622e-01	8.006622e-01
8.168141e-01	8.796459e-01	1.430519e+01	8.770830e-01	8.770830e-01
8.796459e-01	9.424778e-01	1.249033e+01	8.200005e-01	8.200005e-01
9.424778e-01	1.005310e+00	1.403821e+01	8.754517e-01	8.754517e-01
1.005310e+00	1.068142e+00	1.483892e+01	8.899791e-01	8.899791e-01
1.068142e+00	1.130973e+00	1.489253e+01	9.074301e-01	9.074301e-01
1.130973e+00	1.193805e+00	1.435852e+01	8.819394e-01	8.819394e-01
1.193805e+00	1.256637e+00	1.414501e+01	8.721939e-01	8.721939e-01
1.256637e+00	1.319469e+00	1.361124e+01	8.590279e-01	8.590279e-01
1.319469e+00	1.382301e+00	1.579971e+01	9.183395e-01	9.183395e-01
1.382301e+00	1.445133e+00	1.622673e+01	9.398061e-01	9.398061e-01
1.445133e+00	1.507964e+00	1.547969e+01	9.183541e-01	9.183541e-01
1.507964e+00	1.570796e+00	1.505243e+01	9.121134e-01	9.121134e-01
1.570796e+00	1.633628e+00	1.713415e+01	9.563348e-01	9.563348e-01
1.633628e+00	1.696460e+00	1.777467e+01	9.740461e-01	9.740461e-01
1.696460e+00	1.759292e+00	1.724090e+01	9.711167e-01	9.711167e-01
1.759292e+00	1.822124e+00	1.841520e+01	1.000025e+00	1.000025e+00
1.822124e+00	1.884956e+00	1.740104e+01	9.667058e-01	9.667058e-01
1.884956e+00	1.947787e+00	1.980333e+01	1.028138e+00	1.028138e+00
1.947787e+00	2.010619e+00	1.932262e+01	1.023956e+00	1.023956e+00
2.010619e+00	2.073451e+00	2.017666e+01	1.043252e+00	1.043252e+00
2.073451e+00	2.136283e+00	2.209825e+01	1.091304e+00	1.091304e+00
2.136283e+00	2.199115e+00	2.044355e+01	1.052767e+00	1.052767e+00
2.199115e+00	2.261947e+00	2.401983e+01	1.142326e+00	1.142326e+00
2.261947e+00	2.324779e+00	2.444684e+01	1.157194e+00	1.157194e+00
2.324779e+00	2.387610e+00	2.257900e+01	1.105587e+00	1.105587e+00
2.387610e+00	2.450442e+00	2.444684e+01	1.147304e+00	1.147304e+00
2.450442e+00	2.513274e+00	2.327255e+01	1.122195e+00	1.122195e+00
2.513274e+00	2.576106e+00	2.636843e+01	1.186372e+00	1.186372e+00
2.576106e+00	2.638938e+00	2.524752e+01	1.175515e+00	1.175515e+00
2.638938e+00	2.701770e+00	2.508738e+01	1.159654e+00	1.159654e+00
2.701770e+00	2.764602e+00	2.690222e+01	1.212501e+00	1.212501e+00
2.764602e+00	2.827433e+00	2.775670e+01	1.231176e+00	1.231176e+00
2.827433e+00	2.890265e+00	2.620830e+01	1.189969e+00	1.189969e+00
2.890265e+00	2.953097e+00	2.631506e+01	1.189969e+00	1.189969e+00
2.953097e+00	3.015929e+00	2.764949e+01	1.233468e+00	1.233468e+00
3.015929e+00	3.078761e+00	2.679545e+01	1.219530e+00	1.219530e+00
3.078761e+00	3.141593e+00	2.914407e+01	1.254085e+00	1.254085e+00
# END HISTO1D


# BEGIN HISTO1D //eos/home-y/yiyu/monobc/Rivet_New/X800_Qd10.yoda.gz/JetMETAnalysis/bb_dphi
ErrorBars=1
LineColor=red
LineStyle=dotted
Path=//eos/home-y/yiyu/monobc/Rivet_New/X800_Qd10.yoda.gz/JetMETAnalysis/bb_dphi
ScaledBy=1.67247502780518323e-05
Title=X800_Qd10
# xlow	 xhigh	 val	 errminus	 errplus
0.000000e+00	6.283185e-02	3.370233e+00	2.395000e-01	2.395000e-01
6.283185e-02	1.256637e-01	3.066911e+00	2.347095e-01	2.347095e-01
1.256637e-01	1.884956e-01	3.285974e+00	2.377147e-01	2.377147e-01
1.884956e-01	2.513274e-01	3.370236e+00	2.395002e-01	2.395002e-01
2.513274e-01	3.141593e-01	3.387080e+00	2.424458e-01	2.424458e-01
3.141593e-01	3.769911e-01	3.724109e+00	2.550046e-01	2.550046e-01
3.769911e-01	4.398230e-01	3.791509e+00	2.550042e-01	2.550042e-01
4.398230e-01	5.026548e-01	3.909473e+00	2.599673e-01	2.599673e-01
5.026548e-01	5.654867e-01	4.263341e+00	2.701445e-01	2.701445e-01
5.654867e-01	6.283185e-01	4.448711e+00	2.748344e-01	2.748344e-01
6.283185e-01	6.911504e-01	3.993723e+00	2.669724e-01	2.669724e-01
6.911504e-01	7.539822e-01	4.549817e+00	2.789366e-01	2.789366e-01
7.539822e-01	8.168141e-01	4.077978e+00	2.643000e-01	2.643000e-01
8.168141e-01	8.796459e-01	4.263348e+00	2.732802e-01	2.732802e-01
8.796459e-01	9.424778e-01	4.785727e+00	2.859735e-01	2.859735e-01
9.424778e-01	1.005310e+00	4.532937e+00	2.814684e-01	2.814684e-01
1.005310e+00	1.068142e+00	4.414994e+00	2.748335e-01	2.748335e-01
1.068142e+00	1.130973e+00	4.701537e+00	2.824808e-01	2.824808e-01
1.130973e+00	1.193805e+00	4.414994e+00	2.758648e-01	2.758648e-01
1.193805e+00	1.256637e+00	4.650910e+00	2.839802e-01	2.839802e-01
1.256637e+00	1.319469e+00	5.426062e+00	3.042550e-01	3.042550e-01
1.319469e+00	1.382301e+00	4.853124e+00	2.879521e-01	2.879521e-01
1.382301e+00	1.445133e+00	5.392359e+00	3.042550e-01	3.042550e-01
1.445133e+00	1.507964e+00	5.662068e+00	3.107243e-01	3.107243e-01
1.507964e+00	1.570796e+00	5.072188e+00	2.942922e-01	2.942922e-01
1.570796e+00	1.633628e+00	5.628275e+00	3.134490e-01	3.134490e-01
1.633628e+00	1.696460e+00	5.291253e+00	2.995521e-01	2.995521e-01
1.696460e+00	1.759292e+00	5.864190e+00	3.188382e-01	3.188382e-01
1.759292e+00	1.822124e+00	5.746233e+00	3.157057e-01	3.157057e-01
1.822124e+00	1.884956e+00	6.588789e+00	3.349094e-01	3.349094e-01
1.884956e+00	1.947787e+00	5.897987e+00	3.223861e-01	3.223861e-01
1.947787e+00	2.010619e+00	6.403427e+00	3.327830e-01	3.327830e-01
2.010619e+00	2.073451e+00	6.689895e+00	3.382839e-01	3.382839e-01
2.073451e+00	2.136283e+00	7.094323e+00	3.506492e-01	3.506492e-01
2.136283e+00	2.199115e+00	6.453980e+00	3.340605e-01	3.340605e-01
2.199115e+00	2.261947e+00	7.431345e+00	3.602359e-01	3.602359e-01
2.261947e+00	2.324779e+00	7.330238e+00	3.546751e-01	3.546751e-01
2.324779e+00	2.387610e+00	6.909070e+00	3.469914e-01	3.469914e-01
2.387610e+00	2.450442e+00	7.161728e+00	3.546751e-01	3.546751e-01
2.450442e+00	2.513274e+00	7.886325e+00	3.691896e-01	3.691896e-01
2.513274e+00	2.576106e+00	7.633559e+00	3.625930e-01	3.625930e-01
2.576106e+00	2.638938e+00	8.358157e+00	3.820414e-01	3.820414e-01
2.638938e+00	2.701770e+00	7.060620e+00	3.490258e-01	3.490258e-01
2.701770e+00	2.764602e+00	7.498749e+00	3.672617e-01	3.672617e-01
2.764602e+00	2.827433e+00	8.341438e+00	3.779373e-01	3.779373e-01
2.827433e+00	2.890265e+00	8.712030e+00	3.875758e-01	3.875758e-01
2.890265e+00	2.953097e+00	8.610924e+00	3.861077e-01	3.861077e-01
2.953097e+00	3.015929e+00	8.745733e+00	3.904955e-01	3.904955e-01
3.015929e+00	3.078761e+00	8.964798e+00	3.930324e-01	3.930324e-01
3.078761e+00	3.141593e+00	8.492965e+00	3.864753e-01	3.864753e-01
# END HISTO1D


# BEGIN HISTO1D //eos/home-y/yiyu/monobc/Rivet_New/X800_Qd20.yoda.gz/JetMETAnalysis/bb_dphi
ErrorBars=1
LineColor=blue
LineStyle=dotted
Path=//eos/home-y/yiyu/monobc/Rivet_New/X800_Qd20.yoda.gz/JetMETAnalysis/bb_dphi
ScaledBy=1.67808876512372445e-05
Title=X800_Qd20
# xlow	 xhigh	 val	 errminus	 errplus
0.000000e+00	6.283185e-02	3.411442e+00	2.423931e-01	2.423931e-01
6.283185e-02	1.256637e-01	3.175006e+00	2.340115e-01	2.340115e-01
1.256637e-01	1.884956e-01	3.023009e+00	2.284609e-01	2.284609e-01
1.884956e-01	2.513274e-01	3.191896e+00	2.346203e-01	2.346203e-01
2.513274e-01	3.141593e-01	3.073673e+00	2.290842e-01	2.290842e-01
3.141593e-01	3.769911e-01	3.580329e+00	2.516306e-01	2.516306e-01
3.769911e-01	4.398230e-01	3.799871e+00	2.566802e-01	2.566802e-01
4.398230e-01	5.026548e-01	3.968759e+00	2.643444e-01	2.643444e-01
5.026548e-01	5.654867e-01	4.661175e+00	2.815845e-01	2.815845e-01
5.654867e-01	6.283185e-01	4.610517e+00	2.820909e-01	2.820909e-01
6.283185e-01	6.911504e-01	4.289632e+00	2.691554e-01	2.691554e-01
6.911504e-01	7.539822e-01	4.272750e+00	2.728395e-01	2.728395e-01
7.539822e-01	8.168141e-01	4.103860e+00	2.696847e-01	2.696847e-01
8.168141e-01	8.796459e-01	4.306526e+00	2.728395e-01	2.728395e-01
8.796459e-01	9.424778e-01	4.070084e+00	2.686251e-01	2.686251e-01
9.424778e-01	1.005310e+00	4.171393e+00	2.686238e-01	2.686238e-01
1.005310e+00	1.068142e+00	4.627391e+00	2.805693e-01	2.805693e-01
1.068142e+00	1.130973e+00	5.269230e+00	3.021117e-01	3.021117e-01
1.130973e+00	1.193805e+00	4.593615e+00	2.825951e-01	2.825951e-01
1.193805e+00	1.256637e+00	4.661168e+00	2.866038e-01	2.866038e-01
1.256637e+00	1.319469e+00	4.863827e+00	2.944573e-01	2.944573e-01
1.319469e+00	1.382301e+00	4.863827e+00	2.885872e-01	2.885872e-01
1.382301e+00	1.445133e+00	5.049597e+00	2.978282e-01	2.978282e-01
1.445133e+00	1.507964e+00	5.015901e+00	2.939773e-01	2.939773e-01
1.507964e+00	1.570796e+00	5.387363e+00	3.044579e-01	3.044579e-01
1.570796e+00	1.633628e+00	5.590023e+00	3.100278e-01	3.100278e-01
1.633628e+00	1.696460e+00	5.742018e+00	3.159509e-01	3.159509e-01
1.696460e+00	1.759292e+00	5.725129e+00	3.145939e-01	3.145939e-01
1.759292e+00	1.822124e+00	5.843347e+00	3.168524e-01	3.168524e-01
1.822124e+00	1.884956e+00	6.079784e+00	3.230920e-01	3.230920e-01
1.884956e+00	1.947787e+00	5.758998e+00	3.136910e-01	3.136910e-01
1.947787e+00	2.010619e+00	6.535767e+00	3.364967e-01	3.364967e-01
2.010619e+00	2.073451e+00	6.569544e+00	3.415445e-01	3.415445e-01
2.073451e+00	2.136283e+00	6.856645e+00	3.469300e-01	3.469300e-01
2.136283e+00	2.199115e+00	6.164225e+00	3.279112e-01	3.279112e-01
2.199115e+00	2.261947e+00	7.160633e+00	3.550559e-01	3.550559e-01
2.261947e+00	2.324779e+00	7.312629e+00	3.554573e-01	3.554573e-01
2.324779e+00	2.387610e+00	7.937622e+00	3.692381e-01	3.692381e-01
2.387610e+00	2.450442e+00	7.194410e+00	3.526378e-01	3.526378e-01
2.450442e+00	2.513274e+00	7.464623e+00	3.574577e-01	3.574577e-01
2.513274e+00	2.576106e+00	8.427255e+00	3.832562e-01	3.832562e-01
2.576106e+00	2.638938e+00	8.140155e+00	3.776336e-01	3.776336e-01
2.638938e+00	2.701770e+00	8.342814e+00	3.791411e-01	3.791411e-01
2.701770e+00	2.764602e+00	8.123267e+00	3.764990e-01	3.764990e-01
2.764602e+00	2.827433e+00	8.038952e+00	3.707798e-01	3.707798e-01
2.827433e+00	2.890265e+00	8.376590e+00	3.821383e-01	3.821383e-01
2.890265e+00	2.953097e+00	8.427255e+00	3.839997e-01	3.839997e-01
2.953097e+00	3.015929e+00	8.629915e+00	3.920848e-01	3.920848e-01
3.015929e+00	3.078761e+00	8.900127e+00	3.964253e-01	3.964253e-01
3.078761e+00	3.141593e+00	8.325926e+00	3.795170e-01	3.795170e-01
# END HISTO1D


# BEGIN HISTO1D //eos/home-y/yiyu/monobc/Rivet_New/X800_Qd40.yoda.gz/JetMETAnalysis/bb_dphi
ErrorBars=1
LineColor=green
LineStyle=dotted
Path=//eos/home-y/yiyu/monobc/Rivet_New/X800_Qd40.yoda.gz/JetMETAnalysis/bb_dphi
ScaledBy=1.67815229838021701e-05
Title=X800_Qd40
# xlow	 xhigh	 val	 errminus	 errplus
0.000000e+00	6.283185e-02	3.390729e+00	2.426266e-01	2.426266e-01
6.283185e-02	1.256637e-01	2.973153e+00	2.277999e-01	2.277999e-01
1.256637e-01	1.884956e-01	3.106775e+00	2.314448e-01	2.314448e-01
1.884956e-01	2.513274e-01	2.939749e+00	2.253373e-01	2.253373e-01
2.513274e-01	3.141593e-01	3.724789e+00	2.494303e-01	2.494303e-01
3.141593e-01	3.769911e-01	3.841717e+00	2.565981e-01	2.565981e-01
3.769911e-01	4.398230e-01	3.841711e+00	2.565977e-01	2.565977e-01
4.398230e-01	5.026548e-01	4.025450e+00	2.635707e-01	2.635707e-01
5.026548e-01	5.654867e-01	4.058851e+00	2.667270e-01	2.667270e-01
5.654867e-01	6.283185e-01	4.242592e+00	2.703635e-01	2.703635e-01
6.283185e-01	6.911504e-01	4.392912e+00	2.759803e-01	2.759803e-01
6.911504e-01	7.539822e-01	4.309404e+00	2.703635e-01	2.703635e-01
7.539822e-01	8.168141e-01	3.841711e+00	2.565977e-01	2.565977e-01
8.168141e-01	8.796459e-01	4.326107e+00	2.739515e-01	2.739515e-01
8.796459e-01	9.424778e-01	4.576647e+00	2.854225e-01	2.854225e-01
9.424778e-01	1.005310e+00	4.326080e+00	2.729294e-01	2.729294e-01
1.005310e+00	1.068142e+00	4.610046e+00	2.814850e-01	2.814850e-01
1.068142e+00	1.130973e+00	4.159128e+00	2.688147e-01	2.688147e-01
1.130973e+00	1.193805e+00	4.827185e+00	2.868845e-01	2.868845e-01
1.193805e+00	1.256637e+00	4.726967e+00	2.839520e-01	2.839520e-01
1.256637e+00	1.319469e+00	4.493125e+00	2.799944e-01	2.799944e-01
1.319469e+00	1.382301e+00	4.810482e+00	2.863979e-01	2.863979e-01
1.382301e+00	1.445133e+00	4.743670e+00	2.873704e-01	2.873704e-01
1.445133e+00	1.507964e+00	5.094515e+00	2.964547e-01	2.964547e-01
1.507964e+00	1.570796e+00	5.645636e+00	3.097957e-01	3.097957e-01
1.570796e+00	1.633628e+00	5.378387e+00	3.015817e-01	3.015817e-01
1.633628e+00	1.696460e+00	6.063211e+00	3.225897e-01	3.225897e-01
1.696460e+00	1.759292e+00	5.461902e+00	3.048023e-01	3.048023e-01
1.759292e+00	1.822124e+00	6.163429e+00	3.243148e-01	3.243148e-01
1.822124e+00	1.884956e+00	5.461902e+00	3.084418e-01	3.084418e-01
1.884956e+00	1.947787e+00	6.080011e+00	3.212950e-01	3.212950e-01
1.947787e+00	2.010619e+00	6.864959e+00	3.419032e-01	3.419032e-01
2.010619e+00	2.073451e+00	6.230243e+00	3.277378e-01	3.277378e-01
2.073451e+00	2.136283e+00	6.731334e+00	3.435313e-01	3.435313e-01
2.136283e+00	2.199115e+00	6.447382e+00	3.315463e-01	3.315463e-01
2.199115e+00	2.261947e+00	6.731334e+00	3.427182e-01	3.427182e-01
2.261947e+00	2.324779e+00	6.965177e+00	3.483700e-01	3.483700e-01
2.324779e+00	2.387610e+00	7.098915e+00	3.507699e-01	3.507699e-01
2.387610e+00	2.450442e+00	7.349347e+00	3.511618e-01	3.511618e-01
2.450442e+00	2.513274e+00	7.683408e+00	3.659458e-01	3.659458e-01
2.513274e+00	2.576106e+00	7.900549e+00	3.693606e-01	3.693606e-01
2.576106e+00	2.638938e+00	7.482972e+00	3.605696e-01	3.605696e-01
2.638938e+00	2.701770e+00	8.201203e+00	3.731182e-01	3.731182e-01
2.701770e+00	2.764602e+00	8.635484e+00	3.827153e-01	3.827153e-01
2.764602e+00	2.827433e+00	8.017598e+00	3.749888e-01	3.749888e-01
2.827433e+00	2.890265e+00	9.119872e+00	3.973785e-01	3.973785e-01
2.890265e+00	2.953097e+00	8.435047e+00	3.841705e-01	3.841705e-01
2.953097e+00	3.015929e+00	8.785811e+00	3.895790e-01	3.895790e-01
3.015929e+00	3.078761e+00	8.535265e+00	3.834435e-01	3.834435e-01
3.078761e+00	3.141593e+00	8.886029e+00	3.888622e-01	3.888622e-01
# END HISTO1D

