# BEGIN PLOT
Legend=1
LogY=1
LegendPlacement=manual
LegendAlign=r
LegendXPos=1.32
RightMargin=3.3
Title=Di-bjet $\Delta\eta$
XLabel=$\Delta\eta_{bb}$
YLabel=$\mathrm{d}\sigma/\mathrm{d}\Delta\eta_{bb}$ [pb]
DrawOnly=//eos/home-y/yiyu/monobc/Rivet_New/X1000_Qd10.yoda.gz/JetMETAnalysis/bb_deta //eos/home-y/yiyu/monobc/Rivet_New/X1000_Qd20.yoda.gz/JetMETAnalysis/bb_deta //eos/home-y/yiyu/monobc/Rivet_New/X1000_Qd40.yoda.gz/JetMETAnalysis/bb_deta //eos/home-y/yiyu/monobc/Rivet_New/X1200_Qd10.yoda.gz/JetMETAnalysis/bb_deta //eos/home-y/yiyu/monobc/Rivet_New/X1200_Qd20.yoda.gz/JetMETAnalysis/bb_deta //eos/home-y/yiyu/monobc/Rivet_New/X1200_Qd40.yoda.gz/JetMETAnalysis/bb_deta //eos/home-y/yiyu/monobc/Rivet_New/X1500_Qd10.yoda.gz/JetMETAnalysis/bb_deta //eos/home-y/yiyu/monobc/Rivet_New/X1500_Qd20.yoda.gz/JetMETAnalysis/bb_deta //eos/home-y/yiyu/monobc/Rivet_New/X1500_Qd40.yoda.gz/JetMETAnalysis/bb_deta //eos/home-y/yiyu/monobc/Rivet_New/X2000_Qd10.yoda.gz/JetMETAnalysis/bb_deta //eos/home-y/yiyu/monobc/Rivet_New/X2000_Qd20.yoda.gz/JetMETAnalysis/bb_deta //eos/home-y/yiyu/monobc/Rivet_New/X2000_Qd40.yoda.gz/JetMETAnalysis/bb_deta //eos/home-y/yiyu/monobc/Rivet_New/X600_Qd10.yoda.gz/JetMETAnalysis/bb_deta //eos/home-y/yiyu/monobc/Rivet_New/X600_Qd20.yoda.gz/JetMETAnalysis/bb_deta //eos/home-y/yiyu/monobc/Rivet_New/X600_Qd40.yoda.gz/JetMETAnalysis/bb_deta //eos/home-y/yiyu/monobc/Rivet_New/X800_Qd10.yoda.gz/JetMETAnalysis/bb_deta //eos/home-y/yiyu/monobc/Rivet_New/X800_Qd20.yoda.gz/JetMETAnalysis/bb_deta //eos/home-y/yiyu/monobc/Rivet_New/X800_Qd40.yoda.gz/JetMETAnalysis/bb_deta
LegendOnly=//eos/home-y/yiyu/monobc/Rivet_New/X1000_Qd10.yoda.gz/JetMETAnalysis/bb_deta //eos/home-y/yiyu/monobc/Rivet_New/X1000_Qd20.yoda.gz/JetMETAnalysis/bb_deta //eos/home-y/yiyu/monobc/Rivet_New/X1000_Qd40.yoda.gz/JetMETAnalysis/bb_deta //eos/home-y/yiyu/monobc/Rivet_New/X1200_Qd10.yoda.gz/JetMETAnalysis/bb_deta //eos/home-y/yiyu/monobc/Rivet_New/X1200_Qd20.yoda.gz/JetMETAnalysis/bb_deta //eos/home-y/yiyu/monobc/Rivet_New/X1200_Qd40.yoda.gz/JetMETAnalysis/bb_deta //eos/home-y/yiyu/monobc/Rivet_New/X1500_Qd10.yoda.gz/JetMETAnalysis/bb_deta //eos/home-y/yiyu/monobc/Rivet_New/X1500_Qd20.yoda.gz/JetMETAnalysis/bb_deta //eos/home-y/yiyu/monobc/Rivet_New/X1500_Qd40.yoda.gz/JetMETAnalysis/bb_deta //eos/home-y/yiyu/monobc/Rivet_New/X2000_Qd10.yoda.gz/JetMETAnalysis/bb_deta //eos/home-y/yiyu/monobc/Rivet_New/X2000_Qd20.yoda.gz/JetMETAnalysis/bb_deta //eos/home-y/yiyu/monobc/Rivet_New/X2000_Qd40.yoda.gz/JetMETAnalysis/bb_deta //eos/home-y/yiyu/monobc/Rivet_New/X600_Qd10.yoda.gz/JetMETAnalysis/bb_deta //eos/home-y/yiyu/monobc/Rivet_New/X600_Qd20.yoda.gz/JetMETAnalysis/bb_deta //eos/home-y/yiyu/monobc/Rivet_New/X600_Qd40.yoda.gz/JetMETAnalysis/bb_deta //eos/home-y/yiyu/monobc/Rivet_New/X800_Qd10.yoda.gz/JetMETAnalysis/bb_deta //eos/home-y/yiyu/monobc/Rivet_New/X800_Qd20.yoda.gz/JetMETAnalysis/bb_deta //eos/home-y/yiyu/monobc/Rivet_New/X800_Qd40.yoda.gz/JetMETAnalysis/bb_deta
RatioPlot=1
RatioPlotReference=//eos/home-y/yiyu/monobc/Rivet_New/X1000_Qd10.yoda.gz/JetMETAnalysis/bb_deta
RatioPlotYLabel=Ratio
# END PLOT

# BEGIN HISTO1D //eos/home-y/yiyu/monobc/Rivet_New/X1000_Qd10.yoda.gz/JetMETAnalysis/bb_deta
ErrorBars=1
LineColor=red
LineStyle=solid
Path=//eos/home-y/yiyu/monobc/Rivet_New/X1000_Qd10.yoda.gz/JetMETAnalysis/bb_deta
ScaledBy=1.57872041894473936e-05
Title=X1000_Qd10
# xlow	 xhigh	 val	 errminus	 errplus
0.000000e+00	1.000000e-01	2.921899e+00	1.058325e-01	1.058325e-01
1.000000e-01	2.000000e-01	2.914530e+00	1.058325e-01	1.058325e-01
2.000000e-01	3.000000e-01	3.323522e+00	1.124864e-01	1.124864e-01
3.000000e-01	4.000000e-01	3.095076e+00	1.089301e-01	1.089301e-01
4.000000e-01	5.000000e-01	3.187192e+00	1.113339e-01	1.113339e-01
5.000000e-01	6.000000e-01	3.135607e+00	1.102309e-01	1.102309e-01
6.000000e-01	7.000000e-01	3.069284e+00	1.088677e-01	1.088677e-01
7.000000e-01	8.000000e-01	2.903476e+00	1.072976e-01	1.072976e-01
8.000000e-01	9.000000e-01	2.914530e+00	1.062167e-01	1.062167e-01
9.000000e-01	1.000000e+00	2.859261e+00	1.047364e-01	1.047364e-01
1.000000e+00	1.100000e+00	2.634499e+00	1.016446e-01	1.016446e-01
1.100000e+00	1.200000e+00	2.549753e+00	1.007727e-01	1.007727e-01
1.200000e+00	1.300000e+00	2.402369e+00	9.664654e-02	9.664654e-02
1.300000e+00	1.400000e+00	2.310253e+00	9.415614e-02	9.415614e-02
1.400000e+00	1.500000e+00	2.262353e+00	9.321419e-02	9.321419e-02
1.500000e+00	1.600000e+00	1.916000e+00	8.578112e-02	8.578112e-02
1.600000e+00	1.700000e+00	1.842307e+00	8.562271e-02	8.562271e-02
1.700000e+00	1.800000e+00	1.916000e+00	8.734946e-02	8.734946e-02
1.800000e+00	1.900000e+00	1.595438e+00	7.894024e-02	7.894024e-02
1.900000e+00	2.000000e+00	1.477530e+00	7.684873e-02	7.684873e-02
2.000000e+00	2.100000e+00	1.389100e+00	7.248490e-02	7.248490e-02
2.100000e+00	2.200000e+00	1.282246e+00	7.029797e-02	7.029797e-02
2.200000e+00	2.300000e+00	1.090646e+00	6.652745e-02	6.652745e-02
2.300000e+00	2.400000e+00	1.035377e+00	6.392568e-02	6.392568e-02
2.400000e+00	2.500000e+00	8.364075e-01	5.814224e-02	5.814224e-02
2.500000e+00	2.600000e+00	7.074460e-01	5.210832e-02	5.210832e-02
2.600000e+00	2.700000e+00	7.000768e-01	5.262682e-02	5.262682e-02
2.700000e+00	2.800000e+00	5.858537e-01	4.818259e-02	4.818259e-02
2.800000e+00	2.900000e+00	5.784845e-01	4.902061e-02	4.902061e-02
2.900000e+00	3.000000e+00	3.905691e-01	4.002515e-02	4.002515e-02
3.000000e+00	3.100000e+00	4.568922e-01	4.168665e-02	4.168665e-02
3.100000e+00	3.200000e+00	3.279307e-01	3.775606e-02	3.775606e-02
3.200000e+00	3.300000e+00	2.137076e-01	3.082770e-02	3.082770e-02
3.300000e+00	3.400000e+00	2.026538e-01	2.830206e-02	2.830206e-02
3.400000e+00	3.500000e+00	1.473846e-01	2.552776e-02	2.552776e-02
3.500000e+00	3.600000e+00	1.547538e-01	2.552776e-02	2.552776e-02
3.600000e+00	3.700000e+00	1.289615e-01	2.301041e-02	2.301041e-02
3.700000e+00	3.800000e+00	7.737691e-02	1.842307e-02	1.842307e-02
3.800000e+00	3.900000e+00	1.105384e-01	2.084333e-02	2.084333e-02
3.900000e+00	4.000000e+00	4.053076e-02	1.427045e-02	1.427045e-02
4.000000e+00	4.100000e+00	8.106152e-02	1.805085e-02	1.805085e-02
4.100000e+00	4.200000e+00	4.789999e-02	1.328507e-02	1.328507e-02
4.200000e+00	4.300000e+00	1.473846e-02	1.165177e-02	1.165177e-02
4.300000e+00	4.400000e+00	2.579230e-02	9.748574e-03	9.748574e-03
4.400000e+00	4.500000e+00	2.947692e-02	1.165177e-02	1.165177e-02
4.500000e+00	4.600000e+00	1.105384e-02	6.381939e-03	6.381939e-03
4.600000e+00	4.700000e+00	7.369229e-03	5.210832e-03	5.210832e-03
4.700000e+00	4.800000e+00	3.684615e-03	3.684614e-03	3.684614e-03
4.800000e+00	4.900000e+00	0.000000e+00	0.000000e+00	0.000000e+00
4.900000e+00	5.000000e+00	0.000000e+00	0.000000e+00	0.000000e+00
# END HISTO1D


# BEGIN HISTO1D //eos/home-y/yiyu/monobc/Rivet_New/X1000_Qd20.yoda.gz/JetMETAnalysis/bb_deta
ErrorBars=1
LineColor=blue
LineStyle=solid
Path=//eos/home-y/yiyu/monobc/Rivet_New/X1000_Qd20.yoda.gz/JetMETAnalysis/bb_deta
ScaledBy=1.59148787614182405e-05
Title=X1000_Qd20
# xlow	 xhigh	 val	 errminus	 errplus
0.000000e+00	1.000000e-01	3.030811e+00	1.080324e-01	1.080324e-01
1.000000e-01	2.000000e-01	3.101381e+00	1.097427e-01	1.097427e-01
2.000000e-01	3.000000e-01	3.264807e+00	1.122287e-01	1.122287e-01
3.000000e-01	4.000000e-01	3.119952e+00	1.098056e-01	1.098056e-01
4.000000e-01	5.000000e-01	3.216522e+00	1.120442e-01	1.120442e-01
5.000000e-01	6.000000e-01	3.157094e+00	1.114269e-01	1.114269e-01
6.000000e-01	7.000000e-01	2.978811e+00	1.068769e-01	1.068769e-01
7.000000e-01	8.000000e-01	2.796814e+00	1.045936e-01	1.045936e-01
8.000000e-01	9.000000e-01	2.637102e+00	1.019892e-01	1.019892e-01
9.000000e-01	1.000000e+00	2.718815e+00	1.023942e-01	1.023942e-01
1.000000e+00	1.100000e+00	2.651959e+00	1.006275e-01	1.006275e-01
1.100000e+00	1.200000e+00	2.637102e+00	1.015826e-01	1.015826e-01
1.200000e+00	1.300000e+00	2.455105e+00	9.847961e-02	9.847961e-02
1.300000e+00	1.400000e+00	2.365964e+00	9.606865e-02	9.606865e-02
1.400000e+00	1.500000e+00	2.146824e+00	9.233426e-02	9.233426e-02
1.500000e+00	1.600000e+00	2.143110e+00	9.359561e-02	9.359561e-02
1.600000e+00	1.700000e+00	1.935113e+00	8.921884e-02	8.921884e-02
1.700000e+00	1.800000e+00	1.782830e+00	8.321862e-02	8.321862e-02
1.800000e+00	1.900000e+00	1.563690e+00	7.905289e-02	7.905289e-02
1.900000e+00	2.000000e+00	1.437407e+00	7.529906e-02	7.529906e-02
2.000000e+00	2.100000e+00	1.400264e+00	7.325604e-02	7.325604e-02
2.100000e+00	2.200000e+00	1.359408e+00	7.278372e-02	7.278372e-02
2.200000e+00	2.300000e+00	1.259124e+00	6.958605e-02	6.958605e-02
2.300000e+00	2.400000e+00	9.768422e-01	6.357735e-02	6.357735e-02
2.400000e+00	2.500000e+00	9.434141e-01	6.281331e-02	6.281331e-02
2.500000e+00	2.600000e+00	7.502742e-01	5.632907e-02	5.632907e-02
2.600000e+00	2.700000e+00	6.537043e-01	5.173322e-02	5.173322e-02
2.700000e+00	2.800000e+00	6.165620e-01	5.010768e-02	5.010768e-02
2.800000e+00	2.900000e+00	5.385632e-01	4.712828e-02	4.712828e-02
2.900000e+00	3.000000e+00	4.679928e-01	4.487919e-02	4.487919e-02
3.000000e+00	3.100000e+00	4.308505e-01	4.169211e-02	4.169211e-02
3.100000e+00	3.200000e+00	2.934241e-01	3.543148e-02	3.543148e-02
3.200000e+00	3.300000e+00	2.822814e-01	3.404147e-02	3.404147e-02
3.300000e+00	3.400000e+00	2.191395e-01	3.085270e-02	3.085270e-02
3.400000e+00	3.500000e+00	2.451391e-01	3.017454e-02	3.017454e-02
3.500000e+00	3.600000e+00	1.894257e-01	2.703999e-02	2.703999e-02
3.600000e+00	3.700000e+00	1.597118e-01	2.599960e-02	2.599960e-02
3.700000e+00	3.800000e+00	6.314189e-02	1.857114e-02	1.857114e-02
3.800000e+00	3.900000e+00	9.656995e-02	1.965385e-02	1.965385e-02
3.900000e+00	4.000000e+00	7.799880e-02	1.702073e-02	1.702073e-02
4.000000e+00	4.100000e+00	5.942766e-02	1.575814e-02	1.575814e-02
4.100000e+00	4.200000e+00	1.857114e-02	9.826926e-03	9.826926e-03
4.200000e+00	4.300000e+00	2.971383e-02	1.050543e-02	1.050543e-02
4.300000e+00	4.400000e+00	1.114269e-02	6.433233e-03	6.433233e-03
4.400000e+00	4.500000e+00	1.114269e-02	6.433233e-03	6.433233e-03
4.500000e+00	4.600000e+00	3.342806e-02	1.114269e-02	1.114269e-02
4.600000e+00	4.700000e+00	7.428457e-03	5.252713e-03	5.252713e-03
4.700000e+00	4.800000e+00	3.714229e-03	3.714229e-03	3.714229e-03
4.800000e+00	4.900000e+00	0.000000e+00	0.000000e+00	0.000000e+00
4.900000e+00	5.000000e+00	0.000000e+00	0.000000e+00	0.000000e+00
# END HISTO1D


# BEGIN HISTO1D //eos/home-y/yiyu/monobc/Rivet_New/X1000_Qd40.yoda.gz/JetMETAnalysis/bb_deta
ErrorBars=1
LineColor=green
LineStyle=solid
Path=//eos/home-y/yiyu/monobc/Rivet_New/X1000_Qd40.yoda.gz/JetMETAnalysis/bb_deta
ScaledBy=1.57578455171900267e-05
Title=X1000_Qd40
# xlow	 xhigh	 val	 errminus	 errplus
0.000000e+00	1.000000e-01	2.968862e+00	1.066532e-01	1.066532e-01
1.000000e-01	2.000000e-01	2.866613e+00	1.050152e-01	1.050152e-01
2.000000e-01	3.000000e-01	3.067459e+00	1.084510e-01	1.084510e-01
3.000000e-01	4.000000e-01	3.005379e+00	1.077726e-01	1.077726e-01
4.000000e-01	5.000000e-01	3.144145e+00	1.107024e-01	1.107024e-01
5.000000e-01	6.000000e-01	3.114931e+00	1.091252e-01	1.091252e-01
6.000000e-01	7.000000e-01	3.180663e+00	1.113031e-01	1.113031e-01
7.000000e-01	8.000000e-01	2.928693e+00	1.062147e-01	1.062147e-01
8.000000e-01	9.000000e-01	2.753409e+00	1.034157e-01	1.034157e-01
9.000000e-01	1.000000e+00	2.764365e+00	1.028338e-01	1.028338e-01
1.000000e+00	1.100000e+00	2.589081e+00	1.003397e-01	1.003397e-01
1.100000e+00	1.200000e+00	2.629250e+00	1.010680e-01	1.010680e-01
1.200000e+00	1.300000e+00	2.421101e+00	9.557509e-02	9.557509e-02
1.300000e+00	1.400000e+00	2.285987e+00	9.395685e-02	9.395685e-02
1.400000e+00	1.500000e+00	2.183738e+00	9.180323e-02	9.180323e-02
1.500000e+00	1.600000e+00	1.880644e+00	8.493722e-02	8.493722e-02
1.600000e+00	1.700000e+00	2.019410e+00	8.771772e-02	8.771772e-02
1.700000e+00	1.800000e+00	1.866037e+00	8.478008e-02	8.478008e-02
1.800000e+00	1.900000e+00	1.588505e+00	7.737891e-02	7.737891e-02
1.900000e+00	2.000000e+00	1.369401e+00	7.330810e-02	7.330810e-02
2.000000e+00	2.100000e+00	1.402267e+00	7.448110e-02	7.448110e-02
2.100000e+00	2.200000e+00	1.223332e+00	6.919053e-02	6.919053e-02
2.200000e+00	2.300000e+00	1.197770e+00	6.870702e-02	6.870702e-02
2.300000e+00	2.400000e+00	1.048048e+00	6.335526e-02	6.335526e-02
2.400000e+00	2.500000e+00	8.618098e-01	5.773902e-02	5.773902e-02
2.500000e+00	2.600000e+00	7.960786e-01	5.538132e-02	5.538132e-02
2.600000e+00	2.700000e+00	7.376508e-01	5.342030e-02	5.342030e-02
2.700000e+00	2.800000e+00	4.929844e-01	4.457513e-02	4.457513e-02
2.800000e+00	2.900000e+00	4.783775e-01	4.457513e-02	4.457513e-02
2.900000e+00	3.000000e+00	4.272532e-01	4.179604e-02	4.179604e-02
3.000000e+00	3.100000e+00	4.199497e-01	4.049972e-02	4.049972e-02
3.100000e+00	3.200000e+00	3.615219e-01	3.706107e-02	3.706107e-02
3.200000e+00	3.300000e+00	2.738802e-01	3.326890e-02	3.326890e-02
3.300000e+00	3.400000e+00	1.752834e-01	2.828623e-02	2.828623e-02
3.400000e+00	3.500000e+00	1.789351e-01	2.556216e-02	2.556216e-02
3.500000e+00	3.600000e+00	1.789351e-01	2.708200e-02	2.708200e-02
3.600000e+00	3.700000e+00	1.241590e-01	2.251082e-02	2.251082e-02
3.700000e+00	3.800000e+00	8.764168e-02	1.932317e-02	1.932317e-02
3.800000e+00	3.900000e+00	8.033820e-02	1.932317e-02	1.932317e-02
3.900000e+00	4.000000e+00	6.938299e-02	1.591755e-02	1.591755e-02
4.000000e+00	4.100000e+00	4.382084e-02	1.366355e-02	1.366355e-02
4.100000e+00	4.200000e+00	2.191042e-02	1.032867e-02	1.032867e-02
4.200000e+00	4.300000e+00	4.382084e-02	1.264999e-02	1.264999e-02
4.300000e+00	4.400000e+00	2.556216e-02	9.661587e-03	9.661587e-03
4.400000e+00	4.500000e+00	1.460695e-02	7.303473e-03	7.303473e-03
4.500000e+00	4.600000e+00	3.286563e-02	1.095521e-02	1.095521e-02
4.600000e+00	4.700000e+00	0.000000e+00	0.000000e+00	0.000000e+00
4.700000e+00	4.800000e+00	7.303473e-03	5.164335e-03	5.164335e-03
4.800000e+00	4.900000e+00	1.095521e-02	6.324993e-03	6.324993e-03
4.900000e+00	5.000000e+00	0.000000e+00	0.000000e+00	0.000000e+00
# END HISTO1D


# BEGIN HISTO1D //eos/home-y/yiyu/monobc/Rivet_New/X1200_Qd10.yoda.gz/JetMETAnalysis/bb_deta
ErrorBars=1
LineColor=orange
LineStyle=solid
Path=//eos/home-y/yiyu/monobc/Rivet_New/X1200_Qd10.yoda.gz/JetMETAnalysis/bb_deta
ScaledBy=1.55131369446056310e-05
Title=X1200_Qd10
# xlow	 xhigh	 val	 errminus	 errplus
0.000000e+00	1.000000e-01	1.052726e+00	4.034077e-02	4.034077e-02
1.000000e-01	2.000000e-01	1.139752e+00	4.159120e-02	4.159120e-02
2.000000e-01	3.000000e-01	1.162210e+00	4.224919e-02	4.224919e-02
3.000000e-01	4.000000e-01	1.229584e+00	4.367088e-02	4.367088e-02
4.000000e-01	5.000000e-01	1.183264e+00	4.268989e-02	4.268989e-02
5.000000e-01	6.000000e-01	1.215548e+00	4.326294e-02	4.326294e-02
6.000000e-01	7.000000e-01	1.075185e+00	4.058423e-02	4.058423e-02
7.000000e-01	8.000000e-01	1.121504e+00	4.152009e-02	4.152009e-02
8.000000e-01	9.000000e-01	1.092028e+00	4.087448e-02	4.087448e-02
9.000000e-01	1.000000e+00	1.115890e+00	4.132984e-02	4.132984e-02
1.000000e+00	1.100000e+00	9.446465e-01	3.841450e-02	3.841450e-02
1.100000e+00	1.200000e+00	8.618320e-01	3.649452e-02	3.649452e-02
1.200000e+00	1.300000e+00	8.870974e-01	3.782009e-02	3.782009e-02
1.300000e+00	1.400000e+00	8.421811e-01	3.692388e-02	3.692388e-02
1.400000e+00	1.500000e+00	8.225302e-01	3.500656e-02	3.500656e-02
1.500000e+00	1.600000e+00	7.284866e-01	3.336402e-02	3.336402e-02
1.600000e+00	1.700000e+00	6.161958e-01	3.166746e-02	3.166746e-02
1.700000e+00	1.800000e+00	5.558395e-01	3.017000e-02	3.017000e-02
1.800000e+00	1.900000e+00	5.993522e-01	3.020263e-02	3.020263e-02
1.900000e+00	2.000000e+00	5.375923e-01	2.880019e-02	2.880019e-02
2.000000e+00	2.100000e+00	4.674105e-01	2.710870e-02	2.710870e-02
2.100000e+00	2.200000e+00	4.168796e-01	2.576732e-02	2.576732e-02
2.200000e+00	2.300000e+00	4.042469e-01	2.526543e-02	2.526543e-02
2.300000e+00	2.400000e+00	3.368724e-01	2.340328e-02	2.340328e-02
2.400000e+00	2.500000e+00	3.298543e-01	2.336115e-02	2.336115e-02
2.500000e+00	2.600000e+00	2.891488e-01	2.174502e-02	2.174502e-02
2.600000e+00	2.700000e+00	2.287925e-01	1.949992e-02	1.949992e-02
2.700000e+00	2.800000e+00	2.259853e-01	1.949992e-02	1.949992e-02
2.800000e+00	2.900000e+00	1.656289e-01	1.672624e-02	1.672624e-02
2.900000e+00	3.000000e+00	1.543999e-01	1.563022e-02	1.563022e-02
3.000000e+00	3.100000e+00	9.825446e-02	1.316727e-02	1.316727e-02
3.100000e+00	3.200000e+00	1.150981e-01	1.417602e-02	1.417602e-02
3.200000e+00	3.300000e+00	7.439266e-02	1.131647e-02	1.131647e-02
3.300000e+00	3.400000e+00	7.719993e-02	1.131647e-02	1.131647e-02
3.400000e+00	3.500000e+00	8.000720e-02	1.148925e-02	1.148925e-02
3.500000e+00	3.600000e+00	3.509088e-02	8.987650e-03	8.987650e-03
3.600000e+00	3.700000e+00	4.070542e-02	8.063270e-03	8.063270e-03
3.700000e+00	3.800000e+00	2.807270e-02	8.184529e-03	8.184529e-03
3.800000e+00	3.900000e+00	2.807270e-02	6.277247e-03	6.277247e-03
3.900000e+00	4.000000e+00	1.965089e-02	5.251922e-03	5.251922e-03
4.000000e+00	4.100000e+00	2.807270e-03	2.807270e-03	2.807270e-03
4.100000e+00	4.200000e+00	7.018176e-03	4.210906e-03	4.210906e-03
4.200000e+00	4.300000e+00	1.403635e-02	4.438684e-03	4.438684e-03
4.300000e+00	4.400000e+00	1.263272e-02	4.210906e-03	4.210906e-03
4.400000e+00	4.500000e+00	8.421811e-03	3.438190e-03	3.438190e-03
4.500000e+00	4.600000e+00	1.403635e-03	1.403635e-03	1.403635e-03
4.600000e+00	4.700000e+00	0.000000e+00	0.000000e+00	0.000000e+00
4.700000e+00	4.800000e+00	0.000000e+00	0.000000e+00	0.000000e+00
4.800000e+00	4.900000e+00	0.000000e+00	0.000000e+00	0.000000e+00
4.900000e+00	5.000000e+00	0.000000e+00	0.000000e+00	0.000000e+00
# END HISTO1D


# BEGIN HISTO1D //eos/home-y/yiyu/monobc/Rivet_New/X1200_Qd20.yoda.gz/JetMETAnalysis/bb_deta
ErrorBars=1
LineColor=lilac
LineStyle=solid
Path=//eos/home-y/yiyu/monobc/Rivet_New/X1200_Qd20.yoda.gz/JetMETAnalysis/bb_deta
ScaledBy=1.52017278918568426e-05
Title=X1200_Qd20
# xlow	 xhigh	 val	 errminus	 errplus
0.000000e+00	1.000000e-01	1.241065e+00	4.285887e-02	4.285887e-02
1.000000e-01	2.000000e-01	1.089380e+00	4.039204e-02	4.039204e-02
2.000000e-01	3.000000e-01	1.159707e+00	4.157517e-02	4.157517e-02
3.000000e-01	4.000000e-01	1.196939e+00	4.227816e-02	4.227816e-02
4.000000e-01	5.000000e-01	1.225897e+00	4.248008e-02	4.248008e-02
5.000000e-01	6.000000e-01	1.223139e+00	4.225566e-02	4.225566e-02
6.000000e-01	7.000000e-01	1.110064e+00	4.050957e-02	4.050957e-02
7.000000e-01	8.000000e-01	1.039737e+00	3.967960e-02	3.967960e-02
8.000000e-01	9.000000e-01	1.064558e+00	4.048608e-02	4.048608e-02
9.000000e-01	1.000000e+00	1.008021e+00	3.902729e-02	3.902729e-02
1.000000e+00	1.100000e+00	9.321780e-01	3.766358e-02	3.766358e-02
1.100000e+00	1.200000e+00	9.680310e-01	3.801534e-02	3.801534e-02
1.200000e+00	1.300000e+00	8.949460e-01	3.692425e-02	3.692425e-02
1.300000e+00	1.400000e+00	8.163452e-01	3.461166e-02	3.461166e-02
1.400000e+00	1.500000e+00	8.577141e-01	3.637950e-02	3.637950e-02
1.500000e+00	1.600000e+00	7.639447e-01	3.444645e-02	3.444645e-02
1.600000e+00	1.700000e+00	6.632805e-01	3.213305e-02	3.213305e-02
1.700000e+00	1.800000e+00	6.136379e-01	3.067996e-02	3.067996e-02
1.800000e+00	1.900000e+00	5.322791e-01	2.859475e-02	2.859475e-02
1.900000e+00	2.000000e+00	5.750269e-01	2.954326e-02	2.954326e-02
2.000000e+00	2.100000e+00	4.619521e-01	2.691626e-02	2.691626e-02
2.100000e+00	2.200000e+00	4.178253e-01	2.576113e-02	2.576113e-02
2.200000e+00	2.300000e+00	3.612879e-01	2.396380e-02	2.396380e-02
2.300000e+00	2.400000e+00	3.392245e-01	2.282587e-02	2.282587e-02
2.400000e+00	2.500000e+00	2.785502e-01	2.162817e-02	2.162817e-02
2.500000e+00	2.600000e+00	2.551079e-01	2.012528e-02	2.012528e-02
2.600000e+00	2.700000e+00	2.164970e-01	1.855203e-02	1.855203e-02
2.700000e+00	2.800000e+00	1.944336e-01	1.792650e-02	1.792650e-02
2.800000e+00	2.900000e+00	1.820229e-01	1.700098e-02	1.700098e-02
2.900000e+00	3.000000e+00	1.227276e-01	1.413015e-02	1.413015e-02
3.000000e+00	3.100000e+00	9.239042e-02	1.372049e-02	1.372049e-02
3.100000e+00	3.200000e+00	1.199697e-01	1.372049e-02	1.372049e-02
3.200000e+00	3.300000e+00	7.308496e-02	1.128728e-02	1.128728e-02
3.300000e+00	3.400000e+00	6.894808e-02	1.013326e-02	1.013326e-02
3.400000e+00	3.500000e+00	4.826365e-02	8.829662e-03	8.829662e-03
3.500000e+00	3.600000e+00	4.826365e-02	9.652731e-03	9.652731e-03
3.600000e+00	3.700000e+00	3.033715e-02	6.755504e-03	6.755504e-03
3.700000e+00	3.800000e+00	3.309508e-02	7.800584e-03	7.800584e-03
3.800000e+00	3.900000e+00	1.792650e-02	5.685604e-03	5.685604e-03
3.900000e+00	4.000000e+00	2.206338e-02	5.515846e-03	5.515846e-03
4.000000e+00	4.100000e+00	6.894808e-03	4.573498e-03	4.573498e-03
4.100000e+00	4.200000e+00	1.516858e-02	4.971916e-03	4.971916e-03
4.200000e+00	4.300000e+00	8.273769e-03	3.900292e-03	3.900292e-03
4.300000e+00	4.400000e+00	8.273769e-03	3.377752e-03	3.377752e-03
4.400000e+00	4.500000e+00	6.894808e-03	3.083452e-03	3.083452e-03
4.500000e+00	4.600000e+00	4.136885e-03	2.388431e-03	2.388431e-03
4.600000e+00	4.700000e+00	1.378962e-03	1.378962e-03	1.378962e-03
4.700000e+00	4.800000e+00	1.378962e-03	1.378962e-03	1.378962e-03
4.800000e+00	4.900000e+00	1.378962e-03	1.378962e-03	1.378962e-03
4.900000e+00	5.000000e+00	0.000000e+00	0.000000e+00	0.000000e+00
# END HISTO1D


# BEGIN HISTO1D //eos/home-y/yiyu/monobc/Rivet_New/X1200_Qd40.yoda.gz/JetMETAnalysis/bb_deta
ErrorBars=1
LineColor=red
LineStyle=dashed
Path=//eos/home-y/yiyu/monobc/Rivet_New/X1200_Qd40.yoda.gz/JetMETAnalysis/bb_deta
ScaledBy=1.53816275566518442e-05
Title=X1200_Qd40
# xlow	 xhigh	 val	 errminus	 errplus
0.000000e+00	1.000000e-01	1.126411e+00	4.156989e-02	4.156989e-02
1.000000e-01	2.000000e-01	1.219354e+00	4.268898e-02	4.268898e-02
2.000000e-01	3.000000e-01	1.137509e+00	4.138432e-02	4.138432e-02
3.000000e-01	4.000000e-01	1.216579e+00	4.219021e-02	4.219021e-02
4.000000e-01	5.000000e-01	1.195771e+00	4.289135e-02	4.289135e-02
5.000000e-01	6.000000e-01	1.204094e+00	4.244032e-02	4.244032e-02
6.000000e-01	7.000000e-01	1.094505e+00	4.060984e-02	4.060984e-02
7.000000e-01	8.000000e-01	1.094505e+00	4.094019e-02	4.094019e-02
8.000000e-01	9.000000e-01	1.097280e+00	4.079893e-02	4.079893e-02
9.000000e-01	1.000000e+00	1.048727e+00	3.986858e-02	3.986858e-02
1.000000e+00	1.100000e+00	9.294277e-01	3.783792e-02	3.783792e-02
1.100000e+00	1.200000e+00	9.599462e-01	3.799018e-02	3.799018e-02
1.200000e+00	1.300000e+00	9.405253e-01	3.753153e-02	3.753153e-02
1.300000e+00	1.400000e+00	7.934815e-01	3.503895e-02	3.503895e-02
1.400000e+00	1.500000e+00	7.629630e-01	3.454113e-02	3.454113e-02
1.500000e+00	1.600000e+00	7.754479e-01	3.366654e-02	3.366654e-02
1.600000e+00	1.700000e+00	6.838923e-01	3.238464e-02	3.238464e-02
1.700000e+00	1.800000e+00	6.117576e-01	3.086337e-02	3.086337e-02
1.800000e+00	1.900000e+00	5.840135e-01	2.978456e-02	2.978456e-02
1.900000e+00	2.000000e+00	5.243637e-01	2.916433e-02	2.916433e-02
2.000000e+00	2.100000e+00	4.744243e-01	2.760504e-02	2.760504e-02
2.100000e+00	2.200000e+00	4.369697e-01	2.606323e-02	2.606323e-02
2.200000e+00	2.300000e+00	4.050640e-01	2.527609e-02	2.527609e-02
2.300000e+00	2.400000e+00	3.176701e-01	2.241099e-02	2.241099e-02
2.400000e+00	2.500000e+00	2.996364e-01	2.131065e-02	2.131065e-02
2.500000e+00	2.600000e+00	2.344377e-01	1.986176e-02	1.986176e-02
2.600000e+00	2.700000e+00	1.997576e-01	1.829850e-02	1.829850e-02
2.700000e+00	2.800000e+00	1.817239e-01	1.658857e-02	1.658857e-02
2.800000e+00	2.900000e+00	1.567542e-01	1.647215e-02	1.647215e-02
2.900000e+00	3.000000e+00	1.539798e-01	1.525926e-02	1.525926e-02
3.000000e+00	3.100000e+00	1.151381e-01	1.352081e-02	1.352081e-02
3.100000e+00	3.200000e+00	6.936027e-02	1.092287e-02	1.092287e-02
3.200000e+00	3.300000e+00	8.878115e-02	1.209338e-02	1.209338e-02
3.300000e+00	3.400000e+00	5.548822e-02	9.809024e-03	9.809024e-03
3.400000e+00	3.500000e+00	4.993940e-02	8.990119e-03	8.990119e-03
3.500000e+00	3.600000e+00	3.884175e-02	8.088729e-03	8.088729e-03
3.600000e+00	3.700000e+00	3.190573e-02	7.208132e-03	7.208132e-03
3.700000e+00	3.800000e+00	4.161616e-02	7.598037e-03	7.598037e-03
3.800000e+00	3.900000e+00	2.635690e-02	7.208132e-03	7.208132e-03
3.900000e+00	4.000000e+00	1.248485e-02	4.600840e-03	4.600840e-03
4.000000e+00	4.100000e+00	1.525926e-02	4.600840e-03	4.600840e-03
4.100000e+00	4.200000e+00	1.387205e-02	4.386729e-03	4.386729e-03
4.200000e+00	4.300000e+00	6.936027e-03	3.101886e-03	3.101886e-03
4.300000e+00	4.400000e+00	1.248485e-02	4.161616e-03	4.161616e-03
4.400000e+00	4.500000e+00	6.936027e-03	3.101886e-03	3.101886e-03
4.500000e+00	4.600000e+00	1.387205e-03	1.387205e-03	1.387205e-03
4.600000e+00	4.700000e+00	1.387205e-03	1.387205e-03	1.387205e-03
4.700000e+00	4.800000e+00	2.774411e-03	1.961805e-03	1.961805e-03
4.800000e+00	4.900000e+00	0.000000e+00	0.000000e+00	0.000000e+00
4.900000e+00	5.000000e+00	0.000000e+00	0.000000e+00	0.000000e+00
# END HISTO1D


# BEGIN HISTO1D //eos/home-y/yiyu/monobc/Rivet_New/X1500_Qd10.yoda.gz/JetMETAnalysis/bb_deta
ErrorBars=1
LineColor=blue
LineStyle=dashed
Path=//eos/home-y/yiyu/monobc/Rivet_New/X1500_Qd10.yoda.gz/JetMETAnalysis/bb_deta
ScaledBy=1.46305397465780652e-05
Title=X1500_Qd10
# xlow	 xhigh	 val	 errminus	 errplus
0.000000e+00	1.000000e-01	2.697552e-01	1.037577e-02	1.037577e-02
1.000000e-01	2.000000e-01	2.484768e-01	1.018096e-02	1.018096e-02
2.000000e-01	3.000000e-01	2.577432e-01	1.038144e-02	1.038144e-02
3.000000e-01	4.000000e-01	2.814240e-01	1.063366e-02	1.063366e-02
4.000000e-01	5.000000e-01	2.759328e-01	1.085294e-02	1.085294e-02
5.000000e-01	6.000000e-01	2.598024e-01	1.035873e-02	1.035873e-02
6.000000e-01	7.000000e-01	2.649504e-01	1.022713e-02	1.022713e-02
7.000000e-01	8.000000e-01	2.447016e-01	1.017517e-02	1.017517e-02
8.000000e-01	9.000000e-01	2.364648e-01	9.976442e-03	9.976442e-03
9.000000e-01	1.000000e+00	2.230800e-01	9.839731e-03	9.839731e-03
1.000000e+00	1.100000e+00	2.110680e-01	9.664600e-03	9.664600e-03
1.100000e+00	1.200000e+00	2.024880e-01	9.423950e-03	9.423950e-03
1.200000e+00	1.300000e+00	1.829256e-01	8.876881e-03	8.876881e-03
1.300000e+00	1.400000e+00	1.884168e-01	8.810286e-03	8.810286e-03
1.400000e+00	1.500000e+00	1.770912e-01	8.559384e-03	8.559384e-03
1.500000e+00	1.600000e+00	1.647360e-01	8.350417e-03	8.350417e-03
1.600000e+00	1.700000e+00	1.475760e-01	8.019433e-03	8.019433e-03
1.700000e+00	1.800000e+00	1.338480e-01	7.674186e-03	7.674186e-03
1.800000e+00	1.900000e+00	1.201200e-01	7.456213e-03	7.456213e-03
1.900000e+00	2.000000e+00	9.609601e-02	6.932300e-03	6.932300e-03
2.000000e+00	2.100000e+00	9.849841e-02	6.646040e-03	6.646040e-03
2.100000e+00	2.200000e+00	7.927921e-02	6.225085e-03	6.225085e-03
2.200000e+00	2.300000e+00	8.030881e-02	6.062121e-03	6.062121e-03
2.300000e+00	2.400000e+00	6.726721e-02	5.469708e-03	5.469708e-03
2.400000e+00	2.500000e+00	6.246240e-02	5.204886e-03	5.204886e-03
2.500000e+00	2.600000e+00	5.353920e-02	4.973440e-03	4.973440e-03
2.600000e+00	2.700000e+00	4.084080e-02	4.487923e-03	4.487923e-03
2.700000e+00	2.800000e+00	2.711280e-02	4.046269e-03	4.046269e-03
2.800000e+00	2.900000e+00	3.534960e-02	4.245150e-03	4.245150e-03
2.900000e+00	3.000000e+00	2.436720e-02	3.414797e-03	3.414797e-03
3.000000e+00	3.100000e+00	1.956240e-02	3.414797e-03	3.414797e-03
3.100000e+00	3.200000e+00	1.716000e-02	2.871417e-03	2.871417e-03
3.200000e+00	3.300000e+00	1.750320e-02	2.809213e-03	2.809213e-03
3.300000e+00	3.400000e+00	1.269840e-02	2.498534e-03	2.498534e-03
3.400000e+00	3.500000e+00	1.166880e-02	2.276531e-03	2.276531e-03
3.500000e+00	3.600000e+00	8.236801e-03	1.879784e-03	1.879784e-03
3.600000e+00	3.700000e+00	5.834400e-03	1.783320e-03	1.783320e-03
3.700000e+00	3.800000e+00	4.804800e-03	1.456075e-03	1.456075e-03
3.800000e+00	3.900000e+00	3.775200e-03	1.415050e-03	1.415050e-03
3.900000e+00	4.000000e+00	2.745600e-03	1.188880e-03	1.188880e-03
4.000000e+00	4.100000e+00	2.402400e-03	9.080219e-04	9.080219e-04
4.100000e+00	4.200000e+00	1.029600e-03	5.944399e-04	5.944399e-04
4.200000e+00	4.300000e+00	1.372800e-03	8.406649e-04	8.406649e-04
4.300000e+00	4.400000e+00	-3.432000e-04	3.432001e-04	3.432001e-04
4.400000e+00	4.500000e+00	1.716000e-03	7.674186e-04	7.674186e-04
4.500000e+00	4.600000e+00	0.000000e+00	0.000000e+00	0.000000e+00
4.600000e+00	4.700000e+00	-3.432000e-04	3.432001e-04	3.432001e-04
4.700000e+00	4.800000e+00	3.432000e-04	3.432001e-04	3.432001e-04
4.800000e+00	4.900000e+00	0.000000e+00	-nan	-nan
4.900000e+00	5.000000e+00	0.000000e+00	0.000000e+00	0.000000e+00
# END HISTO1D


# BEGIN HISTO1D //eos/home-y/yiyu/monobc/Rivet_New/X1500_Qd20.yoda.gz/JetMETAnalysis/bb_deta
ErrorBars=1
LineColor=green
LineStyle=dashed
Path=//eos/home-y/yiyu/monobc/Rivet_New/X1500_Qd20.yoda.gz/JetMETAnalysis/bb_deta
ScaledBy=1.46551806770839469e-05
Title=X1500_Qd20
# xlow	 xhigh	 val	 errminus	 errplus
0.000000e+00	1.000000e-01	2.675120e-01	1.048243e-02	1.048243e-02
1.000000e-01	2.000000e-01	2.492647e-01	1.014337e-02	1.014337e-02
2.000000e-01	3.000000e-01	2.688892e-01	1.042574e-02	1.042574e-02
3.000000e-01	4.000000e-01	2.599377e-01	1.033438e-02	1.033438e-02
4.000000e-01	5.000000e-01	2.688892e-01	1.065070e-02	1.065070e-02
5.000000e-01	6.000000e-01	2.740535e-01	1.071174e-02	1.071174e-02
6.000000e-01	7.000000e-01	2.644134e-01	1.045412e-02	1.045412e-02
7.000000e-01	8.000000e-01	2.582162e-01	1.045412e-02	1.045412e-02
8.000000e-01	9.000000e-01	2.489204e-01	1.027688e-02	1.027688e-02
9.000000e-01	1.000000e+00	2.206888e-01	9.695246e-03	9.695246e-03
1.000000e+00	1.100000e+00	2.261974e-01	9.792567e-03	9.792567e-03
1.100000e+00	1.200000e+00	2.031301e-01	9.378302e-03	9.378302e-03
1.200000e+00	1.300000e+00	2.038187e-01	9.390933e-03	9.390933e-03
1.300000e+00	1.400000e+00	1.766199e-01	8.851625e-03	8.851625e-03
1.400000e+00	1.500000e+00	1.607826e-01	8.398094e-03	8.398094e-03
1.500000e+00	1.600000e+00	1.618155e-01	8.305844e-03	8.305844e-03
1.600000e+00	1.700000e+00	1.373710e-01	8.007942e-03	8.007942e-03
1.700000e+00	1.800000e+00	1.229109e-01	7.392183e-03	7.392183e-03
1.800000e+00	1.900000e+00	1.149923e-01	7.122692e-03	7.122692e-03
1.900000e+00	2.000000e+00	1.105165e-01	6.945755e-03	6.945755e-03
2.000000e+00	2.100000e+00	1.012208e-01	6.729053e-03	6.729053e-03
2.100000e+00	2.200000e+00	8.297348e-02	6.187618e-03	6.187618e-03
2.200000e+00	2.300000e+00	8.021917e-02	6.168432e-03	6.168432e-03
2.300000e+00	2.400000e+00	5.302040e-02	5.421858e-03	5.421858e-03
2.400000e+00	2.500000e+00	5.818472e-02	5.540796e-03	5.540796e-03
2.500000e+00	2.600000e+00	4.820036e-02	4.893257e-03	4.893257e-03
2.600000e+00	2.700000e+00	4.303604e-02	4.783006e-03	4.783006e-03
2.700000e+00	2.800000e+00	3.133024e-02	3.849260e-03	3.849260e-03
2.800000e+00	2.900000e+00	3.511741e-02	3.955572e-03	3.955572e-03
2.900000e+00	3.000000e+00	2.960879e-02	3.511065e-03	3.511065e-03
3.000000e+00	3.100000e+00	2.375589e-02	3.561345e-03	3.561345e-03
3.100000e+00	3.200000e+00	1.480440e-02	2.981624e-03	2.981624e-03
3.200000e+00	3.300000e+00	1.446011e-02	2.754306e-03	2.754306e-03
3.300000e+00	3.400000e+00	1.308296e-02	2.622022e-03	2.622022e-03
3.400000e+00	3.500000e+00	7.230054e-03	2.204521e-03	2.204521e-03
3.500000e+00	3.600000e+00	7.230054e-03	1.977786e-03	1.977786e-03
3.600000e+00	3.700000e+00	7.918631e-03	1.977786e-03	1.977786e-03
3.700000e+00	3.800000e+00	5.508613e-03	1.821802e-03	1.821802e-03
3.800000e+00	3.900000e+00	4.131460e-03	1.288209e-03	1.288209e-03
3.900000e+00	4.000000e+00	2.065730e-03	1.192650e-03	1.192650e-03
4.000000e+00	4.100000e+00	1.721441e-03	1.032865e-03	1.032865e-03
4.100000e+00	4.200000e+00	1.032865e-03	1.032865e-03	1.032865e-03
4.200000e+00	4.300000e+00	6.885766e-04	8.433307e-04	8.433307e-04
4.300000e+00	4.400000e+00	1.377153e-03	6.885766e-04	6.885766e-04
4.400000e+00	4.500000e+00	0.000000e+00	-nan	-nan
4.500000e+00	4.600000e+00	1.032865e-03	7.698521e-04	7.698521e-04
4.600000e+00	4.700000e+00	3.442883e-04	3.442883e-04	3.442883e-04
4.700000e+00	4.800000e+00	0.000000e+00	0.000000e+00	0.000000e+00
4.800000e+00	4.900000e+00	3.442883e-04	3.442883e-04	3.442883e-04
4.900000e+00	5.000000e+00	0.000000e+00	0.000000e+00	0.000000e+00
# END HISTO1D


# BEGIN HISTO1D //eos/home-y/yiyu/monobc/Rivet_New/X1500_Qd40.yoda.gz/JetMETAnalysis/bb_deta
ErrorBars=1
LineColor=orange
LineStyle=dashed
Path=//eos/home-y/yiyu/monobc/Rivet_New/X1500_Qd40.yoda.gz/JetMETAnalysis/bb_deta
ScaledBy=1.45749876052156690e-05
Title=X1500_Qd40
# xlow	 xhigh	 val	 errminus	 errplus
0.000000e+00	1.000000e-01	2.711652e-01	1.049644e-02	1.049644e-02
1.000000e-01	2.000000e-01	2.663900e-01	1.031757e-02	1.031757e-02
2.000000e-01	3.000000e-01	2.694598e-01	1.050198e-02	1.050198e-02
3.000000e-01	4.000000e-01	2.738939e-01	1.069409e-02	1.069409e-02
4.000000e-01	5.000000e-01	2.680954e-01	1.050198e-02	1.050198e-02
5.000000e-01	6.000000e-01	2.517232e-01	1.047979e-02	1.047979e-02
6.000000e-01	7.000000e-01	2.462658e-01	1.014129e-02	1.014129e-02
7.000000e-01	8.000000e-01	2.469480e-01	1.007222e-02	1.007222e-02
8.000000e-01	9.000000e-01	2.414905e-01	9.979384e-03	9.979384e-03
9.000000e-01	1.000000e+00	2.271648e-01	9.731484e-03	9.731484e-03
1.000000e+00	1.100000e+00	2.203431e-01	9.659487e-03	9.659487e-03
1.100000e+00	1.200000e+00	2.080639e-01	9.464817e-03	9.464817e-03
1.200000e+00	1.300000e+00	1.800946e-01	8.749431e-03	8.749431e-03
1.300000e+00	1.400000e+00	1.746372e-01	8.642400e-03	8.642400e-03
1.400000e+00	1.500000e+00	1.613348e-01	8.513554e-03	8.513554e-03
1.500000e+00	1.600000e+00	1.463269e-01	7.962787e-03	7.962787e-03
1.600000e+00	1.700000e+00	1.528076e-01	7.955479e-03	7.955479e-03
1.700000e+00	1.800000e+00	1.224507e-01	7.418181e-03	7.418181e-03
1.800000e+00	1.900000e+00	1.231329e-01	7.496187e-03	7.496187e-03
1.900000e+00	2.000000e+00	9.686909e-02	6.683939e-03	6.683939e-03
2.000000e+00	2.100000e+00	1.006211e-01	6.761813e-03	6.761813e-03
2.100000e+00	2.200000e+00	9.686909e-02	6.471696e-03	6.471696e-03
2.200000e+00	2.300000e+00	7.026420e-02	5.542029e-03	5.542029e-03
2.300000e+00	2.400000e+00	6.787658e-02	5.676842e-03	5.676842e-03
2.400000e+00	2.500000e+00	6.548896e-02	5.436054e-03	5.436054e-03
2.500000e+00	2.600000e+00	4.979890e-02	4.750810e-03	4.750810e-03
2.600000e+00	2.700000e+00	3.479101e-02	4.149519e-03	4.149519e-03
2.700000e+00	2.800000e+00	3.444992e-02	4.191364e-03	4.191364e-03
2.800000e+00	2.900000e+00	3.240339e-02	3.992336e-03	3.992336e-03
2.900000e+00	3.000000e+00	2.660489e-02	3.641826e-03	3.641826e-03
3.000000e+00	3.100000e+00	1.910095e-02	3.199692e-03	3.199692e-03
3.100000e+00	3.200000e+00	1.807768e-02	2.791928e-03	2.791928e-03
3.200000e+00	3.300000e+00	1.330245e-02	2.749942e-03	2.749942e-03
3.300000e+00	3.400000e+00	1.364353e-02	2.459623e-03	2.459623e-03
3.400000e+00	3.500000e+00	1.193809e-02	2.483160e-03	2.483160e-03
3.500000e+00	3.600000e+00	1.023265e-02	2.157232e-03	2.157232e-03
3.600000e+00	3.700000e+00	2.387618e-03	1.772347e-03	1.772347e-03
3.700000e+00	3.800000e+00	4.093060e-03	1.670985e-03	1.670985e-03
3.800000e+00	3.900000e+00	1.705442e-03	1.131262e-03	1.131262e-03
3.900000e+00	4.000000e+00	3.410883e-03	1.276236e-03	1.276236e-03
4.000000e+00	4.100000e+00	6.821767e-04	6.821767e-04	6.821767e-04
4.100000e+00	4.200000e+00	1.023265e-03	7.626967e-04	7.626967e-04
4.200000e+00	4.300000e+00	1.705442e-03	7.626967e-04	7.626967e-04
4.300000e+00	4.400000e+00	6.821767e-04	4.823717e-04	4.823717e-04
4.400000e+00	4.500000e+00	0.000000e+00	-nan	-nan
4.500000e+00	4.600000e+00	3.410883e-04	5.907824e-04	5.907824e-04
4.600000e+00	4.700000e+00	3.410883e-04	5.907824e-04	5.907824e-04
4.700000e+00	4.800000e+00	0.000000e+00	0.000000e+00	0.000000e+00
4.800000e+00	4.900000e+00	0.000000e+00	0.000000e+00	0.000000e+00
4.900000e+00	5.000000e+00	0.000000e+00	0.000000e+00	0.000000e+00
# END HISTO1D


# BEGIN HISTO1D //eos/home-y/yiyu/monobc/Rivet_New/X2000_Qd10.yoda.gz/JetMETAnalysis/bb_deta
ErrorBars=1
LineColor=lilac
LineStyle=dashed
Path=//eos/home-y/yiyu/monobc/Rivet_New/X2000_Qd10.yoda.gz/JetMETAnalysis/bb_deta
ScaledBy=1.44651624061781982e-05
Title=X2000_Qd10
# xlow	 xhigh	 val	 errminus	 errplus
0.000000e+00	1.000000e-01	1.832545e-02	1.271206e-03	1.271206e-03
1.000000e-01	2.000000e-01	1.945184e-02	1.300399e-03	1.300399e-03
2.000000e-01	3.000000e-01	2.044826e-02	1.309747e-03	1.309747e-03
3.000000e-01	4.000000e-01	1.962513e-02	1.306160e-03	1.306160e-03
4.000000e-01	5.000000e-01	1.919190e-02	1.337398e-03	1.337398e-03
5.000000e-01	6.000000e-01	1.953848e-02	1.343000e-03	1.343000e-03
6.000000e-01	7.000000e-01	1.962513e-02	1.290257e-03	1.290257e-03
7.000000e-01	8.000000e-01	1.672252e-02	1.248111e-03	1.248111e-03
8.000000e-01	9.000000e-01	1.806552e-02	1.274155e-03	1.274155e-03
9.000000e-01	1.000000e+00	1.927855e-02	1.242837e-03	1.242837e-03
1.000000e+00	1.100000e+00	1.533619e-02	1.189597e-03	1.189597e-03
1.100000e+00	1.200000e+00	1.438310e-02	1.157613e-03	1.157613e-03
1.200000e+00	1.300000e+00	1.217364e-02	1.105363e-03	1.105363e-03
1.300000e+00	1.400000e+00	1.165377e-02	1.128884e-03	1.128884e-03
1.400000e+00	1.500000e+00	1.087397e-02	1.027942e-03	1.027942e-03
1.500000e+00	1.600000e+00	9.877548e-03	1.023367e-03	1.023367e-03
1.600000e+00	1.700000e+00	8.924451e-03	1.014156e-03	1.014156e-03
1.700000e+00	1.800000e+00	8.751161e-03	9.190107e-04	9.190107e-04
1.800000e+00	1.900000e+00	6.065161e-03	8.750732e-04	8.750732e-04
1.900000e+00	2.000000e+00	5.112064e-03	8.489457e-04	8.489457e-04
2.000000e+00	2.100000e+00	4.202290e-03	8.411723e-04	8.411723e-04
2.100000e+00	2.200000e+00	5.675258e-03	7.491174e-04	7.491174e-04
2.200000e+00	2.300000e+00	2.859290e-03	7.118626e-04	7.118626e-04
2.300000e+00	2.400000e+00	2.772645e-03	7.012372e-04	7.012372e-04
2.400000e+00	2.500000e+00	2.989258e-03	6.527205e-04	6.527205e-04
2.500000e+00	2.600000e+00	2.382742e-03	5.955870e-04	5.955870e-04
2.600000e+00	2.700000e+00	2.686000e-03	6.065161e-04	6.065161e-04
2.700000e+00	2.800000e+00	1.343000e-03	4.920499e-04	4.920499e-04
2.800000e+00	2.900000e+00	2.079484e-03	4.862948e-04	4.862948e-04
2.900000e+00	3.000000e+00	9.964193e-04	4.177879e-04	4.177879e-04
3.000000e+00	3.100000e+00	9.097742e-04	4.481322e-04	4.481322e-04
3.100000e+00	3.200000e+00	8.231290e-04	3.327670e-04	3.327670e-04
3.200000e+00	3.300000e+00	5.198710e-04	3.465806e-04	3.465806e-04
3.300000e+00	3.400000e+00	3.465806e-04	3.063369e-04	3.063369e-04
3.400000e+00	3.500000e+00	4.765484e-04	2.840851e-04	2.840851e-04
3.500000e+00	3.600000e+00	1.299677e-04	2.562998e-04	2.562998e-04
3.600000e+00	3.700000e+00	6.065161e-04	2.372875e-04	2.372875e-04
3.700000e+00	3.800000e+00	8.664516e-05	1.732903e-04	1.732903e-04
3.800000e+00	3.900000e+00	2.166129e-04	1.786236e-04	1.786236e-04
3.900000e+00	4.000000e+00	-4.332258e-05	1.299677e-04	1.299677e-04
4.000000e+00	4.100000e+00	1.732903e-04	1.732903e-04	1.732903e-04
4.100000e+00	4.200000e+00	-4.332258e-05	9.687224e-05	9.687224e-05
4.200000e+00	4.300000e+00	8.664516e-05	8.664516e-05	8.664516e-05
4.300000e+00	4.400000e+00	0.000000e+00	-nan	-nan
4.400000e+00	4.500000e+00	4.332258e-05	4.332258e-05	4.332258e-05
4.500000e+00	4.600000e+00	1.299677e-04	7.503691e-05	7.503691e-05
4.600000e+00	4.700000e+00	0.000000e+00	0.000000e+00	0.000000e+00
4.700000e+00	4.800000e+00	1.299677e-04	7.503691e-05	7.503691e-05
4.800000e+00	4.900000e+00	0.000000e+00	0.000000e+00	0.000000e+00
4.900000e+00	5.000000e+00	0.000000e+00	0.000000e+00	0.000000e+00
# END HISTO1D


# BEGIN HISTO1D //eos/home-y/yiyu/monobc/Rivet_New/X2000_Qd20.yoda.gz/JetMETAnalysis/bb_deta
ErrorBars=1
LineColor=red
LineStyle=dashdotted
Path=//eos/home-y/yiyu/monobc/Rivet_New/X2000_Qd20.yoda.gz/JetMETAnalysis/bb_deta
ScaledBy=1.42285921865514894e-05
Title=X2000_Qd20
# xlow	 xhigh	 val	 errminus	 errplus
0.000000e+00	1.000000e-01	1.883331e-02	1.299353e-03	1.299353e-03
1.000000e-01	2.000000e-01	1.943667e-02	1.282085e-03	1.282085e-03
2.000000e-01	3.000000e-01	1.939357e-02	1.308611e-03	1.308611e-03
3.000000e-01	4.000000e-01	1.853163e-02	1.262376e-03	1.262376e-03
4.000000e-01	5.000000e-01	2.103125e-02	1.307191e-03	1.307191e-03
5.000000e-01	6.000000e-01	2.064338e-02	1.340166e-03	1.340166e-03
6.000000e-01	7.000000e-01	2.077267e-02	1.315689e-03	1.315689e-03
7.000000e-01	8.000000e-01	1.749731e-02	1.263847e-03	1.263847e-03
8.000000e-01	9.000000e-01	1.529937e-02	1.246832e-03	1.246832e-03
9.000000e-01	1.000000e+00	1.629060e-02	1.195888e-03	1.195888e-03
1.000000e+00	1.100000e+00	1.525627e-02	1.186533e-03	1.186533e-03
1.100000e+00	1.200000e+00	1.340311e-02	1.165209e-03	1.165209e-03
1.200000e+00	1.300000e+00	1.422195e-02	1.170775e-03	1.170775e-03
1.300000e+00	1.400000e+00	1.154995e-02	1.103817e-03	1.103817e-03
1.400000e+00	1.500000e+00	1.232569e-02	1.041482e-03	1.041482e-03
1.500000e+00	1.600000e+00	8.921042e-03	1.009791e-03	1.009791e-03
1.600000e+00	1.700000e+00	9.610591e-03	9.893513e-04	9.893513e-04
1.700000e+00	1.800000e+00	8.490073e-03	9.607788e-04	9.607788e-04
1.800000e+00	1.900000e+00	7.886718e-03	8.821699e-04	8.821699e-04
1.900000e+00	2.000000e+00	7.067878e-03	8.199729e-04	8.199729e-04
2.000000e+00	2.100000e+00	5.042328e-03	7.888013e-04	7.888013e-04
2.100000e+00	2.200000e+00	3.706326e-03	7.612416e-04	7.612416e-04
2.200000e+00	2.300000e+00	4.094198e-03	7.120763e-04	7.120763e-04
2.300000e+00	2.400000e+00	3.835617e-03	6.854969e-04	6.854969e-04
2.400000e+00	2.500000e+00	3.102971e-03	5.909138e-04	5.909138e-04
2.500000e+00	2.600000e+00	2.327228e-03	6.155457e-04	6.155457e-04
2.600000e+00	2.700000e+00	2.542712e-03	5.434302e-04	5.434302e-04
2.700000e+00	2.800000e+00	2.628906e-03	5.330782e-04	5.330782e-04
2.800000e+00	2.900000e+00	1.206711e-03	5.025910e-04	5.025910e-04
2.900000e+00	3.000000e+00	1.379098e-03	4.178392e-04	4.178392e-04
3.000000e+00	3.100000e+00	7.757427e-04	4.178392e-04	4.178392e-04
3.100000e+00	3.200000e+00	5.602587e-04	3.830529e-04	3.830529e-04
3.200000e+00	3.300000e+00	1.292905e-04	3.077729e-04	3.077729e-04
3.300000e+00	3.400000e+00	5.171618e-04	2.985835e-04	2.985835e-04
3.400000e+00	3.500000e+00	6.464523e-04	2.826047e-04	2.826047e-04
3.500000e+00	3.600000e+00	4.309682e-04	2.360510e-04	2.360510e-04
3.600000e+00	3.700000e+00	3.016777e-04	2.320835e-04	2.320835e-04
3.700000e+00	3.800000e+00	3.016777e-04	2.066851e-04	2.066851e-04
3.800000e+00	3.900000e+00	2.154841e-04	1.669133e-04	1.669133e-04
3.900000e+00	4.000000e+00	-8.619364e-05	1.362841e-04	1.362841e-04
4.000000e+00	4.100000e+00	4.309682e-05	9.636742e-05	9.636742e-05
4.100000e+00	4.200000e+00	1.292905e-04	9.636742e-05	9.636742e-05
4.200000e+00	4.300000e+00	-1.723873e-04	1.055652e-04	1.055652e-04
4.300000e+00	4.400000e+00	-1.723873e-04	8.619364e-05	8.619364e-05
4.400000e+00	4.500000e+00	-4.309682e-05	7.464588e-05	7.464588e-05
4.500000e+00	4.600000e+00	0.000000e+00	0.000000e+00	0.000000e+00
4.600000e+00	4.700000e+00	-4.309682e-05	4.309682e-05	4.309682e-05
4.700000e+00	4.800000e+00	0.000000e+00	-nan	-nan
4.800000e+00	4.900000e+00	8.619364e-05	6.094811e-05	6.094811e-05
4.900000e+00	5.000000e+00	0.000000e+00	0.000000e+00	0.000000e+00
# END HISTO1D


# BEGIN HISTO1D //eos/home-y/yiyu/monobc/Rivet_New/X2000_Qd40.yoda.gz/JetMETAnalysis/bb_deta
ErrorBars=1
LineColor=blue
LineStyle=dashdotted
Path=//eos/home-y/yiyu/monobc/Rivet_New/X2000_Qd40.yoda.gz/JetMETAnalysis/bb_deta
ScaledBy=1.42928020099892123e-05
Title=X2000_Qd40
# xlow	 xhigh	 val	 errminus	 errplus
0.000000e+00	1.000000e-01	1.935453e-02	1.286725e-03	1.286725e-03
1.000000e-01	2.000000e-01	2.042739e-02	1.286010e-03	1.286010e-03
2.000000e-01	3.000000e-01	1.961202e-02	1.283860e-03	1.283860e-03
3.000000e-01	4.000000e-01	2.158609e-02	1.315040e-03	1.315040e-03
4.000000e-01	5.000000e-01	1.871081e-02	1.291725e-03	1.291725e-03
5.000000e-01	6.000000e-01	2.132860e-02	1.312235e-03	1.312235e-03
6.000000e-01	7.000000e-01	1.944036e-02	1.299543e-03	1.299543e-03
7.000000e-01	8.000000e-01	1.759502e-02	1.243786e-03	1.243786e-03
8.000000e-01	9.000000e-01	1.677965e-02	1.243045e-03	1.243045e-03
9.000000e-01	1.000000e+00	1.617884e-02	1.199310e-03	1.199310e-03
1.000000e+00	1.100000e+00	1.347521e-02	1.162663e-03	1.162663e-03
1.100000e+00	1.200000e+00	1.446225e-02	1.169770e-03	1.169770e-03
1.200000e+00	1.300000e+00	1.240235e-02	1.096636e-03	1.096636e-03
1.300000e+00	1.400000e+00	1.244526e-02	1.068567e-03	1.068567e-03
1.400000e+00	1.500000e+00	1.150114e-02	1.052942e-03	1.052942e-03
1.500000e+00	1.600000e+00	1.004204e-02	1.020973e-03	1.020973e-03
1.600000e+00	1.700000e+00	1.012787e-02	9.990924e-04	9.990924e-04
1.700000e+00	1.800000e+00	8.153792e-03	9.184146e-04	9.184146e-04
1.800000e+00	1.900000e+00	6.608863e-03	9.042687e-04	9.042687e-04
1.900000e+00	2.000000e+00	4.291469e-03	8.474973e-04	8.474973e-04
2.000000e+00	2.100000e+00	5.750569e-03	7.866393e-04	7.866393e-04
2.100000e+00	2.200000e+00	5.021019e-03	7.370841e-04	7.370841e-04
2.200000e+00	2.300000e+00	4.162725e-03	7.295498e-04	7.295498e-04
2.300000e+00	2.400000e+00	2.489052e-03	6.839477e-04	6.839477e-04
2.400000e+00	2.500000e+00	4.205640e-03	6.479977e-04	6.479977e-04
2.500000e+00	2.600000e+00	2.789455e-03	5.868496e-04	5.868496e-04
2.600000e+00	2.700000e+00	1.244526e-03	5.545801e-04	5.545801e-04
2.700000e+00	2.800000e+00	2.274479e-03	5.578910e-04	5.578910e-04
2.800000e+00	2.900000e+00	9.441233e-04	4.376457e-04	4.376457e-04
2.900000e+00	3.000000e+00	9.870380e-04	4.093801e-04	4.093801e-04
3.000000e+00	3.100000e+00	8.582939e-04	3.790123e-04	3.790123e-04
3.100000e+00	3.200000e+00	8.582939e-04	3.538836e-04	3.538836e-04
3.200000e+00	3.300000e+00	5.149763e-04	3.379106e-04	3.379106e-04
3.300000e+00	3.400000e+00	3.433176e-04	3.153573e-04	3.153573e-04
3.400000e+00	3.500000e+00	3.862322e-04	2.680022e-04	2.680022e-04
3.500000e+00	3.600000e+00	1.029953e-03	2.645439e-04	2.645439e-04
3.600000e+00	3.700000e+00	2.574882e-04	2.102382e-04	2.102382e-04
3.700000e+00	3.800000e+00	2.574882e-04	2.427622e-04	2.427622e-04
3.800000e+00	3.900000e+00	2.145735e-04	1.966598e-04	1.966598e-04
3.900000e+00	4.000000e+00	2.145735e-04	1.769418e-04	1.769418e-04
4.000000e+00	4.100000e+00	2.145735e-04	1.287441e-04	1.287441e-04
4.100000e+00	4.200000e+00	-8.582939e-05	1.051191e-04	1.051191e-04
4.200000e+00	4.300000e+00	0.000000e+00	-nan	-nan
4.300000e+00	4.400000e+00	1.716588e-04	8.582939e-05	8.582939e-05
4.400000e+00	4.500000e+00	1.287441e-04	9.596017e-05	9.596017e-05
4.500000e+00	4.600000e+00	-4.291469e-05	7.433043e-05	7.433043e-05
4.600000e+00	4.700000e+00	-4.291469e-05	4.291469e-05	4.291469e-05
4.700000e+00	4.800000e+00	0.000000e+00	0.000000e+00	0.000000e+00
4.800000e+00	4.900000e+00	0.000000e+00	0.000000e+00	0.000000e+00
4.900000e+00	5.000000e+00	0.000000e+00	0.000000e+00	0.000000e+00
# END HISTO1D


# BEGIN HISTO1D //eos/home-y/yiyu/monobc/Rivet_New/X600_Qd10.yoda.gz/JetMETAnalysis/bb_deta
ErrorBars=1
LineColor=green
LineStyle=dashdotted
Path=//eos/home-y/yiyu/monobc/Rivet_New/X600_Qd10.yoda.gz/JetMETAnalysis/bb_deta
ScaledBy=1.84504652561335948e-05
Title=X600_Qd10
# xlow	 xhigh	 val	 errminus	 errplus
0.000000e+00	1.000000e-01	2.767495e+01	9.881422e-01	9.881422e-01
1.000000e-01	2.000000e-01	2.605310e+01	9.581637e-01	9.581637e-01
2.000000e-01	3.000000e-01	2.636367e+01	9.637399e-01	9.637399e-01
3.000000e-01	4.000000e-01	2.781298e+01	9.857291e-01	9.857291e-01
4.000000e-01	5.000000e-01	2.750242e+01	9.863330e-01	9.863330e-01
5.000000e-01	6.000000e-01	2.726086e+01	9.772365e-01	9.772365e-01
6.000000e-01	7.000000e-01	2.612212e+01	9.569201e-01	9.569201e-01
7.000000e-01	8.000000e-01	2.557000e+01	9.494246e-01	9.494246e-01
8.000000e-01	9.000000e-01	2.601860e+01	9.525549e-01	9.525549e-01
9.000000e-01	1.000000e+00	2.450027e+01	9.297813e-01	9.297813e-01
1.000000e+00	1.100000e+00	2.353406e+01	9.038046e-01	9.038046e-01
1.100000e+00	1.200000e+00	2.191221e+01	8.736581e-01	8.736581e-01
1.200000e+00	1.300000e+00	2.418970e+01	9.201260e-01	9.201260e-01
1.300000e+00	1.400000e+00	2.170517e+01	8.736581e-01	8.736581e-01
1.400000e+00	1.500000e+00	2.073896e+01	8.515716e-01	8.515716e-01
1.500000e+00	1.600000e+00	2.015233e+01	8.438458e-01	8.438458e-01
1.600000e+00	1.700000e+00	1.790935e+01	7.906643e-01	7.906643e-01
1.700000e+00	1.800000e+00	1.752977e+01	7.838580e-01	7.838580e-01
1.800000e+00	1.900000e+00	1.663258e+01	7.591633e-01	7.591633e-01
1.900000e+00	2.000000e+00	1.438959e+01	7.130606e-01	7.130606e-01
2.000000e+00	2.100000e+00	1.325085e+01	6.797174e-01	6.797174e-01
2.100000e+00	2.200000e+00	1.273324e+01	6.682333e-01	6.682333e-01
2.200000e+00	2.300000e+00	1.049026e+01	6.036333e-01	6.036333e-01
2.300000e+00	2.400000e+00	1.014518e+01	5.956904e-01	5.956904e-01
2.400000e+00	2.500000e+00	8.902915e+00	5.564155e-01	5.564155e-01
2.500000e+00	2.600000e+00	7.695155e+00	5.176113e-01	5.176113e-01
2.600000e+00	2.700000e+00	7.764170e+00	5.267329e-01	5.267329e-01
2.700000e+00	2.800000e+00	6.659932e+00	4.843347e-01	4.843347e-01
2.800000e+00	2.900000e+00	6.107814e+00	4.590914e-01	4.590914e-01
2.900000e+00	3.000000e+00	5.176113e+00	4.254360e-01	4.254360e-01
3.000000e+00	3.100000e+00	4.209905e+00	3.811470e-01	3.811470e-01
3.100000e+00	3.200000e+00	3.623279e+00	3.635582e-01	3.635582e-01
3.200000e+00	3.300000e+00	3.726802e+00	3.651923e-01	3.651923e-01
3.300000e+00	3.400000e+00	2.346505e+00	2.887098e-01	2.887098e-01
3.400000e+00	3.500000e+00	2.484534e+00	2.968441e-01	2.968441e-01
3.500000e+00	3.600000e+00	2.381012e+00	2.866402e-01	2.866402e-01
3.600000e+00	3.700000e+00	1.207760e+00	2.099005e-01	2.099005e-01
3.700000e+00	3.800000e+00	1.345789e+00	2.262803e-01	2.262803e-01
3.800000e+00	3.900000e+00	1.518327e+00	2.288963e-01	2.288963e-01
3.900000e+00	4.000000e+00	7.936707e-01	1.654918e-01	1.654918e-01
4.000000e+00	4.100000e+00	6.211336e-01	1.464026e-01	1.464026e-01
4.100000e+00	4.200000e+00	6.211336e-01	1.543219e-01	1.543219e-01
4.200000e+00	4.300000e+00	4.831039e-01	1.291149e-01	1.291149e-01
4.300000e+00	4.400000e+00	3.105668e-01	1.144482e-01	1.144482e-01
4.400000e+00	4.500000e+00	2.070445e-01	8.452558e-02	8.452558e-02
4.500000e+00	4.600000e+00	1.725371e-01	7.716094e-02	7.716094e-02
4.600000e+00	4.700000e+00	6.901484e-02	4.880086e-02	4.880086e-02
4.700000e+00	4.800000e+00	3.450742e-02	3.450742e-02	3.450742e-02
4.800000e+00	4.900000e+00	0.000000e+00	0.000000e+00	0.000000e+00
4.900000e+00	5.000000e+00	0.000000e+00	0.000000e+00	0.000000e+00
# END HISTO1D


# BEGIN HISTO1D //eos/home-y/yiyu/monobc/Rivet_New/X600_Qd20.yoda.gz/JetMETAnalysis/bb_deta
ErrorBars=1
LineColor=orange
LineStyle=dashdotted
Path=//eos/home-y/yiyu/monobc/Rivet_New/X600_Qd20.yoda.gz/JetMETAnalysis/bb_deta
ScaledBy=1.83664539082963119e-05
Title=X600_Qd20
# xlow	 xhigh	 val	 errminus	 errplus
0.000000e+00	1.000000e-01	2.570526e+01	9.423474e-01	9.423474e-01
1.000000e-01	2.000000e-01	2.625219e+01	9.546662e-01	9.546662e-01
2.000000e-01	3.000000e-01	2.796131e+01	9.800317e-01	9.800317e-01
3.000000e-01	4.000000e-01	2.519253e+01	9.317484e-01	9.317484e-01
4.000000e-01	5.000000e-01	2.850823e+01	9.942358e-01	9.942358e-01
5.000000e-01	6.000000e-01	2.601291e+01	9.528285e-01	9.528285e-01
6.000000e-01	7.000000e-01	2.652565e+01	9.558893e-01	9.558893e-01
7.000000e-01	8.000000e-01	2.659401e+01	9.583309e-01	9.583309e-01
8.000000e-01	9.000000e-01	2.546599e+01	9.379976e-01	9.379976e-01
9.000000e-01	1.000000e+00	2.491907e+01	9.317484e-01	9.317484e-01
1.000000e+00	1.100000e+00	2.358595e+01	9.056759e-01	9.056759e-01
1.100000e+00	1.200000e+00	2.382523e+01	9.101801e-01	9.101801e-01
1.200000e+00	1.300000e+00	2.249211e+01	8.821478e-01	8.821478e-01
1.300000e+00	1.400000e+00	2.218446e+01	8.734958e-01	8.734958e-01
1.400000e+00	1.500000e+00	2.160336e+01	8.634051e-01	8.634051e-01
1.500000e+00	1.600000e+00	1.972332e+01	8.309942e-01	8.309942e-01
1.600000e+00	1.700000e+00	1.668108e+01	7.673960e-01	7.673960e-01
1.700000e+00	1.800000e+00	1.756982e+01	7.809793e-01	7.809793e-01
1.800000e+00	1.900000e+00	1.633925e+01	7.551168e-01	7.551168e-01
1.900000e+00	2.000000e+00	1.469849e+01	7.153874e-01	7.153874e-01
2.000000e+00	2.100000e+00	1.312609e+01	6.715802e-01	6.715802e-01
2.100000e+00	2.200000e+00	1.268172e+01	6.654629e-01	6.654629e-01
2.200000e+00	2.300000e+00	1.032312e+01	5.979501e-01	5.979501e-01
2.300000e+00	2.400000e+00	9.673657e+00	5.790889e-01	5.790889e-01
2.400000e+00	2.500000e+00	8.545633e+00	5.426309e-01	5.426309e-01
2.500000e+00	2.600000e+00	7.998713e+00	5.251221e-01	5.251221e-01
2.600000e+00	2.700000e+00	7.246697e+00	5.046990e-01	5.046990e-01
2.700000e+00	2.800000e+00	6.597229e+00	4.773331e-01	4.773331e-01
2.800000e+00	2.900000e+00	5.469205e+00	4.323787e-01	4.323787e-01
2.900000e+00	3.000000e+00	4.956467e+00	4.144412e-01	4.144412e-01
3.000000e+00	3.100000e+00	3.828444e+00	3.681572e-01	3.681572e-01
3.100000e+00	3.200000e+00	3.999356e+00	3.697406e-01	3.697406e-01
3.200000e+00	3.300000e+00	2.973880e+00	3.296444e-01	3.296444e-01
3.300000e+00	3.400000e+00	2.597872e+00	3.057379e-01	3.057379e-01
3.400000e+00	3.500000e+00	1.948404e+00	2.580725e-01	2.580725e-01
3.500000e+00	3.600000e+00	1.948404e+00	2.580725e-01	2.580725e-01
3.600000e+00	3.700000e+00	1.196389e+00	2.022266e-01	2.022266e-01
3.700000e+00	3.800000e+00	1.025476e+00	1.872255e-01	1.872255e-01
3.800000e+00	3.900000e+00	1.093841e+00	1.933656e-01	1.933656e-01
3.900000e+00	4.000000e+00	7.520157e-01	1.603303e-01	1.603303e-01
4.000000e+00	4.100000e+00	8.887459e-01	1.742974e-01	1.742974e-01
4.100000e+00	4.200000e+00	4.443729e-01	1.323884e-01	1.323884e-01
4.200000e+00	4.300000e+00	3.760079e-01	1.232469e-01	1.232469e-01
4.300000e+00	4.400000e+00	3.076428e-01	1.025476e-01	1.025476e-01
4.400000e+00	4.500000e+00	1.367301e-01	8.372976e-02	8.372976e-02
4.500000e+00	4.600000e+00	1.025476e-01	5.920589e-02	5.920589e-02
4.600000e+00	4.700000e+00	2.392777e-01	9.043848e-02	9.043848e-02
4.700000e+00	4.800000e+00	1.025476e-01	5.920589e-02	5.920589e-02
4.800000e+00	4.900000e+00	0.000000e+00	0.000000e+00	0.000000e+00
4.900000e+00	5.000000e+00	0.000000e+00	0.000000e+00	0.000000e+00
# END HISTO1D


# BEGIN HISTO1D //eos/home-y/yiyu/monobc/Rivet_New/X600_Qd40.yoda.gz/JetMETAnalysis/bb_deta
ErrorBars=1
LineColor=lilac
LineStyle=dashdotted
Path=//eos/home-y/yiyu/monobc/Rivet_New/X600_Qd40.yoda.gz/JetMETAnalysis/bb_deta
ScaledBy=1.83500819647793534e-05
Title=X600_Qd40
# xlow	 xhigh	 val	 errminus	 errplus
0.000000e+00	1.000000e-01	2.434865e+01	9.098655e-01	9.098655e-01
1.000000e-01	2.000000e-01	2.562310e+01	9.354662e-01	9.354662e-01
2.000000e-01	3.000000e-01	2.377850e+01	9.005461e-01	9.005461e-01
3.000000e-01	4.000000e-01	2.535479e+01	9.257970e-01	9.257970e-01
4.000000e-01	5.000000e-01	2.783661e+01	9.720261e-01	9.720261e-01
5.000000e-01	6.000000e-01	2.595848e+01	9.342630e-01	9.342630e-01
6.000000e-01	7.000000e-01	2.733354e+01	9.668048e-01	9.668048e-01
7.000000e-01	8.000000e-01	2.495234e+01	9.233639e-01	9.233639e-01
8.000000e-01	9.000000e-01	2.448280e+01	9.111009e-01	9.111009e-01
9.000000e-01	1.000000e+00	2.441573e+01	9.086284e-01	9.086284e-01
1.000000e+00	1.100000e+00	2.575725e+01	9.330583e-01	9.330583e-01
1.100000e+00	1.200000e+00	2.213514e+01	8.642161e-01	8.642161e-01
1.200000e+00	1.300000e+00	2.153145e+01	8.589942e-01	8.589942e-01
1.300000e+00	1.400000e+00	2.193391e+01	8.655166e-01	8.655166e-01
1.400000e+00	1.500000e+00	1.904963e+01	8.090955e-01	8.090955e-01
1.500000e+00	1.600000e+00	1.955270e+01	8.125635e-01	8.125635e-01
1.600000e+00	1.700000e+00	1.770811e+01	7.750129e-01	7.750129e-01
1.700000e+00	1.800000e+00	1.643366e+01	7.544206e-01	7.544206e-01
1.800000e+00	1.900000e+00	1.593059e+01	7.370753e-01	7.370753e-01
1.900000e+00	2.000000e+00	1.455553e+01	7.050979e-01	7.050979e-01
2.000000e+00	2.100000e+00	1.415307e+01	6.938413e-01	6.938413e-01
2.100000e+00	2.200000e+00	1.190602e+01	6.424973e-01	6.424973e-01
2.200000e+00	2.300000e+00	1.076573e+01	6.027533e-01	6.027533e-01
2.300000e+00	2.400000e+00	1.053096e+01	5.961860e-01	5.961860e-01
2.400000e+00	2.500000e+00	9.323588e+00	5.632002e-01	5.632002e-01
2.500000e+00	2.600000e+00	8.216831e+00	5.334559e-01	5.334559e-01
2.600000e+00	2.700000e+00	7.847912e+00	5.130341e-01	5.130341e-01
2.700000e+00	2.800000e+00	6.741155e+00	4.754845e-01	4.754845e-01
2.800000e+00	2.900000e+00	5.634399e+00	4.398479e-01	4.398479e-01
2.900000e+00	3.000000e+00	4.896561e+00	4.052423e-01	4.052423e-01
3.000000e+00	3.100000e+00	4.359951e+00	3.882314e-01	3.882314e-01
3.100000e+00	3.200000e+00	3.856880e+00	3.658573e-01	3.658573e-01
3.200000e+00	3.300000e+00	3.420885e+00	3.420227e-01	3.420227e-01
3.300000e+00	3.400000e+00	2.817199e+00	3.146151e-01	3.146151e-01
3.400000e+00	3.500000e+00	1.978747e+00	2.619408e-01	2.619408e-01
3.500000e+00	3.600000e+00	1.676904e+00	2.371501e-01	2.371501e-01
3.600000e+00	3.700000e+00	1.475676e+00	2.224665e-01	2.224665e-01
3.700000e+00	3.800000e+00	1.375062e+00	2.147485e-01	2.147485e-01
3.800000e+00	3.900000e+00	1.106757e+00	1.926616e-01	1.926616e-01
3.900000e+00	4.000000e+00	8.049141e-01	1.710114e-01	1.710114e-01
4.000000e+00	4.100000e+00	7.042998e-01	1.536908e-01	1.536908e-01
4.100000e+00	4.200000e+00	5.030713e-01	1.382811e-01	1.382811e-01
4.200000e+00	4.300000e+00	4.359951e-01	1.298925e-01	1.298925e-01
4.300000e+00	4.400000e+00	1.676904e-01	7.499344e-02	7.499344e-02
4.400000e+00	4.500000e+00	2.012285e-01	8.215120e-02	8.215120e-02
4.500000e+00	4.600000e+00	2.347666e-01	8.873344e-02	8.873344e-02
4.600000e+00	4.700000e+00	0.000000e+00	-nan	-nan
4.700000e+00	4.800000e+00	1.676904e-01	7.499344e-02	7.499344e-02
4.800000e+00	4.900000e+00	3.353809e-02	3.353808e-02	3.353808e-02
4.900000e+00	5.000000e+00	0.000000e+00	0.000000e+00	0.000000e+00
# END HISTO1D


# BEGIN HISTO1D //eos/home-y/yiyu/monobc/Rivet_New/X800_Qd10.yoda.gz/JetMETAnalysis/bb_deta
ErrorBars=1
LineColor=red
LineStyle=dotted
Path=//eos/home-y/yiyu/monobc/Rivet_New/X800_Qd10.yoda.gz/JetMETAnalysis/bb_deta
ScaledBy=1.67247502780518323e-05
Title=X800_Qd10
# xlow	 xhigh	 val	 errminus	 errplus
0.000000e+00	1.000000e-01	8.703252e+00	3.068664e-01	3.068664e-01
1.000000e-01	2.000000e-01	8.417379e+00	3.022655e-01	3.022655e-01
2.000000e-01	3.000000e-01	8.671488e+00	3.048506e-01	3.048506e-01
3.000000e-01	4.000000e-01	8.967949e+00	3.103175e-01	3.103175e-01
4.000000e-01	5.000000e-01	9.730278e+00	3.230610e-01	3.230610e-01
5.000000e-01	6.000000e-01	8.470318e+00	3.020800e-01	3.020800e-01
6.000000e-01	7.000000e-01	8.735016e+00	3.074139e-01	3.074139e-01
7.000000e-01	8.000000e-01	8.851482e+00	3.079604e-01	3.079604e-01
8.000000e-01	9.000000e-01	7.972687e+00	2.939930e-01	2.939930e-01
9.000000e-01	1.000000e+00	7.676226e+00	2.866564e-01	2.866564e-01
1.000000e+00	1.100000e+00	7.570347e+00	2.874375e-01	2.874375e-01
1.100000e+00	1.200000e+00	7.263298e+00	2.821233e-01	2.821233e-01
1.200000e+00	1.300000e+00	7.242122e+00	2.813274e-01	2.813274e-01
1.300000e+00	1.400000e+00	6.913897e+00	2.730364e-01	2.730364e-01
1.400000e+00	1.500000e+00	6.320975e+00	2.621440e-01	2.621440e-01
1.500000e+00	1.600000e+00	5.865695e+00	2.523387e-01	2.523387e-01
1.600000e+00	1.700000e+00	5.410416e+00	2.425992e-01	2.425992e-01
1.700000e+00	1.800000e+00	5.103367e+00	2.348509e-01	2.348509e-01
1.800000e+00	1.900000e+00	4.711614e+00	2.268381e-01	2.268381e-01
1.900000e+00	2.000000e+00	4.489269e+00	2.225978e-01	2.225978e-01
2.000000e+00	2.100000e+00	4.224571e+00	2.156919e-01	2.156919e-01
2.100000e+00	2.200000e+00	3.801055e+00	2.050338e-01	2.050338e-01
2.200000e+00	2.300000e+00	3.335188e+00	1.949439e-01	1.949439e-01
2.300000e+00	2.400000e+00	3.250485e+00	1.902878e-01	1.902878e-01
2.400000e+00	2.500000e+00	2.858732e+00	1.765355e-01	1.765355e-01
2.500000e+00	2.600000e+00	2.572859e+00	1.697369e-01	1.697369e-01
2.600000e+00	2.700000e+00	2.456392e+00	1.619637e-01	1.619637e-01
2.700000e+00	2.800000e+00	2.054052e+00	1.504823e-01	1.504823e-01
2.800000e+00	2.900000e+00	1.492894e+00	1.266128e-01	1.266128e-01
2.900000e+00	3.000000e+00	1.365839e+00	1.211840e-01	1.211840e-01
3.000000e+00	3.100000e+00	1.228196e+00	1.169472e-01	1.169472e-01
3.100000e+00	3.200000e+00	8.999713e-01	1.010021e-01	1.010021e-01
3.200000e+00	3.300000e+00	1.090553e+00	1.105409e-01	1.105409e-01
3.300000e+00	3.400000e+00	6.670376e-01	8.403883e-02	8.403883e-02
3.400000e+00	3.500000e+00	6.458618e-01	8.536236e-02	8.536236e-02
3.500000e+00	3.600000e+00	4.764554e-01	7.258697e-02	7.258697e-02
3.600000e+00	3.700000e+00	4.129280e-01	6.942949e-02	6.942949e-02
3.700000e+00	3.800000e+00	2.329337e-01	5.186989e-02	5.186989e-02
3.800000e+00	3.900000e+00	2.541095e-01	5.186989e-02	5.186989e-02
3.900000e+00	4.000000e+00	2.117580e-01	4.735052e-02	4.735052e-02
4.000000e+00	4.100000e+00	1.588185e-01	4.365502e-02	4.365502e-02
4.100000e+00	4.200000e+00	1.058790e-01	3.961628e-02	3.961628e-02
4.200000e+00	4.300000e+00	7.411528e-02	3.176369e-02	3.176369e-02
4.300000e+00	4.400000e+00	4.235159e-02	2.117580e-02	2.117580e-02
4.400000e+00	4.500000e+00	4.235159e-02	2.117580e-02	2.117580e-02
4.500000e+00	4.600000e+00	2.117580e-02	1.497355e-02	1.497355e-02
4.600000e+00	4.700000e+00	1.058790e-02	1.058790e-02	1.058790e-02
4.700000e+00	4.800000e+00	1.058790e-02	1.058790e-02	1.058790e-02
4.800000e+00	4.900000e+00	0.000000e+00	0.000000e+00	0.000000e+00
4.900000e+00	5.000000e+00	0.000000e+00	0.000000e+00	0.000000e+00
# END HISTO1D


# BEGIN HISTO1D //eos/home-y/yiyu/monobc/Rivet_New/X800_Qd20.yoda.gz/JetMETAnalysis/bb_deta
ErrorBars=1
LineColor=blue
LineStyle=dotted
Path=//eos/home-y/yiyu/monobc/Rivet_New/X800_Qd20.yoda.gz/JetMETAnalysis/bb_deta
ScaledBy=1.67808876512372445e-05
Title=X800_Qd20
# xlow	 xhigh	 val	 errminus	 errplus
0.000000e+00	1.000000e-01	8.467776e+00	3.020014e-01	3.020014e-01
1.000000e-01	2.000000e-01	8.573889e+00	3.046001e-01	3.046001e-01
2.000000e-01	3.000000e-01	8.701224e+00	3.068101e-01	3.068101e-01
3.000000e-01	4.000000e-01	9.019561e+00	3.129869e-01	3.129869e-01
4.000000e-01	5.000000e-01	8.722446e+00	3.079091e-01	3.079091e-01
5.000000e-01	6.000000e-01	8.764891e+00	3.100955e-01	3.100955e-01
6.000000e-01	7.000000e-01	8.446554e+00	3.038599e-01	3.038599e-01
7.000000e-01	8.000000e-01	8.616334e+00	3.068101e-01	3.068101e-01
8.000000e-01	9.000000e-01	8.191884e+00	2.974937e-01	2.974937e-01
9.000000e-01	1.000000e+00	7.799268e+00	2.923394e-01	2.923394e-01
1.000000e+00	1.100000e+00	7.767434e+00	2.886572e-01	2.886572e-01
1.100000e+00	1.200000e+00	7.512764e+00	2.855195e-01	2.855195e-01
1.200000e+00	1.300000e+00	7.098925e+00	2.789366e-01	2.789366e-01
1.300000e+00	1.400000e+00	6.324304e+00	2.633643e-01	2.633643e-01
1.400000e+00	1.500000e+00	6.472862e+00	2.650689e-01	2.650689e-01
1.500000e+00	1.600000e+00	6.409194e+00	2.646438e-01	2.646438e-01
1.600000e+00	1.700000e+00	5.486016e+00	2.440587e-01	2.440587e-01
1.700000e+00	1.800000e+00	5.316236e+00	2.394007e-01	2.394007e-01
1.800000e+00	1.900000e+00	4.732617e+00	2.300464e-01	2.300464e-01
1.900000e+00	2.000000e+00	4.350612e+00	2.195272e-01	2.195272e-01
2.000000e+00	2.100000e+00	3.841272e+00	2.041114e-01	2.041114e-01
2.100000e+00	2.200000e+00	3.904940e+00	2.057597e-01	2.057597e-01
2.200000e+00	2.300000e+00	3.629047e+00	1.990847e-01	1.990847e-01
2.300000e+00	2.400000e+00	3.162152e+00	1.868303e-01	1.868303e-01
2.400000e+00	2.500000e+00	2.907482e+00	1.788239e-01	1.788239e-01
2.500000e+00	2.600000e+00	2.493643e+00	1.654130e-01	1.654130e-01
2.600000e+00	2.700000e+00	2.005526e+00	1.474162e-01	1.474162e-01
2.700000e+00	2.800000e+00	1.708411e+00	1.387601e-01	1.387601e-01
2.800000e+00	2.900000e+00	1.634132e+00	1.358903e-01	1.358903e-01
2.900000e+00	3.000000e+00	1.612910e+00	1.316821e-01	1.316821e-01
3.000000e+00	3.100000e+00	1.326406e+00	1.214513e-01	1.214513e-01
3.100000e+00	3.200000e+00	1.167237e+00	1.122989e-01	1.122989e-01
3.200000e+00	3.300000e+00	8.701224e-01	9.725370e-02	9.725370e-02
3.300000e+00	3.400000e+00	8.064549e-01	9.608894e-02	9.608894e-02
3.400000e+00	3.500000e+00	5.730074e-01	8.488999e-02	8.488999e-02
3.500000e+00	3.600000e+00	3.501712e-01	6.626722e-02	6.626722e-02
3.600000e+00	3.700000e+00	5.517849e-01	7.940731e-02	7.940731e-02
3.700000e+00	3.800000e+00	3.607825e-01	6.187368e-02	6.187368e-02
3.800000e+00	3.900000e+00	2.334475e-01	5.410697e-02	5.410697e-02
3.900000e+00	4.000000e+00	1.167237e-01	3.825940e-02	3.825940e-02
4.000000e+00	4.100000e+00	1.910025e-01	4.501972e-02	4.501972e-02
4.100000e+00	4.200000e+00	1.485575e-01	3.970365e-02	3.970365e-02
4.200000e+00	4.300000e+00	1.379462e-01	3.825940e-02	3.825940e-02
4.300000e+00	4.400000e+00	8.488999e-02	3.001314e-02	3.001314e-02
4.400000e+00	4.500000e+00	6.366749e-02	3.001314e-02	3.001314e-02
4.500000e+00	4.600000e+00	7.427874e-02	2.807473e-02	2.807473e-02
4.600000e+00	4.700000e+00	2.122250e-02	1.500657e-02	1.500657e-02
4.700000e+00	4.800000e+00	0.000000e+00	0.000000e+00	0.000000e+00
4.800000e+00	4.900000e+00	2.122250e-02	1.500657e-02	1.500657e-02
4.900000e+00	5.000000e+00	0.000000e+00	0.000000e+00	0.000000e+00
# END HISTO1D


# BEGIN HISTO1D //eos/home-y/yiyu/monobc/Rivet_New/X800_Qd40.yoda.gz/JetMETAnalysis/bb_deta
ErrorBars=1
LineColor=green
LineStyle=dotted
Path=//eos/home-y/yiyu/monobc/Rivet_New/X800_Qd40.yoda.gz/JetMETAnalysis/bb_deta
ScaledBy=1.67815229838021701e-05
Title=X800_Qd40
# xlow	 xhigh	 val	 errminus	 errplus
0.000000e+00	1.000000e-01	8.123028e+00	2.964684e-01	2.964684e-01
1.000000e-01	2.000000e-01	8.479854e+00	3.019897e-01	3.019897e-01
2.000000e-01	3.000000e-01	8.500843e+00	3.045321e-01	3.045321e-01
3.000000e-01	4.000000e-01	8.868164e+00	3.075910e-01	3.075910e-01
4.000000e-01	5.000000e-01	9.361423e+00	3.186710e-01	3.186710e-01
5.000000e-01	6.000000e-01	8.878659e+00	3.095541e-01	3.095541e-01
6.000000e-01	7.000000e-01	8.343420e+00	2.959106e-01	2.959106e-01
7.000000e-01	8.000000e-01	8.595297e+00	3.032636e-01	3.032636e-01
8.000000e-01	9.000000e-01	7.923626e+00	2.910316e-01	2.910316e-01
9.000000e-01	1.000000e+00	8.028574e+00	2.955382e-01	2.955382e-01
1.000000e+00	1.100000e+00	7.461851e+00	2.837499e-01	2.837499e-01
1.100000e+00	1.200000e+00	7.230964e+00	2.802346e-01	2.802346e-01
1.200000e+00	1.300000e+00	6.989582e+00	2.744764e-01	2.744764e-01
1.300000e+00	1.400000e+00	6.286426e+00	2.589916e-01	2.589916e-01
1.400000e+00	1.500000e+00	6.538303e+00	2.648785e-01	2.648785e-01
1.500000e+00	1.600000e+00	5.950590e+00	2.516581e-01	2.516581e-01
1.600000e+00	1.700000e+00	5.719703e+00	2.494602e-01	2.494602e-01
1.700000e+00	1.800000e+00	5.320898e+00	2.427470e-01	2.427470e-01
1.800000e+00	1.900000e+00	4.880114e+00	2.316016e-01	2.316016e-01
1.900000e+00	2.000000e+00	4.302896e+00	2.176262e-01	2.176262e-01
2.000000e+00	2.100000e+00	4.260917e+00	2.150808e-01	2.150808e-01
2.100000e+00	2.200000e+00	3.956565e+00	2.064584e-01	2.064584e-01
2.200000e+00	2.300000e+00	3.200935e+00	1.874443e-01	1.874443e-01
2.300000e+00	2.400000e+00	2.938563e+00	1.787212e-01	1.787212e-01
2.400000e+00	2.500000e+00	2.497779e+00	1.666009e-01	1.666009e-01
2.500000e+00	2.600000e+00	2.550253e+00	1.682455e-01	1.682455e-01
2.600000e+00	2.700000e+00	2.130458e+00	1.517225e-01	1.517225e-01
2.700000e+00	2.800000e+00	1.700169e+00	1.360290e-01	1.360290e-01
2.800000e+00	2.900000e+00	1.584725e+00	1.339895e-01	1.339895e-01
2.900000e+00	3.000000e+00	1.574230e+00	1.327507e-01	1.327507e-01
3.000000e+00	3.100000e+00	1.427302e+00	1.259384e-01	1.259384e-01
3.100000e+00	3.200000e+00	1.343343e+00	1.205769e-01	1.205769e-01
3.200000e+00	3.300000e+00	9.970125e-01	1.033625e-01	1.033625e-01
3.300000e+00	3.400000e+00	6.821664e-01	8.717692e-02	8.717692e-02
3.400000e+00	3.500000e+00	5.562280e-01	7.640380e-02	7.640380e-02
3.500000e+00	3.600000e+00	4.302896e-01	6.881945e-02	6.881945e-02
3.600000e+00	3.700000e+00	3.043512e-01	5.651660e-02	5.651660e-02
3.700000e+00	3.800000e+00	4.617742e-01	7.117966e-02	7.117966e-02
3.800000e+00	3.900000e+00	2.728666e-01	5.553362e-02	5.553362e-02
3.900000e+00	4.000000e+00	1.889076e-01	4.922530e-02	4.922530e-02
4.000000e+00	4.100000e+00	2.623717e-01	5.453294e-02	5.453294e-02
4.100000e+00	4.200000e+00	1.469282e-01	4.197947e-02	4.197947e-02
4.200000e+00	4.300000e+00	1.049487e-01	3.635529e-02	3.635529e-02
4.300000e+00	4.400000e+00	7.346408e-02	3.148461e-02	3.148461e-02
4.400000e+00	4.500000e+00	3.148461e-02	1.817765e-02	1.817765e-02
4.500000e+00	4.600000e+00	3.148461e-02	1.817765e-02	1.817765e-02
4.600000e+00	4.700000e+00	2.098974e-02	1.484198e-02	1.484198e-02
4.700000e+00	4.800000e+00	0.000000e+00	0.000000e+00	0.000000e+00
4.800000e+00	4.900000e+00	2.098974e-02	1.484198e-02	1.484198e-02
4.900000e+00	5.000000e+00	0.000000e+00	0.000000e+00	0.000000e+00
# END HISTO1D

