# BEGIN PLOT
Legend=1
LogY=1
LegendPlacement=manual
LegendAlign=r
LegendXPos=1.32
RightMargin=3.3
Title=Di-bjet invariant mass
XLabel=$m_{bb}$ [GeV]
YLabel=$\mathrm{d}\sigma/\mathrm{d}m_{bb}$ [pb/GeV]
LogX=1
DrawOnly=//eos/home-y/yiyu/monobc/Rivet_New/X1000_Qd10.yoda.gz/JetMETAnalysis/bb_m //eos/home-y/yiyu/monobc/Rivet_New/X1000_Qd20.yoda.gz/JetMETAnalysis/bb_m //eos/home-y/yiyu/monobc/Rivet_New/X1000_Qd40.yoda.gz/JetMETAnalysis/bb_m //eos/home-y/yiyu/monobc/Rivet_New/X1200_Qd10.yoda.gz/JetMETAnalysis/bb_m //eos/home-y/yiyu/monobc/Rivet_New/X1200_Qd20.yoda.gz/JetMETAnalysis/bb_m //eos/home-y/yiyu/monobc/Rivet_New/X1200_Qd40.yoda.gz/JetMETAnalysis/bb_m //eos/home-y/yiyu/monobc/Rivet_New/X1500_Qd10.yoda.gz/JetMETAnalysis/bb_m //eos/home-y/yiyu/monobc/Rivet_New/X1500_Qd20.yoda.gz/JetMETAnalysis/bb_m //eos/home-y/yiyu/monobc/Rivet_New/X1500_Qd40.yoda.gz/JetMETAnalysis/bb_m //eos/home-y/yiyu/monobc/Rivet_New/X2000_Qd10.yoda.gz/JetMETAnalysis/bb_m //eos/home-y/yiyu/monobc/Rivet_New/X2000_Qd20.yoda.gz/JetMETAnalysis/bb_m //eos/home-y/yiyu/monobc/Rivet_New/X2000_Qd40.yoda.gz/JetMETAnalysis/bb_m //eos/home-y/yiyu/monobc/Rivet_New/X600_Qd10.yoda.gz/JetMETAnalysis/bb_m //eos/home-y/yiyu/monobc/Rivet_New/X600_Qd20.yoda.gz/JetMETAnalysis/bb_m //eos/home-y/yiyu/monobc/Rivet_New/X600_Qd40.yoda.gz/JetMETAnalysis/bb_m //eos/home-y/yiyu/monobc/Rivet_New/X800_Qd10.yoda.gz/JetMETAnalysis/bb_m //eos/home-y/yiyu/monobc/Rivet_New/X800_Qd20.yoda.gz/JetMETAnalysis/bb_m //eos/home-y/yiyu/monobc/Rivet_New/X800_Qd40.yoda.gz/JetMETAnalysis/bb_m
LegendOnly=//eos/home-y/yiyu/monobc/Rivet_New/X1000_Qd10.yoda.gz/JetMETAnalysis/bb_m //eos/home-y/yiyu/monobc/Rivet_New/X1000_Qd20.yoda.gz/JetMETAnalysis/bb_m //eos/home-y/yiyu/monobc/Rivet_New/X1000_Qd40.yoda.gz/JetMETAnalysis/bb_m //eos/home-y/yiyu/monobc/Rivet_New/X1200_Qd10.yoda.gz/JetMETAnalysis/bb_m //eos/home-y/yiyu/monobc/Rivet_New/X1200_Qd20.yoda.gz/JetMETAnalysis/bb_m //eos/home-y/yiyu/monobc/Rivet_New/X1200_Qd40.yoda.gz/JetMETAnalysis/bb_m //eos/home-y/yiyu/monobc/Rivet_New/X1500_Qd10.yoda.gz/JetMETAnalysis/bb_m //eos/home-y/yiyu/monobc/Rivet_New/X1500_Qd20.yoda.gz/JetMETAnalysis/bb_m //eos/home-y/yiyu/monobc/Rivet_New/X1500_Qd40.yoda.gz/JetMETAnalysis/bb_m //eos/home-y/yiyu/monobc/Rivet_New/X2000_Qd10.yoda.gz/JetMETAnalysis/bb_m //eos/home-y/yiyu/monobc/Rivet_New/X2000_Qd20.yoda.gz/JetMETAnalysis/bb_m //eos/home-y/yiyu/monobc/Rivet_New/X2000_Qd40.yoda.gz/JetMETAnalysis/bb_m //eos/home-y/yiyu/monobc/Rivet_New/X600_Qd10.yoda.gz/JetMETAnalysis/bb_m //eos/home-y/yiyu/monobc/Rivet_New/X600_Qd20.yoda.gz/JetMETAnalysis/bb_m //eos/home-y/yiyu/monobc/Rivet_New/X600_Qd40.yoda.gz/JetMETAnalysis/bb_m //eos/home-y/yiyu/monobc/Rivet_New/X800_Qd10.yoda.gz/JetMETAnalysis/bb_m //eos/home-y/yiyu/monobc/Rivet_New/X800_Qd20.yoda.gz/JetMETAnalysis/bb_m //eos/home-y/yiyu/monobc/Rivet_New/X800_Qd40.yoda.gz/JetMETAnalysis/bb_m
RatioPlot=1
RatioPlotReference=//eos/home-y/yiyu/monobc/Rivet_New/X1000_Qd10.yoda.gz/JetMETAnalysis/bb_m
RatioPlotYLabel=Ratio
# END PLOT

# BEGIN HISTO1D //eos/home-y/yiyu/monobc/Rivet_New/X1000_Qd10.yoda.gz/JetMETAnalysis/bb_m
ErrorBars=1
LineColor=red
LineStyle=solid
Path=//eos/home-y/yiyu/monobc/Rivet_New/X1000_Qd10.yoda.gz/JetMETAnalysis/bb_m
ScaledBy=1.57872041894473936e-05
Title=X1000_Qd10
# xlow	 xhigh	 val	 errminus	 errplus
5.000000e+01	5.426665e+01	8.635850e-05	8.635848e-05	8.635848e-05
5.426665e+01	5.889739e+01	1.591372e-04	1.125270e-04	1.125270e-04
5.889739e+01	6.392328e+01	1.466254e-04	1.036798e-04	1.036798e-04
6.392328e+01	6.937805e+01	2.701940e-04	1.350970e-04	1.350970e-04
6.937805e+01	7.529829e+01	3.734256e-04	1.524503e-04	1.524503e-04
7.529829e+01	8.172373e+01	8.028182e-04	2.145622e-04	2.145622e-04
8.172373e+01	8.869746e+01	3.170139e-04	1.294203e-04	1.294203e-04
8.869746e+01	9.626628e+01	9.249484e-04	2.230866e-04	2.230866e-04
9.626628e+01	1.044810e+02	8.970761e-04	2.005923e-04	2.005923e-04
1.044810e+02	1.133967e+02	8.678725e-04	1.893853e-04	1.893853e-04
1.133967e+02	1.230731e+02	9.519590e-04	1.903918e-04	1.903918e-04
1.230731e+02	1.335753e+02	1.087611e-03	2.015435e-04	2.015435e-04
1.335753e+02	1.449737e+02	1.842566e-03	2.524719e-04	2.524719e-04
1.449737e+02	1.573448e+02	1.965748e-03	2.419668e-04	2.419668e-04
1.573448e+02	1.707715e+02	2.167953e-03	2.559660e-04	2.559660e-04
1.707715e+02	1.853439e+02	2.933047e-03	2.792807e-04	2.792807e-04
1.853439e+02	2.011599e+02	2.981985e-03	2.676593e-04	2.676593e-04
2.011599e+02	2.183255e+02	2.726069e-03	2.456794e-04	2.456794e-04
2.183255e+02	2.369559e+02	3.441273e-03	2.697282e-04	2.697282e-04
2.369559e+02	2.571760e+02	3.571617e-03	2.602698e-04	2.602698e-04
2.571760e+02	2.791217e+02	3.693731e-03	2.535187e-04	2.535187e-04
2.791217e+02	3.029400e+02	4.068525e-03	2.583946e-04	2.583946e-04
3.029400e+02	3.287907e+02	4.233274e-03	2.497405e-04	2.497405e-04
3.287907e+02	3.568475e+02	4.412584e-03	2.463912e-04	2.463912e-04
3.568475e+02	3.872983e+02	4.622286e-03	2.413987e-04	2.413987e-04
3.872983e+02	4.203477e+02	5.128453e-03	2.437488e-04	2.437488e-04
4.203477e+02	4.562172e+02	5.721658e-03	2.463206e-04	2.463206e-04
4.562172e+02	4.951476e+02	5.035178e-03	2.227707e-04	2.227707e-04
4.951476e+02	5.374001e+02	5.354365e-03	2.209567e-04	2.209567e-04
5.374001e+02	5.832581e+02	4.909285e-03	2.034258e-04	2.034258e-04
5.832581e+02	6.330293e+02	5.189578e-03	2.017940e-04	2.017940e-04
6.330293e+02	6.870476e+02	5.306776e-03	1.943699e-04	1.943699e-04
6.870476e+02	7.456754e+02	4.700999e-03	1.759732e-04	1.759732e-04
7.456754e+02	8.093062e+02	4.516679e-03	1.660201e-04	1.660201e-04
8.093062e+02	8.783667e+02	4.625743e-03	1.612121e-04	1.612121e-04
8.783667e+02	9.533204e+02	4.262046e-03	1.491863e-04	1.491863e-04
9.533204e+02	1.034670e+03	3.917895e-03	1.365584e-04	1.365584e-04
1.034670e+03	1.122962e+03	3.568098e-03	1.252660e-04	1.252660e-04
1.122962e+03	1.218787e+03	3.295294e-03	1.154185e-04	1.154185e-04
1.218787e+03	1.322790e+03	2.851951e-03	1.032286e-04	1.032286e-04
1.322790e+03	1.435668e+03	2.353521e-03	9.063791e-05	9.063791e-05
1.435668e+03	1.558178e+03	1.936897e-03	7.842870e-05	7.842870e-05
1.558178e+03	1.691142e+03	1.504728e-03	6.679532e-05	6.679532e-05
1.691142e+03	1.835452e+03	1.087690e-03	5.464222e-05	5.464222e-05
1.835452e+03	1.992077e+03	6.822270e-04	4.260572e-05	4.260572e-05
1.992077e+03	2.162067e+03	5.353843e-04	3.620519e-05	3.620519e-05
2.162067e+03	2.346563e+03	3.355169e-04	2.810203e-05	2.810203e-05
2.346563e+03	2.546802e+03	2.079322e-04	2.089962e-05	2.089962e-05
2.546802e+03	2.764129e+03	1.237660e-04	1.506926e-05	1.506926e-05
2.764129e+03	3.000000e+03	6.873376e-05	1.210022e-05	1.210022e-05
# END HISTO1D


# BEGIN HISTO1D //eos/home-y/yiyu/monobc/Rivet_New/X1000_Qd20.yoda.gz/JetMETAnalysis/bb_m
ErrorBars=1
LineColor=blue
LineStyle=solid
Path=//eos/home-y/yiyu/monobc/Rivet_New/X1000_Qd20.yoda.gz/JetMETAnalysis/bb_m
ScaledBy=1.59148787614182405e-05
Title=X1000_Qd20
# xlow	 xhigh	 val	 errminus	 errplus
5.000000e+01	5.426665e+01	1.741051e-04	1.231109e-04	1.231109e-04
5.426665e+01	5.889739e+01	0.000000e+00	0.000000e+00	0.000000e+00
5.889739e+01	6.392328e+01	4.434114e-04	1.810220e-04	1.810220e-04
6.392328e+01	6.937805e+01	2.042742e-04	1.179378e-04	1.179378e-04
6.937805e+01	7.529829e+01	5.646403e-04	1.882135e-04	1.882135e-04
7.529829e+01	8.172373e+01	3.468303e-04	1.415929e-04	1.415929e-04
8.172373e+01	8.869746e+01	5.326029e-04	1.684239e-04	1.684239e-04
8.869746e+01	9.626628e+01	8.833097e-04	2.194600e-04	2.194600e-04
9.626628e+01	1.044810e+02	5.877860e-04	1.630225e-04	1.630225e-04
1.044810e+02	1.133967e+02	8.331883e-04	1.954000e-04	1.954000e-04
1.133967e+02	1.230731e+02	1.496992e-03	2.397105e-04	2.397105e-04
1.230731e+02	1.335753e+02	1.556113e-03	2.450242e-04	2.450242e-04
1.335753e+02	1.449737e+02	1.498934e-03	2.304145e-04	2.304145e-04
1.449737e+02	1.573448e+02	2.011570e-03	2.529819e-04	2.529819e-04
1.573448e+02	1.707715e+02	2.627985e-03	2.888103e-04	2.888103e-04
1.707715e+02	1.853439e+02	2.854668e-03	2.768717e-04	2.768717e-04
1.853439e+02	2.011599e+02	3.264275e-03	2.768722e-04	2.768722e-04
2.011599e+02	2.183255e+02	3.526934e-03	2.796198e-04	2.796198e-04
2.183255e+02	2.369559e+02	3.728105e-03	2.755264e-04	2.755264e-04
2.369559e+02	2.571760e+02	3.765644e-03	2.705921e-04	2.705921e-04
2.571760e+02	2.791217e+02	4.315781e-03	2.713225e-04	2.713225e-04
2.791217e+02	3.029400e+02	4.101226e-03	2.595361e-04	2.595361e-04
3.029400e+02	3.287907e+02	4.051778e-03	2.480302e-04	2.480302e-04
3.287907e+02	3.568475e+02	4.064141e-03	2.364427e-04	2.364427e-04
3.568475e+02	3.872983e+02	4.500867e-03	2.411895e-04	2.411895e-04
3.872983e+02	4.203477e+02	4.753850e-03	2.338563e-04	2.338563e-04
4.203477e+02	4.562172e+02	5.208484e-03	2.372592e-04	2.372592e-04
4.562172e+02	4.951476e+02	5.209217e-03	2.277808e-04	2.277808e-04
4.951476e+02	5.374001e+02	4.615041e-03	2.052175e-04	2.052175e-04
5.374001e+02	5.832581e+02	5.062133e-03	2.079200e-04	2.079200e-04
5.832581e+02	6.330293e+02	5.417852e-03	2.060004e-04	2.060004e-04
6.330293e+02	6.870476e+02	5.143151e-03	1.907977e-04	1.907977e-04
6.870476e+02	7.456754e+02	4.681764e-03	1.768210e-04	1.768210e-04
7.456754e+02	8.093062e+02	4.669724e-03	1.693781e-04	1.693781e-04
8.093062e+02	8.783667e+02	4.679055e-03	1.633069e-04	1.633069e-04
8.783667e+02	9.533204e+02	4.251702e-03	1.488260e-04	1.488260e-04
9.533204e+02	1.034670e+03	3.958515e-03	1.368967e-04	1.368967e-04
1.034670e+03	1.122962e+03	3.521054e-03	1.251465e-04	1.251465e-04
1.122962e+03	1.218787e+03	3.461316e-03	1.189008e-04	1.189008e-04
1.218787e+03	1.322790e+03	3.067721e-03	1.075539e-04	1.075539e-04
1.322790e+03	1.435668e+03	2.349403e-03	8.999329e-05	8.999329e-05
1.435668e+03	1.558178e+03	2.037354e-03	8.021325e-05	8.021325e-05
1.558178e+03	1.691142e+03	1.360390e-03	6.557078e-05	6.557078e-05
1.691142e+03	1.835452e+03	1.117022e-03	5.674014e-05	5.674014e-05
1.835452e+03	1.992077e+03	7.659671e-04	4.493190e-05	4.493190e-05
1.992077e+03	2.162067e+03	5.855717e-04	3.771841e-05	3.771841e-05
2.162067e+03	2.346563e+03	3.180817e-04	2.774971e-05	2.774971e-05
2.346563e+03	2.546802e+03	1.836349e-04	2.023455e-05	2.023455e-05
2.546802e+03	2.764129e+03	1.367241e-04	1.621348e-05	1.621348e-05
2.764129e+03	3.000000e+03	4.566589e-05	9.833914e-06	9.833914e-06
# END HISTO1D


# BEGIN HISTO1D //eos/home-y/yiyu/monobc/Rivet_New/X1000_Qd40.yoda.gz/JetMETAnalysis/bb_m
ErrorBars=1
LineColor=green
LineStyle=solid
Path=//eos/home-y/yiyu/monobc/Rivet_New/X1000_Qd40.yoda.gz/JetMETAnalysis/bb_m
ScaledBy=1.57578455171900267e-05
Title=X1000_Qd40
# xlow	 xhigh	 val	 errminus	 errplus
5.000000e+01	5.426665e+01	8.558792e-05	8.558791e-05	8.558791e-05
5.426665e+01	5.889739e+01	2.365758e-04	1.365871e-04	1.365871e-04
5.889739e+01	6.392328e+01	3.632925e-04	1.624694e-04	1.624694e-04
6.392328e+01	6.937805e+01	2.677831e-04	1.338915e-04	1.338915e-04
6.937805e+01	7.529829e+01	1.850467e-04	1.068368e-04	1.068368e-04
7.529829e+01	8.172373e+01	5.683248e-04	1.968735e-04	1.968735e-04
8.172373e+01	8.869746e+01	5.236419e-04	1.813949e-04	1.813949e-04
8.869746e+01	9.626628e+01	5.789653e-04	1.805241e-04	1.805241e-04
9.626628e+01	1.044810e+02	7.557107e-04	1.832868e-04	1.832868e-04
1.044810e+02	1.133967e+02	7.782114e-04	1.785339e-04	1.785339e-04
1.133967e+02	1.230731e+02	7.925103e-04	1.729399e-04	1.729399e-04
1.230731e+02	1.335753e+02	1.008364e-03	1.935976e-04	1.935976e-04
1.335753e+02	1.449737e+02	1.537790e-03	2.265377e-04	2.265377e-04
1.449737e+02	1.573448e+02	1.534951e-03	2.286477e-04	2.286477e-04
1.573448e+02	1.707715e+02	2.012620e-03	2.402025e-04	2.402025e-04
1.707715e+02	1.853439e+02	2.155097e-03	2.429586e-04	2.429586e-04
1.853439e+02	2.011599e+02	2.724487e-03	2.612208e-04	2.612208e-04
2.011599e+02	2.183255e+02	3.616507e-03	2.822259e-04	2.822259e-04
2.183255e+02	2.369559e+02	3.724181e-03	2.744134e-04	2.744134e-04
2.369559e+02	2.571760e+02	4.316324e-03	2.815265e-04	2.815265e-04
2.571760e+02	2.791217e+02	3.843810e-03	2.615161e-04	2.615161e-04
2.791217e+02	3.029400e+02	4.016890e-03	2.528559e-04	2.528559e-04
3.029400e+02	3.287907e+02	4.661665e-03	2.604753e-04	2.604753e-04
3.287907e+02	3.568475e+02	4.477335e-03	2.469520e-04	2.469520e-04
3.568475e+02	3.872983e+02	4.485101e-03	2.380394e-04	2.380394e-04
3.872983e+02	4.203477e+02	4.541275e-03	2.293900e-04	2.293900e-04
4.203477e+02	4.562172e+02	4.957961e-03	2.283274e-04	2.283274e-04
4.562172e+02	4.951476e+02	5.065291e-03	2.235552e-04	2.235552e-04
4.951476e+02	5.374001e+02	5.081879e-03	2.155471e-04	2.155471e-04
5.374001e+02	5.832581e+02	5.000853e-03	2.039559e-04	2.039559e-04
5.832581e+02	6.330293e+02	5.025878e-03	1.964631e-04	1.964631e-04
6.330293e+02	6.870476e+02	5.103939e-03	1.910874e-04	1.910874e-04
6.870476e+02	7.456754e+02	4.789852e-03	1.751798e-04	1.751798e-04
7.456754e+02	8.093062e+02	4.591156e-03	1.671206e-04	1.671206e-04
8.093062e+02	8.783667e+02	4.378245e-03	1.559658e-04	1.559658e-04
8.783667e+02	9.533204e+02	4.613774e-03	1.532161e-04	1.532161e-04
9.533204e+02	1.034670e+03	4.013114e-03	1.371884e-04	1.371884e-04
1.034670e+03	1.122962e+03	3.681019e-03	1.254504e-04	1.254504e-04
1.122962e+03	1.218787e+03	3.014374e-03	1.111694e-04	1.111694e-04
1.218787e+03	1.322790e+03	2.787880e-03	1.024881e-04	1.024881e-04
1.322790e+03	1.435668e+03	2.361636e-03	8.977089e-05	8.977089e-05
1.435668e+03	1.558178e+03	1.889806e-03	7.727029e-05	7.727029e-05
1.558178e+03	1.691142e+03	1.496793e-03	6.665351e-05	6.665351e-05
1.691142e+03	1.835452e+03	1.077985e-03	5.544005e-05	5.544005e-05
1.835452e+03	1.992077e+03	7.903840e-04	4.502905e-05	4.502905e-05
1.992077e+03	2.162067e+03	5.327553e-04	3.658264e-05	3.658264e-05
2.162067e+03	2.346563e+03	3.364817e-04	2.699410e-05	2.699410e-05
2.346563e+03	2.546802e+03	1.933110e-04	1.997751e-05	1.997751e-05
2.546802e+03	2.764129e+03	1.243419e-04	1.576257e-05	1.576257e-05
2.764129e+03	3.000000e+03	8.205417e-05	1.127101e-05	1.127101e-05
# END HISTO1D


# BEGIN HISTO1D //eos/home-y/yiyu/monobc/Rivet_New/X1200_Qd10.yoda.gz/JetMETAnalysis/bb_m
ErrorBars=1
LineColor=orange
LineStyle=solid
Path=//eos/home-y/yiyu/monobc/Rivet_New/X1200_Qd10.yoda.gz/JetMETAnalysis/bb_m
ScaledBy=1.55131369446056310e-05
Title=X1200_Qd10
# xlow	 xhigh	 val	 errminus	 errplus
5.000000e+01	5.426665e+01	3.289782e-05	3.289783e-05	3.289783e-05
5.426665e+01	5.889739e+01	3.031125e-05	3.031125e-05	3.031125e-05
5.889739e+01	6.392328e+01	5.585618e-05	3.949628e-05	3.949628e-05
6.392328e+01	6.937805e+01	7.719675e-05	4.456957e-05	4.456957e-05
6.937805e+01	7.529829e+01	1.185455e-04	5.301514e-05	5.301514e-05
7.529829e+01	8.172373e+01	8.737987e-05	5.350902e-05	5.350902e-05
8.172373e+01	8.869746e+01	1.207648e-04	5.692907e-05	5.692907e-05
8.869746e+01	9.626628e+01	1.483597e-04	5.245308e-05	5.245308e-05
9.626628e+01	1.044810e+02	2.221288e-04	6.160744e-05	6.160744e-05
1.044810e+02	1.133967e+02	9.446046e-05	3.856332e-05	3.856332e-05
1.133967e+02	1.230731e+02	1.885749e-04	5.980877e-05	5.980877e-05
1.230731e+02	1.335753e+02	2.940333e-04	6.268813e-05	6.268813e-05
1.335753e+02	1.449737e+02	2.955436e-04	6.516125e-05	6.516125e-05
1.449737e+02	1.573448e+02	4.992276e-04	7.695287e-05	7.695287e-05
1.573448e+02	1.707715e+02	3.763462e-04	6.934438e-05	6.934438e-05
1.707715e+02	1.853439e+02	5.105038e-04	8.229711e-05	8.229711e-05
1.853439e+02	2.011599e+02	7.188569e-04	8.650065e-05	8.650065e-05
2.011599e+02	2.183255e+02	8.095254e-04	8.994726e-05	8.994726e-05
2.183255e+02	2.369559e+02	9.116278e-04	8.688762e-05	8.688762e-05
2.369559e+02	2.571760e+02	9.926746e-04	8.586509e-05	8.586509e-05
2.571760e+02	2.791217e+02	1.010560e-03	8.388205e-05	8.388205e-05
2.791217e+02	3.029400e+02	1.261122e-03	9.091425e-05	9.091425e-05
3.029400e+02	3.287907e+02	1.330295e-03	8.905495e-05	8.905495e-05
3.287907e+02	3.568475e+02	1.220692e-03	8.066827e-05	8.066827e-05
3.568475e+02	3.872983e+02	1.327541e-03	8.194059e-05	8.194059e-05
3.872983e+02	4.203477e+02	1.422773e-03	8.002116e-05	8.002116e-05
4.203477e+02	4.562172e+02	1.326565e-03	7.577825e-05	7.577825e-05
4.562172e+02	4.951476e+02	1.604447e-03	7.891020e-05	7.891020e-05
4.951476e+02	5.374001e+02	1.405213e-03	7.086104e-05	7.086104e-05
5.374001e+02	5.832581e+02	1.637544e-03	7.428426e-05	7.428426e-05
5.832581e+02	6.330293e+02	1.520075e-03	6.774295e-05	6.774295e-05
6.330293e+02	6.870476e+02	1.608437e-03	6.760950e-05	6.760950e-05
6.870476e+02	7.456754e+02	1.568166e-03	6.338837e-05	6.338837e-05
7.456754e+02	8.093062e+02	1.575017e-03	6.144942e-05	6.144942e-05
8.093062e+02	8.783667e+02	1.558906e-03	5.880134e-05	5.880134e-05
8.783667e+02	9.533204e+02	1.494391e-03	5.536266e-05	5.536266e-05
9.533204e+02	1.034670e+03	1.409681e-03	5.150361e-05	5.150361e-05
1.034670e+03	1.122962e+03	1.424429e-03	4.991963e-05	4.991963e-05
1.122962e+03	1.218787e+03	1.245072e-03	4.524281e-05	4.524281e-05
1.218787e+03	1.322790e+03	1.172811e-03	4.161967e-05	4.161967e-05
1.322790e+03	1.435668e+03	1.078113e-03	3.790118e-05	3.790118e-05
1.435668e+03	1.558178e+03	9.463742e-04	3.441010e-05	3.441010e-05
1.558178e+03	1.691142e+03	7.051746e-04	2.914054e-05	2.914054e-05
1.691142e+03	1.835452e+03	5.602480e-04	2.475969e-05	2.475969e-05
1.835452e+03	1.992077e+03	4.355414e-04	2.147084e-05	2.147084e-05
1.992077e+03	2.162067e+03	3.137722e-04	1.790110e-05	1.790110e-05
2.162067e+03	2.346563e+03	2.221520e-04	1.431426e-05	1.431426e-05
2.346563e+03	2.546802e+03	1.331862e-04	1.099444e-05	1.099444e-05
2.546802e+03	2.764129e+03	7.814947e-05	8.245829e-06	8.245829e-06
2.764129e+03	3.000000e+03	4.344129e-05	6.269620e-06	6.269620e-06
# END HISTO1D


# BEGIN HISTO1D //eos/home-y/yiyu/monobc/Rivet_New/X1200_Qd20.yoda.gz/JetMETAnalysis/bb_m
ErrorBars=1
LineColor=lilac
LineStyle=solid
Path=//eos/home-y/yiyu/monobc/Rivet_New/X1200_Qd20.yoda.gz/JetMETAnalysis/bb_m
ScaledBy=1.52017278918568426e-05
Title=X1200_Qd20
# xlow	 xhigh	 val	 errminus	 errplus
5.000000e+01	5.426665e+01	3.231955e-05	3.231954e-05	3.231954e-05
5.426665e+01	5.889739e+01	2.977844e-05	2.977843e-05	2.977843e-05
5.889739e+01	6.392328e+01	5.487432e-05	3.880201e-05	3.880201e-05
6.392328e+01	6.937805e+01	1.263996e-04	5.652762e-05	5.652762e-05
6.937805e+01	7.529829e+01	9.316930e-05	4.658465e-05	4.658465e-05
7.529829e+01	8.172373e+01	8.584386e-05	5.256842e-05	5.256842e-05
8.172373e+01	8.869746e+01	9.886830e-05	5.231617e-05	5.231617e-05
8.869746e+01	9.626628e+01	9.109489e-05	4.820287e-05	4.820287e-05
9.626628e+01	1.044810e+02	1.510782e-04	5.035940e-05	5.035940e-05
1.044810e+02	1.133967e+02	1.237333e-04	4.890989e-05	4.890989e-05
1.133967e+02	1.230731e+02	3.705200e-04	7.540799e-05	7.540799e-05
1.230731e+02	1.335753e+02	3.151252e-04	6.432466e-05	6.432466e-05
1.335753e+02	1.449737e+02	3.871313e-04	6.843578e-05	6.843578e-05
1.449737e+02	1.573448e+02	4.793053e-04	7.477391e-05	7.477391e-05
1.573448e+02	1.707715e+02	5.545958e-04	7.955336e-05	7.955336e-05
1.707715e+02	1.853439e+02	5.393814e-04	7.510889e-05	7.510889e-05
1.853439e+02	2.011599e+02	9.765029e-04	9.390408e-05	9.390408e-05
2.011599e+02	2.183255e+02	7.310289e-04	7.829877e-05	7.829877e-05
2.183255e+02	2.369559e+02	7.771760e-04	8.006135e-05	8.006135e-05
2.369559e+02	2.571760e+02	1.282114e-03	9.644592e-05	9.644592e-05
2.571760e+02	2.791217e+02	1.193868e-03	9.018542e-05	9.018542e-05
2.791217e+02	3.029400e+02	1.204217e-03	8.548101e-05	8.548101e-05
3.029400e+02	3.287907e+02	1.221562e-03	8.484770e-05	8.484770e-05
3.287907e+02	3.568475e+02	1.204149e-03	7.970616e-05	7.970616e-05
3.568475e+02	3.872983e+02	1.394775e-03	8.300860e-05	8.300860e-05
3.872983e+02	4.203477e+02	1.335176e-03	7.693572e-05	7.693572e-05
4.203477e+02	4.562172e+02	1.506999e-03	7.971886e-05	7.971886e-05
4.562172e+02	4.951476e+02	1.484148e-03	7.572188e-05	7.572188e-05
4.951476e+02	5.374001e+02	1.504529e-03	7.261098e-05	7.261098e-05
5.374001e+02	5.832581e+02	1.566660e-03	7.147616e-05	7.147616e-05
5.832581e+02	6.330293e+02	1.618031e-03	7.020071e-05	7.020071e-05
6.330293e+02	6.870476e+02	1.661851e-03	6.787673e-05	6.787673e-05
6.870476e+02	7.456754e+02	1.613514e-03	6.328748e-05	6.328748e-05
7.456754e+02	8.093062e+02	1.438974e-03	5.911140e-05	5.911140e-05
8.093062e+02	8.783667e+02	1.525513e-03	5.682833e-05	5.682833e-05
8.783667e+02	9.533204e+02	1.497558e-03	5.469974e-05	5.469974e-05
9.533204e+02	1.034670e+03	1.479827e-03	5.282096e-05	5.282096e-05
1.034670e+03	1.122962e+03	1.374401e-03	4.783351e-05	4.783351e-05
1.122962e+03	1.218787e+03	1.286504e-03	4.440090e-05	4.440090e-05
1.218787e+03	1.322790e+03	1.109767e-03	3.993097e-05	3.993097e-05
1.322790e+03	1.435668e+03	1.084815e-03	3.820430e-05	3.820430e-05
1.435668e+03	1.558178e+03	8.610775e-04	3.287419e-05	3.287419e-05
1.558178e+03	1.691142e+03	7.467076e-04	2.929676e-05	2.929676e-05
1.691142e+03	1.835452e+03	5.494442e-04	2.453004e-05	2.453004e-05
1.835452e+03	1.992077e+03	3.988313e-04	2.036423e-05	2.036423e-05
1.992077e+03	2.162067e+03	3.285366e-04	1.741724e-05	1.741724e-05
2.162067e+03	2.346563e+03	1.988140e-04	1.332842e-05	1.332842e-05
2.346563e+03	2.546802e+03	1.315336e-04	1.108290e-05	1.108290e-05
2.546802e+03	2.764129e+03	7.487220e-05	7.666813e-06	7.666813e-06
2.764129e+03	3.000000e+03	5.320090e-05	6.430878e-06	6.430878e-06
# END HISTO1D


# BEGIN HISTO1D //eos/home-y/yiyu/monobc/Rivet_New/X1200_Qd40.yoda.gz/JetMETAnalysis/bb_m
ErrorBars=1
LineColor=red
LineStyle=dashed
Path=//eos/home-y/yiyu/monobc/Rivet_New/X1200_Qd40.yoda.gz/JetMETAnalysis/bb_m
ScaledBy=1.53816275566518442e-05
Title=X1200_Qd40
# xlow	 xhigh	 val	 errminus	 errplus
5.000000e+01	5.426665e+01	3.251274e-05	3.251276e-05	3.251276e-05
5.426665e+01	5.889739e+01	0.000000e+00	0.000000e+00	0.000000e+00
5.889739e+01	6.392328e+01	2.760118e-05	2.760119e-05	2.760119e-05
6.392328e+01	6.937805e+01	5.086211e-05	3.596494e-05	3.596494e-05
6.937805e+01	7.529829e+01	7.029472e-05	5.239459e-05	5.239459e-05
7.529829e+01	8.172373e+01	8.635707e-05	4.317854e-05	4.317854e-05
8.172373e+01	8.869746e+01	1.392431e-04	5.967562e-05	5.967562e-05
8.869746e+01	9.626628e+01	1.282953e-04	4.849105e-05	4.849105e-05
9.626628e+01	1.044810e+02	2.364156e-04	6.318472e-05	6.318472e-05
1.044810e+02	1.133967e+02	2.178279e-04	6.601180e-05	6.601180e-05
1.133967e+02	1.230731e+02	2.580474e-04	6.082235e-05	6.082235e-05
1.230731e+02	1.335753e+02	2.641743e-04	6.470922e-05	6.470922e-05
1.335753e+02	1.449737e+02	3.407649e-04	6.665881e-05	6.665881e-05
1.449737e+02	1.573448e+02	4.261045e-04	6.912327e-05	6.912327e-05
1.573448e+02	1.707715e+02	6.095699e-04	8.200529e-05	8.200529e-05
1.707715e+02	1.853439e+02	5.616448e-04	7.674787e-05	7.674787e-05
1.853439e+02	2.011599e+02	8.244645e-04	8.682747e-05	8.682747e-05
2.011599e+02	2.183255e+02	7.353993e-04	8.280879e-05	8.280879e-05
2.183255e+02	2.369559e+02	9.828619e-04	8.619280e-05	8.619280e-05
2.369559e+02	2.571760e+02	9.879160e-04	8.346192e-05	8.346192e-05
2.571760e+02	2.791217e+02	1.144116e-03	8.735908e-05	8.735908e-05
2.791217e+02	3.029400e+02	1.211416e-03	8.677738e-05	8.677738e-05
3.029400e+02	3.287907e+02	1.346921e-03	8.735574e-05	8.735574e-05
3.287907e+02	3.568475e+02	1.369564e-03	8.606448e-05	8.606448e-05
3.568475e+02	3.872983e+02	1.261891e-03	8.110950e-05	8.110950e-05
3.872983e+02	4.203477e+02	1.443895e-03	8.051951e-05	8.051951e-05
4.203477e+02	4.562172e+02	1.407722e-03	7.656997e-05	7.656997e-05
4.562172e+02	4.951476e+02	1.560724e-03	7.806791e-05	7.806791e-05
4.951476e+02	5.374001e+02	1.460994e-03	7.170469e-05	7.170469e-05
5.374001e+02	5.832581e+02	1.621401e-03	7.322756e-05	7.322756e-05
5.832581e+02	6.330293e+02	1.613769e-03	7.023434e-05	7.023434e-05
6.330293e+02	6.870476e+02	1.671787e-03	6.847542e-05	6.847542e-05
6.870476e+02	7.456754e+02	1.481193e-03	6.188213e-05	6.188213e-05
7.456754e+02	8.093062e+02	1.630704e-03	6.212285e-05	6.212285e-05
8.093062e+02	8.783667e+02	1.602928e-03	5.849370e-05	5.849370e-05
8.783667e+02	9.533204e+02	1.500959e-03	5.493330e-05	5.493330e-05
9.533204e+02	1.034670e+03	1.415349e-03	5.166622e-05	5.166622e-05
1.034670e+03	1.122962e+03	1.352766e-03	4.804246e-05	4.804246e-05
1.122962e+03	1.218787e+03	1.156668e-03	4.296848e-05	4.296848e-05
1.218787e+03	1.322790e+03	1.259119e-03	4.230522e-05	4.230522e-05
1.322790e+03	1.435668e+03	9.991300e-04	3.668346e-05	3.668346e-05
1.435668e+03	1.558178e+03	8.345196e-04	3.279821e-05	3.279821e-05
1.558178e+03	1.691142e+03	7.146564e-04	2.870481e-05	2.870481e-05
1.691142e+03	1.835452e+03	5.729156e-04	2.480742e-05	2.480742e-05
1.835452e+03	1.992077e+03	4.171581e-04	2.067655e-05	2.067655e-05
1.992077e+03	2.162067e+03	3.296847e-04	1.776669e-05	1.776669e-05
2.162067e+03	2.346563e+03	2.015063e-04	1.340810e-05	1.340810e-05
2.346563e+03	2.546802e+03	1.385550e-04	1.099746e-05	1.099746e-05
2.546802e+03	2.764129e+03	8.680923e-05	8.073970e-06	8.073970e-06
2.764129e+03	3.000000e+03	4.704962e-05	6.224082e-06	6.224082e-06
# END HISTO1D


# BEGIN HISTO1D //eos/home-y/yiyu/monobc/Rivet_New/X1500_Qd10.yoda.gz/JetMETAnalysis/bb_m
ErrorBars=1
LineColor=blue
LineStyle=dashed
Path=//eos/home-y/yiyu/monobc/Rivet_New/X1500_Qd10.yoda.gz/JetMETAnalysis/bb_m
ScaledBy=1.46305397465780652e-05
Title=X1500_Qd10
# xlow	 xhigh	 val	 errminus	 errplus
5.000000e+01	5.426665e+01	0.000000e+00	0.000000e+00	0.000000e+00
5.426665e+01	5.889739e+01	0.000000e+00	0.000000e+00	0.000000e+00
5.889739e+01	6.392328e+01	6.828641e-06	6.828643e-06	6.828643e-06
6.392328e+01	6.937805e+01	3.145870e-05	1.406876e-05	1.406876e-05
6.937805e+01	7.529829e+01	1.739119e-05	1.004081e-05	1.004081e-05
7.529829e+01	8.172373e+01	1.602381e-05	9.251349e-06	9.251349e-06
8.172373e+01	8.869746e+01	9.842654e-06	6.959807e-06	6.959807e-06
8.869746e+01	9.626628e+01	4.987832e-05	1.503888e-05	1.503888e-05
9.626628e+01	1.044810e+02	1.253360e-05	7.236277e-06	7.236277e-06
1.044810e+02	1.133967e+02	2.309634e-05	9.429040e-06	9.429040e-06
1.133967e+02	1.230731e+02	3.192096e-05	1.176332e-05	1.176332e-05
1.230731e+02	1.335753e+02	2.941098e-05	1.178253e-05	1.178253e-05
1.335753e+02	1.449737e+02	4.215328e-05	1.204380e-05	1.204380e-05
1.449737e+02	1.573448e+02	4.716153e-05	1.441521e-05	1.441521e-05
1.573448e+02	1.707715e+02	5.879033e-05	1.423177e-05	1.423177e-05
1.707715e+02	1.853439e+02	7.771952e-05	1.508024e-05	1.508024e-05
1.853439e+02	2.011599e+02	9.981791e-05	1.594585e-05	1.594585e-05
2.011599e+02	2.183255e+02	9.396933e-05	1.482756e-05	1.482756e-05
2.183255e+02	2.369559e+02	1.105290e-04	1.584678e-05	1.584678e-05
2.369559e+02	2.571760e+02	1.306937e-04	1.722592e-05	1.722592e-05
2.571760e+02	2.791217e+02	1.798439e-04	1.776204e-05	1.776204e-05
2.791217e+02	3.029400e+02	1.829954e-04	1.758853e-05	1.758853e-05
3.029400e+02	3.287907e+02	1.885226e-04	1.710524e-05	1.710524e-05
3.287907e+02	3.568475e+02	1.993870e-04	1.759926e-05	1.759926e-05
3.568475e+02	3.872983e+02	2.107610e-04	1.644896e-05	1.644896e-05
3.872983e+02	4.203477e+02	2.471501e-04	1.712648e-05	1.712648e-05
4.203477e+02	4.562172e+02	2.497253e-04	1.659989e-05	1.659989e-05
4.562172e+02	4.951476e+02	2.829850e-04	1.679623e-05	1.679623e-05
4.951476e+02	5.374001e+02	2.493637e-04	1.589624e-05	1.589624e-05
5.374001e+02	5.832581e+02	2.596938e-04	1.535583e-05	1.535583e-05
5.832581e+02	6.330293e+02	2.868550e-04	1.523278e-05	1.523278e-05
6.330293e+02	6.870476e+02	3.017866e-04	1.499457e-05	1.499457e-05
6.870476e+02	7.456754e+02	3.155240e-04	1.482084e-05	1.482084e-05
7.456754e+02	8.093062e+02	3.041999e-04	1.418839e-05	1.418839e-05
8.093062e+02	8.783667e+02	3.210333e-04	1.368208e-05	1.368208e-05
8.783667e+02	9.533204e+02	3.141075e-04	1.299935e-05	1.299935e-05
9.533204e+02	1.034670e+03	2.965836e-04	1.243661e-05	1.243661e-05
1.034670e+03	1.122962e+03	2.841471e-04	1.139259e-05	1.139259e-05
1.122962e+03	1.218787e+03	2.571538e-04	1.073264e-05	1.073264e-05
1.218787e+03	1.322790e+03	2.771920e-04	1.030923e-05	1.030923e-05
1.322790e+03	1.435668e+03	2.262095e-04	9.171887e-06	9.171887e-06
1.435668e+03	1.558178e+03	2.042223e-04	8.629963e-06	8.629963e-06
1.558178e+03	1.691142e+03	1.799061e-04	7.652576e-06	7.652576e-06
1.691142e+03	1.835452e+03	1.643346e-04	7.122741e-06	7.122741e-06
1.835452e+03	1.992077e+03	1.341027e-04	6.182196e-06	6.182196e-06
1.992077e+03	2.162067e+03	1.039755e-04	5.330161e-06	5.330161e-06
2.162067e+03	2.346563e+03	8.817362e-05	4.683872e-06	4.683872e-06
2.346563e+03	2.546802e+03	5.193274e-05	3.607451e-06	3.607451e-06
2.546802e+03	2.764129e+03	3.379461e-05	2.971223e-06	2.971223e-06
2.764129e+03	3.000000e+03	2.022495e-05	2.239994e-06	2.239994e-06
# END HISTO1D


# BEGIN HISTO1D //eos/home-y/yiyu/monobc/Rivet_New/X1500_Qd20.yoda.gz/JetMETAnalysis/bb_m
ErrorBars=1
LineColor=green
LineStyle=dashed
Path=//eos/home-y/yiyu/monobc/Rivet_New/X1500_Qd20.yoda.gz/JetMETAnalysis/bb_m
ScaledBy=1.46551806770839469e-05
Title=X1500_Qd20
# xlow	 xhigh	 val	 errminus	 errplus
5.000000e+01	5.426665e+01	0.000000e+00	0.000000e+00	0.000000e+00
5.426665e+01	5.889739e+01	0.000000e+00	0.000000e+00	0.000000e+00
5.889739e+01	6.392328e+01	0.000000e+00	-nan	-nan
6.392328e+01	6.937805e+01	1.893508e-05	1.411337e-05	1.411337e-05
6.937805e+01	7.529829e+01	2.326178e-05	1.163089e-05	1.163089e-05
7.529829e+01	8.172373e+01	1.071641e-05	7.577648e-06	7.577648e-06
8.172373e+01	8.869746e+01	4.936932e-06	8.551017e-06	8.551017e-06
8.869746e+01	9.626628e+01	1.364631e-05	7.878703e-06	7.878703e-06
9.626628e+01	1.044810e+02	1.676445e-05	8.382228e-06	8.382228e-06
1.044810e+02	1.133967e+02	2.703117e-05	1.158479e-05	1.158479e-05
1.133967e+02	1.230731e+02	3.913822e-05	1.378015e-05	1.378015e-05
1.230731e+02	1.335753e+02	4.917374e-05	1.351657e-05	1.351657e-05
1.335753e+02	1.449737e+02	3.322546e-05	1.316604e-05	1.316604e-05
1.449737e+02	1.573448e+02	2.783005e-05	1.180729e-05	1.180729e-05
1.573448e+02	1.707715e+02	5.897675e-05	1.332401e-05	1.332401e-05
1.707715e+02	1.853439e+02	8.977903e-05	1.602397e-05	1.602397e-05
1.853439e+02	2.011599e+02	9.142710e-05	1.539255e-05	1.539255e-05
2.011599e+02	2.183255e+02	9.827871e-05	1.514261e-05	1.514261e-05
2.183255e+02	2.369559e+02	1.127275e-04	1.642531e-05	1.642531e-05
2.369559e+02	2.571760e+02	1.242974e-04	1.569815e-05	1.569815e-05
2.571760e+02	2.791217e+02	1.757077e-04	1.882583e-05	1.882583e-05
2.791217e+02	3.029400e+02	1.835757e-04	1.799606e-05	1.799606e-05
3.029400e+02	3.287907e+02	1.997750e-04	1.806587e-05	1.806587e-05
3.287907e+02	3.568475e+02	2.282428e-04	1.836573e-05	1.836573e-05
3.568475e+02	3.872983e+02	2.227357e-04	1.740595e-05	1.740595e-05
3.872983e+02	4.203477e+02	2.406416e-04	1.758657e-05	1.758657e-05
4.203477e+02	4.562172e+02	2.658745e-04	1.719687e-05	1.719687e-05
4.562172e+02	4.951476e+02	2.308203e-04	1.623485e-05	1.623485e-05
4.951476e+02	5.374001e+02	2.631918e-04	1.607106e-05	1.607106e-05
5.374001e+02	5.832581e+02	2.627696e-04	1.538621e-05	1.538621e-05
5.832581e+02	6.330293e+02	2.891481e-04	1.583470e-05	1.583470e-05
6.330293e+02	6.870476e+02	2.899965e-04	1.468685e-05	1.468685e-05
6.870476e+02	7.456754e+02	2.936220e-04	1.452762e-05	1.452762e-05
7.456754e+02	8.093062e+02	3.165271e-04	1.432564e-05	1.432564e-05
8.093062e+02	8.783667e+02	3.055997e-04	1.340484e-05	1.340484e-05
8.783667e+02	9.533204e+02	2.962709e-04	1.282029e-05	1.282029e-05
9.533204e+02	1.034670e+03	3.182619e-04	1.248322e-05	1.248322e-05
1.034670e+03	1.122962e+03	3.142939e-04	1.204412e-05	1.204412e-05
1.122962e+03	1.218787e+03	2.568913e-04	1.077267e-05	1.077267e-05
1.218787e+03	1.322790e+03	2.635054e-04	1.034192e-05	1.034192e-05
1.322790e+03	1.435668e+03	2.226568e-04	9.180727e-06	9.180727e-06
1.435668e+03	1.558178e+03	2.366262e-04	8.707358e-06	8.707358e-06
1.558178e+03	1.691142e+03	1.921286e-04	7.887916e-06	7.887916e-06
1.691142e+03	1.835452e+03	1.440996e-04	6.906338e-06	6.906338e-06
1.835452e+03	1.992077e+03	1.340884e-04	6.170556e-06	6.170556e-06
1.992077e+03	2.162067e+03	1.067356e-04	5.445879e-06	5.445879e-06
2.162067e+03	2.346563e+03	7.315118e-05	4.501910e-06	4.501910e-06
2.346563e+03	2.546802e+03	5.880303e-05	3.852347e-06	3.852347e-06
2.546802e+03	2.764129e+03	3.754542e-05	3.018296e-06	3.018296e-06
2.764129e+03	3.000000e+03	1.839155e-05	2.053905e-06	2.053905e-06
# END HISTO1D


# BEGIN HISTO1D //eos/home-y/yiyu/monobc/Rivet_New/X1500_Qd40.yoda.gz/JetMETAnalysis/bb_m
ErrorBars=1
LineColor=orange
LineStyle=dashed
Path=//eos/home-y/yiyu/monobc/Rivet_New/X1500_Qd40.yoda.gz/JetMETAnalysis/bb_m
ScaledBy=1.45749876052156690e-05
Title=X1500_Qd40
# xlow	 xhigh	 val	 errminus	 errplus
5.000000e+01	5.426665e+01	7.994288e-06	7.994291e-06	7.994291e-06
5.426665e+01	5.889739e+01	7.365741e-06	7.365743e-06	7.365743e-06
5.889739e+01	6.392328e+01	6.786625e-06	6.786627e-06	6.786627e-06
6.392328e+01	6.937805e+01	0.000000e+00	0.000000e+00	0.000000e+00
6.937805e+01	7.529829e+01	1.728418e-05	9.979027e-06	9.979027e-06
7.529829e+01	8.172373e+01	5.308404e-06	5.308405e-06	5.308405e-06
8.172373e+01	8.869746e+01	2.445523e-05	1.093671e-05	1.093671e-05
8.869746e+01	9.626628e+01	3.605195e-05	1.274629e-05	1.274629e-05
9.626628e+01	1.044810e+02	1.660864e-05	8.304320e-06	8.304320e-06
1.044810e+02	1.133967e+02	2.295423e-05	1.209794e-05	1.209794e-05
1.133967e+02	1.230731e+02	4.582436e-05	1.365208e-05	1.365208e-05
1.230731e+02	1.335753e+02	3.247780e-05	1.027038e-05	1.027038e-05
1.335753e+02	1.449737e+02	3.890149e-05	1.233807e-05	1.233807e-05
1.449737e+02	1.573448e+02	4.687135e-05	1.201809e-05	1.201809e-05
1.573448e+02	1.707715e+02	4.572672e-05	1.437052e-05	1.437052e-05
1.707715e+02	1.853439e+02	8.192261e-05	1.461733e-05	1.461733e-05
1.853439e+02	2.011599e+02	7.332448e-05	1.430529e-05	1.430529e-05
2.011599e+02	2.183255e+02	1.390932e-04	1.732266e-05	1.732266e-05
2.183255e+02	2.369559e+02	1.354804e-04	1.677971e-05	1.677971e-05
2.369559e+02	2.571760e+02	1.416977e-04	1.686878e-05	1.686878e-05
2.571760e+02	2.791217e+02	1.321102e-04	1.592620e-05	1.592620e-05
2.791217e+02	3.029400e+02	1.747093e-04	1.730344e-05	1.730344e-05
3.029400e+02	3.287907e+02	1.886820e-04	1.794653e-05	1.794653e-05
3.287907e+02	3.568475e+02	2.176115e-04	1.740627e-05	1.740627e-05
3.568475e+02	3.872983e+02	2.285064e-04	1.728051e-05	1.728051e-05
3.872983e+02	4.203477e+02	2.445973e-04	1.748414e-05	1.748414e-05
4.203477e+02	4.562172e+02	2.301214e-04	1.608143e-05	1.608143e-05
4.562172e+02	4.951476e+02	2.628447e-04	1.689855e-05	1.689855e-05
4.951476e+02	5.374001e+02	2.510585e-04	1.588071e-05	1.588071e-05
5.374001e+02	5.832581e+02	2.655338e-04	1.572554e-05	1.572554e-05
5.832581e+02	6.330293e+02	3.056495e-04	1.589571e-05	1.589571e-05
6.330293e+02	6.870476e+02	3.005611e-04	1.496905e-05	1.496905e-05
6.870476e+02	7.456754e+02	2.868204e-04	1.404745e-05	1.404745e-05
7.456754e+02	8.093062e+02	2.862469e-04	1.377119e-05	1.377119e-05
8.093062e+02	8.783667e+02	2.963387e-04	1.352595e-05	1.352595e-05
8.783667e+02	9.533204e+02	2.998881e-04	1.273370e-05	1.273370e-05
9.533204e+02	1.034670e+03	3.127881e-04	1.246630e-05	1.246630e-05
1.034670e+03	1.122962e+03	2.700366e-04	1.141439e-05	1.141439e-05
1.122962e+03	1.218787e+03	2.552155e-04	1.046878e-05	1.046878e-05
1.218787e+03	1.322790e+03	2.462980e-04	1.013498e-05	1.013498e-05
1.322790e+03	1.435668e+03	2.326742e-04	9.372277e-06	9.372277e-06
1.435668e+03	1.558178e+03	2.274665e-04	8.684637e-06	8.684637e-06
1.558178e+03	1.691142e+03	2.021431e-04	7.956469e-06	7.956469e-06
1.691142e+03	1.835452e+03	1.666325e-04	6.911201e-06	6.911201e-06
1.835452e+03	1.992077e+03	1.389398e-04	6.128700e-06	6.128700e-06
1.992077e+03	2.162067e+03	1.031351e-04	5.301163e-06	5.301163e-06
2.162067e+03	2.346563e+03	8.189993e-05	4.666053e-06	4.666053e-06
2.346563e+03	2.546802e+03	5.621243e-05	3.597374e-06	3.597374e-06
2.546802e+03	2.764129e+03	3.201720e-05	2.772238e-06	2.772238e-06
2.764129e+03	3.000000e+03	2.010051e-05	2.197851e-06	2.197851e-06
# END HISTO1D


# BEGIN HISTO1D //eos/home-y/yiyu/monobc/Rivet_New/X2000_Qd10.yoda.gz/JetMETAnalysis/bb_m
ErrorBars=1
LineColor=lilac
LineStyle=dashed
Path=//eos/home-y/yiyu/monobc/Rivet_New/X2000_Qd10.yoda.gz/JetMETAnalysis/bb_m
ScaledBy=1.44651624061781982e-05
Title=X2000_Qd10
# xlow	 xhigh	 val	 errminus	 errplus
5.000000e+01	5.426665e+01	2.030754e-06	1.435960e-06	1.435960e-06
5.426665e+01	5.889739e+01	1.871087e-06	1.323058e-06	1.323058e-06
5.889739e+01	6.392328e+01	0.000000e+00	-nan	-nan
6.392328e+01	6.937805e+01	-7.942146e-07	7.942146e-07	7.942146e-07
6.937805e+01	7.529829e+01	0.000000e+00	-nan	-nan
7.529829e+01	8.172373e+01	-1.348470e-06	1.348470e-06	1.348470e-06
8.172373e+01	8.869746e+01	6.212254e-07	6.212254e-07	6.212254e-07
8.869746e+01	9.626628e+01	1.144764e-06	8.094707e-07	8.094707e-07
9.626628e+01	1.044810e+02	0.000000e+00	-nan	-nan
1.044810e+02	1.133967e+02	1.943653e-06	9.718268e-07	9.718268e-07
1.133967e+02	1.230731e+02	1.343141e-06	1.001119e-06	1.001119e-06
1.230731e+02	1.335753e+02	1.650038e-06	1.304470e-06	1.304470e-06
1.335753e+02	1.449737e+02	3.800760e-07	1.370383e-06	1.370383e-06
1.449737e+02	1.573448e+02	4.202302e-06	1.213100e-06	1.213100e-06
1.573448e+02	1.707715e+02	1.613300e-06	9.679797e-07	9.679797e-07
1.707715e+02	1.853439e+02	5.945840e-07	1.189168e-06	1.189168e-06
1.853439e+02	2.011599e+02	5.204407e-06	1.423310e-06	1.423310e-06
2.011599e+02	2.183255e+02	1.514281e-06	1.236406e-06	1.236406e-06
2.183255e+02	2.369559e+02	1.860296e-06	9.301481e-07	9.301481e-07
2.369559e+02	2.571760e+02	8.141691e-06	1.659613e-06	1.659613e-06
2.571760e+02	2.791217e+02	6.711875e-06	1.579264e-06	1.579264e-06
2.791217e+02	3.029400e+02	6.729846e-06	1.636990e-06	1.636990e-06
3.029400e+02	3.287907e+02	7.038680e-06	1.589876e-06	1.589876e-06
3.287907e+02	3.568475e+02	7.411693e-06	1.619469e-06	1.619469e-06
3.568475e+02	3.872983e+02	7.682619e-06	1.558498e-06	1.558498e-06
3.872983e+02	4.203477e+02	1.258410e-05	1.647704e-06	1.647704e-06
4.203477e+02	4.562172e+02	9.179152e-06	1.831694e-06	1.831694e-06
4.562172e+02	4.951476e+02	1.335386e-05	1.635507e-06	1.635507e-06
4.951476e+02	5.374001e+02	8.407673e-06	1.520804e-06	1.520804e-06
5.374001e+02	5.832581e+02	1.341490e-05	1.663336e-06	1.663336e-06
5.832581e+02	6.330293e+02	1.305652e-05	1.566782e-06	1.566782e-06
6.330293e+02	6.870476e+02	1.347357e-05	1.517452e-06	1.517452e-06
6.870476e+02	7.456754e+02	1.492664e-05	1.560552e-06	1.560552e-06
7.456754e+02	8.093062e+02	1.661257e-05	1.507110e-06	1.507110e-06
8.093062e+02	8.783667e+02	1.969764e-05	1.492426e-06	1.492426e-06
8.783667e+02	9.533204e+02	1.780212e-05	1.448442e-06	1.448442e-06
9.533204e+02	1.034670e+03	1.815989e-05	1.379495e-06	1.379495e-06
1.034670e+03	1.122962e+03	1.736985e-05	1.323911e-06	1.323911e-06
1.122962e+03	1.218787e+03	1.763194e-05	1.257784e-06	1.257784e-06
1.218787e+03	1.322790e+03	1.691198e-05	1.178185e-06	1.178185e-06
1.322790e+03	1.435668e+03	1.869106e-05	1.158415e-06	1.158415e-06
1.435668e+03	1.558178e+03	1.425108e-05	1.064992e-06	1.064992e-06
1.558178e+03	1.691142e+03	1.414067e-05	1.017900e-06	1.017900e-06
1.691142e+03	1.835452e+03	1.425974e-05	9.583077e-07	9.583077e-07
1.835452e+03	1.992077e+03	1.120232e-05	8.610238e-07	8.610238e-07
1.992077e+03	2.162067e+03	1.126453e-05	7.879886e-07	7.879886e-07
2.162067e+03	2.346563e+03	8.735149e-06	7.005230e-07	7.005230e-07
2.346563e+03	2.546802e+03	6.490629e-06	6.088751e-07	6.088751e-07
2.546802e+03	2.764129e+03	5.202846e-06	5.093979e-07	5.093979e-07
2.764129e+03	3.000000e+03	2.589756e-06	4.256247e-07	4.256247e-07
# END HISTO1D


# BEGIN HISTO1D //eos/home-y/yiyu/monobc/Rivet_New/X2000_Qd20.yoda.gz/JetMETAnalysis/bb_m
ErrorBars=1
LineColor=red
LineStyle=dashdotted
Path=//eos/home-y/yiyu/monobc/Rivet_New/X2000_Qd20.yoda.gz/JetMETAnalysis/bb_m
ScaledBy=1.42285921865514894e-05
Title=X2000_Qd20
# xlow	 xhigh	 val	 errminus	 errplus
5.000000e+01	5.426665e+01	0.000000e+00	0.000000e+00	0.000000e+00
5.426665e+01	5.889739e+01	0.000000e+00	-nan	-nan
5.889739e+01	6.392328e+01	0.000000e+00	-nan	-nan
6.392328e+01	6.937805e+01	7.900758e-07	7.900759e-07	7.900759e-07
6.937805e+01	7.529829e+01	0.000000e+00	0.000000e+00	0.000000e+00
7.529829e+01	8.172373e+01	6.707217e-07	6.707217e-07	6.707217e-07
8.172373e+01	8.869746e+01	2.471953e-06	1.235976e-06	1.235976e-06
8.869746e+01	9.626628e+01	2.277598e-06	1.800599e-06	1.800599e-06
9.626628e+01	1.044810e+02	1.573888e-06	1.173107e-06	1.173107e-06
1.044810e+02	1.133967e+02	1.450144e-06	8.372408e-07	8.372408e-07
1.133967e+02	1.230731e+02	2.226904e-06	9.959015e-07	9.959015e-07
1.230731e+02	1.335753e+02	8.207198e-07	1.160673e-06	1.160673e-06
1.335753e+02	1.449737e+02	1.134286e-06	1.254000e-06	1.254000e-06
1.449737e+02	1.573448e+02	2.786936e-06	1.101633e-06	1.101633e-06
1.573448e+02	1.707715e+02	6.419570e-07	1.283914e-06	1.283914e-06
1.707715e+02	1.853439e+02	5.323370e-06	1.448838e-06	1.448838e-06
1.853439e+02	2.011599e+02	1.907421e-06	1.123500e-06	1.123500e-06
2.011599e+02	2.183255e+02	4.770236e-06	1.397871e-06	1.397871e-06
2.183255e+02	2.369559e+02	2.313253e-06	1.179532e-06	1.179532e-06
2.369559e+02	2.571760e+02	5.541600e-06	1.445576e-06	1.445576e-06
2.571760e+02	2.791217e+02	2.749311e-06	1.469568e-06	1.469568e-06
2.791217e+02	3.029400e+02	7.961357e-06	1.556505e-06	1.556505e-06
3.029400e+02	3.287907e+02	8.502431e-06	1.572780e-06	1.572780e-06
3.287907e+02	3.568475e+02	6.912253e-06	1.603690e-06	1.603690e-06
3.568475e+02	3.872983e+02	1.033164e-05	1.619877e-06	1.619877e-06
3.872983e+02	4.203477e+02	1.095370e-05	1.729968e-06	1.729968e-06
4.203477e+02	4.562172e+02	1.225519e-05	1.757627e-06	1.757627e-06
4.562172e+02	4.951476e+02	1.273076e-05	1.645707e-06	1.645707e-06
4.951476e+02	5.374001e+02	1.234179e-05	1.603029e-06	1.603029e-06
5.374001e+02	5.832581e+02	1.108950e-05	1.566941e-06	1.566941e-06
5.832581e+02	6.330293e+02	1.714479e-05	1.601328e-06	1.601328e-06
6.330293e+02	6.870476e+02	1.611594e-05	1.631145e-06	1.631145e-06
6.870476e+02	7.456754e+02	1.381973e-05	1.534917e-06	1.534917e-06
7.456754e+02	8.093062e+02	1.402001e-05	1.525042e-06	1.525042e-06
8.093062e+02	8.783667e+02	1.553871e-05	1.467500e-06	1.467500e-06
8.783667e+02	9.533204e+02	1.765186e-05	1.378752e-06	1.378752e-06
9.533204e+02	1.034670e+03	1.689976e-05	1.347541e-06	1.347541e-06
1.034670e+03	1.122962e+03	1.859726e-05	1.346531e-06	1.346531e-06
1.122962e+03	1.218787e+03	1.933903e-05	1.300378e-06	1.300378e-06
1.218787e+03	1.322790e+03	1.798412e-05	1.195256e-06	1.195256e-06
1.322790e+03	1.435668e+03	1.767734e-05	1.154905e-06	1.154905e-06
1.435668e+03	1.558178e+03	1.583019e-05	1.067008e-06	1.067008e-06
1.558178e+03	1.691142e+03	1.562278e-05	9.863173e-07	9.863173e-07
1.691142e+03	1.835452e+03	1.430489e-05	9.286714e-07	9.286714e-07
1.835452e+03	1.992077e+03	1.235465e-05	8.591844e-07	8.591844e-07
1.992077e+03	2.162067e+03	1.135795e-05	7.822406e-07	7.822406e-07
2.162067e+03	2.346563e+03	8.596192e-06	6.842296e-07	6.842296e-07
2.346563e+03	2.546802e+03	6.177013e-06	5.906008e-07	5.906008e-07
2.546802e+03	2.764129e+03	4.263537e-06	5.082932e-07	5.082932e-07
2.764129e+03	3.000000e+03	2.357004e-06	3.990523e-07	3.990523e-07
# END HISTO1D


# BEGIN HISTO1D //eos/home-y/yiyu/monobc/Rivet_New/X2000_Qd40.yoda.gz/JetMETAnalysis/bb_m
ErrorBars=1
LineColor=blue
LineStyle=dashdotted
Path=//eos/home-y/yiyu/monobc/Rivet_New/X2000_Qd40.yoda.gz/JetMETAnalysis/bb_m
ScaledBy=1.42928020099892123e-05
Title=X2000_Qd40
# xlow	 xhigh	 val	 errminus	 errplus
5.000000e+01	5.426665e+01	0.000000e+00	0.000000e+00	0.000000e+00
5.426665e+01	5.889739e+01	0.000000e+00	0.000000e+00	0.000000e+00
5.889739e+01	6.392328e+01	8.538724e-07	8.538725e-07	8.538725e-07
6.392328e+01	6.937805e+01	7.867369e-07	7.867370e-07	7.867370e-07
6.937805e+01	7.529829e+01	0.000000e+00	-nan	-nan
7.529829e+01	8.172373e+01	0.000000e+00	0.000000e+00	0.000000e+00
8.172373e+01	8.869746e+01	1.846130e-06	1.065863e-06	1.065863e-06
8.869746e+01	9.626628e+01	0.000000e+00	-nan	-nan
9.626628e+01	1.044810e+02	1.567237e-06	9.048444e-07	9.048444e-07
1.044810e+02	1.133967e+02	9.626770e-07	9.626770e-07	9.626770e-07
1.133967e+02	1.230731e+02	1.773994e-06	1.254403e-06	1.254403e-06
1.230731e+02	1.335753e+02	3.269006e-06	1.292188e-06	1.292188e-06
1.335753e+02	1.449737e+02	0.000000e+00	-nan	-nan
1.449737e+02	1.573448e+02	4.162737e-06	1.297961e-06	1.297961e-06
1.573448e+02	1.707715e+02	3.515842e-06	1.237891e-06	1.237891e-06
1.707715e+02	1.853439e+02	2.355944e-06	1.317013e-06	1.317013e-06
1.853439e+02	2.011599e+02	2.984709e-06	1.409910e-06	1.409910e-06
2.011599e+02	2.183255e+02	2.500040e-07	1.561275e-06	1.561275e-06
2.183255e+02	2.369559e+02	6.910431e-06	1.628804e-06	1.628804e-06
2.369559e+02	2.571760e+02	6.154895e-06	1.630230e-06	1.630230e-06
2.571760e+02	2.791217e+02	5.866484e-06	1.514720e-06	1.514720e-06
2.791217e+02	3.029400e+02	8.648413e-06	1.528838e-06	1.528838e-06
3.029400e+02	3.287907e+02	9.960589e-06	1.539511e-06	1.539511e-06
3.287907e+02	3.568475e+02	8.106694e-06	1.640276e-06	1.640276e-06
3.568475e+02	3.872983e+02	1.056984e-05	1.661555e-06	1.661555e-06
3.872983e+02	4.203477e+02	1.129696e-05	1.737277e-06	1.737277e-06
4.203477e+02	4.562172e+02	1.220340e-05	1.614048e-06	1.614048e-06
4.562172e+02	4.951476e+02	1.058250e-05	1.620108e-06	1.620108e-06
4.951476e+02	5.374001e+02	1.218807e-05	1.580015e-06	1.580015e-06
5.374001e+02	5.832581e+02	1.151055e-05	1.607318e-06	1.607318e-06
5.832581e+02	6.330293e+02	1.414073e-05	1.532750e-06	1.532750e-06
6.330293e+02	6.870476e+02	1.445894e-05	1.528150e-06	1.528150e-06
6.870476e+02	7.456754e+02	1.361493e-05	1.489370e-06	1.489370e-06
7.456754e+02	8.093062e+02	1.389331e-05	1.480683e-06	1.480683e-06
8.093062e+02	8.783667e+02	1.659157e-05	1.453349e-06	1.453349e-06
8.783667e+02	9.533204e+02	1.700471e-05	1.412933e-06	1.412933e-06
9.533204e+02	1.034670e+03	1.941326e-05	1.415523e-06	1.415523e-06
1.034670e+03	1.122962e+03	1.769237e-05	1.309643e-06	1.309643e-06
1.122962e+03	1.218787e+03	1.755550e-05	1.282431e-06	1.282431e-06
1.218787e+03	1.322790e+03	1.749549e-05	1.207249e-06	1.207249e-06
1.322790e+03	1.435668e+03	1.585378e-05	1.115574e-06	1.115574e-06
1.435668e+03	1.558178e+03	1.534294e-05	1.070552e-06	1.070552e-06
1.558178e+03	1.691142e+03	1.633137e-05	9.937476e-07	9.937476e-07
1.691142e+03	1.835452e+03	1.474998e-05	9.318915e-07	9.318915e-07
1.835452e+03	1.992077e+03	1.183665e-05	8.391630e-07	8.391630e-07
1.992077e+03	2.162067e+03	1.070406e-05	7.707092e-07	7.707092e-07
2.162067e+03	2.346563e+03	8.745946e-06	6.915844e-07	6.915844e-07
2.346563e+03	2.546802e+03	6.408087e-06	5.834000e-07	5.834000e-07
2.546802e+03	2.764129e+03	5.272341e-06	5.046019e-07	5.046019e-07
2.764129e+03	3.000000e+03	3.402304e-06	4.247465e-07	4.247465e-07
# END HISTO1D


# BEGIN HISTO1D //eos/home-y/yiyu/monobc/Rivet_New/X600_Qd10.yoda.gz/JetMETAnalysis/bb_m
ErrorBars=1
LineColor=green
LineStyle=dashdotted
Path=//eos/home-y/yiyu/monobc/Rivet_New/X600_Qd10.yoda.gz/JetMETAnalysis/bb_m
ScaledBy=1.84504652561335948e-05
Title=X600_Qd10
# xlow	 xhigh	 val	 errminus	 errplus
5.000000e+01	5.426665e+01	5.661397e-03	2.139807e-03	2.139807e-03
5.426665e+01	5.889739e+01	5.961453e-03	2.107692e-03	2.107692e-03
5.889739e+01	6.392328e+01	1.029890e-02	2.659164e-03	2.659164e-03
6.392328e+01	6.937805e+01	1.644786e-02	3.225691e-03	3.225691e-03
6.937805e+01	7.529829e+01	1.398893e-02	2.855478e-03	2.855478e-03
7.529829e+01	8.172373e+01	1.557426e-02	2.892069e-03	2.892069e-03
8.172373e+01	8.869746e+01	1.979281e-02	3.206801e-03	3.206801e-03
8.869746e+01	9.626628e+01	3.100226e-02	3.814463e-03	3.814463e-03
9.626628e+01	1.044810e+02	3.192518e-02	3.662069e-03	3.662069e-03
1.044810e+02	1.133967e+02	3.909115e-02	3.928038e-03	3.928038e-03
1.133967e+02	1.230731e+02	4.065402e-02	3.807599e-03	3.807599e-03
1.230731e+02	1.335753e+02	3.844307e-02	3.554064e-03	3.554064e-03
1.335753e+02	1.449737e+02	4.541087e-02	3.781211e-03	3.781211e-03
1.449737e+02	1.573448e+02	5.299779e-02	3.844864e-03	3.844864e-03
1.573448e+02	1.707715e+02	5.448526e-02	3.759673e-03	3.759673e-03
1.707715e+02	1.853439e+02	5.872637e-02	3.744134e-03	3.744134e-03
1.853439e+02	2.011599e+02	5.650874e-02	3.551721e-03	3.551721e-03
2.011599e+02	2.183255e+02	6.010696e-02	3.499249e-03	3.499249e-03
2.183255e+02	2.369559e+02	6.964311e-02	3.620112e-03	3.620112e-03
2.369559e+02	2.571760e+02	6.502109e-02	3.365922e-03	3.365922e-03
2.571760e+02	2.791217e+02	7.107247e-02	3.372423e-03	3.372423e-03
2.791217e+02	3.029400e+02	7.548133e-02	3.325884e-03	3.325884e-03
3.029400e+02	3.287907e+02	7.261714e-02	3.136243e-03	3.136243e-03
3.287907e+02	3.568475e+02	7.244187e-02	3.020181e-03	3.020181e-03
3.568475e+02	3.872983e+02	6.821978e-02	2.794252e-03	2.794252e-03
3.872983e+02	4.203477e+02	7.736903e-02	2.861336e-03	2.861336e-03
4.203477e+02	4.562172e+02	7.042036e-02	2.616996e-03	2.616996e-03
4.562172e+02	4.951476e+02	6.851777e-02	2.483467e-03	2.483467e-03
4.951476e+02	5.374001e+02	6.566232e-02	2.324356e-03	2.324356e-03
5.374001e+02	5.832581e+02	6.366017e-02	2.204150e-03	2.204150e-03
5.832581e+02	6.330293e+02	5.650567e-02	2.001045e-03	2.001045e-03
6.330293e+02	6.870476e+02	5.276569e-02	1.851447e-03	1.851447e-03
6.870476e+02	7.456754e+02	4.944110e-02	1.711962e-03	1.711962e-03
7.456754e+02	8.093062e+02	4.013071e-02	1.485169e-03	1.485169e-03
8.093062e+02	8.783667e+02	3.602617e-02	1.360166e-03	1.360166e-03
8.783667e+02	9.533204e+02	2.923433e-02	1.167414e-03	1.167414e-03
9.533204e+02	1.034670e+03	2.545120e-02	1.047664e-03	1.047664e-03
1.034670e+03	1.122962e+03	2.212114e-02	9.379990e-04	9.379990e-04
1.122962e+03	1.218787e+03	1.642095e-02	7.723472e-04	7.723472e-04
1.218787e+03	1.322790e+03	1.234268e-02	6.467828e-04	6.467828e-04
1.322790e+03	1.435668e+03	8.192907e-03	5.060326e-04	5.060326e-04
1.435668e+03	1.558178e+03	5.323568e-03	3.953430e-04	3.953430e-04
1.558178e+03	1.691142e+03	3.477629e-03	3.092592e-04	3.092592e-04
1.691142e+03	1.835452e+03	2.271641e-03	2.379215e-04	2.379215e-04
1.835452e+03	1.992077e+03	1.388008e-03	1.830105e-04	1.830105e-04
1.992077e+03	2.162067e+03	8.322866e-04	1.361744e-04	1.361744e-04
2.162067e+03	2.346563e+03	4.675904e-04	9.718684e-05	9.718684e-05
2.346563e+03	2.546802e+03	2.929630e-04	7.511742e-05	7.511742e-05
2.546802e+03	2.764129e+03	7.939055e-05	4.763433e-05	4.763433e-05
2.764129e+03	3.000000e+03	4.388937e-05	2.533953e-05	2.533953e-05
# END HISTO1D


# BEGIN HISTO1D //eos/home-y/yiyu/monobc/Rivet_New/X600_Qd20.yoda.gz/JetMETAnalysis/bb_m
ErrorBars=1
LineColor=orange
LineStyle=dashdotted
Path=//eos/home-y/yiyu/monobc/Rivet_New/X600_Qd20.yoda.gz/JetMETAnalysis/bb_m
ScaledBy=1.83664539082963119e-05
Title=X600_Qd20
# xlow	 xhigh	 val	 errminus	 errplus
5.000000e+01	5.426665e+01	3.204624e-03	1.602312e-03	1.602312e-03
5.426665e+01	5.889739e+01	3.690829e-03	1.650589e-03	1.650589e-03
5.889739e+01	6.392328e+01	4.760902e-03	1.799452e-03	1.799452e-03
6.392328e+01	6.937805e+01	7.519848e-03	2.170793e-03	2.170793e-03
6.937805e+01	7.529829e+01	1.039292e-02	2.449634e-03	2.449634e-03
7.529829e+01	8.172373e+01	1.861957e-02	3.147280e-03	3.147280e-03
8.172373e+01	8.869746e+01	2.107694e-02	3.214203e-03	3.214203e-03
8.869746e+01	9.626628e+01	2.709738e-02	3.498257e-03	3.498257e-03
9.626628e+01	1.044810e+02	3.661796e-02	3.903487e-03	3.903487e-03
1.044810e+02	1.133967e+02	3.335554e-02	3.576090e-03	3.576090e-03
1.133967e+02	1.230731e+02	4.804291e-02	4.119646e-03	4.119646e-03
1.230731e+02	1.335753e+02	4.914744e-02	3.999562e-03	3.999562e-03
1.335753e+02	1.449737e+02	4.768233e-02	3.781454e-03	3.781454e-03
1.449737e+02	1.573448e+02	5.028834e-02	3.727620e-03	3.727620e-03
1.573448e+02	1.707715e+02	5.626356e-02	3.801784e-03	3.801784e-03
1.707715e+02	1.853439e+02	5.746974e-02	3.671607e-03	3.671607e-03
1.853439e+02	2.011599e+02	6.570239e-02	3.793001e-03	3.793001e-03
2.011599e+02	2.183255e+02	6.352373e-02	3.611962e-03	3.611962e-03
2.183255e+02	2.369559e+02	6.421703e-02	3.471551e-03	3.471551e-03
2.369559e+02	2.571760e+02	6.778997e-02	3.402111e-03	3.402111e-03
2.571760e+02	2.791217e+02	6.837845e-02	3.293128e-03	3.293128e-03
2.791217e+02	3.029400e+02	7.003472e-02	3.189752e-03	3.189752e-03
3.029400e+02	3.287907e+02	6.968550e-02	3.058502e-03	3.058502e-03
3.287907e+02	3.568475e+02	7.565849e-02	3.045833e-03	3.045833e-03
3.568475e+02	3.872983e+02	7.476181e-02	2.909981e-03	2.909981e-03
3.872983e+02	4.203477e+02	7.364116e-02	2.771423e-03	2.771423e-03
4.203477e+02	4.562172e+02	6.804201e-02	2.557085e-03	2.557085e-03
4.562172e+02	4.951476e+02	7.094582e-02	2.505115e-03	2.505115e-03
4.951476e+02	5.374001e+02	6.674301e-02	2.360025e-03	2.360025e-03
5.374001e+02	5.832581e+02	6.186816e-02	2.155223e-03	2.155223e-03
5.832581e+02	6.330293e+02	5.432535e-02	1.941331e-03	1.941331e-03
6.330293e+02	6.870476e+02	5.214235e-02	1.829643e-03	1.829643e-03
6.870476e+02	7.456754e+02	4.757632e-02	1.671616e-03	1.671616e-03
7.456754e+02	8.093062e+02	4.195541e-02	1.508952e-03	1.508952e-03
8.093062e+02	8.783667e+02	3.345963e-02	1.294502e-03	1.294502e-03
8.783667e+02	9.533204e+02	3.009921e-02	1.182213e-03	1.182213e-03
9.533204e+02	1.034670e+03	2.609398e-02	1.058853e-03	1.058853e-03
1.034670e+03	1.122962e+03	1.893179e-02	8.682941e-04	8.682941e-04
1.122962e+03	1.218787e+03	1.508918e-02	7.388462e-04	7.388462e-04
1.218787e+03	1.322790e+03	1.120760e-02	6.104750e-04	6.104750e-04
1.322790e+03	1.435668e+03	7.994639e-03	4.938963e-04	4.938963e-04
1.435668e+03	1.558178e+03	5.189740e-03	3.886275e-04	3.886275e-04
1.558178e+03	1.691142e+03	3.959049e-03	3.272109e-04	3.272109e-04
1.691142e+03	1.835452e+03	2.392375e-03	2.450190e-04	2.450190e-04
1.835452e+03	1.992077e+03	1.396764e-03	1.773026e-04	1.773026e-04
1.992077e+03	2.162067e+03	8.445591e-04	1.333851e-04	1.333851e-04
2.162067e+03	2.346563e+03	3.520229e-04	8.885487e-05	8.885487e-05
2.346563e+03	2.546802e+03	2.731339e-04	7.242555e-05	7.242555e-05
2.546802e+03	2.764129e+03	1.101003e-04	4.718585e-05	4.718585e-05
2.764129e+03	3.000000e+03	8.695227e-05	4.098969e-05	4.098969e-05
# END HISTO1D


# BEGIN HISTO1D //eos/home-y/yiyu/monobc/Rivet_New/X600_Qd40.yoda.gz/JetMETAnalysis/bb_m
ErrorBars=1
LineColor=lilac
LineStyle=dashdotted
Path=//eos/home-y/yiyu/monobc/Rivet_New/X600_Qd40.yoda.gz/JetMETAnalysis/bb_m
ScaledBy=1.83500819647793534e-05
Title=X600_Qd40
# xlow	 xhigh	 val	 errminus	 errplus
5.000000e+01	5.426665e+01	8.646573e-03	2.607040e-03	2.607040e-03
5.426665e+01	5.889739e+01	6.518241e-03	2.172747e-03	2.172747e-03
5.889739e+01	6.392328e+01	8.674983e-03	2.406007e-03	2.406007e-03
6.392328e+01	6.937805e+01	9.222594e-03	2.381264e-03	2.381264e-03
6.937805e+01	7.529829e+01	6.797985e-03	1.962409e-03	1.962409e-03
7.529829e+01	8.172373e+01	1.513678e-02	2.810829e-03	2.810829e-03
8.172373e+01	8.869746e+01	2.596970e-02	3.534029e-03	3.534029e-03
8.869746e+01	9.626628e+01	2.082610e-02	3.037799e-03	3.037799e-03
9.626628e+01	1.044810e+02	2.367955e-02	3.109278e-03	3.109278e-03
1.044810e+02	1.133967e+02	3.385520e-02	3.568651e-03	3.568651e-03
1.133967e+02	1.230731e+02	3.327328e-02	3.395940e-03	3.395940e-03
1.230731e+02	1.335753e+02	4.726283e-02	3.911143e-03	3.911143e-03
1.335753e+02	1.449737e+02	5.207960e-02	3.914543e-03	3.914543e-03
1.449737e+02	1.573448e+02	4.825585e-02	3.677383e-03	3.677383e-03
1.573448e+02	1.707715e+02	4.895816e-02	3.514808e-03	3.514808e-03
1.707715e+02	1.853439e+02	5.822744e-02	3.660728e-03	3.660728e-03
1.853439e+02	2.011599e+02	6.425164e-02	3.691161e-03	3.691161e-03
2.011599e+02	2.183255e+02	7.033666e-02	3.758202e-03	3.758202e-03
2.183255e+02	2.369559e+02	7.128714e-02	3.636187e-03	3.636187e-03
2.369559e+02	2.571760e+02	6.767296e-02	3.366694e-03	3.366694e-03
2.571760e+02	2.791217e+02	6.907604e-02	3.270556e-03	3.270556e-03
2.791217e+02	3.029400e+02	7.068565e-02	3.167399e-03	3.167399e-03
3.029400e+02	3.287907e+02	7.511808e-02	3.127188e-03	3.127188e-03
3.287907e+02	3.568475e+02	7.088510e-02	2.930471e-03	2.930471e-03
3.568475e+02	3.872983e+02	7.092927e-02	2.812311e-03	2.812311e-03
3.872983e+02	4.203477e+02	7.113654e-02	2.698264e-03	2.698264e-03
4.203477e+02	4.562172e+02	6.713322e-02	2.533150e-03	2.533150e-03
4.562172e+02	4.951476e+02	6.728225e-02	2.425973e-03	2.425973e-03
4.951476e+02	5.374001e+02	5.992843e-02	2.183905e-03	2.183905e-03
5.374001e+02	5.832581e+02	6.077489e-02	2.123425e-03	2.123425e-03
5.832581e+02	6.330293e+02	5.565962e-02	1.946002e-03	1.946002e-03
6.330293e+02	6.870476e+02	5.078679e-02	1.786539e-03	1.786539e-03
6.870476e+02	7.456754e+02	4.639333e-02	1.633103e-03	1.633103e-03
7.456754e+02	8.093062e+02	4.163878e-02	1.488923e-03	1.488923e-03
8.093062e+02	8.783667e+02	4.025900e-02	1.411682e-03	1.411682e-03
8.783667e+02	9.533204e+02	2.957650e-02	1.157333e-03	1.157333e-03
9.533204e+02	1.034670e+03	2.251001e-02	9.756114e-04	9.756114e-04
1.034670e+03	1.122962e+03	1.933458e-02	8.670333e-04	8.670333e-04
1.122962e+03	1.218787e+03	1.399972e-02	7.086819e-04	7.086819e-04
1.218787e+03	1.322790e+03	1.080282e-02	5.989657e-04	5.989657e-04
1.322790e+03	1.435668e+03	7.933051e-03	4.891180e-04	4.891180e-04
1.435668e+03	1.558178e+03	5.283529e-03	3.881189e-04	3.881189e-04
1.558178e+03	1.691142e+03	3.657398e-03	3.099508e-04	3.099508e-04
1.691142e+03	1.835452e+03	2.370511e-03	2.392736e-04	2.392736e-04
1.835452e+03	1.992077e+03	1.498909e-03	1.891144e-04	1.891144e-04
1.992077e+03	2.162067e+03	6.905306e-04	1.232104e-04	1.232104e-04
2.162067e+03	2.346563e+03	5.271683e-04	9.789271e-05	9.789271e-05
2.346563e+03	2.546802e+03	2.344864e-04	6.266913e-05	6.266913e-05
2.546802e+03	2.764129e+03	1.234567e-04	4.364853e-05	4.364853e-05
2.764129e+03	3.000000e+03	2.843765e-05	2.843765e-05	2.843765e-05
# END HISTO1D


# BEGIN HISTO1D //eos/home-y/yiyu/monobc/Rivet_New/X800_Qd10.yoda.gz/JetMETAnalysis/bb_m
ErrorBars=1
LineColor=red
LineStyle=dotted
Path=//eos/home-y/yiyu/monobc/Rivet_New/X800_Qd10.yoda.gz/JetMETAnalysis/bb_m
ScaledBy=1.67247502780518323e-05
Title=X800_Qd10
# xlow	 xhigh	 val	 errminus	 errplus
5.000000e+01	5.426665e+01	4.963098e-04	3.509439e-04	3.509439e-04
5.426665e+01	5.889739e+01	1.371863e-03	5.600605e-04	5.600605e-04
5.889739e+01	6.392328e+01	1.896004e-03	6.320013e-04	6.320013e-04
6.392328e+01	6.937805e+01	1.746931e-03	5.823103e-04	5.823103e-04
6.937805e+01	7.529829e+01	1.430739e-03	5.058426e-04	5.058426e-04
7.529829e+01	8.172373e+01	2.636495e-03	6.591235e-04	6.591235e-04
8.172373e+01	8.869746e+01	2.125557e-03	5.680788e-04	5.680788e-04
8.869746e+01	9.626628e+01	3.916873e-03	7.662000e-04	7.662000e-04
9.626628e+01	1.044810e+02	4.640016e-03	7.733360e-04	7.733360e-04
1.044810e+02	1.133967e+02	5.225249e-03	7.877358e-04	7.877358e-04
1.133967e+02	1.230731e+02	7.112287e-03	8.956397e-04	8.956397e-04
1.230731e+02	1.335753e+02	7.359568e-03	8.613723e-04	8.613723e-04
1.335753e+02	1.449737e+02	7.988483e-03	8.713792e-04	8.713792e-04
1.449737e+02	1.573448e+02	9.756772e-03	9.296990e-04	9.296990e-04
1.573448e+02	1.707715e+02	1.167084e-02	9.657976e-04	9.657976e-04
1.707715e+02	1.853439e+02	1.235173e-02	9.528903e-04	9.528903e-04
1.853439e+02	2.011599e+02	1.077802e-02	8.599141e-04	8.599141e-04
2.011599e+02	2.183255e+02	1.393989e-02	9.354372e-04	9.354372e-04
2.183255e+02	2.369559e+02	1.409416e-02	8.985816e-04	8.985816e-04
2.369559e+02	2.571760e+02	1.534243e-02	9.084681e-04	9.084681e-04
2.571760e+02	2.791217e+02	1.621062e-02	8.948279e-04	8.948279e-04
2.791217e+02	3.029400e+02	1.618081e-02	8.550664e-04	8.550664e-04
3.029400e+02	3.287907e+02	1.560495e-02	8.078156e-04	8.078156e-04
3.287907e+02	3.568475e+02	1.766109e-02	8.198655e-04	8.198655e-04
3.568475e+02	3.872983e+02	1.748957e-02	7.859981e-04	7.859981e-04
3.872983e+02	4.203477e+02	1.749197e-02	7.581238e-04	7.581238e-04
4.203477e+02	4.562172e+02	1.897996e-02	7.531386e-04	7.531386e-04
4.562172e+02	4.951476e+02	1.871153e-02	7.205920e-04	7.205920e-04
4.951476e+02	5.374001e+02	1.719022e-02	6.610921e-04	6.610921e-04
5.374001e+02	5.832581e+02	1.787045e-02	6.514051e-04	6.514051e-04
5.832581e+02	6.330293e+02	1.661432e-02	6.035727e-04	6.035727e-04
6.330293e+02	6.870476e+02	1.640568e-02	5.724576e-04	5.724576e-04
6.870476e+02	7.456754e+02	1.513388e-02	5.283759e-04	5.283759e-04
7.456754e+02	8.093062e+02	1.442652e-02	4.972423e-04	4.972423e-04
8.093062e+02	8.783667e+02	1.301630e-02	4.540251e-04	4.540251e-04
8.783667e+02	9.533204e+02	1.240256e-02	4.214166e-04	4.214166e-04
9.533204e+02	1.034670e+03	1.093286e-02	3.812396e-04	3.812396e-04
1.034670e+03	1.122962e+03	9.005925e-03	3.351304e-04	3.351304e-04
1.122962e+03	1.218787e+03	7.159883e-03	2.860015e-04	2.860015e-04
1.218787e+03	1.322790e+03	6.831033e-03	2.672228e-04	2.672228e-04
1.322790e+03	1.435668e+03	4.905712e-03	2.193785e-04	2.193785e-04
1.435668e+03	1.558178e+03	3.655768e-03	1.819031e-04	1.819031e-04
1.558178e+03	1.691142e+03	2.707413e-03	1.493988e-04	1.493988e-04
1.691142e+03	1.835452e+03	1.636131e-03	1.115114e-04	1.115114e-04
1.835452e+03	1.992077e+03	1.054565e-03	8.657064e-05	8.657064e-05
1.992077e+03	2.162067e+03	8.844526e-04	7.628375e-05	7.628375e-05
2.162067e+03	2.346563e+03	4.131952e-04	5.196725e-05	5.196725e-05
2.346563e+03	2.546802e+03	2.379434e-04	3.701341e-05	3.701341e-05
2.546802e+03	2.764129e+03	1.607718e-04	2.798679e-05	2.798679e-05
2.764129e+03	3.000000e+03	1.167101e-04	2.375277e-05	2.375277e-05
# END HISTO1D


# BEGIN HISTO1D //eos/home-y/yiyu/monobc/Rivet_New/X800_Qd20.yoda.gz/JetMETAnalysis/bb_m
ErrorBars=1
LineColor=blue
LineStyle=dotted
Path=//eos/home-y/yiyu/monobc/Rivet_New/X800_Qd20.yoda.gz/JetMETAnalysis/bb_m
ScaledBy=1.67808876512372445e-05
Title=X800_Qd20
# xlow	 xhigh	 val	 errminus	 errplus
5.000000e+01	5.426665e+01	7.461064e-04	4.307647e-04	4.307647e-04
5.426665e+01	5.889739e+01	9.165919e-04	4.582960e-04	4.582960e-04
5.889739e+01	6.392328e+01	6.333953e-04	3.656909e-04	3.656909e-04
6.392328e+01	6.937805e+01	1.750784e-03	5.835945e-04	5.835945e-04
6.937805e+01	7.529829e+01	2.150842e-03	6.208944e-04	6.208944e-04
7.529829e+01	8.172373e+01	3.137742e-03	7.198473e-04	7.198473e-04
8.172373e+01	8.869746e+01	3.804007e-03	7.608015e-04	7.608015e-04
8.869746e+01	9.626628e+01	3.504922e-03	7.009844e-04	7.009844e-04
9.626628e+01	1.044810e+02	3.746034e-03	7.420458e-04	7.420458e-04
1.044810e+02	1.133967e+02	6.426948e-03	8.745969e-04	8.745969e-04
1.133967e+02	1.230731e+02	5.702378e-03	8.058413e-04	8.058413e-04
1.230731e+02	1.335753e+02	7.779952e-03	8.866078e-04	8.866078e-04
1.335753e+02	1.449737e+02	8.843952e-03	9.073701e-04	9.073701e-04
1.449737e+02	1.573448e+02	1.055027e-02	9.589879e-04	9.589879e-04
1.573448e+02	1.707715e+02	1.003693e-02	9.114293e-04	9.114293e-04
1.707715e+02	1.853439e+02	1.347123e-02	1.001074e-03	1.001074e-03
1.853439e+02	2.011599e+02	1.153980e-02	8.799015e-04	8.799015e-04
2.011599e+02	2.183255e+02	1.384700e-02	9.415675e-04	9.415675e-04
2.183255e+02	2.369559e+02	1.435307e-02	9.113061e-04	9.113061e-04
2.369559e+02	2.571760e+02	1.574362e-02	9.149976e-04	9.149976e-04
2.571760e+02	2.791217e+02	1.513427e-02	8.608881e-04	8.608881e-04
2.791217e+02	3.029400e+02	1.652835e-02	8.741503e-04	8.741503e-04
3.029400e+02	3.287907e+02	1.674767e-02	8.392325e-04	8.392325e-04
3.287907e+02	3.568475e+02	1.849427e-02	8.431533e-04	8.431533e-04
3.568475e+02	3.872983e+02	1.672665e-02	7.760838e-04	7.760838e-04
3.872983e+02	4.203477e+02	1.727369e-02	7.516111e-04	7.516111e-04
4.203477e+02	4.562172e+02	1.727643e-02	7.209986e-04	7.209986e-04
4.562172e+02	4.951476e+02	1.763526e-02	7.039479e-04	7.039479e-04
4.951476e+02	5.374001e+02	1.740393e-02	6.677652e-04	6.677652e-04
5.374001e+02	5.832581e+02	1.707685e-02	6.345419e-04	6.345419e-04
5.832581e+02	6.330293e+02	1.650172e-02	5.999996e-04	5.999996e-04
6.330293e+02	6.870476e+02	1.530252e-02	5.545679e-04	5.545679e-04
6.870476e+02	7.456754e+02	1.551114e-02	5.335471e-04	5.335471e-04
7.456754e+02	8.093062e+02	1.375793e-02	4.859068e-04	4.859068e-04
8.093062e+02	8.783667e+02	1.359816e-02	4.647798e-04	4.647798e-04
8.783667e+02	9.533204e+02	1.252901e-02	4.263605e-04	4.263605e-04
9.533204e+02	1.034670e+03	1.064391e-02	3.798473e-04	3.798473e-04
1.034670e+03	1.122962e+03	9.170007e-03	3.354392e-04	3.354392e-04
1.122962e+03	1.218787e+03	7.972971e-03	3.008263e-04	3.008263e-04
1.218787e+03	1.322790e+03	6.835896e-03	2.680064e-04	2.680064e-04
1.322790e+03	1.435668e+03	5.001138e-03	2.180461e-04	2.180461e-04
1.435668e+03	1.558178e+03	3.629184e-03	1.810655e-04	1.810655e-04
1.558178e+03	1.691142e+03	2.553774e-03	1.484467e-04	1.484467e-04
1.691142e+03	1.835452e+03	1.669152e-03	1.141507e-04	1.141507e-04
1.835452e+03	1.992077e+03	1.219489e-03	9.239785e-05	9.239785e-05
1.992077e+03	2.162067e+03	7.615577e-04	7.333017e-05	7.333017e-05
2.162067e+03	2.346563e+03	4.313609e-04	5.486561e-05	5.486561e-05
2.346563e+03	2.546802e+03	3.444540e-04	4.337657e-05	4.337657e-05
2.546802e+03	2.764129e+03	1.513612e-04	2.804851e-05	2.804851e-05
2.764129e+03	3.000000e+03	6.298252e-05	2.110101e-05	2.110101e-05
# END HISTO1D


# BEGIN HISTO1D //eos/home-y/yiyu/monobc/Rivet_New/X800_Qd40.yoda.gz/JetMETAnalysis/bb_m
ErrorBars=1
LineColor=green
LineStyle=dotted
Path=//eos/home-y/yiyu/monobc/Rivet_New/X800_Qd40.yoda.gz/JetMETAnalysis/bb_m
ScaledBy=1.67815229838021701e-05
Title=X800_Qd40
# xlow	 xhigh	 val	 errminus	 errplus
5.000000e+01	5.426665e+01	4.919490e-04	3.478604e-04	3.478604e-04
5.426665e+01	5.889739e+01	9.065391e-04	4.532696e-04	4.532696e-04
5.889739e+01	6.392328e+01	4.176323e-04	4.176323e-04	4.176323e-04
6.392328e+01	6.937805e+01	9.619900e-04	4.302150e-04	4.302150e-04
6.937805e+01	7.529829e+01	1.240897e-03	5.318130e-04	5.318130e-04
7.529829e+01	8.172373e+01	1.959997e-03	6.111365e-04	6.111365e-04
8.172373e+01	8.869746e+01	4.213761e-03	8.242757e-04	8.242757e-04
8.869746e+01	9.626628e+01	3.743799e-03	7.204945e-04	7.204945e-04
9.626628e+01	1.044810e+02	4.343733e-03	7.665411e-04	7.665411e-04
1.044810e+02	1.133967e+02	5.179338e-03	7.808146e-04	7.808146e-04
1.133967e+02	1.230731e+02	7.375172e-03	8.943709e-04	8.943709e-04
1.230731e+02	1.335753e+02	7.994415e-03	9.049064e-04	9.049064e-04
1.335753e+02	1.449737e+02	9.667681e-03	9.524122e-04	9.524122e-04
1.449737e+02	1.573448e+02	1.187673e-02	1.010911e-03	1.010911e-03
1.573448e+02	1.707715e+02	1.031767e-02	9.048156e-04	9.048156e-04
1.707715e+02	1.853439e+02	1.152301e-02	9.334704e-04	9.334704e-04
1.853439e+02	2.011599e+02	1.194408e-02	8.951916e-04	8.951916e-04
2.011599e+02	2.183255e+02	1.161640e-02	8.515671e-04	8.515671e-04
2.183255e+02	2.369559e+02	1.368866e-02	9.030699e-04	9.030699e-04
2.369559e+02	2.571760e+02	1.474050e-02	8.808256e-04	8.808256e-04
2.571760e+02	2.791217e+02	1.530303e-02	8.687295e-04	8.687295e-04
2.791217e+02	3.029400e+02	1.568614e-02	8.498410e-04	8.498410e-04
3.029400e+02	3.287907e+02	1.684817e-02	8.310204e-04	8.310204e-04
3.287907e+02	3.568475e+02	1.645855e-02	7.970156e-04	7.970156e-04
3.568475e+02	3.872983e+02	1.702571e-02	7.813756e-04	7.813756e-04
3.872983e+02	4.203477e+02	1.689371e-02	7.447230e-04	7.447230e-04
4.203477e+02	4.562172e+02	1.691140e-02	7.202578e-04	7.202578e-04
4.562172e+02	4.951476e+02	1.746880e-02	6.936129e-04	6.936129e-04
4.951476e+02	5.374001e+02	1.768498e-02	6.674107e-04	6.674107e-04
5.374001e+02	5.832581e+02	1.739304e-02	6.366964e-04	6.366964e-04
5.832581e+02	6.330293e+02	1.651052e-02	5.960357e-04	5.960357e-04
6.330293e+02	6.870476e+02	1.641696e-02	5.733835e-04	5.733835e-04
6.870476e+02	7.456754e+02	1.559163e-02	5.337333e-04	5.337333e-04
7.456754e+02	8.093062e+02	1.459664e-02	4.934250e-04	4.934250e-04
8.093062e+02	8.783667e+02	1.366177e-02	4.616875e-04	4.616875e-04
8.783667e+02	9.533204e+02	1.267163e-02	4.249264e-04	4.249264e-04
9.533204e+02	1.034670e+03	1.075939e-02	3.747941e-04	3.747941e-04
1.034670e+03	1.122962e+03	8.891136e-03	3.306939e-04	3.306939e-04
1.122962e+03	1.218787e+03	7.786956e-03	2.973253e-04	2.973253e-04
1.218787e+03	1.322790e+03	6.094921e-03	2.520713e-04	2.520713e-04
1.322790e+03	1.435668e+03	4.685957e-03	2.156547e-04	2.156547e-04
1.435668e+03	1.558178e+03	3.700745e-03	1.809143e-04	1.809143e-04
1.558178e+03	1.691142e+03	2.454728e-03	1.444659e-04	1.444659e-04
1.691142e+03	1.835452e+03	1.789022e-03	1.177148e-04	1.177148e-04
1.835452e+03	1.992077e+03	1.299923e-03	9.476127e-05	9.476127e-05
1.992077e+03	2.162067e+03	7.902482e-04	7.199844e-05	7.199844e-05
2.162067e+03	2.346563e+03	4.550719e-04	5.396489e-05	5.396489e-05
2.346563e+03	2.546802e+03	2.777821e-04	4.160051e-05	4.160051e-05
2.546802e+03	2.764129e+03	1.352139e-04	2.815806e-05	2.815806e-05
2.764129e+03	3.000000e+03	7.119057e-05	1.989837e-05	1.989837e-05
# END HISTO1D

