# BEGIN PLOT
Legend=1
LogY=1
LegendPlacement=manual
LegendAlign=r
LegendXPos=1.32
RightMargin=3.3
Title=$b$-jet $p_\mathrm{T}$ spectrum
XLabel=$p_\mathrm{T}^{bb}$ [GeV]
YLabel=$\mathrm{d}\sigma/\mathrm{d}p_\mathrm{T}^{bb}$ [pb/GeV]
LogX=1
DrawOnly=//eos/home-y/yiyu/monobc/Rivet_New/X1000_Qd10.yoda.gz/JetMETAnalysis/bb_pt //eos/home-y/yiyu/monobc/Rivet_New/X1000_Qd20.yoda.gz/JetMETAnalysis/bb_pt //eos/home-y/yiyu/monobc/Rivet_New/X1000_Qd40.yoda.gz/JetMETAnalysis/bb_pt //eos/home-y/yiyu/monobc/Rivet_New/X1200_Qd10.yoda.gz/JetMETAnalysis/bb_pt //eos/home-y/yiyu/monobc/Rivet_New/X1200_Qd20.yoda.gz/JetMETAnalysis/bb_pt //eos/home-y/yiyu/monobc/Rivet_New/X1200_Qd40.yoda.gz/JetMETAnalysis/bb_pt //eos/home-y/yiyu/monobc/Rivet_New/X1500_Qd10.yoda.gz/JetMETAnalysis/bb_pt //eos/home-y/yiyu/monobc/Rivet_New/X1500_Qd20.yoda.gz/JetMETAnalysis/bb_pt //eos/home-y/yiyu/monobc/Rivet_New/X1500_Qd40.yoda.gz/JetMETAnalysis/bb_pt //eos/home-y/yiyu/monobc/Rivet_New/X2000_Qd10.yoda.gz/JetMETAnalysis/bb_pt //eos/home-y/yiyu/monobc/Rivet_New/X2000_Qd20.yoda.gz/JetMETAnalysis/bb_pt //eos/home-y/yiyu/monobc/Rivet_New/X2000_Qd40.yoda.gz/JetMETAnalysis/bb_pt //eos/home-y/yiyu/monobc/Rivet_New/X600_Qd10.yoda.gz/JetMETAnalysis/bb_pt //eos/home-y/yiyu/monobc/Rivet_New/X600_Qd20.yoda.gz/JetMETAnalysis/bb_pt //eos/home-y/yiyu/monobc/Rivet_New/X600_Qd40.yoda.gz/JetMETAnalysis/bb_pt //eos/home-y/yiyu/monobc/Rivet_New/X800_Qd10.yoda.gz/JetMETAnalysis/bb_pt //eos/home-y/yiyu/monobc/Rivet_New/X800_Qd20.yoda.gz/JetMETAnalysis/bb_pt //eos/home-y/yiyu/monobc/Rivet_New/X800_Qd40.yoda.gz/JetMETAnalysis/bb_pt
LegendOnly=//eos/home-y/yiyu/monobc/Rivet_New/X1000_Qd10.yoda.gz/JetMETAnalysis/bb_pt //eos/home-y/yiyu/monobc/Rivet_New/X1000_Qd20.yoda.gz/JetMETAnalysis/bb_pt //eos/home-y/yiyu/monobc/Rivet_New/X1000_Qd40.yoda.gz/JetMETAnalysis/bb_pt //eos/home-y/yiyu/monobc/Rivet_New/X1200_Qd10.yoda.gz/JetMETAnalysis/bb_pt //eos/home-y/yiyu/monobc/Rivet_New/X1200_Qd20.yoda.gz/JetMETAnalysis/bb_pt //eos/home-y/yiyu/monobc/Rivet_New/X1200_Qd40.yoda.gz/JetMETAnalysis/bb_pt //eos/home-y/yiyu/monobc/Rivet_New/X1500_Qd10.yoda.gz/JetMETAnalysis/bb_pt //eos/home-y/yiyu/monobc/Rivet_New/X1500_Qd20.yoda.gz/JetMETAnalysis/bb_pt //eos/home-y/yiyu/monobc/Rivet_New/X1500_Qd40.yoda.gz/JetMETAnalysis/bb_pt //eos/home-y/yiyu/monobc/Rivet_New/X2000_Qd10.yoda.gz/JetMETAnalysis/bb_pt //eos/home-y/yiyu/monobc/Rivet_New/X2000_Qd20.yoda.gz/JetMETAnalysis/bb_pt //eos/home-y/yiyu/monobc/Rivet_New/X2000_Qd40.yoda.gz/JetMETAnalysis/bb_pt //eos/home-y/yiyu/monobc/Rivet_New/X600_Qd10.yoda.gz/JetMETAnalysis/bb_pt //eos/home-y/yiyu/monobc/Rivet_New/X600_Qd20.yoda.gz/JetMETAnalysis/bb_pt //eos/home-y/yiyu/monobc/Rivet_New/X600_Qd40.yoda.gz/JetMETAnalysis/bb_pt //eos/home-y/yiyu/monobc/Rivet_New/X800_Qd10.yoda.gz/JetMETAnalysis/bb_pt //eos/home-y/yiyu/monobc/Rivet_New/X800_Qd20.yoda.gz/JetMETAnalysis/bb_pt //eos/home-y/yiyu/monobc/Rivet_New/X800_Qd40.yoda.gz/JetMETAnalysis/bb_pt
RatioPlot=1
RatioPlotReference=//eos/home-y/yiyu/monobc/Rivet_New/X1000_Qd10.yoda.gz/JetMETAnalysis/bb_pt
RatioPlotYLabel=Ratio
# END PLOT

# BEGIN HISTO1D //eos/home-y/yiyu/monobc/Rivet_New/X1000_Qd10.yoda.gz/JetMETAnalysis/bb_pt
ErrorBars=1
LineColor=red
LineStyle=solid
Path=//eos/home-y/yiyu/monobc/Rivet_New/X1000_Qd10.yoda.gz/JetMETAnalysis/bb_pt
ScaledBy=1.57872041894473936e-05
Title=X1000_Qd10
# xlow	 xhigh	 val	 errminus	 errplus
2.000000e+01	2.162765e+01	1.131882e-03	5.061929e-04	5.061929e-04
2.162765e+01	2.338777e+01	6.280163e-04	4.680958e-04	4.680958e-04
2.338777e+01	2.529113e+01	1.935848e-04	1.935847e-04	1.935847e-04
2.529113e+01	2.734939e+01	1.253112e-03	4.736318e-04	4.736318e-04
2.734939e+01	2.957515e+01	1.324353e-03	4.682295e-04	4.682295e-04
2.957515e+01	3.198206e+01	9.185092e-04	3.749798e-04	3.749798e-04
3.198206e+01	3.458484e+01	2.265033e-03	5.662584e-04	5.662584e-04
3.458484e+01	3.739945e+01	1.047283e-03	3.702703e-04	3.702703e-04
3.739945e+01	4.044311e+01	1.452704e-03	4.193595e-04	4.193595e-04
4.044311e+01	4.373448e+01	2.015059e-03	4.749540e-04	4.749540e-04
4.373448e+01	4.729371e+01	1.863410e-03	4.629680e-04	4.629680e-04
4.729371e+01	5.114260e+01	2.297565e-03	4.881387e-04	4.881387e-04
5.114260e+01	5.530472e+01	1.682020e-03	3.858818e-04	3.858818e-04
5.530472e+01	5.980556e+01	2.046626e-03	4.093252e-04	4.093252e-04
5.980556e+01	6.467270e+01	2.422525e-03	4.414258e-04	4.414258e-04
6.467270e+01	6.993594e+01	2.520237e-03	4.315496e-04	4.315496e-04
6.993594e+01	7.562751e+01	2.589525e-03	4.094397e-04	4.094397e-04
7.562751e+01	8.178228e+01	3.113033e-03	4.479961e-04	4.479961e-04
8.178228e+01	8.843794e+01	2.934113e-03	4.105654e-04	4.105654e-04
8.843794e+01	9.563525e+01	3.532409e-03	4.492285e-04	4.492285e-04
9.563525e+01	1.034183e+02	3.597956e-03	4.286958e-04	4.286958e-04
1.034183e+02	1.118348e+02	4.334068e-03	4.443030e-04	4.443030e-04
1.118348e+02	1.209362e+02	4.534212e-03	4.322513e-04	4.322513e-04
1.209362e+02	1.307783e+02	4.829409e-03	4.381922e-04	4.381922e-04
1.307783e+02	1.414214e+02	4.846765e-03	4.183120e-04	4.183120e-04
1.414214e+02	1.529306e+02	4.866206e-03	4.049552e-04	4.049552e-04
1.529306e+02	1.653765e+02	5.032858e-03	4.015824e-04	4.015824e-04
1.653765e+02	1.788353e+02	5.667037e-03	3.995540e-04	3.995540e-04
1.788353e+02	1.933894e+02	5.721569e-03	3.872707e-04	3.872707e-04
1.933894e+02	2.091279e+02	5.571931e-03	3.701679e-04	3.701679e-04
2.091279e+02	2.261473e+02	6.213404e-03	3.705797e-04	3.705797e-04
2.261473e+02	2.445518e+02	6.926985e-03	3.798562e-04	3.798562e-04
2.445518e+02	2.644540e+02	6.535303e-03	3.594692e-04	3.594692e-04
2.644540e+02	2.859760e+02	7.258977e-03	3.582997e-04	3.582997e-04
2.859760e+02	3.092495e+02	7.504273e-03	3.533012e-04	3.533012e-04
3.092495e+02	3.344170e+02	7.817956e-03	3.452148e-04	3.452148e-04
3.344170e+02	3.616328e+02	8.123109e-03	3.365621e-04	3.365621e-04
3.616328e+02	3.910634e+02	7.637000e-03	3.182066e-04	3.182066e-04
3.910634e+02	4.228892e+02	8.648351e-03	3.243751e-04	3.243751e-04
4.228892e+02	4.573051e+02	8.853977e-03	3.184964e-04	3.184964e-04
4.573051e+02	4.945218e+02	8.395567e-03	2.970130e-04	2.970130e-04
4.945218e+02	5.347672e+02	8.541958e-03	2.855829e-04	2.855829e-04
5.347672e+02	5.782880e+02	8.186940e-03	2.721106e-04	2.721106e-04
5.782880e+02	6.253506e+02	8.142344e-03	2.584815e-04	2.584815e-04
6.253506e+02	6.762433e+02	7.087928e-03	2.338184e-04	2.338184e-04
6.762433e+02	7.312778e+02	6.889257e-03	2.225554e-04	2.225554e-04
7.312778e+02	7.907911e+02	6.568911e-03	2.074760e-04	2.074760e-04
7.907911e+02	8.551478e+02	5.244375e-03	1.781296e-04	1.781296e-04
8.551478e+02	9.247420e+02	4.039648e-03	1.505890e-04	1.505890e-04
9.247420e+02	1.000000e+03	2.741747e-03	1.223015e-04	1.223015e-04
# END HISTO1D


# BEGIN HISTO1D //eos/home-y/yiyu/monobc/Rivet_New/X1000_Qd20.yoda.gz/JetMETAnalysis/bb_pt
ErrorBars=1
LineColor=blue
LineStyle=solid
Path=//eos/home-y/yiyu/monobc/Rivet_New/X1000_Qd20.yoda.gz/JetMETAnalysis/bb_pt
ScaledBy=1.59148787614182405e-05
Title=X1000_Qd20
# xlow	 xhigh	 val	 errminus	 errplus
2.000000e+01	2.162765e+01	2.053762e-03	6.845875e-04	6.845875e-04
2.162765e+01	2.338777e+01	4.220426e-04	2.984292e-04	2.984292e-04
2.338777e+01	2.529113e+01	2.341687e-03	6.759869e-04	6.759869e-04
2.529113e+01	2.734939e+01	1.082729e-03	4.420222e-04	4.420222e-04
2.734939e+01	2.957515e+01	1.501872e-03	5.006240e-04	5.006240e-04
2.957515e+01	3.198206e+01	1.080207e-03	4.082797e-04	4.082797e-04
3.198206e+01	3.458484e+01	1.855131e-03	5.145207e-04	5.145207e-04
3.458484e+01	3.739945e+01	1.979437e-03	5.110884e-04	5.110884e-04
3.739945e+01	4.044311e+01	2.318602e-03	5.852433e-04	5.852433e-04
4.044311e+01	4.373448e+01	1.467017e-03	4.370565e-04	4.370565e-04
4.373448e+01	4.729371e+01	1.669677e-03	4.174193e-04	4.174193e-04
4.729371e+01	5.114260e+01	2.316031e-03	4.920620e-04	4.920620e-04
5.114260e+01	5.530472e+01	1.874016e-03	4.089439e-04	4.089439e-04
5.530472e+01	5.980556e+01	2.558214e-03	4.882127e-04	4.882127e-04
5.980556e+01	6.467270e+01	1.526247e-03	3.579366e-04	3.579366e-04
6.467270e+01	6.993594e+01	3.175616e-03	4.837984e-04	4.837984e-04
6.993594e+01	7.562751e+01	4.111280e-03	5.261302e-04	5.261302e-04
7.562751e+01	8.178228e+01	3.077706e-03	4.556110e-04	4.556110e-04
8.178228e+01	8.843794e+01	2.957695e-03	4.358554e-04	4.358554e-04
8.843794e+01	9.563525e+01	3.715617e-03	4.439299e-04	4.439299e-04
9.563525e+01	1.034183e+02	3.913206e-03	4.373796e-04	4.373796e-04
1.034183e+02	1.118348e+02	3.839338e-03	4.478739e-04	4.478739e-04
1.118348e+02	1.209362e+02	3.713657e-03	4.019262e-04	4.019262e-04
1.209362e+02	1.307783e+02	3.849293e-03	3.958012e-04	3.958012e-04
1.307783e+02	1.414214e+02	4.501842e-03	4.054781e-04	4.054781e-04
1.414214e+02	1.529306e+02	4.453512e-03	3.926037e-04	3.926037e-04
1.529306e+02	1.653765e+02	5.789540e-03	4.241486e-04	4.241486e-04
1.653765e+02	1.788353e+02	5.464212e-03	3.941644e-04	3.941644e-04
1.788353e+02	1.933894e+02	5.869635e-03	3.970004e-04	3.970004e-04
1.933894e+02	2.091279e+02	6.065107e-03	3.856212e-04	3.856212e-04
2.091279e+02	2.261473e+02	6.132402e-03	3.773636e-04	3.773636e-04
2.261473e+02	2.445518e+02	6.982656e-03	3.902837e-04	3.902837e-04
2.445518e+02	2.644540e+02	6.345218e-03	3.550764e-04	3.550764e-04
2.644540e+02	2.859760e+02	6.954902e-03	3.582817e-04	3.582817e-04
2.859760e+02	3.092495e+02	7.293286e-03	3.557830e-04	3.557830e-04
3.092495e+02	3.344170e+02	8.264500e-03	3.566441e-04	3.566441e-04
3.344170e+02	3.616328e+02	7.942743e-03	3.376162e-04	3.376162e-04
3.616328e+02	3.910634e+02	8.342015e-03	3.341401e-04	3.341401e-04
3.910634e+02	4.228892e+02	8.321063e-03	3.198227e-04	3.198227e-04
4.228892e+02	4.573051e+02	8.612168e-03	3.120417e-04	3.120417e-04
4.573051e+02	4.945218e+02	8.283405e-03	2.943679e-04	2.943679e-04
4.945218e+02	5.347672e+02	8.453721e-03	2.886169e-04	2.886169e-04
5.347672e+02	5.782880e+02	8.227137e-03	2.714951e-04	2.714951e-04
5.782880e+02	6.253506e+02	8.065729e-03	2.591207e-04	2.591207e-04
6.253506e+02	6.762433e+02	7.626573e-03	2.428214e-04	2.428214e-04
6.762433e+02	7.312778e+02	7.214585e-03	2.269681e-04	2.269681e-04
7.312778e+02	7.907911e+02	6.084981e-03	2.005879e-04	2.005879e-04
7.907911e+02	8.551478e+02	5.459665e-03	1.834153e-04	1.834153e-04
8.551478e+02	9.247420e+02	4.157507e-03	1.534788e-04	1.534788e-04
9.247420e+02	1.000000e+03	2.773655e-03	1.202844e-04	1.202844e-04
# END HISTO1D


# BEGIN HISTO1D //eos/home-y/yiyu/monobc/Rivet_New/X1000_Qd40.yoda.gz/JetMETAnalysis/bb_pt
ErrorBars=1
LineColor=green
LineStyle=solid
Path=//eos/home-y/yiyu/monobc/Rivet_New/X1000_Qd40.yoda.gz/JetMETAnalysis/bb_pt
ScaledBy=1.57578455171900267e-05
Title=X1000_Qd40
# xlow	 xhigh	 val	 errminus	 errplus
2.000000e+01	2.162765e+01	1.121782e-03	5.016761e-04	5.016761e-04
2.162765e+01	2.338777e+01	4.149418e-04	2.934081e-04	2.934081e-04
2.338777e+01	2.529113e+01	7.674297e-04	3.837148e-04	3.837148e-04
2.529113e+01	2.734939e+01	1.064512e-03	4.345851e-04	4.345851e-04
2.734939e+01	2.957515e+01	1.312535e-03	4.640513e-04	4.640513e-04
2.957515e+01	3.198206e+01	9.103132e-04	3.716338e-04	3.716338e-04
3.198206e+01	3.458484e+01	1.683617e-03	4.860183e-04	4.860183e-04
3.458484e+01	3.739945e+01	7.784531e-04	3.669663e-04	3.669663e-04
3.739945e+01	4.044311e+01	2.519548e-03	5.498104e-04	5.498104e-04
4.044311e+01	4.373448e+01	1.331386e-03	3.843381e-04	3.843381e-04
4.373448e+01	4.729371e+01	4.103963e-04	2.901939e-04	2.901939e-04
4.729371e+01	5.114260e+01	3.036086e-03	5.532270e-04	5.532270e-04
5.114260e+01	5.530472e+01	1.842486e-03	4.386871e-04	4.386871e-04
5.530472e+01	5.980556e+01	1.703826e-03	3.718053e-04	3.718053e-04
5.980556e+01	6.467270e+01	2.550964e-03	4.625060e-04	4.625060e-04
6.467270e+01	6.993594e+01	2.636513e-03	4.276988e-04	4.276988e-04
6.993594e+01	7.562751e+01	2.566418e-03	4.255922e-04	4.255922e-04
7.562751e+01	8.178228e+01	3.085254e-03	4.359980e-04	4.359980e-04
8.178228e+01	8.843794e+01	2.907931e-03	4.142340e-04	4.142340e-04
8.843794e+01	9.563525e+01	3.094988e-03	4.027166e-04	4.027166e-04
9.563525e+01	1.034183e+02	3.659689e-03	4.196571e-04	4.196571e-04
1.034183e+02	1.118348e+02	3.774741e-03	4.360422e-04	4.360422e-04
1.118348e+02	1.209362e+02	3.209824e-03	3.677315e-04	3.677315e-04
1.209362e+02	1.307783e+02	3.784529e-03	3.926636e-04	3.926636e-04
1.307783e+02	1.414214e+02	4.288855e-03	3.956919e-04	3.956919e-04
1.414214e+02	1.529306e+02	4.695869e-03	3.859981e-04	3.859981e-04
1.529306e+02	1.653765e+02	4.782564e-03	3.903550e-04	3.903550e-04
1.653765e+02	1.788353e+02	5.263745e-03	3.837144e-04	3.837144e-04
1.788353e+02	1.933894e+02	5.745788e-03	3.927328e-04	3.927328e-04
1.933894e+02	2.091279e+02	5.452604e-03	3.734101e-04	3.734101e-04
2.091279e+02	2.261473e+02	5.943400e-03	3.672730e-04	3.672730e-04
2.261473e+02	2.445518e+02	6.785808e-03	3.722603e-04	3.722603e-04
2.445518e+02	2.644540e+02	6.366899e-03	3.524614e-04	3.524614e-04
2.644540e+02	2.859760e+02	7.703225e-03	3.662771e-04	3.662771e-04
2.859760e+02	3.092495e+02	7.453004e-03	3.526009e-04	3.526009e-04
3.092495e+02	3.344170e+02	7.777217e-03	3.415185e-04	3.415185e-04
3.344170e+02	3.616328e+02	7.473662e-03	3.261911e-04	3.261911e-04
3.616328e+02	3.910634e+02	8.238884e-03	3.282837e-04	3.282837e-04
3.910634e+02	4.228892e+02	8.617078e-03	3.231147e-04	3.231147e-04
4.228892e+02	4.573051e+02	8.127726e-03	3.027280e-04	3.027280e-04
4.573051e+02	4.945218e+02	8.124412e-03	2.880813e-04	2.880813e-04
4.945218e+02	5.347672e+02	8.102792e-03	2.786371e-04	2.786371e-04
5.347672e+02	5.782880e+02	8.172623e-03	2.685051e-04	2.685051e-04
5.782880e+02	6.253506e+02	8.131765e-03	2.564100e-04	2.564100e-04
6.253506e+02	6.762433e+02	7.713517e-03	2.421619e-04	2.421619e-04
6.762433e+02	7.312778e+02	7.146281e-03	2.249181e-04	2.249181e-04
7.312778e+02	7.907911e+02	6.375304e-03	2.048910e-04	2.048910e-04
7.907911e+02	8.551478e+02	5.384829e-03	1.804186e-04	1.804186e-04
8.551478e+02	9.247420e+02	4.255467e-03	1.543243e-04	1.543243e-04
9.247420e+02	1.000000e+03	2.659056e-03	1.184595e-04	1.184595e-04
# END HISTO1D


# BEGIN HISTO1D //eos/home-y/yiyu/monobc/Rivet_New/X1200_Qd10.yoda.gz/JetMETAnalysis/bb_pt
ErrorBars=1
LineColor=orange
LineStyle=solid
Path=//eos/home-y/yiyu/monobc/Rivet_New/X1200_Qd10.yoda.gz/JetMETAnalysis/bb_pt
ScaledBy=1.55131369446056310e-05
Title=X1200_Qd10
# xlow	 xhigh	 val	 errminus	 errplus
2.000000e+01	2.162765e+01	2.587107e-04	1.493667e-04	1.493667e-04
2.162765e+01	2.338777e+01	5.582259e-04	2.109896e-04	2.109896e-04
2.338777e+01	2.529113e+01	3.687256e-04	1.648991e-04	1.648991e-04
2.529113e+01	2.734939e+01	1.363904e-04	9.644262e-05	9.644262e-05
2.734939e+01	2.957515e+01	6.306318e-05	6.306319e-05	6.306319e-05
2.957515e+01	3.198206e+01	2.332676e-04	1.428466e-04	1.428466e-04
3.198206e+01	3.458484e+01	4.314264e-04	1.525323e-04	1.525323e-04
3.458484e+01	3.739945e+01	1.994785e-04	1.410526e-04	1.410526e-04
3.739945e+01	4.044311e+01	3.689335e-04	1.458338e-04	1.458338e-04
4.044311e+01	4.373448e+01	4.264592e-04	1.477298e-04	1.477298e-04
4.373448e+01	4.729371e+01	5.915473e-04	1.626008e-04	1.626008e-04
4.729371e+01	5.114260e+01	5.834971e-04	1.458743e-04	1.458743e-04
5.114260e+01	5.530472e+01	4.721366e-04	1.430790e-04	1.430790e-04
5.530472e+01	5.980556e+01	4.054190e-04	1.207831e-04	1.207831e-04
5.980556e+01	6.467270e+01	5.479413e-04	1.257063e-04	1.257063e-04
6.467270e+01	6.993594e+01	7.200536e-04	1.484848e-04	1.484848e-04
6.993594e+01	7.562751e+01	7.398495e-04	1.395074e-04	1.395074e-04
7.562751e+01	8.178228e+01	7.069751e-04	1.349200e-04	1.349200e-04
8.178228e+01	8.843794e+01	8.857526e-04	1.366746e-04	1.366746e-04
8.843794e+01	9.563525e+01	1.072622e-03	1.572319e-04	1.572319e-04
9.563525e+01	1.034183e+02	9.017257e-04	1.349579e-04	1.349579e-04
1.034183e+02	1.118348e+02	9.172451e-04	1.302530e-04	1.302530e-04
1.118348e+02	1.209362e+02	1.033287e-03	1.353292e-04	1.353292e-04
1.209362e+02	1.307783e+02	1.155184e-03	1.345431e-04	1.345431e-04
1.307783e+02	1.414214e+02	1.332010e-03	1.338458e-04	1.338458e-04
1.414214e+02	1.529306e+02	1.512275e-03	1.379793e-04	1.379793e-04
1.529306e+02	1.653765e+02	1.105233e-03	1.161130e-04	1.161130e-04
1.653765e+02	1.788353e+02	1.407932e-03	1.298416e-04	1.298416e-04
1.788353e+02	1.933894e+02	1.485216e-03	1.308211e-04	1.308211e-04
1.933894e+02	2.091279e+02	1.632082e-03	1.270688e-04	1.270688e-04
2.091279e+02	2.261473e+02	1.756668e-03	1.242576e-04	1.242576e-04
2.261473e+02	2.445518e+02	1.624463e-03	1.183965e-04	1.183965e-04
2.445518e+02	2.644540e+02	2.045272e-03	1.265555e-04	1.265555e-04
2.644540e+02	2.859760e+02	2.073952e-03	1.202572e-04	1.202572e-04
2.859760e+02	3.092495e+02	2.062617e-03	1.169463e-04	1.169463e-04
3.092495e+02	3.344170e+02	2.119326e-03	1.145699e-04	1.145699e-04
3.344170e+02	3.616328e+02	2.207379e-03	1.127579e-04	1.127579e-04
3.616328e+02	3.910634e+02	2.398961e-03	1.137657e-04	1.137657e-04
3.910634e+02	4.228892e+02	2.386009e-03	1.086599e-04	1.086599e-04
4.228892e+02	4.573051e+02	2.577580e-03	1.071321e-04	1.071321e-04
4.573051e+02	4.945218e+02	2.670236e-03	1.050624e-04	1.050624e-04
4.945218e+02	5.347672e+02	2.587866e-03	9.999400e-05	9.999400e-05
5.347672e+02	5.782880e+02	2.551136e-03	9.485614e-05	9.485614e-05
5.782880e+02	6.253506e+02	2.782660e-03	9.454997e-05	9.454997e-05
6.253506e+02	6.762433e+02	2.369147e-03	8.540987e-05	8.540987e-05
6.762433e+02	7.312778e+02	2.443344e-03	8.358366e-05	8.358366e-05
7.312778e+02	7.907911e+02	2.358523e-03	7.864889e-05	7.864889e-05
7.907911e+02	8.551478e+02	2.095964e-03	7.164258e-05	7.164258e-05
8.551478e+02	9.247420e+02	1.984615e-03	6.670984e-05	6.670984e-05
9.247420e+02	1.000000e+03	1.693509e-03	6.020540e-05	6.020540e-05
# END HISTO1D


# BEGIN HISTO1D //eos/home-y/yiyu/monobc/Rivet_New/X1200_Qd20.yoda.gz/JetMETAnalysis/bb_pt
ErrorBars=1
LineColor=lilac
LineStyle=solid
Path=//eos/home-y/yiyu/monobc/Rivet_New/X1200_Qd20.yoda.gz/JetMETAnalysis/bb_pt
ScaledBy=1.52017278918568426e-05
Title=X1200_Qd20
# xlow	 xhigh	 val	 errminus	 errplus
2.000000e+01	2.162765e+01	4.236051e-04	1.894419e-04	1.894419e-04
2.162765e+01	2.338777e+01	1.566895e-04	1.107962e-04	1.107962e-04
2.338777e+01	2.529113e+01	5.071416e-04	1.916815e-04	1.916815e-04
2.529113e+01	2.734939e+01	2.009894e-04	1.160413e-04	1.160413e-04
2.734939e+01	2.957515e+01	3.717278e-04	1.517573e-04	1.517573e-04
2.957515e+01	3.198206e+01	4.010425e-04	1.515798e-04	1.515798e-04
3.198206e+01	3.458484e+01	6.357641e-04	1.835293e-04	1.835293e-04
3.458484e+01	3.739945e+01	5.879159e-04	1.697167e-04	1.697167e-04
3.739945e+01	4.044311e+01	2.718362e-04	1.109767e-04	1.109767e-04
4.044311e+01	4.373448e+01	3.351702e-04	1.451330e-04	1.451330e-04
4.373448e+01	4.729371e+01	3.486892e-04	1.162297e-04	1.162297e-04
4.729371e+01	5.114260e+01	3.941027e-04	1.291779e-04	1.291779e-04
5.114260e+01	5.530472e+01	6.294934e-04	1.444157e-04	1.444157e-04
5.530472e+01	5.980556e+01	6.433952e-04	1.469341e-04	1.469341e-04
5.980556e+01	6.467270e+01	8.499622e-04	1.602704e-04	1.602704e-04
6.467270e+01	6.993594e+01	6.549965e-04	1.309993e-04	1.309993e-04
6.993594e+01	7.562751e+01	1.041810e-03	1.588745e-04	1.588745e-04
7.562751e+01	8.178228e+01	1.008214e-03	1.535993e-04	1.535993e-04
8.178228e+01	8.843794e+01	9.323383e-04	1.450304e-04	1.450304e-04
8.843794e+01	9.563525e+01	9.388106e-04	1.420899e-04	1.420899e-04
9.563525e+01	1.034183e+02	8.327223e-04	1.289853e-04	1.289853e-04
1.034183e+02	1.118348e+02	9.175054e-04	1.290080e-04	1.290080e-04
1.118348e+02	1.209362e+02	8.787634e-04	1.249391e-04	1.249391e-04
1.209362e+02	1.307783e+02	9.807593e-04	1.172231e-04	1.172231e-04
1.307783e+02	1.414214e+02	1.295639e-03	1.383364e-04	1.383364e-04
1.414214e+02	1.529306e+02	1.329933e-03	1.317952e-04	1.317952e-04
1.529306e+02	1.653765e+02	1.418195e-03	1.301564e-04	1.301564e-04
1.653765e+02	1.788353e+02	1.362691e-03	1.233758e-04	1.233758e-04
1.788353e+02	1.933894e+02	1.686501e-03	1.306001e-04	1.306001e-04
1.933894e+02	2.091279e+02	1.682248e-03	1.257542e-04	1.257542e-04
2.091279e+02	2.261473e+02	2.001266e-03	1.308965e-04	1.308965e-04
2.261473e+02	2.445518e+02	1.715788e-03	1.182300e-04	1.182300e-04
2.445518e+02	2.644540e+02	2.009320e-03	1.223850e-04	1.223850e-04
2.644540e+02	2.859760e+02	2.050310e-03	1.195251e-04	1.195251e-04
2.859760e+02	3.092495e+02	2.186336e-03	1.183524e-04	1.183524e-04
3.092495e+02	3.344170e+02	2.087551e-03	1.121551e-04	1.121551e-04
3.344170e+02	3.616328e+02	2.381381e-03	1.155401e-04	1.155401e-04
3.616328e+02	3.910634e+02	2.398960e-03	1.104817e-04	1.104817e-04
3.910634e+02	4.228892e+02	2.361399e-03	1.072761e-04	1.072761e-04
4.228892e+02	4.573051e+02	2.464156e-03	1.044066e-04	1.044066e-04
4.573051e+02	4.945218e+02	2.441741e-03	9.865915e-05	9.865915e-05
4.945218e+02	5.347672e+02	2.477275e-03	9.673085e-05	9.673085e-05
5.347672e+02	5.782880e+02	2.515797e-03	9.473796e-05	9.473796e-05
5.782880e+02	6.253506e+02	2.531571e-03	9.106780e-05	9.106780e-05
6.253506e+02	6.762433e+02	2.601165e-03	8.829964e-05	8.829964e-05
6.762433e+02	7.312778e+02	2.407911e-03	8.130763e-05	8.130763e-05
7.312778e+02	7.907911e+02	2.298528e-03	7.740521e-05	7.740521e-05
7.907911e+02	8.551478e+02	2.226250e-03	7.205924e-05	7.205924e-05
8.551478e+02	9.247420e+02	2.038893e-03	6.645924e-05	6.645924e-05
9.247420e+02	1.000000e+03	1.661907e-03	5.837575e-05	5.837575e-05
# END HISTO1D


# BEGIN HISTO1D //eos/home-y/yiyu/monobc/Rivet_New/X1200_Qd40.yoda.gz/JetMETAnalysis/bb_pt
ErrorBars=1
LineColor=red
LineStyle=dashed
Path=//eos/home-y/yiyu/monobc/Rivet_New/X1200_Qd40.yoda.gz/JetMETAnalysis/bb_pt
ScaledBy=1.53816275566518442e-05
Title=X1200_Qd40
# xlow	 xhigh	 val	 errminus	 errplus
2.000000e+01	2.162765e+01	1.704550e-04	1.205299e-04	1.205299e-04
2.162765e+01	2.338777e+01	0.000000e+00	-nan	-nan
2.338777e+01	2.529113e+01	2.915277e-04	1.457639e-04	1.457639e-04
2.529113e+01	2.734939e+01	4.717790e-04	2.021910e-04	2.021910e-04
2.734939e+01	2.957515e+01	4.362752e-04	1.648965e-04	1.648965e-04
2.957515e+01	3.198206e+01	2.881714e-04	1.288742e-04	1.288742e-04
3.198206e+01	3.458484e+01	2.131883e-04	1.065941e-04	1.065941e-04
3.458484e+01	3.739945e+01	2.957153e-04	1.394015e-04	1.394015e-04
3.739945e+01	4.044311e+01	5.469228e-04	1.705331e-04	1.705331e-04
4.044311e+01	4.373448e+01	3.793208e-04	1.397850e-04	1.397850e-04
4.373448e+01	4.729371e+01	5.066734e-04	1.405259e-04	1.405259e-04
4.729371e+01	5.114260e+01	5.406255e-04	1.395889e-04	1.395889e-04
5.114260e+01	5.530472e+01	4.999395e-04	1.374202e-04	1.374202e-04
5.530472e+01	5.980556e+01	4.931366e-04	1.232842e-04	1.232842e-04
5.980556e+01	6.467270e+01	8.835450e-04	1.637284e-04	1.637284e-04
6.467270e+01	6.993594e+01	9.488338e-04	1.581390e-04	1.581390e-04
6.993594e+01	7.562751e+01	3.899678e-04	1.089993e-04	1.089993e-04
7.562751e+01	8.178228e+01	6.986999e-04	1.294750e-04	1.294750e-04
8.178228e+01	8.843794e+01	1.000440e-03	1.614452e-04	1.614452e-04
8.843794e+01	9.563525e+01	9.251493e-04	1.389864e-04	1.389864e-04
9.563525e+01	1.034183e+02	8.733475e-04	1.345638e-04	1.345638e-04
1.034183e+02	1.118348e+02	1.153738e-03	1.417833e-04	1.417833e-04
1.118348e+02	1.209362e+02	1.158367e-03	1.328738e-04	1.328738e-04
1.209362e+02	1.307783e+02	1.099379e-03	1.276321e-04	1.276321e-04
1.307783e+02	1.414214e+02	1.264283e-03	1.373201e-04	1.373201e-04
1.414214e+02	1.529306e+02	1.084771e-03	1.193187e-04	1.193187e-04
1.529306e+02	1.653765e+02	1.148026e-03	1.246148e-04	1.246148e-04
1.653765e+02	1.788353e+02	1.587286e-03	1.327971e-04	1.327971e-04
1.788353e+02	1.933894e+02	1.849087e-03	1.374634e-04	1.374634e-04
1.933894e+02	2.091279e+02	1.718748e-03	1.280320e-04	1.280320e-04
2.091279e+02	2.261473e+02	1.752407e-03	1.244155e-04	1.244155e-04
2.261473e+02	2.445518e+02	1.831568e-03	1.222347e-04	1.222347e-04
2.445518e+02	2.644540e+02	1.979512e-03	1.219272e-04	1.219272e-04
2.644540e+02	2.859760e+02	1.720955e-03	1.099524e-04	1.099524e-04
2.859760e+02	3.092495e+02	2.074237e-03	1.174073e-04	1.174073e-04
3.092495e+02	3.344170e+02	2.111055e-03	1.136306e-04	1.136306e-04
3.344170e+02	3.616328e+02	2.319162e-03	1.136313e-04	1.136313e-04
3.616328e+02	3.910634e+02	2.370881e-03	1.112421e-04	1.112421e-04
3.910634e+02	4.228892e+02	2.567301e-03	1.118933e-04	1.118933e-04
4.228892e+02	4.573051e+02	2.511133e-03	1.047210e-04	1.047210e-04
4.573051e+02	4.945218e+02	2.515977e-03	1.013270e-04	1.013270e-04
4.945218e+02	5.347672e+02	2.612726e-03	9.954228e-05	9.954228e-05
5.347672e+02	5.782880e+02	2.645588e-03	9.668027e-05	9.668027e-05
5.782880e+02	6.253506e+02	2.658712e-03	9.227369e-05	9.227369e-05
6.253506e+02	6.762433e+02	2.515864e-03	8.572025e-05	8.572025e-05
6.762433e+02	7.312778e+02	2.437431e-03	8.210384e-05	8.210384e-05
7.312778e+02	7.907911e+02	2.316931e-03	7.786796e-05	7.786796e-05
7.907911e+02	8.551478e+02	2.166273e-03	7.165198e-05	7.165198e-05
8.551478e+02	9.247420e+02	1.929493e-03	6.514084e-05	6.514084e-05
9.247420e+02	1.000000e+03	1.714238e-03	5.909963e-05	5.909963e-05
# END HISTO1D


# BEGIN HISTO1D //eos/home-y/yiyu/monobc/Rivet_New/X1500_Qd10.yoda.gz/JetMETAnalysis/bb_pt
ErrorBars=1
LineColor=blue
LineStyle=dashed
Path=//eos/home-y/yiyu/monobc/Rivet_New/X1500_Qd10.yoda.gz/JetMETAnalysis/bb_pt
ScaledBy=1.46305397465780652e-05
Title=X1500_Qd10
# xlow	 xhigh	 val	 errminus	 errplus
2.000000e+01	2.162765e+01	4.217123e-05	2.981956e-05	2.981956e-05
2.162765e+01	2.338777e+01	5.849601e-05	3.377269e-05	3.377269e-05
2.338777e+01	2.529113e+01	9.015636e-05	4.031915e-05	4.031915e-05
2.529113e+01	2.734939e+01	1.667428e-05	1.667428e-05	1.667428e-05
2.734939e+01	2.957515e+01	6.167781e-05	3.083891e-05	3.083891e-05
2.957515e+01	3.198206e+01	4.277684e-05	2.469722e-05	2.469722e-05
3.198206e+01	3.458484e+01	3.955770e-05	2.948457e-05	2.948457e-05
3.458484e+01	3.739945e+01	1.219352e-05	1.219352e-05	1.219352e-05
3.739945e+01	4.044311e+01	4.510359e-05	2.255180e-05	2.255180e-05
4.044311e+01	4.373448e+01	3.128181e-05	2.331608e-05	2.331608e-05
4.373448e+01	4.729371e+01	8.678282e-05	3.198068e-05	3.198068e-05
4.729371e+01	5.114260e+01	3.566743e-05	2.819758e-05	2.819758e-05
5.114260e+01	5.530472e+01	1.071954e-04	3.399829e-05	3.399829e-05
5.530472e+01	5.980556e+01	9.912816e-05	3.143968e-05	3.143968e-05
5.980556e+01	6.467270e+01	6.346232e-05	2.338675e-05	2.338675e-05
6.467270e+01	6.993594e+01	1.173726e-04	3.324917e-05	3.324917e-05
6.993594e+01	7.562751e+01	6.632968e-05	2.486221e-05	2.486221e-05
7.562751e+01	8.178228e+01	1.115233e-04	2.950628e-05	2.950628e-05
8.178228e+01	8.843794e+01	1.650084e-04	2.916965e-05	2.916965e-05
8.843794e+01	9.563525e+01	1.096743e-04	2.567888e-05	2.567888e-05
9.563525e+01	1.034183e+02	1.234683e-04	2.788865e-05	2.788865e-05
1.034183e+02	1.118348e+02	1.671859e-04	2.912064e-05	2.912064e-05
1.118348e+02	1.209362e+02	2.149384e-04	2.993018e-05	2.993018e-05
1.209362e+02	1.307783e+02	1.778401e-04	2.811358e-05	2.811358e-05
1.307783e+02	1.414214e+02	1.676805e-04	2.697915e-05	2.697915e-05
1.414214e+02	1.529306e+02	1.818997e-04	2.683766e-05	2.683766e-05
1.529306e+02	1.653765e+02	2.123302e-04	2.572057e-05	2.572057e-05
1.653765e+02	1.788353e+02	2.116504e-04	2.612978e-05	2.612978e-05
1.788353e+02	1.933894e+02	2.664651e-04	2.719492e-05	2.719492e-05
1.933894e+02	2.091279e+02	3.009283e-04	2.792582e-05	2.792582e-05
2.091279e+02	2.261473e+02	2.278670e-04	2.510550e-05	2.510550e-05
2.261473e+02	2.445518e+02	2.722552e-04	2.459789e-05	2.459789e-05
2.445518e+02	2.644540e+02	2.483183e-04	2.326387e-05	2.326387e-05
2.644540e+02	2.859760e+02	3.412546e-04	2.531424e-05	2.531424e-05
2.859760e+02	3.092495e+02	3.421162e-04	2.476339e-05	2.476339e-05
3.092495e+02	3.344170e+02	3.095516e-04	2.334216e-05	2.334216e-05
3.344170e+02	3.616328e+02	3.417398e-04	2.422364e-05	2.422364e-05
3.616328e+02	3.910634e+02	3.906546e-04	2.340996e-05	2.340996e-05
3.910634e+02	4.228892e+02	3.720378e-04	2.315360e-05	2.315360e-05
4.228892e+02	4.573051e+02	4.008798e-04	2.300086e-05	2.300086e-05
4.573051e+02	4.945218e+02	4.223523e-04	2.220872e-05	2.220872e-05
4.945218e+02	5.347672e+02	3.803346e-04	2.007178e-05	2.007178e-05
5.347672e+02	5.782880e+02	4.242606e-04	2.056387e-05	2.056387e-05
5.782880e+02	6.253506e+02	4.623391e-04	2.026189e-05	2.026189e-05
6.253506e+02	6.762433e+02	4.943059e-04	1.999338e-05	1.999338e-05
6.762433e+02	7.312778e+02	4.670830e-04	1.892527e-05	1.892527e-05
7.312778e+02	7.907911e+02	4.630723e-04	1.817222e-05	1.817222e-05
7.907911e+02	8.551478e+02	4.340881e-04	1.704822e-05	1.704822e-05
8.551478e+02	9.247420e+02	4.221317e-04	1.625134e-05	1.625134e-05
9.247420e+02	1.000000e+03	4.081480e-04	1.515918e-05	1.515918e-05
# END HISTO1D


# BEGIN HISTO1D //eos/home-y/yiyu/monobc/Rivet_New/X1500_Qd20.yoda.gz/JetMETAnalysis/bb_pt
ErrorBars=1
LineColor=green
LineStyle=dashed
Path=//eos/home-y/yiyu/monobc/Rivet_New/X1500_Qd20.yoda.gz/JetMETAnalysis/bb_pt
ScaledBy=1.46551806770839469e-05
Title=X1500_Qd20
# xlow	 xhigh	 val	 errminus	 errplus
2.000000e+01	2.162765e+01	8.460990e-05	4.230495e-05	4.230495e-05
2.162765e+01	2.338777e+01	3.912100e-05	3.912100e-05	3.912100e-05
2.338777e+01	2.529113e+01	5.426535e-05	3.133011e-05	3.133011e-05
2.529113e+01	2.734939e+01	5.018146e-05	2.897228e-05	2.897228e-05
2.734939e+01	2.957515e+01	4.640505e-05	2.679196e-05	2.679196e-05
2.957515e+01	3.198206e+01	4.291249e-05	3.198508e-05	3.198508e-05
3.198206e+01	3.458484e+01	5.291085e-05	2.645543e-05	2.645543e-05
3.458484e+01	3.739945e+01	1.223218e-05	2.735200e-05	2.735200e-05
3.739945e+01	4.044311e+01	5.655826e-05	2.529363e-05	2.529363e-05
4.044311e+01	4.373448e+01	8.368266e-05	3.307848e-05	3.307848e-05
4.373448e+01	4.729371e+01	1.934622e-05	1.934622e-05	1.934622e-05
4.729371e+01	5.114260e+01	5.367080e-05	2.530066e-05	2.530066e-05
5.114260e+01	5.530472e+01	8.271946e-05	2.865486e-05	2.865486e-05
5.530472e+01	5.980556e+01	8.414365e-05	3.668535e-05	3.668535e-05
5.980556e+01	6.467270e+01	7.073729e-05	2.450411e-05	2.450411e-05
6.467270e+01	6.993594e+01	1.177448e-04	2.775271e-05	2.775271e-05
6.993594e+01	7.562751e+01	1.028346e-04	2.772042e-05	2.772042e-05
7.562751e+01	8.178228e+01	1.118769e-04	2.959985e-05	2.959985e-05
8.178228e+01	8.843794e+01	1.138030e-04	2.833295e-05	2.833295e-05
8.843794e+01	9.563525e+01	1.578577e-04	3.208916e-05	3.208916e-05
9.563525e+01	1.034183e+02	1.194363e-04	2.690750e-05	2.690750e-05
1.034183e+02	1.118348e+02	1.595347e-04	2.978027e-05	2.978027e-05
1.118348e+02	1.209362e+02	1.550950e-04	2.701464e-05	2.701464e-05
1.209362e+02	1.307783e+02	1.189360e-04	2.522529e-05	2.522529e-05
1.307783e+02	1.414214e+02	1.682122e-04	2.999876e-05	2.999876e-05
1.414214e+02	1.529306e+02	2.064078e-04	2.590644e-05	2.590644e-05
1.529306e+02	1.653765e+02	1.825744e-04	2.504972e-05	2.504972e-05
1.653765e+02	1.788353e+02	2.276701e-04	2.545268e-05	2.545268e-05
1.788353e+02	1.933894e+02	2.460199e-04	2.676344e-05	2.676344e-05
1.933894e+02	2.091279e+02	2.559439e-04	2.688112e-05	2.688112e-05
2.091279e+02	2.261473e+02	2.690479e-04	2.614185e-05	2.614185e-05
2.261473e+02	2.445518e+02	3.011786e-04	2.665301e-05	2.665301e-05
2.445518e+02	2.644540e+02	3.183017e-04	2.679950e-05	2.679950e-05
2.644540e+02	2.859760e+02	3.087429e-04	2.452300e-05	2.452300e-05
2.859760e+02	3.092495e+02	3.668700e-04	2.570775e-05	2.570775e-05
3.092495e+02	3.344170e+02	3.693567e-04	2.507563e-05	2.507563e-05
3.344170e+02	3.616328e+02	3.276430e-04	2.322288e-05	2.322288e-05
3.616328e+02	3.910634e+02	3.626477e-04	2.333806e-05	2.333806e-05
3.910634e+02	4.228892e+02	3.494181e-04	2.219647e-05	2.219647e-05
4.228892e+02	4.573051e+02	3.671379e-04	2.216685e-05	2.216685e-05
4.573051e+02	4.945218e+02	4.320173e-04	2.233668e-05	2.233668e-05
4.945218e+02	5.347672e+02	4.414239e-04	2.140391e-05	2.140391e-05
5.347672e+02	5.782880e+02	4.287704e-04	2.035422e-05	2.035422e-05
5.782880e+02	6.253506e+02	4.579528e-04	2.053570e-05	2.053570e-05
6.253506e+02	6.762433e+02	4.505479e-04	1.993089e-05	1.993089e-05
6.762433e+02	7.312778e+02	4.548013e-04	1.902646e-05	1.902646e-05
7.312778e+02	7.907911e+02	4.483425e-04	1.780259e-05	1.780259e-05
7.907911e+02	8.551478e+02	4.376045e-04	1.700158e-05	1.700158e-05
8.551478e+02	9.247420e+02	4.378168e-04	1.648946e-05	1.648946e-05
9.247420e+02	1.000000e+03	4.213366e-04	1.527591e-05	1.527591e-05
# END HISTO1D


# BEGIN HISTO1D //eos/home-y/yiyu/monobc/Rivet_New/X1500_Qd40.yoda.gz/JetMETAnalysis/bb_pt
ErrorBars=1
LineColor=orange
LineStyle=dashed
Path=//eos/home-y/yiyu/monobc/Rivet_New/X1500_Qd40.yoda.gz/JetMETAnalysis/bb_pt
ScaledBy=1.45749876052156690e-05
Title=X1500_Qd40
# xlow	 xhigh	 val	 errminus	 errplus
2.000000e+01	2.162765e+01	2.095588e-05	2.095588e-05	2.095588e-05
2.162765e+01	2.338777e+01	3.875740e-05	2.740562e-05	2.740562e-05
2.338777e+01	2.529113e+01	3.584066e-05	2.534317e-05	2.534317e-05
2.529113e+01	2.734939e+01	8.285843e-05	3.705541e-05	3.705541e-05
2.734939e+01	2.957515e+01	4.597373e-05	2.654295e-05	2.654295e-05
2.957515e+01	3.198206e+01	2.834243e-05	2.004112e-05	2.004112e-05
3.198206e+01	3.458484e+01	7.862862e-05	3.210000e-05	3.210000e-05
3.458484e+01	3.739945e+01	7.271096e-05	2.968413e-05	2.968413e-05
3.739945e+01	4.044311e+01	2.241304e-05	1.584841e-05	1.584841e-05
4.044311e+01	4.373448e+01	-1.036311e-05	2.317262e-05	2.317262e-05
4.373448e+01	4.729371e+01	7.666566e-05	3.030476e-05	3.030476e-05
4.729371e+01	5.114260e+01	6.203394e-05	2.658597e-05	2.658597e-05
5.114260e+01	5.530472e+01	9.014569e-05	2.717995e-05	2.717995e-05
5.530472e+01	5.980556e+01	8.336159e-05	2.732404e-05	2.732404e-05
5.980556e+01	6.467270e+01	1.191357e-04	3.360911e-05	3.360911e-05
6.467270e+01	6.993594e+01	7.776693e-05	2.749476e-05	2.749476e-05
6.993594e+01	7.562751e+01	9.588590e-05	3.055776e-05	3.055776e-05
7.562751e+01	8.178228e+01	7.204409e-05	2.657780e-05	2.657780e-05
8.178228e+01	8.843794e+01	1.229949e-04	2.806961e-05	2.806961e-05
8.843794e+01	9.563525e+01	1.089995e-04	2.552088e-05	2.552088e-05
9.563525e+01	1.034183e+02	1.358560e-04	2.806138e-05	2.806138e-05
1.034183e+02	1.118348e+02	1.296837e-04	2.688201e-05	2.688201e-05
1.118348e+02	1.209362e+02	1.873824e-04	2.854123e-05	2.854123e-05
1.209362e+02	1.307783e+02	1.663491e-04	2.857811e-05	2.857811e-05
1.307783e+02	1.414214e+02	1.281913e-04	2.482415e-05	2.482415e-05
1.414214e+02	1.529306e+02	1.867078e-04	2.634118e-05	2.634118e-05
1.529306e+02	1.653765e+02	1.918397e-04	2.389172e-05	2.389172e-05
1.653765e+02	1.788353e+02	2.154168e-04	2.694013e-05	2.694013e-05
1.788353e+02	1.933894e+02	2.156102e-04	2.524123e-05	2.524123e-05
1.933894e+02	2.091279e+02	2.535651e-04	2.663128e-05	2.663128e-05
2.091279e+02	2.261473e+02	2.645432e-04	2.535027e-05	2.535027e-05
2.261473e+02	2.445518e+02	2.353675e-04	2.366119e-05	2.366119e-05
2.445518e+02	2.644540e+02	3.084880e-04	2.542009e-05	2.542009e-05
2.644540e+02	2.859760e+02	3.090430e-04	2.387796e-05	2.387796e-05
2.859760e+02	3.092495e+02	3.400111e-04	2.478496e-05	2.478496e-05
3.092495e+02	3.344170e+02	3.442394e-04	2.362999e-05	2.362999e-05
3.344170e+02	3.616328e+02	3.897681e-04	2.509678e-05	2.509678e-05
3.616328e+02	3.910634e+02	3.894100e-04	2.408849e-05	2.408849e-05
3.910634e+02	4.228892e+02	3.761791e-04	2.240414e-05	2.240414e-05
4.228892e+02	4.573051e+02	3.944491e-04	2.224964e-05	2.224964e-05
4.573051e+02	4.945218e+02	4.105888e-04	2.149366e-05	2.149366e-05
4.945218e+02	5.347672e+02	4.178279e-04	2.128949e-05	2.128949e-05
5.347672e+02	5.782880e+02	4.490809e-04	2.051234e-05	2.051234e-05
5.782880e+02	6.253506e+02	4.551459e-04	2.016329e-05	2.016329e-05
6.253506e+02	6.762433e+02	4.369774e-04	1.935505e-05	1.935505e-05
6.762433e+02	7.312778e+02	4.772243e-04	1.904223e-05	1.904223e-05
7.312778e+02	7.907911e+02	4.378710e-04	1.773926e-05	1.773926e-05
7.907911e+02	8.551478e+02	4.282373e-04	1.720654e-05	1.720654e-05
8.551478e+02	9.247420e+02	4.410993e-04	1.656254e-05	1.656254e-05
9.247420e+02	1.000000e+03	4.328303e-04	1.542964e-05	1.542964e-05
# END HISTO1D


# BEGIN HISTO1D //eos/home-y/yiyu/monobc/Rivet_New/X2000_Qd10.yoda.gz/JetMETAnalysis/bb_pt
ErrorBars=1
LineColor=lilac
LineStyle=dashed
Path=//eos/home-y/yiyu/monobc/Rivet_New/X2000_Qd10.yoda.gz/JetMETAnalysis/bb_pt
ScaledBy=1.44651624061781982e-05
Title=X2000_Qd10
# xlow	 xhigh	 val	 errminus	 errplus
2.000000e+01	2.162765e+01	5.323329e-06	3.764162e-06	3.764162e-06
2.162765e+01	2.338777e+01	2.461342e-06	2.461342e-06	2.461342e-06
2.338777e+01	2.529113e+01	-2.276111e-06	3.942339e-06	3.942339e-06
2.529113e+01	2.734939e+01	2.104816e-06	2.104816e-06	2.104816e-06
2.734939e+01	2.957515e+01	1.167851e-05	5.505300e-06	5.505300e-06
2.957515e+01	3.198206e+01	-1.799925e-06	3.117562e-06	3.117562e-06
3.198206e+01	3.458484e+01	1.664473e-06	3.721876e-06	3.721876e-06
3.458484e+01	3.739945e+01	4.617610e-06	4.072350e-06	4.072350e-06
3.739945e+01	4.044311e+01	1.423371e-06	3.182755e-06	3.182755e-06
4.044311e+01	4.373448e+01	2.632495e-06	1.861455e-06	1.861455e-06
4.373448e+01	4.729371e+01	4.868758e-06	2.434379e-06	2.434379e-06
4.729371e+01	5.114260e+01	7.879105e-06	3.733148e-06	3.733148e-06
5.114260e+01	5.530472e+01	6.245267e-06	2.549620e-06	2.549620e-06
5.530472e+01	5.980556e+01	0.000000e+00	-nan	-nan
5.980556e+01	6.467270e+01	7.120827e-06	2.517593e-06	2.517593e-06
6.467270e+01	6.993594e+01	3.292464e-06	2.016215e-06	2.016215e-06
6.993594e+01	7.562751e+01	3.805855e-06	2.744441e-06	2.744441e-06
7.562751e+01	8.178228e+01	4.223318e-06	2.225884e-06	2.225884e-06
8.178228e+01	8.843794e+01	9.112787e-06	3.053054e-06	3.053054e-06
8.843794e+01	9.563525e+01	6.621202e-06	2.481810e-06	2.481810e-06
9.563525e+01	1.034183e+02	8.906037e-06	2.726906e-06	2.726906e-06
1.034183e+02	1.118348e+02	4.632605e-06	2.573670e-06	2.573670e-06
1.118348e+02	1.209362e+02	6.663987e-06	2.232634e-06	2.232634e-06
1.209362e+02	1.307783e+02	5.722290e-06	2.200881e-06	2.200881e-06
1.307783e+02	1.414214e+02	7.733922e-06	2.669195e-06	2.669195e-06
1.414214e+02	1.529306e+02	5.646254e-06	2.289655e-06	2.289655e-06
1.529306e+02	1.653765e+02	1.079070e-05	2.849216e-06	2.849216e-06
1.653765e+02	1.788353e+02	1.319751e-05	2.861024e-06	2.861024e-06
1.788353e+02	1.933894e+02	1.250196e-05	2.525778e-06	2.525778e-06
1.933894e+02	2.091279e+02	8.257947e-06	2.431075e-06	2.431075e-06
2.091279e+02	2.261473e+02	9.163737e-06	2.519899e-06	2.519899e-06
2.261473e+02	2.445518e+02	1.365269e-05	2.491146e-06	2.491146e-06
2.445518e+02	2.644540e+02	1.066619e-05	2.334330e-06	2.334330e-06
2.644540e+02	2.859760e+02	1.187637e-05	2.616827e-06	2.616827e-06
2.859760e+02	3.092495e+02	1.377477e-05	2.339813e-06	2.339813e-06
3.092495e+02	3.344170e+02	1.755797e-05	2.446527e-06	2.446527e-06
3.344170e+02	3.616328e+02	1.559981e-05	2.546908e-06	2.546908e-06
3.616328e+02	3.910634e+02	1.810591e-05	2.256572e-06	2.256572e-06
3.910634e+02	4.228892e+02	2.123536e-05	2.326089e-06	2.326089e-06
4.228892e+02	4.573051e+02	1.724550e-05	2.283248e-06	2.283248e-06
4.573051e+02	4.945218e+02	1.781016e-05	2.223939e-06	2.223939e-06
4.945218e+02	5.347672e+02	1.840747e-05	2.090108e-06	2.090108e-06
5.347672e+02	5.782880e+02	1.732075e-05	2.106961e-06	2.106961e-06
5.782880e+02	6.253506e+02	2.200070e-05	2.084957e-06	2.084957e-06
6.253506e+02	6.762433e+02	2.196234e-05	2.025196e-06	2.025196e-06
6.762433e+02	7.312778e+02	2.149027e-05	2.033022e-06	2.033022e-06
7.312778e+02	7.907911e+02	2.540538e-05	1.981570e-06	1.981570e-06
7.907911e+02	8.551478e+02	2.430120e-05	1.914674e-06	1.914674e-06
8.551478e+02	9.247420e+02	2.209885e-05	1.826597e-06	1.826597e-06
9.247420e+02	1.000000e+03	1.986007e-05	1.731753e-06	1.731753e-06
# END HISTO1D


# BEGIN HISTO1D //eos/home-y/yiyu/monobc/Rivet_New/X2000_Qd20.yoda.gz/JetMETAnalysis/bb_pt
ErrorBars=1
LineColor=red
LineStyle=dashdotted
Path=//eos/home-y/yiyu/monobc/Rivet_New/X2000_Qd20.yoda.gz/JetMETAnalysis/bb_pt
ScaledBy=1.42285921865514894e-05
Title=X2000_Qd20
# xlow	 xhigh	 val	 errminus	 errplus
2.000000e+01	2.162765e+01	5.295588e-06	3.744546e-06	3.744546e-06
2.162765e+01	2.338777e+01	0.000000e+00	-nan	-nan
2.338777e+01	2.529113e+01	6.792751e-06	3.921795e-06	3.921795e-06
2.529113e+01	2.734939e+01	4.187694e-06	2.961147e-06	2.961147e-06
2.734939e+01	2.957515e+01	0.000000e+00	0.000000e+00	0.000000e+00
2.957515e+01	3.198206e+01	5.371638e-06	3.101316e-06	3.101316e-06
3.198206e+01	3.458484e+01	3.311599e-06	2.341654e-06	2.341654e-06
3.458484e+01	3.739945e+01	1.531183e-06	1.531183e-06	1.531183e-06
3.739945e+01	4.044311e+01	2.831908e-06	2.002461e-06	2.002461e-06
4.044311e+01	4.373448e+01	6.546942e-06	2.927882e-06	2.927882e-06
4.373448e+01	4.729371e+01	4.843387e-06	2.421693e-06	2.421693e-06
4.729371e+01	5.114260e+01	6.718324e-06	3.167049e-06	3.167049e-06
5.114260e+01	5.530472e+01	3.106362e-06	2.739552e-06	2.739552e-06
5.530472e+01	5.980556e+01	2.872586e-06	2.872585e-06	2.872585e-06
5.980556e+01	6.467270e+01	7.969185e-06	2.656395e-06	2.656395e-06
6.467270e+01	6.993594e+01	8.188268e-06	3.063769e-06	3.063769e-06
6.993594e+01	7.562751e+01	3.028818e-06	2.141698e-06	2.141698e-06
7.562751e+01	8.178228e+01	2.800873e-06	2.800873e-06	2.800873e-06
8.178228e+01	8.843794e+01	4.532649e-06	2.967315e-06	2.967315e-06
8.843794e+01	9.563525e+01	4.790326e-06	2.540453e-06	2.540453e-06
9.563525e+01	1.034183e+02	6.090993e-06	2.413638e-06	2.413638e-06
1.034183e+02	1.118348e+02	6.656671e-06	2.850982e-06	2.850982e-06
1.118348e+02	1.209362e+02	1.183796e-05	2.957123e-06	2.957123e-06
1.209362e+02	1.307783e+02	8.319765e-06	2.803815e-06	2.803815e-06
1.307783e+02	1.414214e+02	7.693619e-06	2.395582e-06	2.395582e-06
1.414214e+02	1.529306e+02	9.361380e-06	2.674146e-06	2.674146e-06
1.529306e+02	1.653765e+02	1.108074e-05	2.682220e-06	2.682220e-06
1.653765e+02	1.788353e+02	7.685113e-06	2.480358e-06	2.480358e-06
1.788353e+02	1.933894e+02	9.179551e-06	2.459713e-06	2.459713e-06
1.933894e+02	2.091279e+02	1.177471e-05	2.433859e-06	2.433859e-06
2.091279e+02	2.261473e+02	1.316753e-05	2.348282e-06	2.348282e-06
2.261473e+02	2.445518e+02	1.334738e-05	2.554434e-06	2.554434e-06
2.445518e+02	2.644540e+02	1.190986e-05	2.516002e-06	2.516002e-06
2.644540e+02	2.859760e+02	1.081325e-05	2.335243e-06	2.335243e-06
2.859760e+02	3.092495e+02	1.499921e-05	2.320242e-06	2.320242e-06
3.092495e+02	3.344170e+02	1.815144e-05	2.421699e-06	2.421699e-06
3.344170e+02	3.616328e+02	1.409335e-05	2.375283e-06	2.375283e-06
3.616328e+02	3.910634e+02	2.094026e-05	2.428357e-06	2.428357e-06
3.910634e+02	4.228892e+02	1.855182e-05	2.220967e-06	2.220967e-06
4.228892e+02	4.573051e+02	1.878354e-05	2.267895e-06	2.267895e-06
4.573051e+02	4.945218e+02	2.084394e-05	2.245439e-06	2.245439e-06
4.945218e+02	5.347672e+02	2.302329e-05	2.186739e-06	2.186739e-06
5.347672e+02	5.782880e+02	2.218178e-05	2.192030e-06	2.192030e-06
5.782880e+02	6.253506e+02	1.913884e-05	2.114136e-06	2.114136e-06
6.253506e+02	6.762433e+02	2.218662e-05	2.084616e-06	2.084616e-06
6.762433e+02	7.312778e+02	2.529372e-05	1.988795e-06	1.988795e-06
7.312778e+02	7.907911e+02	2.367985e-05	1.963247e-06	1.963247e-06
7.907911e+02	8.551478e+02	2.477725e-05	1.896438e-06	1.896438e-06
8.551478e+02	9.247420e+02	2.074516e-05	1.812853e-06	1.812853e-06
9.247420e+02	1.000000e+03	2.611304e-05	1.725582e-06	1.725582e-06
# END HISTO1D


# BEGIN HISTO1D //eos/home-y/yiyu/monobc/Rivet_New/X2000_Qd40.yoda.gz/JetMETAnalysis/bb_pt
ErrorBars=1
LineColor=blue
LineStyle=dashdotted
Path=//eos/home-y/yiyu/monobc/Rivet_New/X2000_Qd40.yoda.gz/JetMETAnalysis/bb_pt
ScaledBy=1.42928020099892123e-05
Title=X2000_Qd40
# xlow	 xhigh	 val	 errminus	 errplus
2.000000e+01	2.162765e+01	2.636604e-06	2.636605e-06	2.636605e-06
2.162765e+01	2.338777e+01	4.876337e-06	3.448091e-06	3.448091e-06
2.338777e+01	2.529113e+01	2.254681e-06	3.905222e-06	3.905222e-06
2.529113e+01	2.734939e+01	2.084998e-06	3.611324e-06	3.611324e-06
2.734939e+01	2.957515e+01	3.856184e-06	2.726733e-06	2.726733e-06
2.957515e+01	3.198206e+01	5.348937e-06	3.088210e-06	3.088210e-06
3.198206e+01	3.458484e+01	6.595210e-06	3.297604e-06	3.297604e-06
3.458484e+01	3.739945e+01	4.574136e-06	3.409360e-06	3.409360e-06
3.739945e+01	4.044311e+01	1.409970e-06	2.442140e-06	2.442140e-06
4.044311e+01	4.373448e+01	-1.303855e-06	2.915509e-06	2.915509e-06
4.373448e+01	4.729371e+01	6.028649e-06	2.696094e-06	2.696094e-06
4.729371e+01	5.114260e+01	1.114989e-06	2.493191e-06	2.493191e-06
5.114260e+01	5.530472e+01	1.031078e-06	2.305560e-06	2.305560e-06
5.530472e+01	5.980556e+01	3.813928e-06	2.335545e-06	2.335545e-06
5.980556e+01	6.467270e+01	2.645169e-06	2.924344e-06	2.924344e-06
6.467270e+01	6.993594e+01	7.338297e-06	2.704265e-06	2.704265e-06
6.993594e+01	7.562751e+01	4.524028e-06	2.611948e-06	2.611948e-06
7.562751e+01	8.178228e+01	4.880814e-06	2.091777e-06	2.091777e-06
8.178228e+01	8.843794e+01	7.737419e-06	3.024309e-06	3.024309e-06
8.843794e+01	9.563525e+01	-5.962601e-07	2.859563e-06	2.859563e-06
9.563525e+01	1.034183e+02	6.616639e-06	2.701231e-06	2.701231e-06
1.034183e+02	1.118348e+02	6.628539e-06	2.838934e-06	2.838934e-06
1.118348e+02	1.209362e+02	7.072762e-06	2.625298e-06	2.625298e-06
1.209362e+02	1.307783e+02	3.052224e-06	2.348104e-06	2.348104e-06
1.307783e+02	1.414214e+02	6.048242e-06	2.316300e-06	2.316300e-06
1.414214e+02	1.529306e+02	7.830332e-06	2.610111e-06	2.610111e-06
1.529306e+02	1.653765e+02	5.516958e-06	2.180769e-06	2.180769e-06
1.653765e+02	1.788353e+02	1.020351e-05	2.299330e-06	2.299330e-06
1.788353e+02	1.933894e+02	1.002535e-05	2.395481e-06	2.395481e-06
1.933894e+02	2.091279e+02	8.180201e-06	2.377111e-06	2.377111e-06
2.091279e+02	2.261473e+02	5.295184e-06	2.269364e-06	2.269364e-06
2.261473e+02	2.445518e+02	1.585590e-05	2.575502e-06	2.575502e-06
2.445518e+02	2.644540e+02	1.293768e-05	2.458536e-06	2.458536e-06
2.644540e+02	2.859760e+02	1.276155e-05	2.506409e-06	2.506409e-06
2.859760e+02	3.092495e+02	1.216994e-05	2.375737e-06	2.375737e-06
3.092495e+02	3.344170e+02	1.654008e-05	2.381131e-06	2.381131e-06
3.344170e+02	3.616328e+02	1.939501e-05	2.427499e-06	2.427499e-06
3.616328e+02	3.910634e+02	1.881034e-05	2.319355e-06	2.319355e-06
3.910634e+02	4.228892e+02	1.793405e-05	2.260372e-06	2.260372e-06
4.228892e+02	4.573051e+02	1.795599e-05	2.251416e-06	2.251416e-06
4.573051e+02	4.945218e+02	2.087117e-05	2.221033e-06	2.221033e-06
4.945218e+02	5.347672e+02	1.919386e-05	2.132651e-06	2.132651e-06
5.347672e+02	5.782880e+02	2.070754e-05	2.160378e-06	2.160378e-06
5.782880e+02	6.253506e+02	2.434676e-05	2.120942e-06	2.120942e-06
6.253506e+02	6.762433e+02	2.133394e-05	2.056880e-06	2.056880e-06
6.762433e+02	7.312778e+02	2.464098e-05	1.957228e-06	1.957228e-06
7.312778e+02	7.907911e+02	2.206549e-05	1.921415e-06	1.921415e-06
7.907911e+02	8.551478e+02	2.553942e-05	1.865920e-06	1.865920e-06
8.551478e+02	9.247420e+02	2.478901e-05	1.797804e-06	1.797804e-06
9.247420e+02	1.000000e+03	2.337960e-05	1.731485e-06	1.731485e-06
# END HISTO1D


# BEGIN HISTO1D //eos/home-y/yiyu/monobc/Rivet_New/X600_Qd10.yoda.gz/JetMETAnalysis/bb_pt
ErrorBars=1
LineColor=green
LineStyle=dashdotted
Path=//eos/home-y/yiyu/monobc/Rivet_New/X600_Qd10.yoda.gz/JetMETAnalysis/bb_pt
ScaledBy=1.84504652561335948e-05
Title=X600_Qd10
# xlow	 xhigh	 val	 errminus	 errplus
2.000000e+01	2.162765e+01	2.332084e-02	7.031497e-03	7.031497e-03
2.162765e+01	2.338777e+01	2.548670e-02	7.068739e-03	7.068739e-03
2.338777e+01	2.529113e+01	1.631677e-02	5.438922e-03	5.438922e-03
2.529113e+01	2.734939e+01	2.179494e-02	6.044828e-03	6.044828e-03
2.734939e+01	2.957515e+01	2.480585e-02	6.201462e-03	6.201462e-03
2.957515e+01	3.198206e+01	1.433681e-02	4.533698e-03	4.533698e-03
3.198206e+01	3.458484e+01	2.916740e-02	6.218511e-03	6.218511e-03
3.458484e+01	3.739945e+01	3.310229e-02	6.602270e-03	6.602270e-03
3.739945e+01	4.044311e+01	3.968117e-02	6.896317e-03	6.896317e-03
4.044311e+01	4.373448e+01	3.774316e-02	6.290528e-03	6.290528e-03
4.373448e+01	4.729371e+01	5.138451e-02	7.190148e-03	7.190148e-03
4.729371e+01	5.114260e+01	4.482776e-02	6.339602e-03	6.339602e-03
5.114260e+01	5.530472e+01	4.808679e-02	6.314107e-03	6.314107e-03
5.530472e+01	5.980556e+01	6.133508e-02	6.857470e-03	6.857470e-03
5.980556e+01	6.467270e+01	4.962915e-02	6.015960e-03	6.015960e-03
6.467270e+01	6.993594e+01	6.359619e-02	6.523445e-03	6.523445e-03
6.993594e+01	7.562751e+01	6.366045e-02	6.212623e-03	6.212623e-03
7.562751e+01	8.178228e+01	6.447607e-02	6.064481e-03	6.064481e-03
8.178228e+01	8.843794e+01	8.347324e-02	6.619347e-03	6.619347e-03
8.843794e+01	9.563525e+01	7.479403e-02	5.988315e-03	5.988315e-03
9.563525e+01	1.034183e+02	8.290950e-02	6.062943e-03	6.062943e-03
1.034183e+02	1.118348e+02	8.527944e-02	5.941426e-03	5.941426e-03
1.118348e+02	1.209362e+02	8.720314e-02	5.774951e-03	5.774951e-03
1.209362e+02	1.307783e+02	9.676845e-02	5.866833e-03	5.866833e-03
1.307783e+02	1.414214e+02	9.759121e-02	5.643723e-03	5.643723e-03
1.414214e+02	1.529306e+02	9.744300e-02	5.487692e-03	5.487692e-03
1.529306e+02	1.653765e+02	1.161717e-01	5.729281e-03	5.729281e-03
1.653765e+02	1.788353e+02	1.115310e-01	5.372030e-03	5.372030e-03
1.788353e+02	1.933894e+02	1.225795e-01	5.422231e-03	5.422231e-03
1.933894e+02	2.091279e+02	1.131355e-01	5.018973e-03	5.018973e-03
2.091279e+02	2.261473e+02	1.271264e-01	5.109226e-03	5.109226e-03
2.261473e+02	2.445518e+02	1.237464e-01	4.882062e-03	4.882062e-03
2.445518e+02	2.644540e+02	1.312524e-01	4.801856e-03	4.801856e-03
2.644540e+02	2.859760e+02	1.308338e-01	4.635889e-03	4.635889e-03
2.859760e+02	3.092495e+02	1.264736e-01	4.360726e-03	4.360726e-03
3.092495e+02	3.344170e+02	1.295699e-01	4.250442e-03	4.250442e-03
3.344170e+02	3.616328e+02	1.181700e-01	3.916206e-03	3.916206e-03
3.616328e+02	3.910634e+02	1.166639e-01	3.746504e-03	3.746504e-03
3.910634e+02	4.228892e+02	1.129798e-01	3.536747e-03	3.536747e-03
4.228892e+02	4.573051e+02	1.039758e-01	3.250534e-03	3.250534e-03
4.573051e+02	4.945218e+02	9.132946e-02	2.918848e-03	2.918848e-03
4.945218e+02	5.347672e+02	7.545342e-02	2.566553e-03	2.566553e-03
5.347672e+02	5.782880e+02	5.463045e-02	2.105282e-03	2.105282e-03
5.782880e+02	6.253506e+02	2.903567e-02	1.470109e-03	1.470109e-03
6.253506e+02	6.762433e+02	1.491694e-02	1.005700e-03	1.005700e-03
6.762433e+02	7.312778e+02	8.652798e-03	7.471738e-04	7.471738e-04
7.312778e+02	7.907911e+02	5.276426e-03	5.591650e-04	5.591650e-04
7.907911e+02	8.551478e+02	3.056283e-03	4.048146e-04	4.048146e-04
8.551478e+02	9.247420e+02	1.487513e-03	2.804881e-04	2.804881e-04
9.247420e+02	1.000000e+03	2.751129e-04	1.123144e-04	1.123144e-04
# END HISTO1D


# BEGIN HISTO1D //eos/home-y/yiyu/monobc/Rivet_New/X600_Qd20.yoda.gz/JetMETAnalysis/bb_pt
ErrorBars=1
LineColor=orange
LineStyle=dashdotted
Path=//eos/home-y/yiyu/monobc/Rivet_New/X600_Qd20.yoda.gz/JetMETAnalysis/bb_pt
ScaledBy=1.83664539082963119e-05
Title=X600_Qd20
# xlow	 xhigh	 val	 errminus	 errplus
2.000000e+01	2.162765e+01	2.940162e-02	7.857914e-03	7.857914e-03
2.162765e+01	2.338777e+01	2.330468e-02	6.727483e-03	6.727483e-03
2.338777e+01	2.529113e+01	3.591810e-02	8.423540e-03	8.423540e-03
2.529113e+01	2.734939e+01	3.985798e-02	8.135975e-03	8.135975e-03
2.734939e+01	2.957515e+01	2.457230e-02	6.143076e-03	6.143076e-03
2.957515e+01	3.198206e+01	2.556330e-02	6.025327e-03	6.025327e-03
3.198206e+01	3.458484e+01	5.121904e-02	8.201610e-03	8.201610e-03
3.458484e+01	3.739945e+01	2.428936e-02	5.431265e-03	5.431265e-03
3.739945e+01	4.044311e+01	3.369220e-02	6.151326e-03	6.151326e-03
4.044311e+01	4.373448e+01	4.673476e-02	6.966807e-03	6.966807e-03
4.373448e+01	4.729371e+01	3.553448e-02	5.841832e-03	5.841832e-03
4.729371e+01	5.114260e+01	3.818891e-02	5.823753e-03	5.823753e-03
5.114260e+01	5.530472e+01	5.174046e-02	6.518684e-03	6.518684e-03
5.530472e+01	5.980556e+01	5.544132e-02	6.664323e-03	6.664323e-03
5.980556e+01	6.467270e+01	5.267344e-02	6.082205e-03	6.082205e-03
6.467270e+01	6.993594e+01	5.975013e-02	6.229382e-03	6.229382e-03
6.993594e+01	7.562751e+01	6.906690e-02	6.440521e-03	6.440521e-03
7.562751e+01	8.178228e+01	6.442441e-02	6.033002e-03	6.033002e-03
8.178228e+01	8.843794e+01	7.292921e-02	6.163032e-03	6.163032e-03
8.843794e+01	9.563525e+01	7.076529e-02	5.797319e-03	5.797319e-03
9.563525e+01	1.034183e+02	8.783841e-02	6.242091e-03	6.242091e-03
1.034183e+02	1.118348e+02	9.097472e-02	6.078504e-03	6.078504e-03
1.118348e+02	1.209362e+02	8.750884e-02	5.732895e-03	5.732895e-03
1.209362e+02	1.307783e+02	8.960581e-02	5.664444e-03	5.664444e-03
1.307783e+02	1.414214e+02	9.731479e-02	5.609008e-03	5.609008e-03
1.414214e+02	1.529306e+02	9.801063e-02	5.444133e-03	5.444133e-03
1.529306e+02	1.653765e+02	1.051905e-01	5.416924e-03	5.416924e-03
1.653765e+02	1.788353e+02	1.155605e-01	5.500274e-03	5.500274e-03
1.788353e+02	1.933894e+02	1.197813e-01	5.335114e-03	5.335114e-03
1.933894e+02	2.091279e+02	1.138079e-01	4.971719e-03	4.971719e-03
2.091279e+02	2.261473e+02	1.193016e-01	4.952355e-03	4.952355e-03
2.261473e+02	2.445518e+02	1.212812e-01	4.767854e-03	4.767854e-03
2.445518e+02	2.644540e+02	1.252076e-01	4.662694e-03	4.662694e-03
2.644540e+02	2.859760e+02	1.195960e-01	4.387164e-03	4.387164e-03
2.859760e+02	3.092495e+02	1.276328e-01	4.369323e-03	4.369323e-03
3.092495e+02	3.344170e+02	1.293008e-01	4.212615e-03	4.212615e-03
3.344170e+02	3.616328e+02	1.170574e-01	3.875267e-03	3.875267e-03
3.616328e+02	3.910634e+02	1.174238e-01	3.707594e-03	3.707594e-03
3.910634e+02	4.228892e+02	1.078347e-01	3.443669e-03	3.443669e-03
4.228892e+02	4.573051e+02	1.084595e-01	3.297129e-03	3.297129e-03
4.573051e+02	4.945218e+02	8.881634e-02	2.876742e-03	2.876742e-03
4.945218e+02	5.347672e+02	7.440329e-02	2.542389e-03	2.542389e-03
5.347672e+02	5.782880e+02	5.097438e-02	2.013214e-03	2.013214e-03
5.782880e+02	6.253506e+02	3.406444e-02	1.582979e-03	1.582979e-03
6.253506e+02	6.762433e+02	1.564965e-02	1.042695e-03	1.042695e-03
6.762433e+02	7.312778e+02	8.509221e-03	7.269917e-04	7.269917e-04
7.312778e+02	7.907911e+02	5.513932e-03	5.743681e-04	5.743681e-04
7.907911e+02	8.551478e+02	2.390138e-03	3.641325e-04	3.641325e-04
8.551478e+02	9.247420e+02	1.866443e-03	3.027771e-04	3.027771e-04
9.247420e+02	1.000000e+03	7.721479e-04	1.872734e-04	1.872734e-04
# END HISTO1D


# BEGIN HISTO1D //eos/home-y/yiyu/monobc/Rivet_New/X600_Qd40.yoda.gz/JetMETAnalysis/bb_pt
ErrorBars=1
LineColor=lilac
LineStyle=dashdotted
Path=//eos/home-y/yiyu/monobc/Rivet_New/X600_Qd40.yoda.gz/JetMETAnalysis/bb_pt
ScaledBy=1.83500819647793534e-05
Title=X600_Qd40
# xlow	 xhigh	 val	 errminus	 errplus
2.000000e+01	2.162765e+01	5.357358e-02	1.050664e-02	1.050664e-02
2.162765e+01	2.338777e+01	1.905443e-02	6.025540e-03	6.025540e-03
2.338777e+01	2.529113e+01	1.938251e-02	6.353148e-03	6.353148e-03
2.529113e+01	2.734939e+01	3.258877e-02	7.287073e-03	7.287073e-03
2.734939e+01	2.957515e+01	4.219082e-02	7.973316e-03	7.973316e-03
2.957515e+01	3.198206e+01	1.950772e-02	5.213658e-03	5.213658e-03
3.198206e+01	3.458484e+01	3.350227e-02	6.818358e-03	6.818358e-03
3.458484e+01	3.739945e+01	2.740614e-02	5.714576e-03	5.714576e-03
3.739945e+01	4.044311e+01	3.856650e-02	6.518927e-03	6.518927e-03
4.044311e+01	4.373448e+01	4.381574e-02	6.681836e-03	6.681836e-03
4.373448e+01	4.729371e+01	4.051826e-02	6.178975e-03	6.178975e-03
4.729371e+01	5.114260e+01	5.228222e-02	6.749606e-03	6.749606e-03
5.114260e+01	5.530472e+01	4.270706e-02	6.083607e-03	6.083607e-03
5.530472e+01	5.980556e+01	4.918002e-02	6.053641e-03	6.053641e-03
5.980556e+01	6.467270e+01	5.236946e-02	6.163245e-03	6.163245e-03
6.467270e+01	6.993594e+01	4.779104e-02	5.734924e-03	5.734924e-03
6.993594e+01	7.562751e+01	5.185480e-02	5.833366e-03	5.833366e-03
7.562751e+01	8.178228e+01	7.083857e-02	6.212953e-03	6.212953e-03
8.178228e+01	8.843794e+01	6.097230e-02	5.588557e-03	5.588557e-03
8.843794e+01	9.563525e+01	7.409096e-02	5.912634e-03	5.912634e-03
9.563525e+01	1.034183e+02	7.497867e-02	5.716692e-03	5.716692e-03
1.034183e+02	1.118348e+02	8.407932e-02	5.842867e-03	5.842867e-03
1.118348e+02	1.209362e+02	7.885766e-02	5.490432e-03	5.490432e-03
1.209362e+02	1.307783e+02	8.655342e-02	5.430844e-03	5.430844e-03
1.307783e+02	1.414214e+02	1.033580e-01	5.724362e-03	5.724362e-03
1.414214e+02	1.529306e+02	1.019908e-01	5.498170e-03	5.498170e-03
1.529306e+02	1.653765e+02	1.110220e-01	5.482923e-03	5.482923e-03
1.653765e+02	1.788353e+02	1.021682e-01	5.058020e-03	5.058020e-03
1.788353e+02	1.933894e+02	1.041577e-01	4.953064e-03	4.953064e-03
1.933894e+02	2.091279e+02	1.186943e-01	5.047268e-03	5.047268e-03
2.091279e+02	2.261473e+02	1.168554e-01	4.814833e-03	4.814833e-03
2.261473e+02	2.445518e+02	1.206347e-01	4.709800e-03	4.709800e-03
2.445518e+02	2.644540e+02	1.211619e-01	4.543645e-03	4.543645e-03
2.644540e+02	2.859760e+02	1.285611e-01	4.502968e-03	4.502968e-03
2.859760e+02	3.092495e+02	1.216239e-01	4.211197e-03	4.211197e-03
3.092495e+02	3.344170e+02	1.249974e-01	4.090004e-03	4.090004e-03
3.344170e+02	3.616328e+02	1.180545e-01	3.841938e-03	3.841938e-03
3.616328e+02	3.910634e+02	1.210218e-01	3.762292e-03	3.762292e-03
3.910634e+02	4.228892e+02	1.066447e-01	3.382030e-03	3.382030e-03
4.228892e+02	4.573051e+02	1.034913e-01	3.196577e-03	3.196577e-03
4.573051e+02	4.945218e+02	8.813315e-02	2.838287e-03	2.838287e-03
4.945218e+02	5.347672e+02	7.566723e-02	2.524895e-03	2.524895e-03
5.347672e+02	5.782880e+02	5.332705e-02	2.033041e-03	2.033041e-03
5.782880e+02	6.253506e+02	3.221076e-02	1.535046e-03	1.535046e-03
6.253506e+02	6.762433e+02	1.522281e-02	1.023037e-03	1.023037e-03
6.762433e+02	7.312778e+02	8.409736e-03	7.363422e-04	7.363422e-04
7.312778e+02	7.907911e+02	4.621023e-03	5.164924e-04	5.164924e-04
7.907911e+02	8.551478e+02	3.178881e-03	4.070141e-04	4.070141e-04
8.551478e+02	9.247420e+02	1.445728e-03	2.726090e-04	2.726090e-04
9.247420e+02	1.000000e+03	1.024975e-03	2.137222e-04	2.137222e-04
# END HISTO1D


# BEGIN HISTO1D //eos/home-y/yiyu/monobc/Rivet_New/X800_Qd10.yoda.gz/JetMETAnalysis/bb_pt
ErrorBars=1
LineColor=red
LineStyle=dotted
Path=//eos/home-y/yiyu/monobc/Rivet_New/X800_Qd10.yoda.gz/JetMETAnalysis/bb_pt
ScaledBy=1.67247502780518323e-05
Title=X800_Qd10
# xlow	 xhigh	 val	 errminus	 errplus
2.000000e+01	2.162765e+01	3.252511e-03	1.454567e-03	1.454567e-03
2.162765e+01	2.338777e+01	1.804632e-03	1.041905e-03	1.041905e-03
2.338777e+01	2.529113e+01	3.893918e-03	1.471763e-03	1.471763e-03
2.529113e+01	2.734939e+01	7.201743e-03	1.924746e-03	1.924746e-03
2.734939e+01	2.957515e+01	1.427094e-03	8.239332e-04	8.239332e-04
2.957515e+01	3.198206e+01	6.598439e-03	1.703710e-03	1.703710e-03
3.198206e+01	3.458484e+01	7.322255e-03	1.725872e-03	1.725872e-03
3.458484e+01	3.739945e+01	6.395000e-03	1.551015e-03	1.551015e-03
3.739945e+01	4.044311e+01	6.261613e-03	1.475876e-03	1.475876e-03
4.044311e+01	4.373448e+01	8.363852e-03	1.702206e-03	1.702206e-03
4.373448e+01	4.729371e+01	8.924315e-03	1.629350e-03	1.629350e-03
4.729371e+01	5.114260e+01	6.051971e-03	1.347659e-03	1.347659e-03
5.114260e+01	5.530472e+01	7.886000e-03	1.547376e-03	1.547376e-03
5.530472e+01	5.980556e+01	7.057280e-03	1.330734e-03	1.330734e-03
5.980556e+01	6.467270e+01	1.152953e-02	1.583703e-03	1.583703e-03
6.467270e+01	6.993594e+01	1.106418e-02	1.491894e-03	1.491894e-03
6.993594e+01	7.562751e+01	1.227783e-02	1.556419e-03	1.556419e-03
7.562751e+01	8.178228e+01	1.238598e-02	1.479837e-03	1.479837e-03
8.178228e+01	8.843794e+01	1.209016e-02	1.440541e-03	1.440541e-03
8.843794e+01	9.563525e+01	1.426958e-02	1.448857e-03	1.448857e-03
9.563525e+01	1.034183e+02	1.632455e-02	1.514854e-03	1.514854e-03
1.034183e+02	1.118348e+02	1.597651e-02	1.417686e-03	1.417686e-03
1.118348e+02	1.209362e+02	1.779889e-02	1.457644e-03	1.457644e-03
1.209362e+02	1.307783e+02	2.076248e-02	1.509924e-03	1.509924e-03
1.307783e+02	1.414214e+02	1.910041e-02	1.378454e-03	1.378454e-03
1.414214e+02	1.529306e+02	2.069889e-02	1.404244e-03	1.404244e-03
1.529306e+02	1.653765e+02	2.126784e-02	1.350466e-03	1.350466e-03
1.653765e+02	1.788353e+02	2.037526e-02	1.285461e-03	1.285461e-03
1.788353e+02	1.933894e+02	2.364328e-02	1.323544e-03	1.323544e-03
1.933894e+02	2.091279e+02	2.374768e-02	1.274658e-03	1.274658e-03
2.091279e+02	2.261473e+02	2.600410e-02	1.274941e-03	1.274941e-03
2.261473e+02	2.445518e+02	2.807408e-02	1.294080e-03	1.294080e-03
2.445518e+02	2.644540e+02	2.638702e-02	1.206119e-03	1.206119e-03
2.644540e+02	2.859760e+02	2.745120e-02	1.178645e-03	1.178645e-03
2.859760e+02	3.092495e+02	2.979815e-02	1.174927e-03	1.174927e-03
3.092495e+02	3.344170e+02	2.898604e-02	1.117028e-03	1.117028e-03
3.344170e+02	3.616328e+02	3.267894e-02	1.136888e-03	1.136888e-03
3.616328e+02	3.910634e+02	2.892455e-02	1.035204e-03	1.035204e-03
3.910634e+02	4.228892e+02	2.721346e-02	9.630580e-04	9.630580e-04
4.228892e+02	4.573051e+02	2.845721e-02	9.537010e-04	9.537010e-04
4.573051e+02	4.945218e+02	3.032698e-02	9.435570e-04	9.435570e-04
4.945218e+02	5.347672e+02	2.943904e-02	8.956434e-04	8.956434e-04
5.347672e+02	5.782880e+02	2.625030e-02	8.065135e-04	8.065135e-04
5.782880e+02	6.253506e+02	2.364485e-02	7.376290e-04	7.376290e-04
6.253506e+02	6.762433e+02	2.086676e-02	6.699519e-04	6.699519e-04
6.762433e+02	7.312778e+02	1.625666e-02	5.664796e-04	5.664796e-04
7.312778e+02	7.907911e+02	1.124379e-02	4.514801e-04	4.514801e-04
7.907911e+02	8.551478e+02	5.626549e-03	3.086649e-04	3.086649e-04
8.551478e+02	9.247420e+02	2.631981e-03	2.024060e-04	2.024060e-04
9.247420e+02	1.000000e+03	1.336536e-03	1.385616e-04	1.385616e-04
# END HISTO1D


# BEGIN HISTO1D //eos/home-y/yiyu/monobc/Rivet_New/X800_Qd20.yoda.gz/JetMETAnalysis/bb_pt
ErrorBars=1
LineColor=blue
LineStyle=dotted
Path=//eos/home-y/yiyu/monobc/Rivet_New/X800_Qd20.yoda.gz/JetMETAnalysis/bb_pt
ScaledBy=1.67808876512372445e-05
Title=X800_Qd20
# xlow	 xhigh	 val	 errminus	 errplus
2.000000e+01	2.162765e+01	2.607747e-03	1.303874e-03	1.303874e-03
2.162765e+01	2.338777e+01	4.220095e-03	1.595046e-03	1.595046e-03
2.338777e+01	2.529113e+01	5.575009e-03	1.762973e-03	1.762973e-03
2.529113e+01	2.734939e+01	4.124357e-03	1.458180e-03	1.458180e-03
2.734939e+01	2.957515e+01	3.813978e-03	1.348445e-03	1.348445e-03
2.957515e+01	3.198206e+01	3.086062e-03	1.166422e-03	1.166422e-03
3.198206e+01	3.458484e+01	4.484578e-03	1.352152e-03	1.352152e-03
3.458484e+01	3.739945e+01	9.048145e-03	1.922361e-03	1.922361e-03
3.739945e+01	4.044311e+01	6.624055e-03	1.519662e-03	1.519662e-03
4.044311e+01	4.373448e+01	6.125525e-03	1.405292e-03	1.405292e-03
4.373448e+01	4.729371e+01	7.155199e-03	1.460549e-03	1.460549e-03
4.729371e+01	5.114260e+01	6.616713e-03	1.350631e-03	1.350631e-03
5.114260e+01	5.530472e+01	6.883600e-03	1.372938e-03	1.372938e-03
5.530472e+01	5.980556e+01	1.367417e-02	1.826201e-03	1.826201e-03
5.980556e+01	6.467270e+01	8.284689e-03	1.378868e-03	1.378868e-03
6.467270e+01	6.993594e+01	9.878919e-03	1.411274e-03	1.411274e-03
6.993594e+01	7.562751e+01	1.137272e-02	1.456127e-03	1.456127e-03
7.562751e+01	8.178228e+01	1.241330e-02	1.462921e-03	1.462921e-03
8.178228e+01	8.843794e+01	1.131967e-02	1.362187e-03	1.362187e-03
8.843794e+01	9.563525e+01	1.385875e-02	1.459517e-03	1.459517e-03
9.563525e+01	1.034183e+02	1.881463e-02	1.613172e-03	1.613172e-03
1.034183e+02	1.118348e+02	1.588567e-02	1.459444e-03	1.459444e-03
1.118348e+02	1.209362e+02	1.783815e-02	1.442129e-03	1.442129e-03
1.209362e+02	1.307783e+02	1.800509e-02	1.409863e-03	1.409863e-03
1.307783e+02	1.414214e+02	1.914254e-02	1.395810e-03	1.395810e-03
1.414214e+02	1.529306e+02	1.908498e-02	1.364405e-03	1.364405e-03
1.529306e+02	1.653765e+02	2.455459e-02	1.456906e-03	1.456906e-03
1.653765e+02	1.788353e+02	2.168167e-02	1.316929e-03	1.316929e-03
1.788353e+02	1.933894e+02	2.289343e-02	1.316406e-03	1.316406e-03
1.933894e+02	2.091279e+02	2.562045e-02	1.331482e-03	1.331482e-03
2.091279e+02	2.261473e+02	2.718371e-02	1.307822e-03	1.307822e-03
2.261473e+02	2.445518e+02	2.461900e-02	1.213513e-03	1.213513e-03
2.445518e+02	2.644540e+02	2.820468e-02	1.237826e-03	1.237826e-03
2.644540e+02	2.859760e+02	2.820200e-02	1.199623e-03	1.199623e-03
2.859760e+02	3.092495e+02	2.959031e-02	1.179282e-03	1.179282e-03
3.092495e+02	3.344170e+02	2.947159e-02	1.127404e-03	1.127404e-03
3.344170e+02	3.616328e+02	3.095750e-02	1.117844e-03	1.117844e-03
3.616328e+02	3.910634e+02	3.043055e-02	1.056115e-03	1.056115e-03
3.910634e+02	4.228892e+02	3.100774e-02	1.035203e-03	1.035203e-03
4.228892e+02	4.573051e+02	3.101741e-02	9.904836e-04	9.904836e-04
4.573051e+02	4.945218e+02	2.888271e-02	9.208115e-04	9.208115e-04
4.945218e+02	5.347672e+02	2.829111e-02	8.748709e-04	8.748709e-04
5.347672e+02	5.782880e+02	2.625942e-02	8.119613e-04	8.119613e-04
5.782880e+02	6.253506e+02	2.423812e-02	7.474626e-04	7.474626e-04
6.253506e+02	6.762433e+02	1.909882e-02	6.385758e-04	6.385758e-04
6.762433e+02	7.312778e+02	1.498140e-02	5.470530e-04	5.470530e-04
7.312778e+02	7.907911e+02	1.192830e-02	4.659752e-04	4.659752e-04
7.907911e+02	8.551478e+02	4.962942e-03	2.907722e-04	2.907722e-04
8.551478e+02	9.247420e+02	2.576797e-03	2.051317e-04	2.051317e-04
9.247420e+02	1.000000e+03	1.198485e-03	1.345038e-04	1.345038e-04
# END HISTO1D


# BEGIN HISTO1D //eos/home-y/yiyu/monobc/Rivet_New/X800_Qd40.yoda.gz/JetMETAnalysis/bb_pt
ErrorBars=1
LineColor=green
LineStyle=dotted
Path=//eos/home-y/yiyu/monobc/Rivet_New/X800_Qd40.yoda.gz/JetMETAnalysis/bb_pt
ScaledBy=1.67815229838021701e-05
Title=X800_Qd40
# xlow	 xhigh	 val	 errminus	 errplus
2.000000e+01	2.162765e+01	3.223933e-03	1.441787e-03	1.441787e-03
2.162765e+01	2.338777e+01	4.173811e-03	1.577552e-03	1.577552e-03
2.338777e+01	2.529113e+01	2.205545e-03	1.102773e-03	1.102773e-03
2.529113e+01	2.734939e+01	2.549451e-03	1.140149e-03	1.140149e-03
2.734939e+01	2.957515e+01	5.186705e-03	1.563850e-03	1.563850e-03
2.957515e+01	3.198206e+01	3.924277e-03	1.308092e-03	1.308092e-03
3.198206e+01	3.458484e+01	6.854702e-03	1.662509e-03	1.662509e-03
3.458484e+01	3.739945e+01	6.711679e-03	1.581958e-03	1.581958e-03
3.739945e+01	4.044311e+01	7.585837e-03	1.617306e-03	1.617306e-03
4.044311e+01	4.373448e+01	5.420624e-03	1.314694e-03	1.314694e-03
4.373448e+01	4.729371e+01	6.192131e-03	1.351234e-03	1.351234e-03
4.729371e+01	5.114260e+01	7.362159e-03	1.416848e-03	1.416848e-03
5.114260e+01	5.530472e+01	1.134684e-02	1.728667e-03	1.728667e-03
5.530472e+01	5.980556e+01	9.560207e-03	1.529036e-03	1.529036e-03
5.980556e+01	6.467270e+01	1.358450e-02	1.711486e-03	1.711486e-03
6.467270e+01	6.993594e+01	1.016937e-02	1.451649e-03	1.451649e-03
6.993594e+01	7.562751e+01	1.493585e-02	1.679902e-03	1.679902e-03
7.562751e+01	8.178228e+01	1.159509e-02	1.426639e-03	1.426639e-03
8.178228e+01	8.843794e+01	1.245699e-02	1.401520e-03	1.401520e-03
8.843794e+01	9.563525e+01	1.370675e-02	1.428705e-03	1.428705e-03
9.563525e+01	1.034183e+02	1.658564e-02	1.495477e-03	1.495477e-03
1.034183e+02	1.118348e+02	1.683368e-02	1.480659e-03	1.480659e-03
1.118348e+02	1.209362e+02	1.591285e-02	1.374083e-03	1.374083e-03
1.209362e+02	1.307783e+02	1.866067e-02	1.426645e-03	1.426645e-03
1.307783e+02	1.414214e+02	2.139777e-02	1.452575e-03	1.452575e-03
1.414214e+02	1.529306e+02	1.841973e-02	1.321422e-03	1.321422e-03
1.529306e+02	1.653765e+02	2.243016e-02	1.400894e-03	1.400894e-03
1.653765e+02	1.788353e+02	2.082006e-02	1.297808e-03	1.297808e-03
1.788353e+02	1.933894e+02	2.466140e-02	1.352892e-03	1.352892e-03
1.933894e+02	2.091279e+02	2.227205e-02	1.247520e-03	1.247520e-03
2.091279e+02	2.261473e+02	2.404902e-02	1.239434e-03	1.239434e-03
2.261473e+02	2.445518e+02	2.668694e-02	1.249320e-03	1.249320e-03
2.445518e+02	2.644540e+02	2.858086e-02	1.243407e-03	1.243407e-03
2.644540e+02	2.859760e+02	3.076973e-02	1.242272e-03	1.242272e-03
2.859760e+02	3.092495e+02	2.863446e-02	1.150551e-03	1.150551e-03
3.092495e+02	3.344170e+02	2.914836e-02	1.115039e-03	1.115039e-03
3.344170e+02	3.616328e+02	2.961537e-02	1.079727e-03	1.079727e-03
3.616328e+02	3.910634e+02	2.881305e-02	1.031053e-03	1.031053e-03
3.910634e+02	4.228892e+02	2.826041e-02	9.787812e-04	9.787812e-04
4.228892e+02	4.573051e+02	2.881706e-02	9.531586e-04	9.531586e-04
4.573051e+02	4.945218e+02	3.076549e-02	9.517019e-04	9.517019e-04
4.945218e+02	5.347672e+02	2.732889e-02	8.546000e-04	8.546000e-04
5.347672e+02	5.782880e+02	2.703248e-02	8.230819e-04	8.230819e-04
5.782880e+02	6.253506e+02	2.352630e-02	7.358935e-04	7.358935e-04
6.253506e+02	6.762433e+02	2.111649e-02	6.701213e-04	6.701213e-04
6.762433e+02	7.312778e+02	1.546546e-02	5.530189e-04	5.530189e-04
7.312778e+02	7.907911e+02	1.015747e-02	4.297899e-04	4.297899e-04
7.907911e+02	8.551478e+02	5.267273e-03	2.975811e-04	2.975811e-04
8.551478e+02	9.247420e+02	2.307254e-03	1.913449e-04	1.913449e-04
9.247420e+02	1.000000e+03	1.492135e-03	1.482394e-04	1.482394e-04
# END HISTO1D

