# BEGIN PLOT
Legend=1
LogY=1
LegendPlacement=manual
LegendAlign=r
LegendXPos=1.32
RightMargin=3.3
Title=$b$-jet $p_\mathrm{T}$ spectrum
XLabel=$p_\mathrm{T}^{b\mathrm{-jet}}$ [GeV]
YLabel=$\mathrm{d}\sigma/\mathrm{d}p_\mathrm{T}^{b\mathrm{-jet}}$ [pb/GeV]
LogX=1
DrawOnly=//eos/home-y/yiyu/monobc/Rivet/X1000_Qd10.yoda.gz/JetMETAnalysis/bjet_pt //eos/home-y/yiyu/monobc/Rivet/X1000_Qd20.yoda.gz/JetMETAnalysis/bjet_pt //eos/home-y/yiyu/monobc/Rivet/X1000_Qd40.yoda.gz/JetMETAnalysis/bjet_pt //eos/home-y/yiyu/monobc/Rivet/X1200_Qd10.yoda.gz/JetMETAnalysis/bjet_pt //eos/home-y/yiyu/monobc/Rivet/X1200_Qd20.yoda.gz/JetMETAnalysis/bjet_pt //eos/home-y/yiyu/monobc/Rivet/X1200_Qd40.yoda.gz/JetMETAnalysis/bjet_pt //eos/home-y/yiyu/monobc/Rivet/X1500_Qd10.yoda.gz/JetMETAnalysis/bjet_pt //eos/home-y/yiyu/monobc/Rivet/X1500_Qd20.yoda.gz/JetMETAnalysis/bjet_pt //eos/home-y/yiyu/monobc/Rivet/X1500_Qd40.yoda.gz/JetMETAnalysis/bjet_pt //eos/home-y/yiyu/monobc/Rivet/X2000_Qd10.yoda.gz/JetMETAnalysis/bjet_pt //eos/home-y/yiyu/monobc/Rivet/X2000_Qd20.yoda.gz/JetMETAnalysis/bjet_pt //eos/home-y/yiyu/monobc/Rivet/X2000_Qd40.yoda.gz/JetMETAnalysis/bjet_pt //eos/home-y/yiyu/monobc/Rivet/X600_Qd10.yoda.gz/JetMETAnalysis/bjet_pt //eos/home-y/yiyu/monobc/Rivet/X600_Qd20.yoda.gz/JetMETAnalysis/bjet_pt //eos/home-y/yiyu/monobc/Rivet/X600_Qd40.yoda.gz/JetMETAnalysis/bjet_pt //eos/home-y/yiyu/monobc/Rivet/X800_Qd10.yoda.gz/JetMETAnalysis/bjet_pt //eos/home-y/yiyu/monobc/Rivet/X800_Qd20.yoda.gz/JetMETAnalysis/bjet_pt //eos/home-y/yiyu/monobc/Rivet/X800_Qd40.yoda.gz/JetMETAnalysis/bjet_pt
LegendOnly=//eos/home-y/yiyu/monobc/Rivet/X1000_Qd10.yoda.gz/JetMETAnalysis/bjet_pt //eos/home-y/yiyu/monobc/Rivet/X1000_Qd20.yoda.gz/JetMETAnalysis/bjet_pt //eos/home-y/yiyu/monobc/Rivet/X1000_Qd40.yoda.gz/JetMETAnalysis/bjet_pt //eos/home-y/yiyu/monobc/Rivet/X1200_Qd10.yoda.gz/JetMETAnalysis/bjet_pt //eos/home-y/yiyu/monobc/Rivet/X1200_Qd20.yoda.gz/JetMETAnalysis/bjet_pt //eos/home-y/yiyu/monobc/Rivet/X1200_Qd40.yoda.gz/JetMETAnalysis/bjet_pt //eos/home-y/yiyu/monobc/Rivet/X1500_Qd10.yoda.gz/JetMETAnalysis/bjet_pt //eos/home-y/yiyu/monobc/Rivet/X1500_Qd20.yoda.gz/JetMETAnalysis/bjet_pt //eos/home-y/yiyu/monobc/Rivet/X1500_Qd40.yoda.gz/JetMETAnalysis/bjet_pt //eos/home-y/yiyu/monobc/Rivet/X2000_Qd10.yoda.gz/JetMETAnalysis/bjet_pt //eos/home-y/yiyu/monobc/Rivet/X2000_Qd20.yoda.gz/JetMETAnalysis/bjet_pt //eos/home-y/yiyu/monobc/Rivet/X2000_Qd40.yoda.gz/JetMETAnalysis/bjet_pt //eos/home-y/yiyu/monobc/Rivet/X600_Qd10.yoda.gz/JetMETAnalysis/bjet_pt //eos/home-y/yiyu/monobc/Rivet/X600_Qd20.yoda.gz/JetMETAnalysis/bjet_pt //eos/home-y/yiyu/monobc/Rivet/X600_Qd40.yoda.gz/JetMETAnalysis/bjet_pt //eos/home-y/yiyu/monobc/Rivet/X800_Qd10.yoda.gz/JetMETAnalysis/bjet_pt //eos/home-y/yiyu/monobc/Rivet/X800_Qd20.yoda.gz/JetMETAnalysis/bjet_pt //eos/home-y/yiyu/monobc/Rivet/X800_Qd40.yoda.gz/JetMETAnalysis/bjet_pt
RatioPlot=1
RatioPlotReference=//eos/home-y/yiyu/monobc/Rivet/X1000_Qd10.yoda.gz/JetMETAnalysis/bjet_pt
RatioPlotYLabel=Ratio
# END PLOT

# BEGIN HISTO1D //eos/home-y/yiyu/monobc/Rivet/X1000_Qd10.yoda.gz/JetMETAnalysis/bjet_pt
ErrorBars=1
LineColor=red
LineStyle=solid
Path=//eos/home-y/yiyu/monobc/Rivet/X1000_Qd10.yoda.gz/JetMETAnalysis/bjet_pt
ScaledBy=1.40377119385635185e-05
Title=X1000_Qd10
# xlow	 xhigh	 val	 errminus	 errplus
2.000000e+01	2.162765e+01	0.000000e+00	0.000000e+00	0.000000e+00
2.162765e+01	2.338777e+01	0.000000e+00	0.000000e+00	0.000000e+00
2.338777e+01	2.529113e+01	1.204926e-03	5.163967e-04	5.163967e-04
2.529113e+01	2.734939e+01	7.640541e-03	1.169714e-03	1.169714e-03
2.734939e+01	2.957515e+01	9.273538e-03	1.204876e-03	1.204876e-03
2.957515e+01	3.198206e+01	8.983950e-03	1.122478e-03	1.122478e-03
3.198206e+01	3.458484e+01	9.692513e-03	1.118818e-03	1.118818e-03
3.458484e+01	3.739945e+01	8.846643e-03	1.054076e-03	1.054076e-03
3.739945e+01	4.044311e+01	8.719108e-03	1.004030e-03	1.004030e-03
4.044311e+01	4.373448e+01	9.655575e-03	1.029671e-03	1.029671e-03
4.373448e+01	4.729371e+01	9.665324e-03	9.432389e-04	9.432389e-04
4.729371e+01	5.114260e+01	9.108177e-03	8.887118e-04	8.887118e-04
5.114260e+01	5.530472e+01	9.760908e-03	8.835963e-04	8.835963e-04
5.530472e+01	5.980556e+01	1.128291e-02	9.178848e-04	9.178848e-04
5.980556e+01	6.467270e+01	1.016451e-02	8.594154e-04	8.594154e-04
6.467270e+01	6.993594e+01	9.524044e-03	8.044300e-04	8.044300e-04
6.993594e+01	7.562751e+01	9.440499e-03	7.461150e-04	7.461150e-04
7.562751e+01	8.178228e+01	1.085929e-02	7.823448e-04	7.823448e-04
8.178228e+01	8.843794e+01	9.008306e-03	6.767417e-04	6.767417e-04
8.843794e+01	9.563525e+01	1.019673e-02	6.993088e-04	6.993088e-04
9.563525e+01	1.034183e+02	1.031334e-02	6.826707e-04	6.826707e-04
1.034183e+02	1.118348e+02	1.047138e-02	6.478754e-04	6.478754e-04
1.118348e+02	1.209362e+02	1.151927e-02	6.676582e-04	6.676582e-04
1.209362e+02	1.307783e+02	1.191731e-02	6.454897e-04	6.454897e-04
1.307783e+02	1.414214e+02	1.246723e-02	6.346138e-04	6.346138e-04
1.414214e+02	1.529306e+02	1.332245e-02	6.288513e-04	6.288513e-04
1.529306e+02	1.653765e+02	1.400453e-02	6.173596e-04	6.173596e-04
1.653765e+02	1.788353e+02	1.536053e-02	6.305770e-04	6.305770e-04
1.788353e+02	1.933894e+02	1.460974e-02	5.926038e-04	5.926038e-04
1.933894e+02	2.091279e+02	1.584180e-02	5.906331e-04	5.906331e-04
2.091279e+02	2.261473e+02	1.719058e-02	5.911459e-04	5.911459e-04
2.261473e+02	2.445518e+02	1.869168e-02	5.898754e-04	5.898754e-04
2.445518e+02	2.644540e+02	1.937575e-02	5.799199e-04	5.799199e-04
2.644540e+02	2.859760e+02	2.027705e-02	5.724337e-04	5.724337e-04
2.859760e+02	3.092495e+02	2.029956e-02	5.455774e-04	5.455774e-04
3.092495e+02	3.344170e+02	2.060744e-02	5.295928e-04	5.295928e-04
3.344170e+02	3.616328e+02	2.020012e-02	5.073218e-04	5.073218e-04
3.616328e+02	3.910634e+02	1.930337e-02	4.751801e-04	4.751801e-04
3.910634e+02	4.228892e+02	1.862269e-02	4.497869e-04	4.497869e-04
4.228892e+02	4.573051e+02	1.814458e-02	4.270099e-04	4.270099e-04
4.573051e+02	4.945218e+02	1.666464e-02	3.951690e-04	3.951690e-04
4.945218e+02	5.347672e+02	1.552450e-02	3.665168e-04	3.665168e-04
5.347672e+02	5.782880e+02	1.523691e-02	3.469473e-04	3.469473e-04
5.782880e+02	6.253506e+02	1.305991e-02	3.089871e-04	3.089871e-04
6.253506e+02	6.762433e+02	1.115002e-02	2.743378e-04	2.743378e-04
6.762433e+02	7.312778e+02	8.858314e-03	2.375306e-04	2.375306e-04
7.312778e+02	7.907911e+02	6.617190e-03	1.977261e-04	1.977261e-04
7.907911e+02	8.551478e+02	5.014477e-03	1.658239e-04	1.658239e-04
8.551478e+02	9.247420e+02	3.789709e-03	1.394151e-04	1.394151e-04
9.247420e+02	1.000000e+03	2.302959e-03	1.063696e-04	1.063696e-04
# END HISTO1D


# BEGIN HISTO1D //eos/home-y/yiyu/monobc/Rivet/X1000_Qd20.yoda.gz/JetMETAnalysis/bjet_pt
ErrorBars=1
LineColor=blue
LineStyle=solid
Path=//eos/home-y/yiyu/monobc/Rivet/X1000_Qd20.yoda.gz/JetMETAnalysis/bjet_pt
ScaledBy=1.41645627920069503e-05
Title=X1000_Qd20
# xlow	 xhigh	 val	 errminus	 errplus
2.000000e+01	2.162765e+01	0.000000e+00	0.000000e+00	0.000000e+00
2.162765e+01	2.338777e+01	0.000000e+00	0.000000e+00	0.000000e+00
2.338777e+01	2.529113e+01	1.389433e-03	4.912387e-04	4.912387e-04
2.529113e+01	2.734939e+01	9.636504e-03	1.304789e-03	1.304789e-03
2.734939e+01	2.957515e+01	1.009948e-02	1.260249e-03	1.260249e-03
2.957515e+01	3.198206e+01	8.377962e-03	1.107300e-03	1.107300e-03
3.198206e+01	3.458484e+01	6.985439e-03	9.588893e-04	9.588893e-04
3.458484e+01	3.739945e+01	9.395941e-03	1.076440e-03	1.076440e-03
3.739945e+01	4.044311e+01	1.086106e-02	1.096913e-03	1.096913e-03
4.044311e+01	4.373448e+01	8.637543e-03	9.528248e-04	9.528248e-04
4.373448e+01	4.729371e+01	9.659303e-03	9.562366e-04	9.562366e-04
4.729371e+01	5.114260e+01	8.073481e-03	8.674271e-04	8.674271e-04
5.114260e+01	5.530472e+01	1.008690e-02	9.159669e-04	9.159669e-04
5.530472e+01	5.980556e+01	9.474683e-03	8.406411e-04	8.406411e-04
5.980556e+01	6.467270e+01	9.237055e-03	8.318409e-04	8.318409e-04
6.467270e+01	6.993594e+01	8.855935e-03	7.717983e-04	7.717983e-04
6.993594e+01	7.562751e+01	9.699578e-03	7.814041e-04	7.814041e-04
7.562751e+01	8.178228e+01	1.106430e-02	7.783345e-04	7.783345e-04
8.178228e+01	8.843794e+01	9.486602e-03	7.041665e-04	7.041665e-04
8.843794e+01	9.563525e+01	1.258487e-02	7.767500e-04	7.767500e-04
9.563525e+01	1.034183e+02	1.189260e-02	7.232987e-04	7.232987e-04
1.034183e+02	1.118348e+02	1.127246e-02	6.791607e-04	6.791607e-04
1.118348e+02	1.209362e+02	1.205864e-02	6.872295e-04	6.872295e-04
1.209362e+02	1.307783e+02	1.125189e-02	6.399323e-04	6.399323e-04
1.307783e+02	1.414214e+02	1.105733e-02	6.118095e-04	6.118095e-04
1.414214e+02	1.529306e+02	1.441873e-02	6.649757e-04	6.649757e-04
1.529306e+02	1.653765e+02	1.357260e-02	6.155018e-04	6.155018e-04
1.653765e+02	1.788353e+02	1.481083e-02	6.140478e-04	6.140478e-04
1.788353e+02	1.933894e+02	1.587670e-02	6.132632e-04	6.132632e-04
1.933894e+02	2.091279e+02	1.686633e-02	6.120107e-04	6.120107e-04
2.091279e+02	2.261473e+02	1.695659e-02	5.932874e-04	5.932874e-04
2.261473e+02	2.445518e+02	1.817711e-02	5.869891e-04	5.869891e-04
2.445518e+02	2.644540e+02	1.963292e-02	5.872491e-04	5.872491e-04
2.644540e+02	2.859760e+02	1.961448e-02	5.641465e-04	5.641465e-04
2.859760e+02	3.092495e+02	2.045358e-02	5.523096e-04	5.523096e-04
3.092495e+02	3.344170e+02	2.095025e-02	5.423637e-04	5.423637e-04
3.344170e+02	3.616328e+02	2.111043e-02	5.190364e-04	5.190364e-04
3.616328e+02	3.910634e+02	1.936452e-02	4.778688e-04	4.778688e-04
3.910634e+02	4.228892e+02	1.889391e-02	4.547788e-04	4.547788e-04
4.228892e+02	4.573051e+02	1.768329e-02	4.281622e-04	4.281622e-04
4.573051e+02	4.945218e+02	1.694763e-02	3.992145e-04	3.992145e-04
4.945218e+02	5.347672e+02	1.547509e-02	3.662355e-04	3.662355e-04
5.347672e+02	5.782880e+02	1.458387e-02	3.435773e-04	3.435773e-04
5.782880e+02	6.253506e+02	1.250998e-02	3.041537e-04	3.041537e-04
6.253506e+02	6.762433e+02	1.173088e-02	2.840253e-04	2.840253e-04
6.762433e+02	7.312778e+02	9.058053e-03	2.408665e-04	2.408665e-04
7.312778e+02	7.907911e+02	7.320990e-03	2.070913e-04	2.070913e-04
7.907911e+02	8.551478e+02	5.049266e-03	1.660477e-04	1.660477e-04
8.551478e+02	9.247420e+02	3.738266e-03	1.372583e-04	1.372583e-04
9.247420e+02	1.000000e+03	2.314869e-03	1.071456e-04	1.071456e-04
# END HISTO1D


# BEGIN HISTO1D //eos/home-y/yiyu/monobc/Rivet/X1000_Qd40.yoda.gz/JetMETAnalysis/bjet_pt
ErrorBars=1
LineColor=green
LineStyle=solid
Path=//eos/home-y/yiyu/monobc/Rivet/X1000_Qd40.yoda.gz/JetMETAnalysis/bjet_pt
ScaledBy=1.40867871996726164e-05
Title=X1000_Qd40
# xlow	 xhigh	 val	 errminus	 errplus
2.000000e+01	2.162765e+01	0.000000e+00	0.000000e+00	0.000000e+00
2.162765e+01	2.338777e+01	0.000000e+00	0.000000e+00	0.000000e+00
2.338777e+01	2.529113e+01	1.372093e-03	4.851082e-04	4.851082e-04
2.529113e+01	2.734939e+01	9.357642e-03	1.258881e-03	1.258881e-03
2.734939e+01	2.957515e+01	8.800095e-03	1.173346e-03	1.173346e-03
2.957515e+01	3.198206e+01	9.087186e-03	1.126625e-03	1.126625e-03
3.198206e+01	3.458484e+01	8.528762e-03	1.078929e-03	1.078929e-03
3.458484e+01	3.739945e+01	8.350816e-03	1.024339e-03	1.024339e-03
3.739945e+01	4.044311e+01	7.722377e-03	9.100906e-04	9.100906e-04
4.044311e+01	4.373448e+01	8.926484e-03	9.818630e-04	9.818630e-04
4.373448e+01	4.729371e+01	1.018079e-02	9.835747e-04	9.835747e-04
4.729371e+01	5.114260e+01	7.548646e-03	8.179383e-04	8.179383e-04
5.114260e+01	5.530472e+01	8.313919e-03	8.374376e-04	8.374376e-04
5.530472e+01	5.980556e+01	8.486074e-03	8.237886e-04	8.237886e-04
5.980556e+01	6.467270e+01	8.451062e-03	7.588322e-04	7.588322e-04
6.467270e+01	6.993594e+01	9.241610e-03	7.671974e-04	7.671974e-04
6.993594e+01	7.562751e+01	1.015210e-02	7.759041e-04	7.759041e-04
7.562751e+01	8.178228e+01	1.066102e-02	7.667890e-04	7.667890e-04
8.178228e+01	8.843794e+01	9.319166e-03	6.936468e-04	6.936468e-04
8.843794e+01	9.563525e+01	9.933183e-03	7.012023e-04	7.012023e-04
9.563525e+01	1.034183e+02	1.040199e-02	6.892021e-04	6.892021e-04
1.034183e+02	1.118348e+02	1.241175e-02	7.151917e-04	7.151917e-04
1.118348e+02	1.209362e+02	1.140600e-02	6.495959e-04	6.495959e-04
1.209362e+02	1.307783e+02	1.303525e-02	6.691507e-04	6.691507e-04
1.307783e+02	1.414214e+02	1.248363e-02	6.352944e-04	6.352944e-04
1.414214e+02	1.529306e+02	1.145911e-02	5.976692e-04	5.976692e-04
1.529306e+02	1.653765e+02	1.316716e-02	6.128928e-04	6.128928e-04
1.653765e+02	1.788353e+02	1.445621e-02	6.078383e-04	6.078383e-04
1.788353e+02	1.933894e+02	1.561128e-02	6.060251e-04	6.060251e-04
1.933894e+02	2.091279e+02	1.657288e-02	6.036607e-04	6.036607e-04
2.091279e+02	2.261473e+02	1.743549e-02	5.908857e-04	5.908857e-04
2.261473e+02	2.445518e+02	1.867751e-02	5.933426e-04	5.933426e-04
2.445518e+02	2.644540e+02	1.886303e-02	5.752624e-04	5.752624e-04
2.644540e+02	2.859760e+02	2.024945e-02	5.681471e-04	5.681471e-04
2.859760e+02	3.092495e+02	2.050691e-02	5.508014e-04	5.508014e-04
3.092495e+02	3.344170e+02	1.902850e-02	5.141177e-04	5.141177e-04
3.344170e+02	3.616328e+02	1.993538e-02	5.006307e-04	5.006307e-04
3.616328e+02	3.910634e+02	1.965528e-02	4.776066e-04	4.776066e-04
3.910634e+02	4.228892e+02	1.773496e-02	4.420192e-04	4.420192e-04
4.228892e+02	4.573051e+02	1.771872e-02	4.203647e-04	4.203647e-04
4.573051e+02	4.945218e+02	1.629755e-02	3.901125e-04	3.901125e-04
4.945218e+02	5.347672e+02	1.548475e-02	3.677090e-04	3.677090e-04
5.347672e+02	5.782880e+02	1.458939e-02	3.397039e-04	3.397039e-04
5.782880e+02	6.253506e+02	1.290184e-02	3.080293e-04	3.080293e-04
6.253506e+02	6.762433e+02	1.125094e-02	2.775313e-04	2.775313e-04
6.762433e+02	7.312778e+02	9.223801e-03	2.413118e-04	2.413118e-04
7.312778e+02	7.907911e+02	7.081525e-03	2.028078e-04	2.028078e-04
7.907911e+02	8.551478e+02	5.397124e-03	1.715670e-04	1.715670e-04
8.551478e+02	9.247420e+02	3.405478e-03	1.331708e-04	1.331708e-04
9.247420e+02	1.000000e+03	2.598297e-03	1.094792e-04	1.094792e-04
# END HISTO1D


# BEGIN HISTO1D //eos/home-y/yiyu/monobc/Rivet/X1200_Qd10.yoda.gz/JetMETAnalysis/bjet_pt
ErrorBars=1
LineColor=orange
LineStyle=solid
Path=//eos/home-y/yiyu/monobc/Rivet/X1200_Qd10.yoda.gz/JetMETAnalysis/bjet_pt
ScaledBy=1.38077798553465733e-05
Title=X1200_Qd10
# xlow	 xhigh	 val	 errminus	 errplus
2.000000e+01	2.162765e+01	0.000000e+00	0.000000e+00	0.000000e+00
2.162765e+01	2.338777e+01	0.000000e+00	0.000000e+00	0.000000e+00
2.338777e+01	2.529113e+01	3.281917e-04	2.366624e-04	2.366624e-04
2.529113e+01	2.734939e+01	2.488640e-03	4.334743e-04	4.334743e-04
2.734939e+01	2.957515e+01	2.357488e-03	4.200434e-04	4.200434e-04
2.957515e+01	3.198206e+01	2.854837e-03	4.119921e-04	4.119921e-04
3.198206e+01	3.458484e+01	2.591999e-03	3.718062e-04	3.718062e-04
3.458484e+01	3.739945e+01	2.885184e-03	3.687099e-04	3.687099e-04
3.739945e+01	4.044311e+01	3.119578e-03	3.762027e-04	3.762027e-04
4.044311e+01	4.373448e+01	2.657050e-03	3.600999e-04	3.600999e-04
4.373448e+01	4.729371e+01	3.124010e-03	3.348445e-04	3.348445e-04
4.729371e+01	5.114260e+01	2.109873e-03	2.811082e-04	2.811082e-04
5.114260e+01	5.530472e+01	2.611458e-03	2.956309e-04	2.956309e-04
5.530472e+01	5.980556e+01	2.748020e-03	2.924465e-04	2.924465e-04
5.980556e+01	6.467270e+01	2.541205e-03	2.630264e-04	2.630264e-04
6.467270e+01	6.993594e+01	2.706014e-03	2.621834e-04	2.621834e-04
6.993594e+01	7.562751e+01	2.677973e-03	2.615716e-04	2.615716e-04
7.562751e+01	8.178228e+01	2.476432e-03	2.314399e-04	2.314399e-04
8.178228e+01	8.843794e+01	2.703024e-03	2.374364e-04	2.374364e-04
8.843794e+01	9.563525e+01	2.916202e-03	2.405243e-04	2.405243e-04
9.563525e+01	1.034183e+02	3.114084e-03	2.370047e-04	2.370047e-04
1.034183e+02	1.118348e+02	2.968772e-03	2.260950e-04	2.260950e-04
1.118348e+02	1.209362e+02	3.459161e-03	2.329520e-04	2.329520e-04
1.209362e+02	1.307783e+02	3.528869e-03	2.249342e-04	2.249342e-04
1.307783e+02	1.414214e+02	3.110686e-03	2.016143e-04	2.016143e-04
1.414214e+02	1.529306e+02	3.451918e-03	2.088018e-04	2.088018e-04
1.529306e+02	1.653765e+02	3.985132e-03	2.122296e-04	2.122296e-04
1.653765e+02	1.788353e+02	3.889431e-03	1.993070e-04	1.993070e-04
1.788353e+02	1.933894e+02	4.111769e-03	1.992909e-04	1.992909e-04
1.933894e+02	2.091279e+02	4.048418e-03	1.885188e-04	1.885188e-04
2.091279e+02	2.261473e+02	4.514496e-03	1.912798e-04	1.912798e-04
2.261473e+02	2.445518e+02	4.819620e-03	1.890973e-04	1.890973e-04
2.445518e+02	2.644540e+02	5.072113e-03	1.870612e-04	1.870612e-04
2.644540e+02	2.859760e+02	5.741060e-03	1.915622e-04	1.915622e-04
2.859760e+02	3.092495e+02	5.679399e-03	1.862645e-04	1.862645e-04
3.092495e+02	3.344170e+02	6.294447e-03	1.848077e-04	1.848077e-04
3.344170e+02	3.616328e+02	6.192546e-03	1.780843e-04	1.780843e-04
3.616328e+02	3.910634e+02	6.418466e-03	1.727466e-04	1.727466e-04
3.910634e+02	4.228892e+02	6.304413e-03	1.652460e-04	1.652460e-04
4.228892e+02	4.573051e+02	5.946115e-03	1.542688e-04	1.542688e-04
4.573051e+02	4.945218e+02	5.837678e-03	1.467476e-04	1.467476e-04
4.945218e+02	5.347672e+02	5.398359e-03	1.360586e-04	1.360586e-04
5.347672e+02	5.782880e+02	5.299236e-03	1.294027e-04	1.294027e-04
5.782880e+02	6.253506e+02	4.913704e-03	1.200464e-04	1.200464e-04
6.253506e+02	6.762433e+02	4.487445e-03	1.107130e-04	1.107130e-04
6.762433e+02	7.312778e+02	4.115677e-03	1.014454e-04	1.014454e-04
7.312778e+02	7.907911e+02	3.579223e-03	9.056026e-05	9.056026e-05
7.907911e+02	8.551478e+02	3.088552e-03	8.113928e-05	8.113928e-05
8.551478e+02	9.247420e+02	2.269094e-03	6.849929e-05	6.849929e-05
9.247420e+02	1.000000e+03	1.724811e-03	5.776940e-05	5.776940e-05
# END HISTO1D


# BEGIN HISTO1D //eos/home-y/yiyu/monobc/Rivet/X1200_Qd20.yoda.gz/JetMETAnalysis/bjet_pt
ErrorBars=1
LineColor=lilac
LineStyle=solid
Path=//eos/home-y/yiyu/monobc/Rivet/X1200_Qd20.yoda.gz/JetMETAnalysis/bjet_pt
ScaledBy=1.36137126806748303e-05
Title=X1200_Qd20
# xlow	 xhigh	 val	 errminus	 errplus
2.000000e+01	2.162765e+01	0.000000e+00	0.000000e+00	0.000000e+00
2.162765e+01	2.338777e+01	0.000000e+00	0.000000e+00	0.000000e+00
2.338777e+01	2.529113e+01	6.488058e-05	1.123765e-04	1.123765e-04
2.529113e+01	2.734939e+01	3.299880e-03	4.685980e-04	4.685980e-04
2.734939e+01	2.957515e+01	2.774134e-03	3.923218e-04	3.923218e-04
2.957515e+01	3.198206e+01	2.616653e-03	3.873587e-04	3.873587e-04
3.198206e+01	3.458484e+01	2.514631e-03	3.582084e-04	3.582084e-04
3.458484e+01	3.739945e+01	3.510004e-03	4.021214e-04	4.021214e-04
3.739945e+01	4.044311e+01	2.637260e-03	3.370266e-04	3.370266e-04
4.044311e+01	4.373448e+01	2.738936e-03	3.205682e-04	3.205682e-04
4.373448e+01	4.729371e+01	2.810378e-03	3.198815e-04	3.198815e-04
4.729371e+01	5.114260e+01	2.502620e-03	2.940627e-04	2.940627e-04
5.114260e+01	5.530472e+01	2.254939e-03	2.719323e-04	2.719323e-04
5.530472e+01	5.980556e+01	2.853485e-03	3.005611e-04	3.005611e-04
5.980556e+01	6.467270e+01	3.171552e-03	2.948009e-04	2.948009e-04
6.467270e+01	6.993594e+01	2.792090e-03	2.685457e-04	2.685457e-04
6.993594e+01	7.562751e+01	2.777241e-03	2.621683e-04	2.621683e-04
7.562751e+01	8.178228e+01	2.829066e-03	2.545874e-04	2.545874e-04
8.178228e+01	8.843794e+01	3.209895e-03	2.550795e-04	2.550795e-04
8.843794e+01	9.563525e+01	2.882537e-03	2.340033e-04	2.340033e-04
9.563525e+01	1.034183e+02	3.125735e-03	2.315665e-04	2.315665e-04
1.034183e+02	1.118348e+02	2.861138e-03	2.171332e-04	2.171332e-04
1.118348e+02	1.209362e+02	3.297113e-03	2.208770e-04	2.208770e-04
1.209362e+02	1.307783e+02	3.036430e-03	2.054071e-04	2.054071e-04
1.307783e+02	1.414214e+02	3.260423e-03	2.059316e-04	2.059316e-04
1.414214e+02	1.529306e+02	3.476448e-03	1.995854e-04	1.995854e-04
1.529306e+02	1.653765e+02	3.591849e-03	2.009099e-04	2.009099e-04
1.653765e+02	1.788353e+02	4.046393e-03	2.016522e-04	2.016522e-04
1.788353e+02	1.933894e+02	3.886117e-03	1.916176e-04	1.916176e-04
1.933894e+02	2.091279e+02	4.111532e-03	1.912342e-04	1.912342e-04
2.091279e+02	2.261473e+02	4.796153e-03	1.959094e-04	1.959094e-04
2.261473e+02	2.445518e+02	4.951857e-03	1.919059e-04	1.919059e-04
2.445518e+02	2.644540e+02	5.255550e-03	1.866633e-04	1.866633e-04
2.644540e+02	2.859760e+02	5.588719e-03	1.861063e-04	1.861063e-04
2.859760e+02	3.092495e+02	5.836690e-03	1.850294e-04	1.850294e-04
3.092495e+02	3.344170e+02	6.265946e-03	1.836601e-04	1.836601e-04
3.344170e+02	3.616328e+02	6.261723e-03	1.757358e-04	1.757358e-04
3.616328e+02	3.910634e+02	6.163942e-03	1.704944e-04	1.704944e-04
3.910634e+02	4.228892e+02	6.441167e-03	1.647153e-04	1.647153e-04
4.228892e+02	4.573051e+02	6.232703e-03	1.566117e-04	1.566117e-04
4.573051e+02	4.945218e+02	5.833333e-03	1.447876e-04	1.447876e-04
4.945218e+02	5.347672e+02	5.572311e-03	1.366065e-04	1.366065e-04
5.347672e+02	5.782880e+02	5.331699e-03	1.278774e-04	1.278774e-04
5.782880e+02	6.253506e+02	4.843859e-03	1.180498e-04	1.180498e-04
6.253506e+02	6.762433e+02	4.525423e-03	1.095693e-04	1.095693e-04
6.762433e+02	7.312778e+02	4.218505e-03	1.020413e-04	1.020413e-04
7.312778e+02	7.907911e+02	3.544130e-03	8.953886e-05	8.953886e-05
7.907911e+02	8.551478e+02	2.960792e-03	7.992667e-05	7.992667e-05
8.551478e+02	9.247420e+02	2.340494e-03	6.814888e-05	6.814888e-05
9.247420e+02	1.000000e+03	1.590036e-03	5.469406e-05	5.469406e-05
# END HISTO1D


# BEGIN HISTO1D //eos/home-y/yiyu/monobc/Rivet/X1200_Qd40.yoda.gz/JetMETAnalysis/bjet_pt
ErrorBars=1
LineColor=red
LineStyle=dashed
Path=//eos/home-y/yiyu/monobc/Rivet/X1200_Qd40.yoda.gz/JetMETAnalysis/bjet_pt
ScaledBy=1.37239052924151090e-05
Title=X1200_Qd40
# xlow	 xhigh	 val	 errminus	 errplus
2.000000e+01	2.162765e+01	0.000000e+00	0.000000e+00	0.000000e+00
2.162765e+01	2.338777e+01	0.000000e+00	0.000000e+00	0.000000e+00
2.338777e+01	2.529113e+01	5.202179e-04	1.839248e-04	1.839248e-04
2.529113e+01	2.734939e+01	2.645871e-03	3.988800e-04	3.988800e-04
2.734939e+01	2.957515e+01	3.114052e-03	4.378584e-04	4.378584e-04
2.957515e+01	3.198206e+01	3.033950e-03	4.145845e-04	4.145845e-04
3.198206e+01	3.458484e+01	2.615420e-03	3.652622e-04	3.652622e-04
3.458484e+01	3.739945e+01	2.682426e-03	3.652772e-04	3.652772e-04
3.739945e+01	4.044311e+01	2.805880e-03	3.614379e-04	3.614379e-04
4.044311e+01	4.373448e+01	2.782731e-03	3.405230e-04	3.405230e-04
4.373448e+01	4.729371e+01	2.573309e-03	3.071196e-04	3.071196e-04
4.729371e+01	5.114260e+01	2.797692e-03	3.167135e-04	3.167135e-04
5.114260e+01	5.530472e+01	2.408722e-03	2.773711e-04	2.773711e-04
5.530472e+01	5.980556e+01	2.859933e-03	2.884158e-04	2.884158e-04
5.980556e+01	6.467270e+01	2.822705e-03	2.820298e-04	2.820298e-04
6.467270e+01	6.993594e+01	2.939497e-03	2.732310e-04	2.732310e-04
6.993594e+01	7.562751e+01	2.326848e-03	2.392086e-04	2.392086e-04
7.562751e+01	8.178228e+01	2.694692e-03	2.479284e-04	2.479284e-04
8.178228e+01	8.843794e+01	3.235745e-03	2.549787e-04	2.549787e-04
8.843794e+01	9.563525e+01	2.751478e-03	2.228952e-04	2.228952e-04
9.563525e+01	1.034183e+02	3.116898e-03	2.358727e-04	2.358727e-04
1.034183e+02	1.118348e+02	3.308774e-03	2.311177e-04	2.311177e-04
1.118348e+02	1.209362e+02	3.086980e-03	2.163059e-04	2.163059e-04
1.209362e+02	1.307783e+02	3.470864e-03	2.185405e-04	2.185405e-04
1.307783e+02	1.414214e+02	3.209647e-03	2.047524e-04	2.047524e-04
1.414214e+02	1.529306e+02	3.581091e-03	2.099102e-04	2.099102e-04
1.529306e+02	1.653765e+02	3.699413e-03	1.998852e-04	1.998852e-04
1.653765e+02	1.788353e+02	3.871613e-03	1.991573e-04	1.991573e-04
1.788353e+02	1.933894e+02	4.099000e-03	1.935511e-04	1.935511e-04
1.933894e+02	2.091279e+02	4.907242e-03	2.050725e-04	2.050725e-04
2.091279e+02	2.261473e+02	4.428832e-03	1.866873e-04	1.866873e-04
2.261473e+02	2.445518e+02	4.747849e-03	1.873368e-04	1.873368e-04
2.445518e+02	2.644540e+02	5.049763e-03	1.880131e-04	1.880131e-04
2.644540e+02	2.859760e+02	5.492083e-03	1.892552e-04	1.892552e-04
2.859760e+02	3.092495e+02	5.770112e-03	1.835314e-04	1.835314e-04
3.092495e+02	3.344170e+02	5.999789e-03	1.802917e-04	1.802917e-04
3.344170e+02	3.616328e+02	6.325899e-03	1.767777e-04	1.767777e-04
3.616328e+02	3.910634e+02	6.505902e-03	1.718087e-04	1.718087e-04
3.910634e+02	4.228892e+02	6.444058e-03	1.655907e-04	1.655907e-04
4.228892e+02	4.573051e+02	5.973472e-03	1.526209e-04	1.526209e-04
4.573051e+02	4.945218e+02	5.879774e-03	1.456474e-04	1.456474e-04
4.945218e+02	5.347672e+02	5.431135e-03	1.360142e-04	1.360142e-04
5.347672e+02	5.782880e+02	5.147518e-03	1.260347e-04	1.260347e-04
5.782880e+02	6.253506e+02	4.965263e-03	1.194221e-04	1.194221e-04
6.253506e+02	6.762433e+02	4.557538e-03	1.110221e-04	1.110221e-04
6.762433e+02	7.312778e+02	4.297757e-03	1.030356e-04	1.030356e-04
7.312778e+02	7.907911e+02	3.672762e-03	9.155437e-05	9.155437e-05
7.907911e+02	8.551478e+02	2.913634e-03	7.945828e-05	7.945828e-05
8.551478e+02	9.247420e+02	2.329777e-03	6.832606e-05	6.832606e-05
9.247420e+02	1.000000e+03	1.606786e-03	5.491626e-05	5.491626e-05
# END HISTO1D


# BEGIN HISTO1D //eos/home-y/yiyu/monobc/Rivet/X1500_Qd10.yoda.gz/JetMETAnalysis/bjet_pt
ErrorBars=1
LineColor=blue
LineStyle=dashed
Path=//eos/home-y/yiyu/monobc/Rivet/X1500_Qd10.yoda.gz/JetMETAnalysis/bjet_pt
ScaledBy=1.29112282165450971e-05
Title=X1500_Qd10
# xlow	 xhigh	 val	 errminus	 errplus
2.000000e+01	2.162765e+01	0.000000e+00	0.000000e+00	0.000000e+00
2.162765e+01	2.338777e+01	0.000000e+00	0.000000e+00	0.000000e+00
2.338777e+01	2.529113e+01	0.000000e+00	-nan	-nan
2.529113e+01	2.734939e+01	6.621661e-04	1.030036e-04	1.030036e-04
2.734939e+01	2.957515e+01	6.259417e-04	9.812459e-05	9.812459e-05
2.957515e+01	3.198206e+01	5.284988e-04	8.346819e-05	8.346819e-05
3.198206e+01	3.458484e+01	4.887271e-04	9.013484e-05	9.013484e-05
3.458484e+01	3.739945e+01	4.519450e-04	7.907390e-05	7.907390e-05
3.739945e+01	4.044311e+01	6.468025e-04	8.501975e-05	8.501975e-05
4.044311e+01	4.373448e+01	6.349317e-04	8.074640e-05	8.074640e-05
4.373448e+01	4.729371e+01	4.595070e-04	6.913062e-05	6.913062e-05
4.729371e+01	5.114260e+01	5.429604e-04	7.254851e-05	7.254851e-05
5.114260e+01	5.530472e+01	5.239289e-04	6.903370e-05	6.903370e-05
5.530472e+01	5.980556e+01	5.114163e-04	6.383843e-05	6.383843e-05
5.980556e+01	6.467270e+01	5.040408e-04	6.000980e-05	6.000980e-05
6.467270e+01	6.993594e+01	4.833711e-04	5.924535e-05	5.924535e-05
6.993594e+01	7.562751e+01	3.831377e-04	5.321357e-05	5.321357e-05
7.562751e+01	8.178228e+01	4.920879e-04	5.345443e-05	5.345443e-05
8.178228e+01	8.843794e+01	4.823577e-04	5.067273e-05	5.067273e-05
8.843794e+01	9.563525e+01	4.923458e-04	4.961257e-05	4.961257e-05
9.563525e+01	1.034183e+02	4.942065e-04	4.875897e-05	4.875897e-05
1.034183e+02	1.118348e+02	4.929961e-04	4.451113e-05	4.451113e-05
1.118348e+02	1.209362e+02	5.257792e-04	4.389559e-05	4.389559e-05
1.209362e+02	1.307783e+02	5.108282e-04	4.416725e-05	4.416725e-05
1.307783e+02	1.414214e+02	5.378339e-04	4.306299e-05	4.306299e-05
1.414214e+02	1.529306e+02	5.394649e-04	4.267635e-05	4.267635e-05
1.529306e+02	1.653765e+02	5.694349e-04	4.186721e-05	4.186721e-05
1.653765e+02	1.788353e+02	5.940898e-04	4.038091e-05	4.038091e-05
1.788353e+02	1.933894e+02	6.263768e-04	3.942906e-05	3.942906e-05
1.933894e+02	2.091279e+02	6.716091e-04	3.967214e-05	3.967214e-05
2.091279e+02	2.261473e+02	6.744497e-04	3.870266e-05	3.870266e-05
2.261473e+02	2.445518e+02	7.355935e-04	3.890777e-05	3.890777e-05
2.445518e+02	2.644540e+02	7.015430e-04	3.623639e-05	3.623639e-05
2.644540e+02	2.859760e+02	8.542022e-04	3.825552e-05	3.825552e-05
2.859760e+02	3.092495e+02	7.860128e-04	3.625131e-05	3.625131e-05
3.092495e+02	3.344170e+02	8.965420e-04	3.715018e-05	3.715018e-05
3.344170e+02	3.616328e+02	9.370127e-04	3.660556e-05	3.660556e-05
3.616328e+02	3.910634e+02	1.004396e-03	3.585624e-05	3.585624e-05
3.910634e+02	4.228892e+02	1.120087e-03	3.632495e-05	3.632495e-05
4.228892e+02	4.573051e+02	1.134353e-03	3.447860e-05	3.447860e-05
4.573051e+02	4.945218e+02	1.149897e-03	3.409222e-05	3.409222e-05
4.945218e+02	5.347672e+02	1.097225e-03	3.183939e-05	3.183939e-05
5.347672e+02	5.782880e+02	1.131562e-03	3.147824e-05	3.147824e-05
5.782880e+02	6.253506e+02	1.109471e-03	2.933603e-05	2.933603e-05
6.253506e+02	6.762433e+02	1.015262e-03	2.679989e-05	2.679989e-05
6.762433e+02	7.312778e+02	9.454589e-04	2.517099e-05	2.517099e-05
7.312778e+02	7.907911e+02	8.508965e-04	2.317634e-05	2.317634e-05
7.907911e+02	8.551478e+02	8.094484e-04	2.161733e-05	2.161733e-05
8.551478e+02	9.247420e+02	7.124102e-04	1.952555e-05	1.952555e-05
9.247420e+02	1.000000e+03	5.931975e-04	1.736567e-05	1.736567e-05
# END HISTO1D


# BEGIN HISTO1D //eos/home-y/yiyu/monobc/Rivet/X1500_Qd20.yoda.gz/JetMETAnalysis/bjet_pt
ErrorBars=1
LineColor=green
LineStyle=dashed
Path=//eos/home-y/yiyu/monobc/Rivet/X1500_Qd20.yoda.gz/JetMETAnalysis/bjet_pt
ScaledBy=1.29605322047913924e-05
Title=X1500_Qd20
# xlow	 xhigh	 val	 errminus	 errplus
2.000000e+01	2.162765e+01	0.000000e+00	0.000000e+00	0.000000e+00
2.162765e+01	2.338777e+01	0.000000e+00	0.000000e+00	0.000000e+00
2.338777e+01	2.529113e+01	6.398716e-05	4.524577e-05	4.524577e-05
2.529113e+01	2.734939e+01	5.917163e-04	1.087053e-04	1.087053e-04
2.734939e+01	2.957515e+01	9.986158e-04	1.275955e-04	1.275955e-04
2.957515e+01	3.198206e+01	6.325052e-04	9.634032e-05	9.634032e-05
3.198206e+01	3.458484e+01	4.562272e-04	8.354136e-05	8.354136e-05
3.458484e+01	3.739945e+01	5.625213e-04	8.095240e-05	8.095240e-05
3.739945e+01	4.044311e+01	4.601670e-04	7.748781e-05	7.748781e-05
4.044311e+01	4.373448e+01	3.792810e-04	6.475529e-05	6.475529e-05
4.373448e+01	4.729371e+01	4.448372e-04	7.258788e-05	7.258788e-05
4.729371e+01	5.114260e+01	5.221105e-04	7.250335e-05	7.250335e-05
5.114260e+01	5.530472e+01	5.340257e-04	6.823370e-05	6.823370e-05
5.530472e+01	5.980556e+01	4.803068e-04	6.309864e-05	6.309864e-05
5.980556e+01	6.467270e+01	5.630183e-04	6.620474e-05	6.620474e-05
6.467270e+01	6.993594e+01	4.975070e-04	6.011913e-05	6.011913e-05
6.993594e+01	7.562751e+01	5.349607e-04	5.957069e-05	5.957069e-05
7.562751e+01	8.178228e+01	5.787992e-04	5.874240e-05	5.874240e-05
8.178228e+01	8.843794e+01	5.123666e-04	5.489641e-05	5.489641e-05
8.843794e+01	9.563525e+01	5.203419e-04	5.198431e-05	5.198431e-05
9.563525e+01	1.034183e+02	4.929179e-04	4.791260e-05	4.791260e-05
1.034183e+02	1.118348e+02	5.028486e-04	4.867004e-05	4.867004e-05
1.118348e+02	1.209362e+02	5.051527e-04	4.695467e-05	4.695467e-05
1.209362e+02	1.307783e+02	5.908803e-04	4.640421e-05	4.640421e-05
1.307783e+02	1.414214e+02	4.977772e-04	4.281636e-05	4.281636e-05
1.414214e+02	1.529306e+02	5.634929e-04	4.418866e-05	4.418866e-05
1.529306e+02	1.653765e+02	5.382082e-04	4.180411e-05	4.180411e-05
1.653765e+02	1.788353e+02	5.700961e-04	4.109647e-05	4.109647e-05
1.788353e+02	1.933894e+02	5.732171e-04	4.002295e-05	4.002295e-05
1.933894e+02	2.091279e+02	6.364825e-04	3.893302e-05	3.893302e-05
2.091279e+02	2.261473e+02	6.619287e-04	3.919497e-05	3.919497e-05
2.261473e+02	2.445518e+02	7.246097e-04	3.830119e-05	3.830119e-05
2.445518e+02	2.644540e+02	7.251555e-04	3.839928e-05	3.839928e-05
2.644540e+02	2.859760e+02	7.993184e-04	3.718864e-05	3.718864e-05
2.859760e+02	3.092495e+02	8.503654e-04	3.746271e-05	3.746271e-05
3.092495e+02	3.344170e+02	9.194485e-04	3.736698e-05	3.736698e-05
3.344170e+02	3.616328e+02	9.912121e-04	3.754068e-05	3.754068e-05
3.616328e+02	3.910634e+02	1.044904e-03	3.657715e-05	3.657715e-05
3.910634e+02	4.228892e+02	1.056194e-03	3.535900e-05	3.535900e-05
4.228892e+02	4.573051e+02	1.120027e-03	3.494276e-05	3.494276e-05
4.573051e+02	4.945218e+02	1.138002e-03	3.380125e-05	3.380125e-05
4.945218e+02	5.347672e+02	1.134068e-03	3.279451e-05	3.279451e-05
5.347672e+02	5.782880e+02	1.148063e-03	3.105992e-05	3.105992e-05
5.782880e+02	6.253506e+02	1.036431e-03	2.907727e-05	2.907727e-05
6.253506e+02	6.762433e+02	1.005695e-03	2.700187e-05	2.700187e-05
6.762433e+02	7.312778e+02	9.117506e-04	2.507374e-05	2.507374e-05
7.312778e+02	7.907911e+02	8.712735e-04	2.353967e-05	2.353967e-05
7.907911e+02	8.551478e+02	7.891439e-04	2.169085e-05	2.169085e-05
8.551478e+02	9.247420e+02	6.912544e-04	1.955594e-05	1.955594e-05
9.247420e+02	1.000000e+03	5.910871e-04	1.746255e-05	1.746255e-05
# END HISTO1D


# BEGIN HISTO1D //eos/home-y/yiyu/monobc/Rivet/X1500_Qd40.yoda.gz/JetMETAnalysis/bjet_pt
ErrorBars=1
LineColor=orange
LineStyle=dashed
Path=//eos/home-y/yiyu/monobc/Rivet/X1500_Qd40.yoda.gz/JetMETAnalysis/bjet_pt
ScaledBy=1.28797563000789208e-05
Title=X1500_Qd40
# xlow	 xhigh	 val	 errminus	 errplus
2.000000e+01	2.162765e+01	0.000000e+00	0.000000e+00	0.000000e+00
2.162765e+01	2.338777e+01	0.000000e+00	0.000000e+00	0.000000e+00
2.338777e+01	2.529113e+01	7.917998e-05	4.189811e-05	4.189811e-05
2.529113e+01	2.734939e+01	7.322107e-04	1.171537e-04	1.171537e-04
2.734939e+01	2.957515e+01	5.281441e-04	9.479513e-05	9.479513e-05
2.957515e+01	3.198206e+01	5.760556e-04	9.202447e-05	9.202447e-05
3.198206e+01	3.458484e+01	4.979633e-04	8.430761e-05	8.430761e-05
3.458484e+01	3.739945e+01	5.033220e-04	8.085102e-05	8.085102e-05
3.739945e+01	4.044311e+01	5.248632e-04	8.226114e-05	8.226114e-05
4.044311e+01	4.373448e+01	4.212574e-04	7.551689e-05	7.551689e-05
4.373448e+01	4.729371e+01	5.673944e-04	7.034525e-05	7.034525e-05
4.729371e+01	5.114260e+01	5.011996e-04	7.091494e-05	7.091494e-05
5.114260e+01	5.530472e+01	5.069320e-04	6.637299e-05	6.637299e-05
5.530472e+01	5.980556e+01	4.620849e-04	6.174222e-05	6.174222e-05
5.980556e+01	6.467270e+01	5.016231e-04	5.842349e-05	5.842349e-05
6.467270e+01	6.993594e+01	5.096864e-04	6.194498e-05	6.194498e-05
6.993594e+01	7.562751e+01	4.077790e-04	5.107116e-05	5.107116e-05
7.562751e+01	8.178228e+01	5.338031e-04	5.647812e-05	5.647812e-05
8.178228e+01	8.843794e+01	4.574005e-04	5.143634e-05	5.143634e-05
8.843794e+01	9.563525e+01	5.109235e-04	5.025477e-05	5.025477e-05
9.563525e+01	1.034183e+02	5.692903e-04	5.093773e-05	5.093773e-05
1.034183e+02	1.118348e+02	5.765815e-04	4.923406e-05	4.923406e-05
1.118348e+02	1.209362e+02	4.967631e-04	4.467800e-05	4.467800e-05
1.209362e+02	1.307783e+02	5.635032e-04	4.724621e-05	4.724621e-05
1.307783e+02	1.414214e+02	4.701174e-04	4.142905e-05	4.142905e-05
1.414214e+02	1.529306e+02	5.552097e-04	4.124269e-05	4.124269e-05
1.529306e+02	1.653765e+02	5.788125e-04	4.298286e-05	4.298286e-05
1.653765e+02	1.788353e+02	6.293124e-04	4.219628e-05	4.219628e-05
1.788353e+02	1.933894e+02	5.363901e-04	3.902071e-05	3.902071e-05
1.933894e+02	2.091279e+02	6.243392e-04	3.811102e-05	3.811102e-05
2.091279e+02	2.261473e+02	6.588176e-04	3.831290e-05	3.831290e-05
2.261473e+02	2.445518e+02	7.418919e-04	4.001561e-05	4.001561e-05
2.445518e+02	2.644540e+02	7.269533e-04	3.771039e-05	3.771039e-05
2.644540e+02	2.859760e+02	8.080894e-04	3.734380e-05	3.734380e-05
2.859760e+02	3.092495e+02	8.418175e-04	3.598432e-05	3.598432e-05
3.092495e+02	3.344170e+02	9.341591e-04	3.745378e-05	3.745378e-05
3.344170e+02	3.616328e+02	9.491307e-04	3.651405e-05	3.651405e-05
3.616328e+02	3.910634e+02	1.063077e-03	3.652673e-05	3.652673e-05
3.910634e+02	4.228892e+02	1.055048e-03	3.578913e-05	3.578913e-05
4.228892e+02	4.573051e+02	1.093880e-03	3.431321e-05	3.431321e-05
4.573051e+02	4.945218e+02	1.131423e-03	3.394801e-05	3.394801e-05
4.945218e+02	5.347672e+02	1.112933e-03	3.173973e-05	3.173973e-05
5.347672e+02	5.782880e+02	1.117130e-03	3.038679e-05	3.038679e-05
5.782880e+02	6.253506e+02	1.030496e-03	2.872079e-05	2.872079e-05
6.253506e+02	6.762433e+02	9.559041e-04	2.684176e-05	2.684176e-05
6.762433e+02	7.312778e+02	8.949183e-04	2.463977e-05	2.463977e-05
7.312778e+02	7.907911e+02	8.797355e-04	2.345665e-05	2.345665e-05
7.907911e+02	8.551478e+02	8.154012e-04	2.163057e-05	2.163057e-05
8.551478e+02	9.247420e+02	6.661156e-04	1.890840e-05	1.890840e-05
9.247420e+02	1.000000e+03	5.907526e-04	1.710043e-05	1.710043e-05
# END HISTO1D


# BEGIN HISTO1D //eos/home-y/yiyu/monobc/Rivet/X2000_Qd10.yoda.gz/JetMETAnalysis/bjet_pt
ErrorBars=1
LineColor=lilac
LineStyle=dashed
Path=//eos/home-y/yiyu/monobc/Rivet/X2000_Qd10.yoda.gz/JetMETAnalysis/bjet_pt
ScaledBy=1.12518448528534510e-05
Title=X2000_Qd10
# xlow	 xhigh	 val	 errminus	 errplus
2.000000e+01	2.162765e+01	0.000000e+00	0.000000e+00	0.000000e+00
2.162765e+01	2.338777e+01	0.000000e+00	0.000000e+00	0.000000e+00
2.338777e+01	2.529113e+01	8.852456e-06	3.958939e-06	3.958939e-06
2.529113e+01	2.734939e+01	5.894095e-05	1.157709e-05	1.157709e-05
2.734939e+01	2.957515e+01	5.299129e-05	1.162954e-05	1.162954e-05
2.957515e+01	3.198206e+01	5.180318e-05	1.057042e-05	1.057042e-05
3.198206e+01	3.458484e+01	4.272589e-05	8.290280e-06	8.290280e-06
3.458484e+01	3.739945e+01	3.831302e-05	9.274108e-06	9.274108e-06
3.739945e+01	4.044311e+01	4.760877e-05	9.329272e-06	9.329272e-06
4.044311e+01	4.373448e+01	3.685875e-05	8.061834e-06	8.061834e-06
4.373448e+01	4.729371e+01	2.935084e-05	8.199537e-06	8.199537e-06
4.729371e+01	5.114260e+01	3.151968e-05	7.632838e-06	7.632838e-06
5.114260e+01	5.530472e+01	2.509932e-05	6.426439e-06	6.426439e-06
5.530472e+01	5.980556e+01	3.444126e-05	6.779975e-06	6.779975e-06
5.980556e+01	6.467270e+01	1.938648e-05	5.792819e-06	5.792819e-06
6.467270e+01	6.993594e+01	2.561071e-05	5.654691e-06	5.654691e-06
6.993594e+01	7.562751e+01	3.078832e-05	5.616994e-06	5.616994e-06
7.562751e+01	8.178228e+01	2.518609e-05	5.420207e-06	5.420207e-06
8.178228e+01	8.843794e+01	2.835382e-05	5.113564e-06	5.113564e-06
8.843794e+01	9.563525e+01	2.809284e-05	4.820559e-06	4.820559e-06
9.563525e+01	1.034183e+02	2.987542e-05	4.723223e-06	4.723223e-06
1.034183e+02	1.118348e+02	1.961911e-05	4.547556e-06	4.547556e-06
1.118348e+02	1.209362e+02	2.665870e-05	4.286066e-06	4.286066e-06
1.209362e+02	1.307783e+02	2.773397e-05	4.151315e-06	4.151315e-06
1.307783e+02	1.414214e+02	1.741443e-05	3.916447e-06	3.916447e-06
1.414214e+02	1.529306e+02	2.342392e-05	3.993246e-06	3.993246e-06
1.529306e+02	1.653765e+02	2.328557e-05	3.712508e-06	3.712508e-06
1.653765e+02	1.788353e+02	2.103234e-05	3.645662e-06	3.645662e-06
1.788353e+02	1.933894e+02	2.523806e-05	3.740672e-06	3.740672e-06
1.933894e+02	2.091279e+02	2.762111e-05	3.432558e-06	3.432558e-06
2.091279e+02	2.261473e+02	2.752233e-05	3.514194e-06	3.514194e-06
2.261473e+02	2.445518e+02	3.039477e-05	3.396018e-06	3.396018e-06
2.445518e+02	2.644540e+02	2.861543e-05	3.356680e-06	3.356680e-06
2.644540e+02	2.859760e+02	2.740124e-05	3.280684e-06	3.280684e-06
2.859760e+02	3.092495e+02	2.736622e-05	3.088579e-06	3.088579e-06
3.092495e+02	3.344170e+02	3.990166e-05	3.174262e-06	3.174262e-06
3.344170e+02	3.616328e+02	3.875591e-05	3.226476e-06	3.226476e-06
3.616328e+02	3.910634e+02	3.469430e-05	3.014271e-06	3.014271e-06
3.910634e+02	4.228892e+02	4.065994e-05	3.133917e-06	3.133917e-06
4.228892e+02	4.573051e+02	4.709779e-05	3.125667e-06	3.125667e-06
4.573051e+02	4.945218e+02	3.893545e-05	2.997658e-06	2.997658e-06
4.945218e+02	5.347672e+02	5.325441e-05	3.046790e-06	3.046790e-06
5.347672e+02	5.782880e+02	5.242114e-05	2.945454e-06	2.945454e-06
5.782880e+02	6.253506e+02	5.270072e-05	2.874890e-06	2.874890e-06
6.253506e+02	6.762433e+02	6.177900e-05	2.836464e-06	2.836464e-06
6.762433e+02	7.312778e+02	6.466119e-05	2.737017e-06	2.737017e-06
7.312778e+02	7.907911e+02	5.662402e-05	2.573747e-06	2.573747e-06
7.907911e+02	8.551478e+02	5.429999e-05	2.410385e-06	2.410385e-06
8.551478e+02	9.247420e+02	5.345776e-05	2.286621e-06	2.286621e-06
9.247420e+02	1.000000e+03	4.867339e-05	2.090214e-06	2.090214e-06
# END HISTO1D


# BEGIN HISTO1D //eos/home-y/yiyu/monobc/Rivet/X2000_Qd20.yoda.gz/JetMETAnalysis/bjet_pt
ErrorBars=1
LineColor=red
LineStyle=dashdotted
Path=//eos/home-y/yiyu/monobc/Rivet/X2000_Qd20.yoda.gz/JetMETAnalysis/bjet_pt
ScaledBy=1.11430136845594263e-05
Title=X2000_Qd20
# xlow	 xhigh	 val	 errminus	 errplus
2.000000e+01	2.162765e+01	0.000000e+00	0.000000e+00	0.000000e+00
2.162765e+01	2.338777e+01	0.000000e+00	0.000000e+00	0.000000e+00
2.338777e+01	2.529113e+01	1.063938e-05	5.607444e-06	5.607444e-06
2.529113e+01	2.734939e+01	5.247296e-05	1.112153e-05	1.112153e-05
2.734939e+01	2.957515e+01	4.700772e-05	1.103940e-05	1.103940e-05
2.957515e+01	3.198206e+01	4.066531e-05	1.077090e-05	1.077090e-05
3.198206e+01	3.458484e+01	4.797889e-05	9.440314e-06	9.440314e-06
3.458484e+01	3.739945e+01	6.115583e-05	9.517831e-06	9.517831e-06
3.739945e+01	4.044311e+01	4.435574e-05	8.445081e-06	8.445081e-06
4.044311e+01	4.373448e+01	3.076312e-05	8.203501e-06	8.203501e-06
4.373448e+01	4.729371e+01	3.413755e-05	7.586123e-06	7.586123e-06
4.729371e+01	5.114260e+01	3.244533e-05	7.594184e-06	7.594184e-06
5.114260e+01	5.530472e+01	3.892355e-05	7.069328e-06	7.069328e-06
5.530472e+01	5.980556e+01	2.249642e-05	6.273955e-06	6.273955e-06
5.980556e+01	6.467270e+01	2.427058e-05	6.005411e-06	6.005411e-06
6.467270e+01	6.993594e+01	2.885662e-05	5.627016e-06	5.627016e-06
6.993594e+01	7.562751e+01	2.964994e-05	5.810178e-06	5.810178e-06
7.562751e+01	8.178228e+01	2.138645e-05	5.231122e-06	5.231122e-06
8.178228e+01	8.843794e+01	3.498999e-05	5.294295e-06	5.294295e-06
8.843794e+01	9.563525e+01	2.579161e-05	4.805189e-06	4.805189e-06
9.563525e+01	1.034183e+02	2.862068e-05	5.019824e-06	5.019824e-06
1.034183e+02	1.118348e+02	1.604037e-05	4.392837e-06	4.392837e-06
1.118348e+02	1.209362e+02	2.262078e-05	4.179069e-06	4.179069e-06
1.209362e+02	1.307783e+02	2.126131e-05	4.199948e-06	4.199948e-06
1.307783e+02	1.414214e+02	3.234580e-05	4.183044e-06	4.183044e-06
1.414214e+02	1.529306e+02	2.375341e-05	3.720949e-06	3.720949e-06
1.529306e+02	1.653765e+02	2.142332e-05	3.747799e-06	3.747799e-06
1.653765e+02	1.788353e+02	3.335272e-05	3.860591e-06	3.860591e-06
1.788353e+02	1.933894e+02	2.736419e-05	3.592578e-06	3.592578e-06
1.933894e+02	2.091279e+02	2.830718e-05	3.626650e-06	3.626650e-06
2.091279e+02	2.261473e+02	2.716829e-05	3.406063e-06	3.406063e-06
2.261473e+02	2.445518e+02	3.172547e-05	3.326288e-06	3.326288e-06
2.445518e+02	2.644540e+02	2.832053e-05	3.361872e-06	3.361872e-06
2.644540e+02	2.859760e+02	3.622558e-05	3.359771e-06	3.359771e-06
2.859760e+02	3.092495e+02	3.842998e-05	3.354294e-06	3.354294e-06
3.092495e+02	3.344170e+02	3.392863e-05	3.136458e-06	3.136458e-06
3.344170e+02	3.616328e+02	3.447543e-05	3.142189e-06	3.142189e-06
3.616328e+02	3.910634e+02	3.899112e-05	3.153172e-06	3.153172e-06
3.910634e+02	4.228892e+02	4.220752e-05	3.077249e-06	3.077249e-06
4.228892e+02	4.573051e+02	5.128949e-05	3.112014e-06	3.112014e-06
4.573051e+02	4.945218e+02	5.187333e-05	3.091371e-06	3.091371e-06
4.945218e+02	5.347672e+02	5.316906e-05	3.037642e-06	3.037642e-06
5.347672e+02	5.782880e+02	5.637980e-05	2.960185e-06	2.960185e-06
5.782880e+02	6.253506e+02	5.751544e-05	2.921892e-06	2.921892e-06
6.253506e+02	6.762433e+02	5.922183e-05	2.877767e-06	2.877767e-06
6.762433e+02	7.312778e+02	6.065230e-05	2.729563e-06	2.729563e-06
7.312778e+02	7.907911e+02	5.761899e-05	2.571482e-06	2.571482e-06
7.907911e+02	8.551478e+02	5.716348e-05	2.444117e-06	2.444117e-06
8.551478e+02	9.247420e+02	5.082462e-05	2.223460e-06	2.223460e-06
9.247420e+02	1.000000e+03	4.910746e-05	2.087674e-06	2.087674e-06
# END HISTO1D


# BEGIN HISTO1D //eos/home-y/yiyu/monobc/Rivet/X2000_Qd40.yoda.gz/JetMETAnalysis/bjet_pt
ErrorBars=1
LineColor=blue
LineStyle=dashdotted
Path=//eos/home-y/yiyu/monobc/Rivet/X2000_Qd40.yoda.gz/JetMETAnalysis/bjet_pt
ScaledBy=1.10839193459253869e-05
Title=X2000_Qd40
# xlow	 xhigh	 val	 errminus	 errplus
2.000000e+01	2.162765e+01	0.000000e+00	0.000000e+00	0.000000e+00
2.162765e+01	2.338777e+01	0.000000e+00	0.000000e+00	0.000000e+00
2.338777e+01	2.529113e+01	5.245445e-06	3.909724e-06	3.909724e-06
2.529113e+01	2.734939e+01	7.114339e-05	1.273144e-05	1.273144e-05
2.734939e+01	2.957515e+01	5.382773e-05	1.214718e-05	1.214718e-05
2.957515e+01	3.198206e+01	5.530726e-05	1.106145e-05	1.106145e-05
3.198206e+01	3.458484e+01	4.858789e-05	9.904217e-06	9.904217e-06
3.458484e+01	3.739945e+01	4.374873e-05	8.768900e-06	8.768900e-06
3.739945e+01	4.044311e+01	4.592353e-05	8.034942e-06	8.034942e-06
4.044311e+01	4.373448e+01	4.752292e-05	8.399044e-06	8.399044e-06
4.373448e+01	4.729371e+01	2.524583e-05	6.677456e-06	6.677456e-06
4.729371e+01	5.114260e+01	4.842108e-05	7.636490e-06	7.636490e-06
5.114260e+01	5.530472e+01	3.118401e-05	6.924653e-06	6.924653e-06
5.530472e+01	5.980556e+01	3.623135e-05	6.736394e-06	6.736394e-06
5.980556e+01	6.467270e+01	3.350458e-05	6.229414e-06	6.229414e-06
6.467270e+01	6.993594e+01	3.161541e-05	6.130457e-06	6.130457e-06
6.993594e+01	7.562751e+01	3.976114e-05	5.905410e-06	5.905410e-06
7.562751e+01	8.178228e+01	2.216941e-05	5.158113e-06	5.158113e-06
8.178228e+01	8.843794e+01	3.400163e-05	5.291757e-06	5.291757e-06
8.843794e+01	9.563525e+01	2.358207e-05	4.738124e-06	4.738124e-06
9.563525e+01	1.034183e+02	2.351770e-05	4.211318e-06	4.211318e-06
1.034183e+02	1.118348e+02	1.897980e-05	4.403128e-06	4.403128e-06
1.118348e+02	1.209362e+02	2.705862e-05	4.537684e-06	4.537684e-06
1.209362e+02	1.307783e+02	1.995015e-05	4.263760e-06	4.263760e-06
1.307783e+02	1.414214e+02	2.220098e-05	4.040844e-06	4.040844e-06
1.414214e+02	1.529306e+02	2.313273e-05	3.792286e-06	3.792286e-06
1.529306e+02	1.653765e+02	2.540266e-05	3.753089e-06	3.753089e-06
1.653765e+02	1.788353e+02	2.769451e-05	3.782541e-06	3.782541e-06
1.788353e+02	1.933894e+02	2.606762e-05	3.512794e-06	3.512794e-06
1.933894e+02	2.091279e+02	2.685483e-05	3.455209e-06	3.455209e-06
2.091279e+02	2.261473e+02	2.952669e-05	3.481508e-06	3.481508e-06
2.261473e+02	2.445518e+02	3.417589e-05	3.464105e-06	3.464105e-06
2.445518e+02	2.644540e+02	3.076796e-05	3.310732e-06	3.310732e-06
2.644540e+02	2.859760e+02	2.968935e-05	3.053737e-06	3.053737e-06
2.859760e+02	3.092495e+02	3.160186e-05	3.162094e-06	3.162094e-06
3.092495e+02	3.344170e+02	2.671119e-05	3.106787e-06	3.106787e-06
3.344170e+02	3.616328e+02	3.472796e-05	3.083823e-06	3.083823e-06
3.616328e+02	3.910634e+02	3.765540e-05	3.044752e-06	3.044752e-06
3.910634e+02	4.228892e+02	4.360525e-05	3.025279e-06	3.025279e-06
4.228892e+02	4.573051e+02	4.883310e-05	3.028708e-06	3.028708e-06
4.573051e+02	4.945218e+02	4.936091e-05	3.042975e-06	3.042975e-06
4.945218e+02	5.347672e+02	4.796161e-05	2.939945e-06	2.939945e-06
5.347672e+02	5.782880e+02	5.222829e-05	2.958667e-06	2.958667e-06
5.782880e+02	6.253506e+02	5.459129e-05	2.828565e-06	2.828565e-06
6.253506e+02	6.762433e+02	6.199188e-05	2.853382e-06	2.853382e-06
6.762433e+02	7.312778e+02	5.998721e-05	2.733930e-06	2.733930e-06
7.312778e+02	7.907911e+02	5.933123e-05	2.574148e-06	2.574148e-06
7.907911e+02	8.551478e+02	5.884784e-05	2.406675e-06	2.406675e-06
8.551478e+02	9.247420e+02	5.221937e-05	2.204909e-06	2.204909e-06
9.247420e+02	1.000000e+03	4.479596e-05	2.014366e-06	2.014366e-06
# END HISTO1D


# BEGIN HISTO1D //eos/home-y/yiyu/monobc/Rivet/X600_Qd10.yoda.gz/JetMETAnalysis/bjet_pt
ErrorBars=1
LineColor=green
LineStyle=dashdotted
Path=//eos/home-y/yiyu/monobc/Rivet/X600_Qd10.yoda.gz/JetMETAnalysis/bjet_pt
ScaledBy=1.57533529470536090e-05
Title=X600_Qd10
# xlow	 xhigh	 val	 errminus	 errplus
2.000000e+01	2.162765e+01	0.000000e+00	0.000000e+00	0.000000e+00
2.162765e+01	2.338777e+01	0.000000e+00	0.000000e+00	0.000000e+00
2.338777e+01	2.529113e+01	1.393156e-02	4.643853e-03	4.643853e-03
2.529113e+01	2.734939e+01	1.145165e-01	1.280333e-02	1.280333e-02
2.734939e+01	2.957515e+01	1.588478e-01	1.450075e-02	1.450075e-02
2.957515e+01	3.198206e+01	1.260827e-01	1.254333e-02	1.254333e-02
3.198206e+01	3.458484e+01	1.460261e-01	1.285688e-02	1.285688e-02
3.458484e+01	3.739945e+01	1.423636e-01	1.229701e-02	1.229701e-02
3.739945e+01	4.044311e+01	1.413302e-01	1.185571e-02	1.185571e-02
4.044311e+01	4.373448e+01	1.691856e-01	1.243598e-02	1.243598e-02
4.373448e+01	4.729371e+01	1.523140e-01	1.122874e-02	1.122874e-02
4.729371e+01	5.114260e+01	1.454442e-01	1.071694e-02	1.071694e-02
5.114260e+01	5.530472e+01	1.599823e-01	1.078221e-02	1.078221e-02
5.530472e+01	5.980556e+01	1.734724e-01	1.077629e-02	1.077629e-02
5.980556e+01	6.467270e+01	1.694971e-01	1.020149e-02	1.020149e-02
6.467270e+01	6.993594e+01	1.892090e-01	1.041269e-02	1.041269e-02
6.993594e+01	7.562751e+01	1.770403e-01	9.684565e-03	9.684565e-03
7.562751e+01	8.178228e+01	1.929174e-01	9.657474e-03	9.657474e-03
8.178228e+01	8.843794e+01	2.142557e-01	9.838990e-03	9.838990e-03
8.843794e+01	9.563525e+01	2.083655e-01	9.271856e-03	9.271856e-03
9.563525e+01	1.034183e+02	2.343252e-01	9.494098e-03	9.494098e-03
1.034183e+02	1.118348e+02	2.548461e-01	9.561281e-03	9.561281e-03
1.118348e+02	1.209362e+02	2.437614e-01	8.953663e-03	8.953663e-03
1.209362e+02	1.307783e+02	2.610399e-01	8.880384e-03	8.880384e-03
1.307783e+02	1.414214e+02	2.732292e-01	8.767192e-03	8.767192e-03
1.414214e+02	1.529306e+02	2.920914e-01	8.715148e-03	8.715148e-03
1.529306e+02	1.653765e+02	3.008829e-01	8.505798e-03	8.505798e-03
1.653765e+02	1.788353e+02	3.031947e-01	8.223095e-03	8.223095e-03
1.788353e+02	1.933894e+02	3.079088e-01	7.987983e-03	7.987983e-03
1.933894e+02	2.091279e+02	2.931613e-01	7.488155e-03	7.488155e-03
2.091279e+02	2.261473e+02	3.024314e-01	7.318064e-03	7.318064e-03
2.261473e+02	2.445518e+02	2.822322e-01	6.774885e-03	6.774885e-03
2.445518e+02	2.644540e+02	2.627698e-01	6.282521e-03	6.282521e-03
2.644540e+02	2.859760e+02	2.583256e-01	6.000111e-03	6.000111e-03
2.859760e+02	3.092495e+02	2.357199e-01	5.491947e-03	5.491947e-03
3.092495e+02	3.344170e+02	2.220780e-01	5.162951e-03	5.162951e-03
3.344170e+02	3.616328e+02	2.034154e-01	4.729988e-03	4.729988e-03
3.616328e+02	3.910634e+02	1.814000e-01	4.291923e-03	4.291923e-03
3.910634e+02	4.228892e+02	1.558056e-01	3.831578e-03	3.831578e-03
4.228892e+02	4.573051e+02	1.250746e-01	3.301221e-03	3.301221e-03
4.573051e+02	4.945218e+02	9.879954e-02	2.827911e-03	2.827911e-03
4.945218e+02	5.347672e+02	7.320857e-02	2.331207e-03	2.331207e-03
5.347672e+02	5.782880e+02	5.679935e-02	1.977224e-03	1.977224e-03
5.782880e+02	6.253506e+02	4.075523e-02	1.611978e-03	1.611978e-03
6.253506e+02	6.762433e+02	2.645690e-02	1.245699e-03	1.245699e-03
6.762433e+02	7.312778e+02	1.707788e-02	9.739961e-04	9.739961e-04
7.312778e+02	7.907911e+02	1.123803e-02	7.589236e-04	7.589236e-04
7.907911e+02	8.551478e+02	7.691193e-03	6.073524e-04	6.073524e-04
8.551478e+02	9.247420e+02	4.064212e-03	4.399639e-04	4.399639e-04
9.247420e+02	1.000000e+03	2.231518e-03	3.057669e-04	3.057669e-04
# END HISTO1D


# BEGIN HISTO1D //eos/home-y/yiyu/monobc/Rivet/X600_Qd20.yoda.gz/JetMETAnalysis/bjet_pt
ErrorBars=1
LineColor=orange
LineStyle=dashdotted
Path=//eos/home-y/yiyu/monobc/Rivet/X600_Qd20.yoda.gz/JetMETAnalysis/bjet_pt
ScaledBy=1.56410006686483217e-05
Title=X600_Qd20
# xlow	 xhigh	 val	 errminus	 errplus
2.000000e+01	2.162765e+01	0.000000e+00	0.000000e+00	0.000000e+00
2.162765e+01	2.338777e+01	0.000000e+00	0.000000e+00	0.000000e+00
2.338777e+01	2.529113e+01	1.835286e-02	5.298013e-03	5.298013e-03
2.529113e+01	2.734939e+01	1.414305e-01	1.428378e-02	1.428378e-02
2.734939e+01	2.957515e+01	1.569446e-01	1.444591e-02	1.444591e-02
2.957515e+01	3.198206e+01	1.560175e-01	1.384265e-02	1.384265e-02
3.198206e+01	3.458484e+01	1.375660e-01	1.240391e-02	1.240391e-02
3.458484e+01	3.739945e+01	1.654799e-01	1.316384e-02	1.316384e-02
3.739945e+01	4.044311e+01	1.482446e-01	1.205996e-02	1.205996e-02
4.044311e+01	4.373448e+01	1.459321e-01	1.142944e-02	1.142944e-02
4.373448e+01	4.729371e+01	1.611216e-01	1.153756e-02	1.153756e-02
4.729371e+01	5.114260e+01	1.474832e-01	1.056149e-02	1.056149e-02
5.114260e+01	5.530472e+01	1.370834e-01	9.841503e-03	9.841503e-03
5.530472e+01	5.980556e+01	1.720408e-01	1.070595e-02	1.070595e-02
5.980556e+01	6.467270e+01	1.614855e-01	9.936288e-03	9.936288e-03
6.467270e+01	6.993594e+01	1.780927e-01	1.001676e-02	1.001676e-02
6.993594e+01	7.562751e+01	1.861713e-01	9.864677e-03	9.864677e-03
7.562751e+01	8.178228e+01	1.920249e-01	9.600200e-03	9.600200e-03
8.178228e+01	8.843794e+01	1.885080e-01	9.226402e-03	9.226402e-03
8.843794e+01	9.563525e+01	2.184073e-01	9.536975e-03	9.536975e-03
9.563525e+01	1.034183e+02	2.326398e-01	9.342991e-03	9.342991e-03
1.034183e+02	1.118348e+02	2.466048e-01	9.287088e-03	9.287088e-03
1.118348e+02	1.209362e+02	2.386020e-01	8.829025e-03	8.829025e-03
1.209362e+02	1.307783e+02	2.590954e-01	8.853392e-03	8.853392e-03
1.307783e+02	1.414214e+02	2.702292e-01	8.631872e-03	8.631872e-03
1.414214e+02	1.529306e+02	2.769570e-01	8.422948e-03	8.422948e-03
1.529306e+02	1.653765e+02	3.026575e-01	8.478420e-03	8.478420e-03
1.653765e+02	1.788353e+02	3.002110e-01	8.098623e-03	8.098623e-03
1.788353e+02	1.933894e+02	3.086200e-01	7.902411e-03	7.902411e-03
1.933894e+02	2.091279e+02	3.018563e-01	7.544958e-03	7.544958e-03
2.091279e+02	2.261473e+02	2.852957e-01	7.060475e-03	7.060475e-03
2.261473e+02	2.445518e+02	2.880245e-01	6.815934e-03	6.815934e-03
2.445518e+02	2.644540e+02	2.593290e-01	6.234761e-03	6.234761e-03
2.644540e+02	2.859760e+02	2.542838e-01	5.914319e-03	5.914319e-03
2.859760e+02	3.092495e+02	2.296436e-01	5.408820e-03	5.408820e-03
3.092495e+02	3.344170e+02	2.162943e-01	5.044390e-03	5.044390e-03
3.344170e+02	3.616328e+02	2.020479e-01	4.685542e-03	4.685542e-03
3.616328e+02	3.910634e+02	1.751713e-01	4.206914e-03	4.206914e-03
3.910634e+02	4.228892e+02	1.510119e-01	3.743446e-03	3.743446e-03
4.228892e+02	4.573051e+02	1.229840e-01	3.249582e-03	3.249582e-03
4.573051e+02	4.945218e+02	9.628610e-02	2.759880e-03	2.759880e-03
4.945218e+02	5.347672e+02	7.486307e-02	2.335981e-03	2.335981e-03
5.347672e+02	5.782880e+02	5.625260e-02	1.960393e-03	1.960393e-03
5.782880e+02	6.253506e+02	4.094733e-02	1.603438e-03	1.603438e-03
6.253506e+02	6.762433e+02	2.694070e-02	1.249244e-03	1.249244e-03
6.762433e+02	7.312778e+02	1.639722e-02	9.550304e-04	9.550304e-04
7.312778e+02	7.907911e+02	1.232622e-02	7.887077e-04	7.887077e-04
7.907911e+02	8.551478e+02	7.237184e-03	5.792574e-04	5.792574e-04
8.551478e+02	9.247420e+02	4.350146e-03	4.346927e-04	4.346927e-04
9.247420e+02	1.000000e+03	1.934019e-03	2.894575e-04	2.894575e-04
# END HISTO1D


# BEGIN HISTO1D //eos/home-y/yiyu/monobc/Rivet/X600_Qd40.yoda.gz/JetMETAnalysis/bjet_pt
ErrorBars=1
LineColor=lilac
LineStyle=dashdotted
Path=//eos/home-y/yiyu/monobc/Rivet/X600_Qd40.yoda.gz/JetMETAnalysis/bjet_pt
ScaledBy=1.56869321066331316e-05
Title=X600_Qd40
# xlow	 xhigh	 val	 errminus	 errplus
2.000000e+01	2.162765e+01	0.000000e+00	0.000000e+00	0.000000e+00
2.162765e+01	2.338777e+01	0.000000e+00	0.000000e+00	0.000000e+00
2.338777e+01	2.529113e+01	1.958217e-02	5.833955e-03	5.833955e-03
2.529113e+01	2.734939e+01	1.546184e-01	1.493781e-02	1.493781e-02
2.734939e+01	2.957515e+01	1.519995e-01	1.411077e-02	1.411077e-02
2.957515e+01	3.198206e+01	1.596185e-01	1.399323e-02	1.399323e-02
3.198206e+01	3.458484e+01	1.321850e-01	1.216692e-02	1.216692e-02
3.458484e+01	3.739945e+01	1.701126e-01	1.316371e-02	1.316371e-02
3.739945e+01	4.044311e+01	1.450651e-01	1.176534e-02	1.176534e-02
4.044311e+01	4.373448e+01	1.585378e-01	1.181600e-02	1.181600e-02
4.373448e+01	4.729371e+01	1.538564e-01	1.119079e-02	1.119079e-02
4.729371e+01	5.114260e+01	1.676043e-01	1.117362e-02	1.117362e-02
5.114260e+01	5.530472e+01	1.708344e-01	1.089165e-02	1.089165e-02
5.530472e+01	5.980556e+01	1.624370e-01	1.021201e-02	1.021201e-02
5.980556e+01	6.467270e+01	1.655277e-01	9.909636e-03	9.909636e-03
6.467270e+01	6.993594e+01	1.835756e-01	1.002963e-02	1.002963e-02
6.993594e+01	7.562751e+01	2.009922e-01	1.006219e-02	1.006219e-02
7.562751e+01	8.178228e+01	1.877290e-01	9.351450e-03	9.351450e-03
8.178228e+01	8.843794e+01	2.063397e-01	9.525803e-03	9.525803e-03
8.843794e+01	9.563525e+01	2.226793e-01	9.518887e-03	9.518887e-03
9.563525e+01	1.034183e+02	2.195507e-01	9.008222e-03	9.008222e-03
1.034183e+02	1.118348e+02	2.466297e-01	9.266647e-03	9.266647e-03
1.118348e+02	1.209362e+02	2.482312e-01	8.898802e-03	8.898802e-03
1.209362e+02	1.307783e+02	2.685849e-01	8.940792e-03	8.940792e-03
1.307783e+02	1.414214e+02	2.564526e-01	8.337828e-03	8.337828e-03
1.414214e+02	1.529306e+02	2.742714e-01	8.333131e-03	8.333131e-03
1.529306e+02	1.653765e+02	2.854193e-01	8.160820e-03	8.160820e-03
1.653765e+02	1.788353e+02	2.865195e-01	7.870426e-03	7.870426e-03
1.788353e+02	1.933894e+02	2.878082e-01	7.591299e-03	7.591299e-03
1.933894e+02	2.091279e+02	3.082303e-01	7.568249e-03	7.568249e-03
2.091279e+02	2.261473e+02	2.853695e-01	6.982416e-03	6.982416e-03
2.261473e+02	2.445518e+02	2.774458e-01	6.618397e-03	6.618397e-03
2.445518e+02	2.644540e+02	2.611771e-01	6.187788e-03	6.187788e-03
2.644540e+02	2.859760e+02	2.453835e-01	5.776099e-03	5.776099e-03
2.859760e+02	3.092495e+02	2.283949e-01	5.347084e-03	5.347084e-03
3.092495e+02	3.344170e+02	2.109790e-01	4.944685e-03	4.944685e-03
3.344170e+02	3.616328e+02	1.924668e-01	4.529869e-03	4.529869e-03
3.616328e+02	3.910634e+02	1.723324e-01	4.127351e-03	4.127351e-03
3.910634e+02	4.228892e+02	1.490028e-01	3.692441e-03	3.692441e-03
4.228892e+02	4.573051e+02	1.229605e-01	3.239329e-03	3.239329e-03
4.573051e+02	4.945218e+02	9.752909e-02	2.758319e-03	2.758319e-03
4.945218e+02	5.347672e+02	7.344812e-02	2.307330e-03	2.307330e-03
5.347672e+02	5.782880e+02	5.276840e-02	1.889911e-03	1.889911e-03
5.782880e+02	6.253506e+02	3.892811e-02	1.556750e-03	1.556750e-03
6.253506e+02	6.762433e+02	2.732276e-02	1.258442e-03	1.258442e-03
6.762433e+02	7.312778e+02	1.630601e-02	9.420570e-04	9.420570e-04
7.312778e+02	7.907911e+02	1.011681e-02	7.080292e-04	7.080292e-04
7.907911e+02	8.551478e+02	6.994299e-03	5.617499e-04	5.617499e-04
8.551478e+02	9.247420e+02	4.202090e-03	4.320774e-04	4.320774e-04
9.247420e+02	1.000000e+03	3.047724e-03	3.491606e-04	3.491606e-04
# END HISTO1D


# BEGIN HISTO1D //eos/home-y/yiyu/monobc/Rivet/X800_Qd10.yoda.gz/JetMETAnalysis/bjet_pt
ErrorBars=1
LineColor=red
LineStyle=dotted
Path=//eos/home-y/yiyu/monobc/Rivet/X800_Qd10.yoda.gz/JetMETAnalysis/bjet_pt
ScaledBy=1.47308375736674233e-05
Title=X800_Qd10
# xlow	 xhigh	 val	 errminus	 errplus
2.000000e+01	2.162765e+01	0.000000e+00	0.000000e+00	0.000000e+00
2.162765e+01	2.338777e+01	0.000000e+00	0.000000e+00	0.000000e+00
2.338777e+01	2.529113e+01	4.899554e-03	1.549375e-03	1.549375e-03
2.529113e+01	2.734939e+01	2.763803e-02	3.538688e-03	3.538688e-03
2.734939e+01	2.957515e+01	3.016697e-02	3.555211e-03	3.555211e-03
2.957515e+01	3.198206e+01	3.332086e-02	3.716307e-03	3.716307e-03
3.198206e+01	3.458484e+01	3.582944e-02	3.618597e-03	3.618597e-03
3.458484e+01	3.739945e+01	3.247023e-02	3.346258e-03	3.346258e-03
3.739945e+01	4.044311e+01	2.910751e-02	3.017639e-03	3.017639e-03
4.044311e+01	4.373448e+01	3.371690e-02	3.116689e-03	3.116689e-03
4.373448e+01	4.729371e+01	3.484762e-02	3.066773e-03	3.066773e-03
4.729371e+01	5.114260e+01	3.585946e-02	2.967479e-03	2.967479e-03
5.114260e+01	5.530472e+01	3.271266e-02	2.744155e-03	2.744155e-03
5.530472e+01	5.980556e+01	3.418755e-02	2.693564e-03	2.693564e-03
5.980556e+01	6.467270e+01	3.832072e-02	2.802919e-03	2.802919e-03
6.467270e+01	6.993594e+01	3.880328e-02	2.716178e-03	2.716178e-03
6.993594e+01	7.562751e+01	3.932391e-02	2.538348e-03	2.538348e-03
7.562751e+01	8.178228e+01	4.166758e-02	2.557927e-03	2.557927e-03
8.178228e+01	8.843794e+01	3.797132e-02	2.348765e-03	2.348765e-03
8.843794e+01	9.563525e+01	4.133311e-02	2.328673e-03	2.328673e-03
9.563525e+01	1.034183e+02	4.289541e-02	2.310996e-03	2.310996e-03
1.034183e+02	1.118348e+02	4.487465e-02	2.284233e-03	2.284233e-03
1.118348e+02	1.209362e+02	4.662090e-02	2.218992e-03	2.218992e-03
1.209362e+02	1.307783e+02	4.983971e-02	2.193674e-03	2.193674e-03
1.307783e+02	1.414214e+02	5.476327e-02	2.225303e-03	2.225303e-03
1.414214e+02	1.529306e+02	5.696233e-02	2.178721e-03	2.178721e-03
1.529306e+02	1.653765e+02	6.331520e-02	2.198633e-03	2.198633e-03
1.653765e+02	1.788353e+02	6.672636e-02	2.176856e-03	2.176856e-03
1.788353e+02	1.933894e+02	6.804821e-02	2.109633e-03	2.109633e-03
1.933894e+02	2.091279e+02	6.926740e-02	2.055166e-03	2.055166e-03
2.091279e+02	2.261473e+02	7.019113e-02	1.986993e-03	1.986993e-03
2.261473e+02	2.445518e+02	6.830357e-02	1.887767e-03	1.887767e-03
2.445518e+02	2.644540e+02	7.501839e-02	1.903926e-03	1.903926e-03
2.644540e+02	2.859760e+02	7.114887e-02	1.786567e-03	1.786567e-03
2.859760e+02	3.092495e+02	6.775784e-02	1.672879e-03	1.672879e-03
3.092495e+02	3.344170e+02	6.747571e-02	1.609620e-03	1.609620e-03
3.344170e+02	3.616328e+02	6.476168e-02	1.506122e-03	1.506122e-03
3.616328e+02	3.910634e+02	5.839878e-02	1.380832e-03	1.380832e-03
3.910634e+02	4.228892e+02	5.529300e-02	1.295602e-03	1.295602e-03
4.228892e+02	4.573051e+02	5.275750e-02	1.210898e-03	1.210898e-03
4.573051e+02	4.945218e+02	4.643176e-02	1.091949e-03	1.091949e-03
4.945218e+02	5.347672e+02	4.103741e-02	9.899032e-04	9.899032e-04
5.347672e+02	5.782880e+02	3.559183e-02	8.863508e-04	8.863508e-04
5.782880e+02	6.253506e+02	2.716684e-02	7.469623e-04	7.469623e-04
6.253506e+02	6.762433e+02	2.123760e-02	6.313170e-04	6.313170e-04
6.762433e+02	7.312778e+02	1.594528e-02	5.269334e-04	5.269334e-04
7.312778e+02	7.907911e+02	1.006001e-02	4.013428e-04	4.013428e-04
7.907911e+02	8.551478e+02	7.346690e-03	3.326512e-04	3.326512e-04
8.551478e+02	9.247420e+02	4.743596e-03	2.563569e-04	2.563569e-04
9.247420e+02	1.000000e+03	2.899617e-03	1.951420e-04	1.951420e-04
# END HISTO1D


# BEGIN HISTO1D //eos/home-y/yiyu/monobc/Rivet/X800_Qd20.yoda.gz/JetMETAnalysis/bjet_pt
ErrorBars=1
LineColor=blue
LineStyle=dotted
Path=//eos/home-y/yiyu/monobc/Rivet/X800_Qd20.yoda.gz/JetMETAnalysis/bjet_pt
ScaledBy=1.47466832779571235e-05
Title=X800_Qd20
# xlow	 xhigh	 val	 errminus	 errplus
2.000000e+01	2.162765e+01	0.000000e+00	0.000000e+00	0.000000e+00
2.162765e+01	2.338777e+01	0.000000e+00	0.000000e+00	0.000000e+00
2.338777e+01	2.529113e+01	5.389117e-03	1.624880e-03	1.624880e-03
2.529113e+01	2.734939e+01	2.899517e-02	3.680592e-03	3.680592e-03
2.734939e+01	2.957515e+01	3.519224e-02	3.839788e-03	3.839788e-03
2.957515e+01	3.198206e+01	3.331843e-02	3.675423e-03	3.675423e-03
3.198206e+01	3.458484e+01	2.794493e-02	3.204450e-03	3.204450e-03
3.458484e+01	3.739945e+01	3.445570e-02	3.443020e-03	3.443020e-03
3.739945e+01	4.044311e+01	2.910539e-02	3.017419e-03	3.017419e-03
4.044311e+01	4.373448e+01	3.456439e-02	3.154859e-03	3.154859e-03
4.373448e+01	4.729371e+01	3.196315e-02	2.940865e-03	2.940865e-03
4.729371e+01	5.114260e+01	3.852189e-02	3.112091e-03	3.112091e-03
5.114260e+01	5.530472e+01	3.674305e-02	2.938296e-03	2.938296e-03
5.530472e+01	5.980556e+01	3.480659e-02	2.717169e-03	2.717169e-03
5.980556e+01	6.467270e+01	3.716840e-02	2.709487e-03	2.709487e-03
6.467270e+01	6.993594e+01	3.135928e-02	2.422777e-03	2.422777e-03
6.993594e+01	7.562751e+01	4.046790e-02	2.616278e-03	2.616278e-03
7.562751e+01	8.178228e+01	3.802837e-02	2.438282e-03	2.438282e-03
8.178228e+01	8.843794e+01	4.147118e-02	2.450843e-03	2.450843e-03
8.843794e+01	9.563525e+01	4.431001e-02	2.451417e-03	2.451417e-03
9.563525e+01	1.034183e+02	4.181398e-02	2.270091e-03	2.270091e-03
1.034183e+02	1.118348e+02	4.753042e-02	2.326664e-03	2.326664e-03
1.118348e+02	1.209362e+02	4.682242e-02	2.214095e-03	2.214095e-03
1.209362e+02	1.307783e+02	5.324692e-02	2.273890e-03	2.273890e-03
1.307783e+02	1.414214e+02	5.125469e-02	2.165700e-03	2.165700e-03
1.414214e+02	1.529306e+02	5.865964e-02	2.195072e-03	2.195072e-03
1.529306e+02	1.653765e+02	5.724176e-02	2.087135e-03	2.087135e-03
1.653765e+02	1.788353e+02	6.298012e-02	2.116315e-03	2.116315e-03
1.788353e+02	1.933894e+02	6.785104e-02	2.116279e-03	2.116279e-03
1.933894e+02	2.091279e+02	6.742561e-02	2.043883e-03	2.043883e-03
2.091279e+02	2.261473e+02	7.341869e-02	2.030930e-03	2.030930e-03
2.261473e+02	2.445518e+02	7.488527e-02	1.974049e-03	1.974049e-03
2.445518e+02	2.644540e+02	7.079609e-02	1.853540e-03	1.853540e-03
2.644540e+02	2.859760e+02	6.954056e-02	1.757301e-03	1.757301e-03
2.859760e+02	3.092495e+02	7.083803e-02	1.709306e-03	1.709306e-03
3.092495e+02	3.344170e+02	6.561820e-02	1.583708e-03	1.583708e-03
3.344170e+02	3.616328e+02	6.424305e-02	1.498588e-03	1.498588e-03
3.616328e+02	3.910634e+02	6.016887e-02	1.403090e-03	1.403090e-03
3.910634e+02	4.228892e+02	5.423417e-02	1.286197e-03	1.286197e-03
4.228892e+02	4.573051e+02	5.055899e-02	1.194634e-03	1.194634e-03
4.573051e+02	4.945218e+02	4.850801e-02	1.113785e-03	1.113785e-03
4.945218e+02	5.347672e+02	4.298071e-02	1.011824e-03	1.011824e-03
5.347672e+02	5.782880e+02	3.430364e-02	8.669086e-04	8.669086e-04
5.782880e+02	6.253506e+02	2.736300e-02	7.505781e-04	7.505781e-04
6.253506e+02	6.762433e+02	2.101618e-02	6.349828e-04	6.349828e-04
6.762433e+02	7.312778e+02	1.543580e-02	5.203155e-04	5.203155e-04
7.312778e+02	7.907911e+02	1.062335e-02	4.121781e-04	4.121781e-04
7.907911e+02	8.551478e+02	6.882492e-03	3.236700e-04	3.236700e-04
8.551478e+02	9.247420e+02	4.515468e-03	2.573867e-04	2.573867e-04
9.247420e+02	1.000000e+03	2.911797e-03	1.947340e-04	1.947340e-04
# END HISTO1D


# BEGIN HISTO1D //eos/home-y/yiyu/monobc/Rivet/X800_Qd40.yoda.gz/JetMETAnalysis/bjet_pt
ErrorBars=1
LineColor=green
LineStyle=dotted
Path=//eos/home-y/yiyu/monobc/Rivet/X800_Qd40.yoda.gz/JetMETAnalysis/bjet_pt
ScaledBy=1.48255274573354104e-05
Title=X800_Qd40
# xlow	 xhigh	 val	 errminus	 errplus
2.000000e+01	2.162765e+01	0.000000e+00	0.000000e+00	0.000000e+00
2.162765e+01	2.338777e+01	0.000000e+00	0.000000e+00	0.000000e+00
2.338777e+01	2.529113e+01	6.332544e-03	1.886603e-03	1.886603e-03
2.529113e+01	2.734939e+01	3.018077e-02	3.687168e-03	3.687168e-03
2.734939e+01	2.957515e+01	3.124199e-02	3.607514e-03	3.607514e-03
2.957515e+01	3.198206e+01	2.850543e-02	3.358170e-03	3.358170e-03
3.198206e+01	3.458484e+01	3.241602e-02	3.435261e-03	3.435261e-03
3.458484e+01	3.739945e+01	3.392929e-02	3.407450e-03	3.407450e-03
3.739945e+01	4.044311e+01	3.137595e-02	3.121435e-03	3.121435e-03
4.044311e+01	4.373448e+01	3.042305e-02	2.981179e-03	2.981179e-03
4.373448e+01	4.729371e+01	3.308289e-02	3.026680e-03	3.026680e-03
4.729371e+01	5.114260e+01	3.324293e-02	2.870546e-03	2.870546e-03
5.114260e+01	5.530472e+01	3.541916e-02	2.895907e-03	2.895907e-03
5.530472e+01	5.980556e+01	3.831556e-02	2.883967e-03	2.883967e-03
5.980556e+01	6.467270e+01	3.390798e-02	2.583990e-03	2.583990e-03
6.467270e+01	6.993594e+01	3.734551e-02	2.576971e-03	2.576971e-03
6.993594e+01	7.562751e+01	4.268005e-02	2.676736e-03	2.676736e-03
7.562751e+01	8.178228e+01	4.217956e-02	2.582960e-03	2.582960e-03
8.178228e+01	8.843794e+01	3.984104e-02	2.404766e-03	2.404766e-03
8.843794e+01	9.563525e+01	3.916148e-02	2.289967e-03	2.289967e-03
9.563525e+01	1.034183e+02	4.360005e-02	2.309936e-03	2.309936e-03
1.034183e+02	1.118348e+02	4.681804e-02	2.313362e-03	2.313362e-03
1.118348e+02	1.209362e+02	4.838839e-02	2.280166e-03	2.280166e-03
1.209362e+02	1.307783e+02	5.379032e-02	2.290138e-03	2.290138e-03
1.307783e+02	1.414214e+02	4.895803e-02	2.094361e-03	2.094361e-03
1.414214e+02	1.529306e+02	5.896872e-02	2.217917e-03	2.217917e-03
1.529306e+02	1.653765e+02	5.825540e-02	2.114935e-03	2.114935e-03
1.653765e+02	1.788353e+02	6.675337e-02	2.173006e-03	2.173006e-03
1.788353e+02	1.933894e+02	6.695348e-02	2.090635e-03	2.090635e-03
1.933894e+02	2.091279e+02	6.745249e-02	2.017630e-03	2.017630e-03
2.091279e+02	2.261473e+02	7.207281e-02	2.008266e-03	2.008266e-03
2.261473e+02	2.445518e+02	7.032622e-02	1.909014e-03	1.909014e-03
2.445518e+02	2.644540e+02	7.090377e-02	1.851754e-03	1.851754e-03
2.644540e+02	2.859760e+02	6.922916e-02	1.749377e-03	1.749377e-03
2.859760e+02	3.092495e+02	7.278347e-02	1.716722e-03	1.716722e-03
3.092495e+02	3.344170e+02	6.498516e-02	1.574222e-03	1.574222e-03
3.344170e+02	3.616328e+02	6.346692e-02	1.495463e-03	1.495463e-03
3.616328e+02	3.910634e+02	5.982484e-02	1.391507e-03	1.391507e-03
3.910634e+02	4.228892e+02	5.485634e-02	1.282819e-03	1.282819e-03
4.228892e+02	4.573051e+02	5.301779e-02	1.214988e-03	1.214988e-03
4.573051e+02	4.945218e+02	4.688540e-02	1.097849e-03	1.097849e-03
4.945218e+02	5.347672e+02	4.119144e-02	9.898181e-04	9.898181e-04
5.347672e+02	5.782880e+02	3.323406e-02	8.569355e-04	8.569355e-04
5.782880e+02	6.253506e+02	2.693075e-02	7.379190e-04	7.379190e-04
6.253506e+02	6.762433e+02	2.135147e-02	6.310894e-04	6.310894e-04
6.762433e+02	7.312778e+02	1.492638e-02	5.109927e-04	5.109927e-04
7.312778e+02	7.907911e+02	1.060935e-02	4.159935e-04	4.159935e-04
7.907911e+02	8.551478e+02	7.390595e-03	3.338483e-04	3.338483e-04
8.551478e+02	9.247420e+02	4.649521e-03	2.579873e-04	2.579873e-04
9.247420e+02	1.000000e+03	2.956749e-03	1.971166e-04	1.971166e-04
# END HISTO1D

