# BEGIN PLOT
Legend=1
LogY=1
LegendPlacement=manual
LegendAlign=r
LegendXPos=1.32
RightMargin=3.3
DrawOnly=//eos/home-y/yiyu/monobc/Rivet_New/X1000_Qd10.yoda.gz/JetMETAnalysis/bjet_eta //eos/home-y/yiyu/monobc/Rivet_New/X1000_Qd20.yoda.gz/JetMETAnalysis/bjet_eta //eos/home-y/yiyu/monobc/Rivet_New/X1000_Qd40.yoda.gz/JetMETAnalysis/bjet_eta //eos/home-y/yiyu/monobc/Rivet_New/X1200_Qd10.yoda.gz/JetMETAnalysis/bjet_eta //eos/home-y/yiyu/monobc/Rivet_New/X1200_Qd20.yoda.gz/JetMETAnalysis/bjet_eta //eos/home-y/yiyu/monobc/Rivet_New/X1200_Qd40.yoda.gz/JetMETAnalysis/bjet_eta //eos/home-y/yiyu/monobc/Rivet_New/X1500_Qd10.yoda.gz/JetMETAnalysis/bjet_eta //eos/home-y/yiyu/monobc/Rivet_New/X1500_Qd20.yoda.gz/JetMETAnalysis/bjet_eta //eos/home-y/yiyu/monobc/Rivet_New/X1500_Qd40.yoda.gz/JetMETAnalysis/bjet_eta //eos/home-y/yiyu/monobc/Rivet_New/X2000_Qd10.yoda.gz/JetMETAnalysis/bjet_eta //eos/home-y/yiyu/monobc/Rivet_New/X2000_Qd20.yoda.gz/JetMETAnalysis/bjet_eta //eos/home-y/yiyu/monobc/Rivet_New/X2000_Qd40.yoda.gz/JetMETAnalysis/bjet_eta //eos/home-y/yiyu/monobc/Rivet_New/X600_Qd10.yoda.gz/JetMETAnalysis/bjet_eta //eos/home-y/yiyu/monobc/Rivet_New/X600_Qd20.yoda.gz/JetMETAnalysis/bjet_eta //eos/home-y/yiyu/monobc/Rivet_New/X600_Qd40.yoda.gz/JetMETAnalysis/bjet_eta //eos/home-y/yiyu/monobc/Rivet_New/X800_Qd10.yoda.gz/JetMETAnalysis/bjet_eta //eos/home-y/yiyu/monobc/Rivet_New/X800_Qd20.yoda.gz/JetMETAnalysis/bjet_eta //eos/home-y/yiyu/monobc/Rivet_New/X800_Qd40.yoda.gz/JetMETAnalysis/bjet_eta
LegendOnly=//eos/home-y/yiyu/monobc/Rivet_New/X1000_Qd10.yoda.gz/JetMETAnalysis/bjet_eta //eos/home-y/yiyu/monobc/Rivet_New/X1000_Qd20.yoda.gz/JetMETAnalysis/bjet_eta //eos/home-y/yiyu/monobc/Rivet_New/X1000_Qd40.yoda.gz/JetMETAnalysis/bjet_eta //eos/home-y/yiyu/monobc/Rivet_New/X1200_Qd10.yoda.gz/JetMETAnalysis/bjet_eta //eos/home-y/yiyu/monobc/Rivet_New/X1200_Qd20.yoda.gz/JetMETAnalysis/bjet_eta //eos/home-y/yiyu/monobc/Rivet_New/X1200_Qd40.yoda.gz/JetMETAnalysis/bjet_eta //eos/home-y/yiyu/monobc/Rivet_New/X1500_Qd10.yoda.gz/JetMETAnalysis/bjet_eta //eos/home-y/yiyu/monobc/Rivet_New/X1500_Qd20.yoda.gz/JetMETAnalysis/bjet_eta //eos/home-y/yiyu/monobc/Rivet_New/X1500_Qd40.yoda.gz/JetMETAnalysis/bjet_eta //eos/home-y/yiyu/monobc/Rivet_New/X2000_Qd10.yoda.gz/JetMETAnalysis/bjet_eta //eos/home-y/yiyu/monobc/Rivet_New/X2000_Qd20.yoda.gz/JetMETAnalysis/bjet_eta //eos/home-y/yiyu/monobc/Rivet_New/X2000_Qd40.yoda.gz/JetMETAnalysis/bjet_eta //eos/home-y/yiyu/monobc/Rivet_New/X600_Qd10.yoda.gz/JetMETAnalysis/bjet_eta //eos/home-y/yiyu/monobc/Rivet_New/X600_Qd20.yoda.gz/JetMETAnalysis/bjet_eta //eos/home-y/yiyu/monobc/Rivet_New/X600_Qd40.yoda.gz/JetMETAnalysis/bjet_eta //eos/home-y/yiyu/monobc/Rivet_New/X800_Qd10.yoda.gz/JetMETAnalysis/bjet_eta //eos/home-y/yiyu/monobc/Rivet_New/X800_Qd20.yoda.gz/JetMETAnalysis/bjet_eta //eos/home-y/yiyu/monobc/Rivet_New/X800_Qd40.yoda.gz/JetMETAnalysis/bjet_eta
RatioPlot=1
RatioPlotReference=//eos/home-y/yiyu/monobc/Rivet_New/X1000_Qd10.yoda.gz/JetMETAnalysis/bjet_eta
RatioPlotYLabel=Ratio
# END PLOT

# BEGIN HISTO1D //eos/home-y/yiyu/monobc/Rivet_New/X1000_Qd10.yoda.gz/JetMETAnalysis/bjet_eta
ErrorBars=1
LineColor=red
LineStyle=solid
Path=//eos/home-y/yiyu/monobc/Rivet_New/X1000_Qd10.yoda.gz/JetMETAnalysis/bjet_eta
ScaledBy=7.37705049895298222e-06
Title=X1000_Qd10
# xlow	 xhigh	 val	 errminus	 errplus
-2.500000e+00	-2.400000e+00	1.394616e-01	1.678152e-02	1.678152e-02
-2.400000e+00	-2.300000e+00	2.169403e-01	2.022596e-02	2.022596e-02
-2.300000e+00	-2.200000e+00	2.720362e-01	2.360742e-02	2.360742e-02
-2.200000e+00	-2.100000e+00	3.426279e-01	2.616831e-02	2.616831e-02
-2.100000e+00	-2.000000e+00	3.529583e-01	2.628134e-02	2.628134e-02
-2.000000e+00	-1.900000e+00	4.631502e-01	2.997029e-02	2.997029e-02
-1.900000e+00	-1.800000e+00	5.389071e-01	3.188722e-02	3.188722e-02
-1.800000e+00	-1.700000e+00	6.336033e-01	3.434877e-02	3.434877e-02
-1.700000e+00	-1.600000e+00	7.833954e-01	3.853794e-02	3.853794e-02
-1.600000e+00	-1.500000e+00	8.247173e-01	3.892065e-02	3.892065e-02
-1.500000e+00	-1.400000e+00	1.015831e+00	4.287118e-02	4.287118e-02
-1.400000e+00	-1.300000e+00	1.126023e+00	4.522662e-02	4.522662e-02
-1.300000e+00	-1.200000e+00	1.184563e+00	4.677327e-02	4.677327e-02
-1.200000e+00	-1.100000e+00	1.303363e+00	4.945344e-02	4.945344e-02
-1.100000e+00	-1.000000e+00	1.539243e+00	5.284392e-02	5.284392e-02
-1.000000e+00	-9.000000e-01	1.652878e+00	5.455524e-02	5.455524e-02
-9.000000e-01	-8.000000e-01	1.683870e+00	5.520344e-02	5.520344e-02
-8.000000e-01	-7.000000e-01	1.843992e+00	5.800528e-02	5.800528e-02
-7.000000e-01	-6.000000e-01	1.807835e+00	5.731119e-02	5.731119e-02
-6.000000e-01	-5.000000e-01	1.971402e+00	6.006409e-02	6.006409e-02
-5.000000e-01	-4.000000e-01	2.126359e+00	6.191115e-02	6.191115e-02
-4.000000e-01	-3.000000e-01	2.112585e+00	6.143046e-02	6.143046e-02
-3.000000e-01	-2.000000e-01	2.289925e+00	6.423758e-02	6.423758e-02
-2.000000e-01	-1.000000e-01	2.253768e+00	6.351827e-02	6.351827e-02
-1.000000e-01	0.000000e+00	2.376012e+00	6.533574e-02	6.533574e-02
0.000000e+00	1.000000e-01	2.250325e+00	6.337810e-02	6.337810e-02
1.000000e-01	2.000000e-01	2.329525e+00	6.462865e-02	6.462865e-02
2.000000e-01	3.000000e-01	2.214168e+00	6.279072e-02	6.279072e-02
3.000000e-01	4.000000e-01	2.238272e+00	6.340149e-02	6.340149e-02
4.000000e-01	5.000000e-01	2.195229e+00	6.319074e-02	6.319074e-02
5.000000e-01	6.000000e-01	2.002393e+00	6.055562e-02	6.055562e-02
6.000000e-01	7.000000e-01	1.909419e+00	5.851411e-02	5.851411e-02
7.000000e-01	8.000000e-01	1.857766e+00	5.805636e-02	5.805636e-02
8.000000e-01	9.000000e-01	1.630495e+00	5.414617e-02	5.414617e-02
9.000000e-01	1.000000e+00	1.584008e+00	5.340195e-02	5.340195e-02
1.000000e+00	1.100000e+00	1.673539e+00	5.504210e-02	5.504210e-02
1.100000e+00	1.200000e+00	1.303363e+00	4.903205e-02	4.903205e-02
1.200000e+00	1.300000e+00	1.270650e+00	4.839307e-02	4.839307e-02
1.300000e+00	1.400000e+00	1.065762e+00	4.406465e-02	4.406465e-02
1.400000e+00	1.500000e+00	9.710659e-01	4.266324e-02	4.266324e-02
1.500000e+00	1.600000e+00	8.419348e-01	4.012079e-02	4.012079e-02
1.600000e+00	1.700000e+00	6.697600e-01	3.524330e-02	3.524330e-02
1.700000e+00	1.800000e+00	6.336033e-01	3.417572e-02	3.417572e-02
1.800000e+00	1.900000e+00	5.630116e-01	3.198006e-02	3.198006e-02
1.900000e+00	2.000000e+00	4.993069e-01	3.060646e-02	3.060646e-02
2.000000e+00	2.100000e+00	3.460714e-01	2.582622e-02	2.582622e-02
2.100000e+00	2.200000e+00	2.944189e-01	2.367012e-02	2.367012e-02
2.200000e+00	2.300000e+00	2.823667e-01	2.297098e-02	2.297098e-02
2.300000e+00	2.400000e+00	2.186620e-01	2.058911e-02	2.058911e-02
2.400000e+00	2.500000e+00	1.980010e-01	1.893923e-02	1.893923e-02
# END HISTO1D


# BEGIN HISTO1D //eos/home-y/yiyu/monobc/Rivet_New/X1000_Qd20.yoda.gz/JetMETAnalysis/bjet_eta
ErrorBars=1
LineColor=blue
LineStyle=solid
Path=//eos/home-y/yiyu/monobc/Rivet_New/X1000_Qd20.yoda.gz/JetMETAnalysis/bjet_eta
ScaledBy=7.43308451501994242e-06
Title=X1000_Qd20
# xlow	 xhigh	 val	 errminus	 errplus
-2.500000e+00	-2.400000e+00	1.890867e-01	1.876408e-02	1.876408e-02
-2.400000e+00	-2.300000e+00	2.480678e-01	2.201138e-02	2.201138e-02
-2.300000e+00	-2.200000e+00	2.983753e-01	2.353116e-02	2.353116e-02
-2.200000e+00	-2.100000e+00	3.400090e-01	2.513877e-02	2.513877e-02
-2.100000e+00	-2.000000e+00	3.972554e-01	2.802558e-02	2.802558e-02
-2.000000e+00	-1.900000e+00	4.371545e-01	2.871506e-02	2.871506e-02
-1.900000e+00	-1.800000e+00	5.464431e-01	3.250034e-02	3.250034e-02
-1.800000e+00	-1.700000e+00	5.898116e-01	3.372720e-02	3.372720e-02
-1.700000e+00	-1.600000e+00	7.025697e-01	3.724645e-02	3.724645e-02
-1.600000e+00	-1.500000e+00	9.332901e-01	4.192188e-02	4.192188e-02
-1.500000e+00	-1.400000e+00	9.957407e-01	4.305512e-02	4.305512e-02
-1.400000e+00	-1.300000e+00	1.118907e+00	4.606054e-02	4.606054e-02
-1.300000e+00	-1.200000e+00	1.190032e+00	4.725375e-02	4.725375e-02
-1.200000e+00	-1.100000e+00	1.346158e+00	4.961478e-02	4.961478e-02
-1.100000e+00	-1.000000e+00	1.457182e+00	5.186844e-02	5.186844e-02
-1.000000e+00	-9.000000e-01	1.623717e+00	5.469248e-02	5.469248e-02
-9.000000e-01	-8.000000e-01	1.684432e+00	5.591678e-02	5.591678e-02
-8.000000e-01	-7.000000e-01	1.765965e+00	5.674482e-02	5.674482e-02
-7.000000e-01	-6.000000e-01	1.965460e+00	5.976676e-02	5.976676e-02
-6.000000e-01	-5.000000e-01	1.986277e+00	6.011819e-02	6.011819e-02
-5.000000e-01	-4.000000e-01	2.177099e+00	6.300236e-02	6.300236e-02
-4.000000e-01	-3.000000e-01	2.199650e+00	6.288283e-02	6.288283e-02
-3.000000e-01	-2.000000e-01	2.295061e+00	6.446608e-02	6.446608e-02
-2.000000e-01	-1.000000e-01	2.298530e+00	6.423224e-02	6.423224e-02
-1.000000e-01	0.000000e+00	2.352307e+00	6.490803e-02	6.490803e-02
0.000000e+00	1.000000e-01	2.341899e+00	6.537001e-02	6.537001e-02
1.000000e-01	2.000000e-01	2.399145e+00	6.585161e-02	6.585161e-02
2.000000e-01	3.000000e-01	2.248223e+00	6.392699e-02	6.392699e-02
3.000000e-01	4.000000e-01	2.170160e+00	6.257099e-02	6.257099e-02
4.000000e-01	5.000000e-01	2.102505e+00	6.157716e-02	6.157716e-02
5.000000e-01	6.000000e-01	2.007094e+00	6.081495e-02	6.081495e-02
6.000000e-01	7.000000e-01	2.022707e+00	6.074068e-02	6.074068e-02
7.000000e-01	8.000000e-01	1.828416e+00	5.753482e-02	5.753482e-02
8.000000e-01	9.000000e-01	1.753822e+00	5.623876e-02	5.623876e-02
9.000000e-01	1.000000e+00	1.587287e+00	5.349641e-02	5.349641e-02
1.000000e+00	1.100000e+00	1.484937e+00	5.227299e-02	5.227299e-02
1.100000e+00	1.200000e+00	1.328811e+00	4.918836e-02	4.918836e-02
1.200000e+00	1.300000e+00	1.222992e+00	4.766591e-02	4.766591e-02
1.300000e+00	1.400000e+00	1.079008e+00	4.536934e-02	4.536934e-02
1.400000e+00	1.500000e+00	9.228817e-01	4.177807e-02	4.177807e-02
1.500000e+00	1.600000e+00	8.118583e-01	3.886747e-02	3.886747e-02
1.600000e+00	1.700000e+00	7.233866e-01	3.684026e-02	3.684026e-02
1.700000e+00	1.800000e+00	6.765486e-01	3.563613e-02	3.563613e-02
1.800000e+00	1.900000e+00	5.932811e-01	3.354828e-02	3.354828e-02
1.900000e+00	2.000000e+00	4.545019e-01	2.943951e-02	2.943951e-02
2.000000e+00	2.100000e+00	3.816428e-01	2.775584e-02	2.775584e-02
2.100000e+00	2.200000e+00	3.330701e-01	2.561313e-02	2.561313e-02
2.200000e+00	2.300000e+00	2.723542e-01	2.255162e-02	2.255162e-02
2.300000e+00	2.400000e+00	2.671500e-01	2.301393e-02	2.301393e-02
2.400000e+00	2.500000e+00	1.838824e-01	1.962634e-02	1.962634e-02
# END HISTO1D


# BEGIN HISTO1D //eos/home-y/yiyu/monobc/Rivet_New/X1000_Qd40.yoda.gz/JetMETAnalysis/bjet_eta
ErrorBars=1
LineColor=green
LineStyle=solid
Path=//eos/home-y/yiyu/monobc/Rivet_New/X1000_Qd40.yoda.gz/JetMETAnalysis/bjet_eta
ScaledBy=7.38082868002335225e-06
Title=X1000_Qd40
# xlow	 xhigh	 val	 errminus	 errplus
-2.500000e+00	-2.400000e+00	1.795961e-01	1.785751e-02	1.785751e-02
-2.400000e+00	-2.300000e+00	2.788016e-01	2.249732e-02	2.249732e-02
-2.300000e+00	-2.200000e+00	2.651181e-01	2.223571e-02	2.223571e-02
-2.200000e+00	-2.100000e+00	3.403775e-01	2.554231e-02	2.554231e-02
-2.100000e+00	-2.000000e+00	4.190577e-01	2.836443e-02	2.836443e-02
-2.000000e+00	-1.900000e+00	4.703709e-01	2.987154e-02	2.987154e-02
-1.900000e+00	-1.800000e+00	5.541824e-01	3.236303e-02	3.236303e-02
-1.800000e+00	-1.700000e+00	6.739132e-01	3.471814e-02	3.471814e-02
-1.700000e+00	-1.600000e+00	7.320681e-01	3.700246e-02	3.700246e-02
-1.600000e+00	-1.500000e+00	7.970648e-01	3.870283e-02	3.870283e-02
-1.500000e+00	-1.400000e+00	9.031121e-01	4.105055e-02	4.105055e-02
-1.400000e+00	-1.300000e+00	1.002318e+00	4.299978e-02	4.299978e-02
-1.300000e+00	-1.200000e+00	1.134021e+00	4.554397e-02	4.554397e-02
-1.200000e+00	-1.100000e+00	1.317038e+00	4.939588e-02	4.939588e-02
-1.100000e+00	-1.000000e+00	1.387166e+00	5.024735e-02	5.024735e-02
-1.000000e+00	-9.000000e-01	1.481241e+00	5.193656e-02	5.193656e-02
-9.000000e-01	-8.000000e-01	1.724123e+00	5.579285e-02	5.579285e-02
-8.000000e-01	-7.000000e-01	1.823329e+00	5.739537e-02	5.739537e-02
-7.000000e-01	-6.000000e-01	1.955032e+00	5.902876e-02	5.902876e-02
-6.000000e-01	-5.000000e-01	2.059369e+00	6.085897e-02	6.085897e-02
-5.000000e-01	-4.000000e-01	2.139760e+00	6.216689e-02	6.216689e-02
-4.000000e-01	-3.000000e-01	2.197915e+00	6.268241e-02	6.268241e-02
-3.000000e-01	-2.000000e-01	2.259491e+00	6.379274e-02	6.379274e-02
-2.000000e-01	-1.000000e-01	2.363827e+00	6.499670e-02	6.499670e-02
-1.000000e-01	0.000000e+00	2.305672e+00	6.404448e-02	6.404448e-02
0.000000e+00	1.000000e-01	2.250938e+00	6.330938e-02	6.330938e-02
1.000000e-01	2.000000e-01	2.204757e+00	6.263572e-02	6.263572e-02
2.000000e-01	3.000000e-01	2.285147e+00	6.367799e-02	6.367799e-02
3.000000e-01	4.000000e-01	2.213309e+00	6.303149e-02	6.303149e-02
4.000000e-01	5.000000e-01	2.206467e+00	6.251885e-02	6.251885e-02
5.000000e-01	6.000000e-01	2.117524e+00	6.143312e-02	6.143312e-02
6.000000e-01	7.000000e-01	1.869510e+00	5.787759e-02	5.787759e-02
7.000000e-01	8.000000e-01	1.778857e+00	5.688336e-02	5.688336e-02
8.000000e-01	9.000000e-01	1.642022e+00	5.435861e-02	5.435861e-02
9.000000e-01	1.000000e+00	1.592419e+00	5.357254e-02	5.357254e-02
1.000000e+00	1.100000e+00	1.347826e+00	5.010158e-02	5.010158e-02
1.100000e+00	1.200000e+00	1.329012e+00	4.954373e-02	4.954373e-02
1.200000e+00	1.300000e+00	1.272567e+00	4.789231e-02	4.789231e-02
1.300000e+00	1.400000e+00	1.017712e+00	4.357427e-02	4.357427e-02
1.400000e+00	1.500000e+00	9.270582e-01	4.126380e-02	4.126380e-02
1.500000e+00	1.600000e+00	8.774555e-01	4.036782e-02	4.036782e-02
1.600000e+00	1.700000e+00	7.269368e-01	3.680427e-02	3.680427e-02
1.700000e+00	1.800000e+00	5.712868e-01	3.272264e-02	3.272264e-02
1.800000e+00	1.900000e+00	5.593137e-01	3.249835e-02	3.249835e-02
1.900000e+00	2.000000e+00	4.669500e-01	2.987154e-02	2.987154e-02
2.000000e+00	2.100000e+00	3.951115e-01	2.784394e-02	2.784394e-02
2.100000e+00	2.200000e+00	3.455088e-01	2.490438e-02	2.490438e-02
2.200000e+00	2.300000e+00	2.480137e-01	2.197099e-02	2.197099e-02
2.300000e+00	2.400000e+00	2.377511e-01	2.115697e-02	2.115697e-02
2.400000e+00	2.500000e+00	1.898588e-01	1.927567e-02	1.927567e-02
# END HISTO1D


# BEGIN HISTO1D //eos/home-y/yiyu/monobc/Rivet_New/X1200_Qd10.yoda.gz/JetMETAnalysis/bjet_eta
ErrorBars=1
LineColor=orange
LineStyle=solid
Path=//eos/home-y/yiyu/monobc/Rivet_New/X1200_Qd10.yoda.gz/JetMETAnalysis/bjet_eta
ScaledBy=7.24209064287837509e-06
Title=X1200_Qd10
# xlow	 xhigh	 val	 errminus	 errplus
-2.500000e+00	-2.400000e+00	4.062658e-02	5.933699e-03	5.933699e-03
-2.400000e+00	-2.300000e+00	9.894538e-02	8.467921e-03	8.467921e-03
-2.300000e+00	-2.200000e+00	8.911637e-02	8.288550e-03	8.288550e-03
-2.200000e+00	-2.100000e+00	1.002559e-01	8.717766e-03	8.717766e-03
-2.100000e+00	-2.000000e+00	1.251561e-01	9.915995e-03	9.915995e-03
-2.000000e+00	-1.900000e+00	1.539878e-01	1.078706e-02	1.078706e-02
-1.900000e+00	-1.800000e+00	1.939592e-01	1.190352e-02	1.190352e-02
-1.800000e+00	-1.700000e+00	2.424489e-01	1.339697e-02	1.339697e-02
-1.700000e+00	-1.600000e+00	2.444147e-01	1.379178e-02	1.379178e-02
-1.600000e+00	-1.500000e+00	2.673491e-01	1.414528e-02	1.414528e-02
-1.500000e+00	-1.400000e+00	3.237021e-01	1.567172e-02	1.567172e-02
-1.400000e+00	-1.300000e+00	3.767788e-01	1.704955e-02	1.704955e-02
-1.300000e+00	-1.200000e+00	4.547556e-01	1.832407e-02	1.832407e-02
-1.200000e+00	-1.100000e+00	4.934164e-01	1.875256e-02	1.875256e-02
-1.100000e+00	-1.000000e+00	5.288008e-01	1.960334e-02	1.960334e-02
-1.000000e+00	-9.000000e-01	5.864643e-01	2.041870e-02	2.041870e-02
-9.000000e-01	-8.000000e-01	6.264356e-01	2.133396e-02	2.133396e-02
-8.000000e-01	-7.000000e-01	6.788570e-01	2.233684e-02	2.233684e-02
-7.000000e-01	-6.000000e-01	7.378311e-01	2.314866e-02	2.314866e-02
-6.000000e-01	-5.000000e-01	7.470048e-01	2.311153e-02	2.311153e-02
-5.000000e-01	-4.000000e-01	7.797682e-01	2.364417e-02	2.364417e-02
-4.000000e-01	-3.000000e-01	8.328449e-01	2.456160e-02	2.456160e-02
-3.000000e-01	-2.000000e-01	8.249817e-01	2.426260e-02	2.426260e-02
-2.000000e-01	-1.000000e-01	8.675741e-01	2.490016e-02	2.490016e-02
-1.000000e-01	0.000000e+00	8.584003e-01	2.462271e-02	2.462271e-02
0.000000e+00	1.000000e-01	8.669188e-01	2.483973e-02	2.483973e-02
1.000000e-01	2.000000e-01	8.701951e-01	2.490016e-02	2.490016e-02
2.000000e-01	3.000000e-01	8.662635e-01	2.483109e-02	2.483109e-02
3.000000e-01	4.000000e-01	8.367765e-01	2.449158e-02	2.449158e-02
4.000000e-01	5.000000e-01	8.059789e-01	2.409389e-02	2.409389e-02
5.000000e-01	6.000000e-01	7.830446e-01	2.374384e-02	2.374384e-02
6.000000e-01	7.000000e-01	7.096546e-01	2.278409e-02	2.278409e-02
7.000000e-01	8.000000e-01	6.657517e-01	2.169321e-02	2.169321e-02
8.000000e-01	9.000000e-01	6.454384e-01	2.152431e-02	2.152431e-02
9.000000e-01	1.000000e+00	5.530457e-01	2.038714e-02	2.038714e-02
1.000000e+00	1.100000e+00	4.999690e-01	1.927199e-02	1.927199e-02
1.100000e+00	1.200000e+00	4.462371e-01	1.826540e-02	1.826540e-02
1.200000e+00	1.300000e+00	4.082316e-01	1.744784e-02	1.744784e-02
1.300000e+00	1.400000e+00	3.630181e-01	1.649921e-02	1.649921e-02
1.400000e+00	1.500000e+00	3.361522e-01	1.574006e-02	1.574006e-02
1.500000e+00	1.600000e+00	2.680044e-01	1.451976e-02	1.451976e-02
1.600000e+00	1.700000e+00	2.424489e-01	1.371373e-02	1.371373e-02
1.700000e+00	1.800000e+00	2.090303e-01	1.279031e-02	1.279031e-02
1.800000e+00	1.900000e+00	1.684037e-01	1.136847e-02	1.136847e-02
1.900000e+00	2.000000e+00	1.631616e-01	1.121637e-02	1.121637e-02
2.000000e+00	2.100000e+00	1.159823e-01	9.563313e-03	9.563313e-03
2.100000e+00	2.200000e+00	1.041875e-01	9.150311e-03	9.150311e-03
2.200000e+00	2.300000e+00	1.081191e-01	8.864293e-03	8.864293e-03
2.300000e+00	2.400000e+00	7.076888e-02	7.471198e-03	7.471198e-03
2.400000e+00	2.500000e+00	5.766353e-02	7.057446e-03	7.057446e-03
# END HISTO1D


# BEGIN HISTO1D //eos/home-y/yiyu/monobc/Rivet_New/X1200_Qd20.yoda.gz/JetMETAnalysis/bjet_eta
ErrorBars=1
LineColor=lilac
LineStyle=solid
Path=//eos/home-y/yiyu/monobc/Rivet_New/X1200_Qd20.yoda.gz/JetMETAnalysis/bjet_eta
ScaledBy=7.11497596044335959e-06
Title=X1200_Qd20
# xlow	 xhigh	 val	 errminus	 errplus
-2.500000e+00	-2.400000e+00	6.131352e-02	6.981127e-03	6.981127e-03
-2.400000e+00	-2.300000e+00	6.454054e-02	7.244658e-03	7.244658e-03
-2.300000e+00	-2.200000e+00	8.712974e-02	7.983224e-03	7.983224e-03
-2.200000e+00	-2.100000e+00	1.045557e-01	9.081660e-03	9.081660e-03
-2.100000e+00	-2.000000e+00	1.103643e-01	9.104564e-03	9.104564e-03
-2.000000e+00	-1.900000e+00	1.439254e-01	1.042685e-02	1.042685e-02
-1.900000e+00	-1.800000e+00	1.832951e-01	1.190069e-02	1.190069e-02
-1.800000e+00	-1.700000e+00	2.149200e-01	1.282718e-02	1.282718e-02
-1.700000e+00	-1.600000e+00	2.458995e-01	1.367589e-02	1.367589e-02
-1.600000e+00	-1.500000e+00	2.865600e-01	1.446054e-02	1.446054e-02
-1.500000e+00	-1.400000e+00	3.026952e-01	1.512233e-02	1.512233e-02
-1.400000e+00	-1.300000e+00	3.833708e-01	1.660587e-02	1.660587e-02
-1.300000e+00	-1.200000e+00	4.504930e-01	1.788600e-02	1.788600e-02
-1.200000e+00	-1.100000e+00	4.737276e-01	1.845905e-02	1.845905e-02
-1.100000e+00	-1.000000e+00	5.156790e-01	1.902578e-02	1.902578e-02
-1.000000e+00	-9.000000e-01	5.886098e-01	2.028669e-02	2.028669e-02
-9.000000e-01	-8.000000e-01	6.053903e-01	2.063279e-02	2.063279e-02
-8.000000e-01	-7.000000e-01	6.660584e-01	2.156079e-02	2.156079e-02
-7.000000e-01	-6.000000e-01	7.047827e-01	2.235750e-02	2.235750e-02
-6.000000e-01	-5.000000e-01	7.280173e-01	2.248754e-02	2.248754e-02
-5.000000e-01	-4.000000e-01	7.777136e-01	2.333299e-02	2.333299e-02
-4.000000e-01	-3.000000e-01	8.125655e-01	2.372249e-02	2.372249e-02
-3.000000e-01	-2.000000e-01	8.829147e-01	2.481246e-02	2.481246e-02
-2.000000e-01	-1.000000e-01	8.667795e-01	2.478727e-02	2.478727e-02
-1.000000e-01	0.000000e+00	8.616163e-01	2.449992e-02	2.449992e-02
0.000000e+00	1.000000e-01	8.409633e-01	2.422636e-02	2.422636e-02
1.000000e-01	2.000000e-01	8.861417e-01	2.468623e-02	2.468623e-02
2.000000e-01	3.000000e-01	8.854963e-01	2.472838e-02	2.472838e-02
3.000000e-01	4.000000e-01	8.274098e-01	2.409706e-02	2.409706e-02
4.000000e-01	5.000000e-01	8.003028e-01	2.367855e-02	2.367855e-02
5.000000e-01	6.000000e-01	7.402800e-01	2.269956e-02	2.269956e-02
6.000000e-01	7.000000e-01	7.454433e-01	2.304558e-02	2.304558e-02
7.000000e-01	8.000000e-01	6.557319e-01	2.167640e-02	2.167640e-02
8.000000e-01	9.000000e-01	6.273341e-01	2.101288e-02	2.101288e-02
9.000000e-01	1.000000e+00	5.737654e-01	2.048082e-02	2.048082e-02
1.000000e+00	1.100000e+00	5.731200e-01	2.012175e-02	2.012175e-02
1.100000e+00	1.200000e+00	4.608195e-01	1.818624e-02	1.818624e-02
1.200000e+00	1.300000e+00	4.324216e-01	1.774571e-02	1.774571e-02
1.300000e+00	1.400000e+00	3.878887e-01	1.676812e-02	1.676812e-02
1.400000e+00	1.500000e+00	3.162487e-01	1.532753e-02	1.532753e-02
1.500000e+00	1.600000e+00	2.781697e-01	1.424286e-02	1.424286e-02
1.600000e+00	1.700000e+00	2.329914e-01	1.317955e-02	1.317955e-02
1.700000e+00	1.800000e+00	2.187924e-01	1.302056e-02	1.302056e-02
1.800000e+00	1.900000e+00	1.768411e-01	1.179522e-02	1.179522e-02
1.900000e+00	2.000000e+00	1.465070e-01	1.054601e-02	1.054601e-02
2.000000e+00	2.100000e+00	1.342443e-01	9.572910e-03	9.572910e-03
2.100000e+00	2.200000e+00	1.135914e-01	9.081660e-03	9.081660e-03
2.200000e+00	2.300000e+00	9.487460e-02	8.239985e-03	8.239985e-03
2.300000e+00	2.400000e+00	7.680325e-02	7.554277e-03	7.554277e-03
2.400000e+00	2.500000e+00	6.131352e-02	6.613438e-03	6.613438e-03
# END HISTO1D


# BEGIN HISTO1D //eos/home-y/yiyu/monobc/Rivet_New/X1200_Qd40.yoda.gz/JetMETAnalysis/bjet_eta
ErrorBars=1
LineColor=red
LineStyle=dashed
Path=//eos/home-y/yiyu/monobc/Rivet_New/X1200_Qd40.yoda.gz/JetMETAnalysis/bjet_eta
ScaledBy=7.18081404149354782e-06
Title=X1200_Qd40
# xlow	 xhigh	 val	 errminus	 errplus
-2.500000e+00	-2.400000e+00	6.152276e-02	6.636007e-03	6.636007e-03
-2.400000e+00	-2.300000e+00	7.706535e-02	7.468580e-03	7.468580e-03
-2.300000e+00	-2.200000e+00	9.908402e-02	8.268105e-03	8.268105e-03
-2.200000e+00	-2.100000e+00	1.087981e-01	9.429314e-03	9.429314e-03
-2.100000e+00	-2.000000e+00	1.100934e-01	9.561817e-03	9.561817e-03
-2.000000e+00	-1.900000e+00	1.457118e-01	1.066097e-02	1.066097e-02
-1.900000e+00	-1.800000e+00	1.534831e-01	1.108526e-02	1.108526e-02
-1.800000e+00	-1.700000e+00	2.175963e-01	1.278923e-02	1.278923e-02
-1.700000e+00	-1.600000e+00	2.240724e-01	1.295216e-02	1.295216e-02
-1.600000e+00	-1.500000e+00	2.823571e-01	1.442292e-02	1.442292e-02
-1.500000e+00	-1.400000e+00	3.490607e-01	1.569030e-02	1.569030e-02
-1.400000e+00	-1.300000e+00	3.535940e-01	1.596849e-02	1.596849e-02
-1.300000e+00	-1.200000e+00	3.833839e-01	1.710960e-02	1.710960e-02
-1.200000e+00	-1.100000e+00	4.591541e-01	1.809830e-02	1.809830e-02
-1.100000e+00	-1.000000e+00	5.271529e-01	1.955733e-02	1.955733e-02
-1.000000e+00	-9.000000e-01	5.666570e-01	1.999211e-02	1.999211e-02
-9.000000e-01	-8.000000e-01	6.294750e-01	2.102483e-02	2.102483e-02
-8.000000e-01	-7.000000e-01	6.916453e-01	2.186576e-02	2.186576e-02
-7.000000e-01	-6.000000e-01	6.974738e-01	2.223664e-02	2.223664e-02
-6.000000e-01	-5.000000e-01	7.687107e-01	2.335882e-02	2.335882e-02
-5.000000e-01	-4.000000e-01	8.101576e-01	2.385625e-02	2.385625e-02
-4.000000e-01	-3.000000e-01	8.192241e-01	2.394399e-02	2.394399e-02
-3.000000e-01	-2.000000e-01	8.794516e-01	2.484655e-02	2.484655e-02
-2.000000e-01	-1.000000e-01	9.215461e-01	2.522348e-02	2.522348e-02
-1.000000e-01	0.000000e+00	9.247842e-01	2.541397e-02	2.541397e-02
0.000000e+00	1.000000e-01	8.056243e-01	2.398773e-02	2.398773e-02
1.000000e-01	2.000000e-01	8.470712e-01	2.428314e-02	2.428314e-02
2.000000e-01	3.000000e-01	8.438332e-01	2.446381e-02	2.446381e-02
3.000000e-01	4.000000e-01	8.490141e-01	2.441233e-02	2.441233e-02
4.000000e-01	5.000000e-01	8.023863e-01	2.367979e-02	2.367979e-02
5.000000e-01	6.000000e-01	8.237573e-01	2.397024e-02	2.397024e-02
6.000000e-01	7.000000e-01	7.233781e-01	2.255499e-02	2.255499e-02
7.000000e-01	8.000000e-01	7.123688e-01	2.235889e-02	2.235889e-02
8.000000e-01	9.000000e-01	6.029230e-01	2.081433e-02	2.081433e-02
9.000000e-01	1.000000e+00	5.757235e-01	2.038680e-02	2.038680e-02
1.000000e+00	1.100000e+00	5.226196e-01	1.930915e-02	1.930915e-02
1.100000e+00	1.200000e+00	4.675730e-01	1.827127e-02	1.827127e-02
1.200000e+00	1.300000e+00	4.079930e-01	1.725605e-02	1.725605e-02
1.300000e+00	1.400000e+00	3.736698e-01	1.659949e-02	1.659949e-02
1.400000e+00	1.500000e+00	3.063186e-01	1.509080e-02	1.509080e-02
1.500000e+00	1.600000e+00	2.953092e-01	1.479611e-02	1.479611e-02
1.600000e+00	1.700000e+00	2.331389e-01	1.304894e-02	1.304894e-02
1.700000e+00	1.800000e+00	2.195391e-01	1.254087e-02	1.254087e-02
1.800000e+00	1.900000e+00	1.793874e-01	1.153033e-02	1.153033e-02
1.900000e+00	2.000000e+00	1.528355e-01	1.068062e-02	1.068062e-02
2.000000e+00	2.100000e+00	1.314644e-01	9.885307e-03	9.885307e-03
2.100000e+00	2.200000e+00	1.049125e-01	9.158560e-03	9.158560e-03
2.200000e+00	2.300000e+00	8.548425e-02	8.036604e-03	8.036604e-03
2.300000e+00	2.400000e+00	6.022754e-02	6.822974e-03	6.822974e-03
2.400000e+00	2.500000e+00	5.698950e-02	6.667533e-03	6.667533e-03
# END HISTO1D


# BEGIN HISTO1D //eos/home-y/yiyu/monobc/Rivet_New/X1500_Qd10.yoda.gz/JetMETAnalysis/bjet_eta
ErrorBars=1
LineColor=blue
LineStyle=dashed
Path=//eos/home-y/yiyu/monobc/Rivet_New/X1500_Qd10.yoda.gz/JetMETAnalysis/bjet_eta
ScaledBy=6.78657917641302366e-06
Title=X1500_Qd10
# xlow	 xhigh	 val	 errminus	 errplus
-2.500000e+00	-2.400000e+00	1.225825e-02	1.535251e-03	1.535251e-03
-2.400000e+00	-2.300000e+00	1.337264e-02	1.729334e-03	1.729334e-03
-2.300000e+00	-2.200000e+00	1.878538e-02	2.001089e-03	2.001089e-03
-2.200000e+00	-2.100000e+00	2.260613e-02	2.205914e-03	2.205914e-03
-2.100000e+00	-2.000000e+00	2.626769e-02	2.290462e-03	2.290462e-03
-2.000000e+00	-1.900000e+00	2.706368e-02	2.403839e-03	2.403839e-03
-1.900000e+00	-1.800000e+00	3.900353e-02	2.752793e-03	2.752793e-03
-1.800000e+00	-1.700000e+00	4.075471e-02	3.012169e-03	3.012169e-03
-1.700000e+00	-1.600000e+00	4.982901e-02	3.219582e-03	3.219582e-03
-1.600000e+00	-1.500000e+00	5.922169e-02	3.369589e-03	3.369589e-03
-1.500000e+00	-1.400000e+00	6.367924e-02	3.623287e-03	3.623287e-03
-1.400000e+00	-1.300000e+00	7.545990e-02	4.021130e-03	4.021130e-03
-1.300000e+00	-1.200000e+00	9.567806e-02	4.345263e-03	4.345263e-03
-1.200000e+00	-1.100000e+00	9.758844e-02	4.431888e-03	4.431888e-03
-1.100000e+00	-1.000000e+00	1.074587e-01	4.671318e-03	4.671318e-03
-1.000000e+00	-9.000000e-01	1.229009e-01	4.953083e-03	4.953083e-03
-9.000000e-01	-8.000000e-01	1.327712e-01	5.168424e-03	5.168424e-03
-8.000000e-01	-7.000000e-01	1.490094e-01	5.412736e-03	5.412736e-03
-7.000000e-01	-6.000000e-01	1.556957e-01	5.555991e-03	5.555991e-03
-6.000000e-01	-5.000000e-01	1.599941e-01	5.621744e-03	5.621744e-03
-5.000000e-01	-4.000000e-01	1.743219e-01	5.808004e-03	5.808004e-03
-4.000000e-01	-3.000000e-01	1.861026e-01	6.013812e-03	6.013812e-03
-3.000000e-01	-2.000000e-01	1.996344e-01	6.128610e-03	6.128610e-03
-2.000000e-01	-1.000000e-01	1.994752e-01	6.277737e-03	6.277737e-03
-1.000000e-01	0.000000e+00	2.037736e-01	6.210766e-03	6.210766e-03
0.000000e+00	1.000000e-01	1.983608e-01	6.153372e-03	6.153372e-03
1.000000e-01	2.000000e-01	1.999528e-01	6.198513e-03	6.198513e-03
2.000000e-01	3.000000e-01	1.982016e-01	6.180086e-03	6.180086e-03
3.000000e-01	4.000000e-01	1.873762e-01	6.076698e-03	6.076698e-03
4.000000e-01	5.000000e-01	1.784611e-01	5.920372e-03	5.920372e-03
5.000000e-01	6.000000e-01	1.598349e-01	5.650972e-03	5.650972e-03
6.000000e-01	7.000000e-01	1.591981e-01	5.610463e-03	5.610463e-03
7.000000e-01	8.000000e-01	1.520342e-01	5.419755e-03	5.419755e-03
8.000000e-01	9.000000e-01	1.407311e-01	5.284802e-03	5.284802e-03
9.000000e-01	1.000000e+00	1.178066e-01	4.854889e-03	4.854889e-03
1.000000e+00	1.100000e+00	1.112795e-01	4.789191e-03	4.789191e-03
1.100000e+00	1.200000e+00	9.201650e-02	4.429027e-03	4.429027e-03
1.200000e+00	1.300000e+00	8.596697e-02	4.235986e-03	4.235986e-03
1.300000e+00	1.400000e+00	7.211674e-02	3.941559e-03	3.941559e-03
1.400000e+00	1.500000e+00	6.702240e-02	3.763950e-03	3.763950e-03
1.500000e+00	1.600000e+00	5.571934e-02	3.436615e-03	3.436615e-03
1.600000e+00	1.700000e+00	5.046580e-02	3.211700e-03	3.211700e-03
1.700000e+00	1.800000e+00	4.170990e-02	2.944089e-03	2.944089e-03
1.800000e+00	1.900000e+00	3.964033e-02	2.789376e-03	2.789376e-03
1.900000e+00	2.000000e+00	3.470519e-02	2.682854e-03	2.682854e-03
2.000000e+00	2.100000e+00	2.579009e-02	2.317959e-03	2.317959e-03
2.100000e+00	2.200000e+00	2.451651e-02	2.112001e-03	2.112001e-03
2.200000e+00	2.300000e+00	1.623821e-02	1.870154e-03	1.870154e-03
2.300000e+00	2.400000e+00	1.289505e-02	1.692299e-03	1.692299e-03
2.400000e+00	2.500000e+00	1.050707e-02	1.526974e-03	1.526974e-03
# END HISTO1D


# BEGIN HISTO1D //eos/home-y/yiyu/monobc/Rivet_New/X1500_Qd20.yoda.gz/JetMETAnalysis/bjet_eta
ErrorBars=1
LineColor=green
LineStyle=dashed
Path=//eos/home-y/yiyu/monobc/Rivet_New/X1500_Qd20.yoda.gz/JetMETAnalysis/bjet_eta
ScaledBy=6.80029236930291390e-06
Title=X1500_Qd20
# xlow	 xhigh	 val	 errminus	 errplus
-2.500000e+00	-2.400000e+00	1.405858e-02	1.690704e-03	1.690704e-03
-2.400000e+00	-2.300000e+00	1.613541e-02	1.786132e-03	1.786132e-03
-2.300000e+00	-2.200000e+00	1.725371e-02	2.008109e-03	2.008109e-03
-2.200000e+00	-2.100000e+00	1.901103e-02	2.125423e-03	2.125423e-03
-2.100000e+00	-2.000000e+00	2.076835e-02	2.270567e-03	2.270567e-03
-2.000000e+00	-1.900000e+00	2.572080e-02	2.459421e-03	2.459421e-03
-1.900000e+00	-1.800000e+00	3.690376e-02	2.871177e-03	2.871177e-03
-1.800000e+00	-1.700000e+00	4.441232e-02	3.014281e-03	3.014281e-03
-1.700000e+00	-1.600000e+00	5.431723e-02	3.312783e-03	3.312783e-03
-1.600000e+00	-1.500000e+00	5.974895e-02	3.529137e-03	3.529137e-03
-1.500000e+00	-1.400000e+00	6.741726e-02	3.712406e-03	3.712406e-03
-1.400000e+00	-1.300000e+00	8.003803e-02	4.051018e-03	4.051018e-03
-1.300000e+00	-1.200000e+00	8.738683e-02	4.223741e-03	4.223741e-03
-1.200000e+00	-1.100000e+00	9.393685e-02	4.467475e-03	4.467475e-03
-1.100000e+00	-1.000000e+00	1.124686e-01	4.722961e-03	4.722961e-03
-1.000000e+00	-9.000000e-01	1.228528e-01	4.983278e-03	4.983278e-03
-9.000000e-01	-8.000000e-01	1.383492e-01	5.317758e-03	5.317758e-03
-8.000000e-01	-7.000000e-01	1.495321e-01	5.427022e-03	5.427022e-03
-7.000000e-01	-6.000000e-01	1.656675e-01	5.744576e-03	5.744576e-03
-6.000000e-01	-5.000000e-01	1.730163e-01	5.775592e-03	5.775592e-03
-5.000000e-01	-4.000000e-01	1.870749e-01	6.077052e-03	6.077052e-03
-4.000000e-01	-3.000000e-01	1.929859e-01	6.028561e-03	6.028561e-03
-3.000000e-01	-2.000000e-01	1.941042e-01	6.222307e-03	6.222307e-03
-2.000000e-01	-1.000000e-01	1.802054e-01	5.994597e-03	5.994597e-03
-1.000000e-01	0.000000e+00	1.851578e-01	6.068646e-03	6.068646e-03
0.000000e+00	1.000000e-01	1.972993e-01	6.168754e-03	6.168754e-03
1.000000e-01	2.000000e-01	2.067250e-01	6.305832e-03	6.305832e-03
2.000000e-01	3.000000e-01	1.768505e-01	5.962580e-03	5.962580e-03
3.000000e-01	4.000000e-01	1.931457e-01	6.056017e-03	6.056017e-03
4.000000e-01	5.000000e-01	1.811639e-01	5.917466e-03	5.917466e-03
5.000000e-01	6.000000e-01	1.576797e-01	5.591479e-03	5.591479e-03
6.000000e-01	7.000000e-01	1.669456e-01	5.699974e-03	5.699974e-03
7.000000e-01	8.000000e-01	1.421833e-01	5.269545e-03	5.269545e-03
8.000000e-01	9.000000e-01	1.325979e-01	5.196387e-03	5.196387e-03
9.000000e-01	1.000000e+00	1.159833e-01	4.898043e-03	4.898043e-03
1.000000e+00	1.100000e+00	1.155040e-01	4.816600e-03	4.816600e-03
1.100000e+00	1.200000e+00	9.904906e-02	4.456034e-03	4.456034e-03
1.200000e+00	1.300000e+00	8.323316e-02	4.271808e-03	4.271808e-03
1.300000e+00	1.400000e+00	7.939900e-02	4.069875e-03	4.069875e-03
1.400000e+00	1.500000e+00	7.173069e-02	3.783904e-03	3.783904e-03
1.500000e+00	1.600000e+00	5.895017e-02	3.532751e-03	3.532751e-03
1.600000e+00	1.700000e+00	4.712818e-02	3.183127e-03	3.183127e-03
1.700000e+00	1.800000e+00	4.089768e-02	2.988771e-03	2.988771e-03
1.800000e+00	1.900000e+00	3.802206e-02	2.785451e-03	2.785451e-03
1.900000e+00	2.000000e+00	3.402814e-02	2.610443e-03	2.610443e-03
2.000000e+00	2.100000e+00	2.492202e-02	2.347932e-03	2.347932e-03
2.100000e+00	2.200000e+00	2.476227e-02	2.320598e-03	2.320598e-03
2.200000e+00	2.300000e+00	1.341955e-02	1.821505e-03	1.821505e-03
2.300000e+00	2.400000e+00	1.677444e-02	1.869902e-03	1.869902e-03
2.400000e+00	2.500000e+00	1.070369e-02	1.507140e-03	1.507140e-03
# END HISTO1D


# BEGIN HISTO1D //eos/home-y/yiyu/monobc/Rivet_New/X1500_Qd40.yoda.gz/JetMETAnalysis/bjet_eta
ErrorBars=1
LineColor=orange
LineStyle=dashed
Path=//eos/home-y/yiyu/monobc/Rivet_New/X1500_Qd40.yoda.gz/JetMETAnalysis/bjet_eta
ScaledBy=6.75848775302096121e-06
Title=X1500_Qd40
# xlow	 xhigh	 val	 errminus	 errplus
-2.500000e+00	-2.400000e+00	1.122966e-02	1.508790e-03	1.508790e-03
-2.400000e+00	-2.300000e+00	1.502560e-02	1.681308e-03	1.681308e-03
-2.300000e+00	-2.200000e+00	1.961236e-02	2.037803e-03	2.037803e-03
-2.200000e+00	-2.100000e+00	2.198482e-02	2.151266e-03	2.151266e-03
-2.100000e+00	-2.000000e+00	2.625526e-02	2.409085e-03	2.409085e-03
-2.000000e+00	-1.900000e+00	2.862772e-02	2.445159e-03	2.445159e-03
-1.900000e+00	-1.800000e+00	3.542878e-02	2.775771e-03	2.775771e-03
-1.800000e+00	-1.700000e+00	4.017371e-02	2.907814e-03	2.907814e-03
-1.700000e+00	-1.600000e+00	4.586762e-02	3.099373e-03	3.099373e-03
-1.600000e+00	-1.500000e+00	5.377583e-02	3.340225e-03	3.340225e-03
-1.500000e+00	-1.400000e+00	6.279119e-02	3.712650e-03	3.712650e-03
-1.400000e+00	-1.300000e+00	8.145457e-02	3.979330e-03	3.979330e-03
-1.300000e+00	-1.200000e+00	7.576065e-02	4.054067e-03	4.054067e-03
-1.200000e+00	-1.100000e+00	9.885263e-02	4.431421e-03	4.431421e-03
-1.100000e+00	-1.000000e+00	1.096078e-01	4.747561e-03	4.747561e-03
-1.000000e+00	-9.000000e-01	1.194140e-01	4.974006e-03	4.974006e-03
-9.000000e-01	-8.000000e-01	1.387100e-01	5.243328e-03	5.243328e-03
-8.000000e-01	-7.000000e-01	1.496233e-01	5.414670e-03	5.414670e-03
-7.000000e-01	-6.000000e-01	1.580060e-01	5.558297e-03	5.558297e-03
-6.000000e-01	-5.000000e-01	1.698684e-01	5.776784e-03	5.776784e-03
-5.000000e-01	-4.000000e-01	1.701847e-01	5.768117e-03	5.768117e-03
-4.000000e-01	-3.000000e-01	1.904297e-01	5.997740e-03	5.997740e-03
-3.000000e-01	-2.000000e-01	1.842613e-01	5.978941e-03	5.978941e-03
-2.000000e-01	-1.000000e-01	1.996032e-01	6.162318e-03	6.162318e-03
-1.000000e-01	0.000000e+00	1.965981e-01	6.152161e-03	6.152161e-03
0.000000e+00	1.000000e-01	2.024502e-01	6.182582e-03	6.182582e-03
1.000000e-01	2.000000e-01	1.950165e-01	6.033089e-03	6.033089e-03
2.000000e-01	3.000000e-01	1.924858e-01	6.127715e-03	6.127715e-03
3.000000e-01	4.000000e-01	1.807817e-01	5.898910e-03	5.898910e-03
4.000000e-01	5.000000e-01	1.777766e-01	5.849938e-03	5.849938e-03
5.000000e-01	6.000000e-01	1.673377e-01	5.676310e-03	5.676310e-03
6.000000e-01	7.000000e-01	1.515213e-01	5.497202e-03	5.497202e-03
7.000000e-01	8.000000e-01	1.478835e-01	5.421596e-03	5.421596e-03
8.000000e-01	9.000000e-01	1.371284e-01	5.281359e-03	5.281359e-03
9.000000e-01	1.000000e+00	1.247916e-01	5.024048e-03	5.024048e-03
1.000000e+00	1.100000e+00	1.132456e-01	4.686573e-03	4.686573e-03
1.100000e+00	1.200000e+00	9.964345e-02	4.405945e-03	4.405945e-03
1.200000e+00	1.300000e+00	8.746481e-02	4.157644e-03	4.157644e-03
1.300000e+00	1.400000e+00	8.018925e-02	4.041706e-03	4.041706e-03
1.400000e+00	1.500000e+00	6.895959e-02	3.795941e-03	3.795941e-03
1.500000e+00	1.600000e+00	5.725544e-02	3.443478e-03	3.443478e-03
1.600000e+00	1.700000e+00	4.997989e-02	3.225929e-03	3.225929e-03
1.700000e+00	1.800000e+00	4.539313e-02	3.046458e-03	3.046458e-03
1.800000e+00	1.900000e+00	3.558695e-02	2.670119e-03	2.670119e-03
1.900000e+00	2.000000e+00	2.926038e-02	2.525680e-03	2.525680e-03
2.000000e+00	2.100000e+00	2.451545e-02	2.264567e-03	2.264567e-03
2.100000e+00	2.200000e+00	2.293381e-02	2.139606e-03	2.139606e-03
2.200000e+00	2.300000e+00	1.328579e-02	1.789424e-03	1.789424e-03
2.300000e+00	2.400000e+00	1.028067e-02	1.636063e-03	1.636063e-03
2.400000e+00	2.500000e+00	1.075517e-02	1.466755e-03	1.466755e-03
# END HISTO1D


# BEGIN HISTO1D //eos/home-y/yiyu/monobc/Rivet_New/X2000_Qd10.yoda.gz/JetMETAnalysis/bjet_eta
ErrorBars=1
LineColor=lilac
LineStyle=dashed
Path=//eos/home-y/yiyu/monobc/Rivet_New/X2000_Qd10.yoda.gz/JetMETAnalysis/bjet_eta
ScaledBy=6.28031081851632492e-06
Title=X2000_Qd10
# xlow	 xhigh	 val	 errminus	 errplus
-2.500000e+00	-2.400000e+00	8.276083e-04	1.784405e-04	1.784405e-04
-2.400000e+00	-2.300000e+00	8.276083e-04	1.954718e-04	1.954718e-04
-2.300000e+00	-2.200000e+00	1.316649e-03	2.161022e-04	2.161022e-04
-2.200000e+00	-2.100000e+00	1.354268e-03	2.437961e-04	2.437961e-04
-2.100000e+00	-2.000000e+00	1.429505e-03	2.646700e-04	2.646700e-04
-2.000000e+00	-1.900000e+00	2.595680e-03	2.852568e-04	2.852568e-04
-1.900000e+00	-1.800000e+00	2.200686e-03	3.186493e-04	3.186493e-04
-1.800000e+00	-1.700000e+00	3.122340e-03	3.508826e-04	3.508826e-04
-1.700000e+00	-1.600000e+00	3.254005e-03	3.728795e-04	3.728795e-04
-1.600000e+00	-1.500000e+00	3.649000e-03	3.927493e-04	3.927493e-04
-1.500000e+00	-1.400000e+00	4.815175e-03	4.297416e-04	4.297416e-04
-1.400000e+00	-1.300000e+00	4.721129e-03	4.557127e-04	4.557127e-04
-1.300000e+00	-1.200000e+00	6.056588e-03	4.883173e-04	4.883173e-04
-1.200000e+00	-1.100000e+00	5.605165e-03	5.088944e-04	5.088944e-04
-1.100000e+00	-1.000000e+00	7.899897e-03	5.586071e-04	5.586071e-04
-1.000000e+00	-9.000000e-01	9.103691e-03	6.077464e-04	6.077464e-04
-9.000000e-01	-8.000000e-01	8.577031e-03	5.912220e-04	5.912220e-04
-8.000000e-01	-7.000000e-01	9.197737e-03	6.291977e-04	6.291977e-04
-7.000000e-01	-6.000000e-01	1.025106e-02	6.431013e-04	6.431013e-04
-6.000000e-01	-5.000000e-01	1.119152e-02	6.768727e-04	6.768727e-04
-5.000000e-01	-4.000000e-01	1.232008e-02	6.994927e-04	6.994927e-04
-4.000000e-01	-3.000000e-01	1.367435e-02	7.272651e-04	7.272651e-04
-3.000000e-01	-2.000000e-01	1.265864e-02	7.218941e-04	7.218941e-04
-2.000000e-01	-1.000000e-01	1.373077e-02	7.245846e-04	7.245846e-04
-1.000000e-01	0.000000e+00	1.309126e-02	7.318719e-04	7.318719e-04
0.000000e+00	1.000000e-01	1.295959e-02	7.296934e-04	7.296934e-04
1.000000e-01	2.000000e-01	1.431386e-02	7.204224e-04	7.204224e-04
2.000000e-01	3.000000e-01	1.421981e-02	7.366901e-04	7.366901e-04
3.000000e-01	4.000000e-01	1.295959e-02	7.189476e-04	7.189476e-04
4.000000e-01	5.000000e-01	1.130438e-02	6.928864e-04	6.928864e-04
5.000000e-01	6.000000e-01	1.104105e-02	6.689865e-04	6.689865e-04
6.000000e-01	7.000000e-01	1.034510e-02	6.483065e-04	6.483065e-04
7.000000e-01	8.000000e-01	1.036391e-02	6.269446e-04	6.269446e-04
8.000000e-01	9.000000e-01	7.730613e-03	6.062893e-04	6.062893e-04
9.000000e-01	1.000000e+00	7.768232e-03	5.855096e-04	5.855096e-04
1.000000e+00	1.100000e+00	7.222763e-03	5.649049e-04	5.649049e-04
1.100000e+00	1.200000e+00	6.131825e-03	5.359819e-04	5.359819e-04
1.200000e+00	1.300000e+00	6.018969e-03	5.040045e-04	5.040045e-04
1.300000e+00	1.400000e+00	5.379454e-03	4.721091e-04	4.721091e-04
1.400000e+00	1.500000e+00	3.818284e-03	4.309747e-04	4.309747e-04
1.500000e+00	1.600000e+00	3.855902e-03	4.020965e-04	4.020965e-04
1.600000e+00	1.700000e+00	3.837093e-03	3.771249e-04	3.771249e-04
1.700000e+00	1.800000e+00	2.275923e-03	3.284899e-04	3.284899e-04
1.800000e+00	1.900000e+00	2.482825e-03	3.102106e-04	3.102106e-04
1.900000e+00	2.000000e+00	2.369969e-03	2.901754e-04	2.901754e-04
2.000000e+00	2.100000e+00	1.523552e-03	2.653375e-04	2.653375e-04
2.100000e+00	2.200000e+00	1.937356e-03	2.445206e-04	2.445206e-04
2.200000e+00	2.300000e+00	1.072129e-03	2.233478e-04	2.233478e-04
2.300000e+00	2.400000e+00	5.642784e-04	1.862024e-04	1.862024e-04
2.400000e+00	2.500000e+00	9.216546e-04	1.927377e-04	1.927377e-04
# END HISTO1D


# BEGIN HISTO1D //eos/home-y/yiyu/monobc/Rivet_New/X2000_Qd20.yoda.gz/JetMETAnalysis/bjet_eta
ErrorBars=1
LineColor=red
LineStyle=dashdotted
Path=//eos/home-y/yiyu/monobc/Rivet_New/X2000_Qd20.yoda.gz/JetMETAnalysis/bjet_eta
ScaledBy=6.19295632633534882e-06
Title=X2000_Qd20
# xlow	 xhigh	 val	 errminus	 errplus
-2.500000e+00	-2.400000e+00	1.050435e-03	1.779519e-04	1.779519e-04
-2.400000e+00	-2.300000e+00	1.069193e-03	2.011547e-04	2.011547e-04
-2.300000e+00	-2.200000e+00	1.631926e-03	2.289678e-04	2.289678e-04
-2.200000e+00	-2.100000e+00	1.819504e-03	2.537505e-04	2.537505e-04
-2.100000e+00	-2.000000e+00	1.838262e-03	2.544428e-04	2.544428e-04
-2.000000e+00	-1.900000e+00	1.800746e-03	2.744026e-04	2.744026e-04
-1.900000e+00	-1.800000e+00	2.607331e-03	3.188821e-04	3.188821e-04
-1.800000e+00	-1.700000e+00	2.457268e-03	3.318589e-04	3.318589e-04
-1.700000e+00	-1.600000e+00	3.095033e-03	3.680541e-04	3.680541e-04
-1.600000e+00	-1.500000e+00	3.601493e-03	3.996771e-04	3.996771e-04
-1.500000e+00	-1.400000e+00	4.933295e-03	4.458672e-04	4.458672e-04
-1.400000e+00	-1.300000e+00	6.058761e-03	4.822609e-04	4.822609e-04
-1.300000e+00	-1.200000e+00	5.908699e-03	4.909380e-04	4.909380e-04
-1.200000e+00	-1.100000e+00	6.734041e-03	5.228677e-04	5.228677e-04
-1.100000e+00	-1.000000e+00	6.715283e-03	5.545453e-04	5.545453e-04
-1.000000e+00	-9.000000e-01	8.122116e-03	5.667829e-04	5.667829e-04
-9.000000e-01	-8.000000e-01	9.491434e-03	6.112847e-04	6.112847e-04
-8.000000e-01	-7.000000e-01	1.056063e-02	6.347227e-04	6.347227e-04
-7.000000e-01	-6.000000e-01	1.191119e-02	6.676819e-04	6.676819e-04
-6.000000e-01	-5.000000e-01	1.119839e-02	6.660991e-04	6.660991e-04
-5.000000e-01	-4.000000e-01	1.281156e-02	6.990889e-04	6.990889e-04
-4.000000e-01	-3.000000e-01	1.206125e-02	6.930229e-04	6.930229e-04
-3.000000e-01	-2.000000e-01	1.251144e-02	7.213821e-04	7.213821e-04
-2.000000e-01	-1.000000e-01	1.418088e-02	7.322743e-04	7.322743e-04
-1.000000e-01	0.000000e+00	1.382448e-02	7.262433e-04	7.262433e-04
0.000000e+00	1.000000e-01	1.258647e-02	7.325145e-04	7.325145e-04
1.000000e-01	2.000000e-01	1.314920e-02	7.329947e-04	7.329947e-04
2.000000e-01	3.000000e-01	1.292411e-02	7.272116e-04	7.272116e-04
3.000000e-01	4.000000e-01	1.352436e-02	7.194285e-04	7.194285e-04
4.000000e-01	5.000000e-01	1.149852e-02	6.884385e-04	6.884385e-04
5.000000e-01	6.000000e-01	1.093578e-02	6.771011e-04	6.771011e-04
6.000000e-01	7.000000e-01	1.087951e-02	6.492466e-04	6.492466e-04
7.000000e-01	8.000000e-01	9.997894e-03	6.429841e-04	6.429841e-04
8.000000e-01	9.000000e-01	8.197147e-03	5.964264e-04	5.964264e-04
9.000000e-01	1.000000e+00	7.540625e-03	5.744903e-04	5.744903e-04
1.000000e+00	1.100000e+00	7.484352e-03	5.484845e-04	5.484845e-04
1.100000e+00	1.200000e+00	6.283854e-03	5.126744e-04	5.126744e-04
1.200000e+00	1.300000e+00	6.021246e-03	4.844447e-04	4.844447e-04
1.300000e+00	1.400000e+00	5.214661e-03	4.540776e-04	4.540776e-04
1.400000e+00	1.500000e+00	4.614412e-03	4.383062e-04	4.383062e-04
1.500000e+00	1.600000e+00	4.558139e-03	4.164902e-04	4.164902e-04
1.600000e+00	1.700000e+00	3.132548e-03	3.642101e-04	3.642101e-04
1.700000e+00	1.800000e+00	2.701119e-03	3.519270e-04	3.519270e-04
1.800000e+00	1.900000e+00	2.157144e-03	3.121916e-04	3.121916e-04
1.900000e+00	2.000000e+00	2.400995e-03	2.977704e-04	2.977704e-04
2.000000e+00	2.100000e+00	1.688200e-03	2.718260e-04	2.718260e-04
2.100000e+00	2.200000e+00	1.819504e-03	2.537505e-04	2.537505e-04
2.200000e+00	2.300000e+00	8.253421e-04	2.122200e-04	2.122200e-04
2.300000e+00	2.400000e+00	1.050435e-03	1.912925e-04	1.912925e-04
2.400000e+00	2.500000e+00	6.752799e-04	1.591650e-04	1.591650e-04
# END HISTO1D


# BEGIN HISTO1D //eos/home-y/yiyu/monobc/Rivet_New/X2000_Qd40.yoda.gz/JetMETAnalysis/bjet_eta
ErrorBars=1
LineColor=blue
LineStyle=dashdotted
Path=//eos/home-y/yiyu/monobc/Rivet_New/X2000_Qd40.yoda.gz/JetMETAnalysis/bjet_eta
ScaledBy=6.18855287119470848e-06
Title=X2000_Qd40
# xlow	 xhigh	 val	 errminus	 errplus
-2.500000e+00	-2.400000e+00	8.919058e-04	1.820595e-04	1.820595e-04
-2.400000e+00	-2.300000e+00	8.547431e-04	1.931033e-04	1.931033e-04
-2.300000e+00	-2.200000e+00	1.319277e-03	2.174894e-04	2.174894e-04
-2.200000e+00	-2.100000e+00	2.081114e-03	2.574710e-04	2.574710e-04
-2.100000e+00	-2.000000e+00	1.579417e-03	2.567996e-04	2.567996e-04
-2.000000e+00	-1.900000e+00	1.839556e-03	2.848470e-04	2.848470e-04
-1.900000e+00	-1.800000e+00	2.489904e-03	3.142395e-04	3.142395e-04
-1.800000e+00	-1.700000e+00	3.047345e-03	3.535347e-04	3.535347e-04
-1.700000e+00	-1.600000e+00	3.010182e-03	3.660105e-04	3.660105e-04
-1.600000e+00	-1.500000e+00	3.456135e-03	3.924146e-04	3.924146e-04
-1.500000e+00	-1.400000e+00	4.217971e-03	4.241277e-04	4.241277e-04
-1.400000e+00	-1.300000e+00	5.667318e-03	4.524859e-04	4.524859e-04
-1.300000e+00	-1.200000e+00	5.537248e-03	4.722740e-04	4.722740e-04
-1.200000e+00	-1.100000e+00	6.819363e-03	5.285086e-04	5.285086e-04
-1.100000e+00	-1.000000e+00	7.005177e-03	5.502722e-04	5.502722e-04
-1.000000e+00	-9.000000e-01	8.027152e-03	5.648248e-04	5.648248e-04
-9.000000e-01	-8.000000e-01	8.417361e-03	6.092310e-04	6.092310e-04
-8.000000e-01	-7.000000e-01	1.042415e-02	6.331314e-04	6.331314e-04
-7.000000e-01	-6.000000e-01	1.087010e-02	6.660845e-04	6.660845e-04
-6.000000e-01	-5.000000e-01	1.109308e-02	6.608806e-04	6.608806e-04
-5.000000e-01	-4.000000e-01	1.252384e-02	6.827232e-04	6.827232e-04
-4.000000e-01	-3.000000e-01	1.196640e-02	6.947544e-04	6.947544e-04
-3.000000e-01	-2.000000e-01	1.217080e-02	7.014314e-04	7.014314e-04
-2.000000e-01	-1.000000e-01	1.542254e-02	7.225263e-04	7.225263e-04
-1.000000e-01	0.000000e+00	1.443773e-02	7.275265e-04	7.275265e-04
0.000000e+00	1.000000e-01	1.347149e-02	7.170098e-04	7.170098e-04
1.000000e-01	2.000000e-01	1.388028e-02	7.160461e-04	7.160461e-04
2.000000e-01	3.000000e-01	1.332284e-02	7.126628e-04	7.126628e-04
3.000000e-01	4.000000e-01	1.176201e-02	7.078015e-04	7.078015e-04
4.000000e-01	5.000000e-01	1.213364e-02	6.681547e-04	6.681547e-04
5.000000e-01	6.000000e-01	1.218938e-02	6.720191e-04	6.720191e-04
6.000000e-01	7.000000e-01	1.077720e-02	6.595732e-04	6.595732e-04
7.000000e-01	8.000000e-01	1.047989e-02	6.323129e-04	6.323129e-04
8.000000e-01	9.000000e-01	8.324454e-03	6.038231e-04	6.038231e-04
9.000000e-01	1.000000e+00	8.268710e-03	5.890617e-04	5.890617e-04
1.000000e+00	1.100000e+00	7.674106e-03	5.565113e-04	5.565113e-04
1.100000e+00	1.200000e+00	7.116665e-03	5.172835e-04	5.172835e-04
1.200000e+00	1.300000e+00	5.964620e-03	4.726394e-04	4.726394e-04
1.300000e+00	1.400000e+00	5.667318e-03	4.748259e-04	4.748259e-04
1.400000e+00	1.500000e+00	4.515273e-03	4.369586e-04	4.369586e-04
1.500000e+00	1.600000e+00	2.935857e-03	3.780750e-04	3.780750e-04
1.600000e+00	1.700000e+00	2.824368e-03	3.535347e-04	3.535347e-04
1.700000e+00	1.800000e+00	2.935857e-03	3.229097e-04	3.229097e-04
1.800000e+00	1.900000e+00	1.988207e-03	3.147884e-04	3.147884e-04
1.900000e+00	2.000000e+00	1.969625e-03	2.961383e-04	2.961383e-04
2.000000e+00	2.100000e+00	1.802393e-03	2.429829e-04	2.429829e-04
2.100000e+00	2.200000e+00	1.560835e-03	2.335642e-04	2.335642e-04
2.200000e+00	2.300000e+00	1.282115e-03	2.298389e-04	2.298389e-04
2.300000e+00	2.400000e+00	7.989989e-04	1.992630e-04	1.992630e-04
2.400000e+00	2.500000e+00	7.432548e-04	1.782263e-04	1.782263e-04
# END HISTO1D


# BEGIN HISTO1D //eos/home-y/yiyu/monobc/Rivet_New/X600_Qd10.yoda.gz/JetMETAnalysis/bjet_eta
ErrorBars=1
LineColor=green
LineStyle=dashdotted
Path=//eos/home-y/yiyu/monobc/Rivet_New/X600_Qd10.yoda.gz/JetMETAnalysis/bjet_eta
ScaledBy=8.46384494269485495e-06
Title=X600_Qd10
# xlow	 xhigh	 val	 errminus	 errplus
-2.500000e+00	-2.400000e+00	2.485264e+00	2.057862e-01	2.057862e-01
-2.400000e+00	-2.300000e+00	3.213431e+00	2.321091e-01	2.321091e-01
-2.300000e+00	-2.200000e+00	3.941597e+00	2.527802e-01	2.527802e-01
-2.200000e+00	-2.100000e+00	4.179043e+00	2.620283e-01	2.620283e-01
-2.100000e+00	-2.000000e+00	4.574785e+00	2.773589e-01	2.773589e-01
-2.000000e+00	-1.900000e+00	5.651206e+00	3.081715e-01	3.081715e-01
-1.900000e+00	-1.800000e+00	6.189416e+00	3.177792e-01	3.177792e-01
-1.800000e+00	-1.700000e+00	6.759285e+00	3.301547e-01	3.301547e-01
-1.700000e+00	-1.600000e+00	7.598260e+00	3.496897e-01	3.496897e-01
-1.600000e+00	-1.500000e+00	9.102082e+00	3.848280e-01	3.848280e-01
-1.500000e+00	-1.400000e+00	9.956886e+00	4.051292e-01	4.051292e-01
-1.400000e+00	-1.300000e+00	1.074837e+01	4.173162e-01	4.173162e-01
-1.300000e+00	-1.200000e+00	1.214139e+01	4.423830e-01	4.423830e-01
-1.200000e+00	-1.100000e+00	1.274291e+01	4.535702e-01	4.535702e-01
-1.100000e+00	-1.000000e+00	1.361355e+01	4.695850e-01	4.695850e-01
-1.000000e+00	-9.000000e-01	1.431006e+01	4.806604e-01	4.806604e-01
-9.000000e-01	-8.000000e-01	1.575056e+01	5.043196e-01	5.043196e-01
-8.000000e-01	-7.000000e-01	1.671617e+01	5.163494e-01	5.163494e-01
-7.000000e-01	-6.000000e-01	1.671617e+01	5.168345e-01	5.168345e-01
-6.000000e-01	-5.000000e-01	1.757098e+01	5.297633e-01	5.297633e-01
-5.000000e-01	-4.000000e-01	1.877403e+01	5.510921e-01	5.510921e-01
-4.000000e-01	-3.000000e-01	1.823582e+01	5.409963e-01	5.409963e-01
-3.000000e-01	-2.000000e-01	1.931224e+01	5.547178e-01	5.547178e-01
-2.000000e-01	-1.000000e-01	1.904314e+01	5.499542e-01	5.499542e-01
-1.000000e-01	0.000000e+00	1.943888e+01	5.578709e-01	5.578709e-01
0.000000e+00	1.000000e-01	1.945471e+01	5.562966e-01	5.562966e-01
1.000000e-01	2.000000e-01	1.913812e+01	5.531344e-01	5.531344e-01
2.000000e-01	3.000000e-01	1.788757e+01	5.349410e-01	5.349410e-01
3.000000e-01	4.000000e-01	1.953386e+01	5.596646e-01	5.596646e-01
4.000000e-01	5.000000e-01	1.704859e+01	5.204581e-01	5.204581e-01
5.000000e-01	6.000000e-01	1.787174e+01	5.351752e-01	5.351752e-01
6.000000e-01	7.000000e-01	1.817250e+01	5.382101e-01	5.382101e-01
7.000000e-01	8.000000e-01	1.681115e+01	5.192530e-01	5.192530e-01
8.000000e-01	9.000000e-01	1.541814e+01	4.970629e-01	4.970629e-01
9.000000e-01	1.000000e+00	1.434171e+01	4.796166e-01	4.796166e-01
1.000000e+00	1.100000e+00	1.374019e+01	4.701183e-01	4.701183e-01
1.100000e+00	1.200000e+00	1.280623e+01	4.557746e-01	4.557746e-01
1.200000e+00	1.300000e+00	1.182479e+01	4.378280e-01	4.378280e-01
1.300000e+00	1.400000e+00	1.098582e+01	4.200096e-01	4.200096e-01
1.400000e+00	1.500000e+00	1.013101e+01	4.072882e-01	4.072882e-01
1.500000e+00	1.600000e+00	9.022933e+00	3.805719e-01	3.805719e-01
1.600000e+00	1.700000e+00	7.994002e+00	3.606256e-01	3.606256e-01
1.700000e+00	1.800000e+00	7.709068e+00	3.543168e-01	3.543168e-01
1.800000e+00	1.900000e+00	6.838434e+00	3.320467e-01	3.320467e-01
1.900000e+00	2.000000e+00	5.682865e+00	3.032536e-01	3.032536e-01
2.000000e+00	2.100000e+00	4.717253e+00	2.778102e-01	2.778102e-01
2.100000e+00	2.200000e+00	4.084065e+00	2.610702e-01	2.610702e-01
2.200000e+00	2.300000e+00	3.355898e+00	2.315687e-01	2.315687e-01
2.300000e+00	2.400000e+00	3.165941e+00	2.293942e-01	2.293942e-01
2.400000e+00	2.500000e+00	1.899565e+00	1.818695e-01	1.818695e-01
# END HISTO1D


# BEGIN HISTO1D //eos/home-y/yiyu/monobc/Rivet_New/X600_Qd20.yoda.gz/JetMETAnalysis/bjet_eta
ErrorBars=1
LineColor=orange
LineStyle=dashdotted
Path=//eos/home-y/yiyu/monobc/Rivet_New/X600_Qd20.yoda.gz/JetMETAnalysis/bjet_eta
ScaledBy=8.41236938672964756e-06
Title=X600_Qd20
# xlow	 xhigh	 val	 errminus	 errplus
-2.500000e+00	-2.400000e+00	2.379802e+00	1.968003e-01	1.968003e-01
-2.400000e+00	-2.300000e+00	2.724247e+00	2.123764e-01	2.123764e-01
-2.300000e+00	-2.200000e+00	3.209602e+00	2.285005e-01	2.285005e-01
-2.200000e+00	-2.100000e+00	3.992431e+00	2.539073e-01	2.539073e-01
-2.100000e+00	-2.000000e+00	4.900514e+00	2.822532e-01	2.822532e-01
-2.000000e+00	-1.900000e+00	6.059101e+00	3.103799e-01	3.103799e-01
-1.900000e+00	-1.800000e+00	6.027788e+00	3.158599e-01	3.158599e-01
-1.800000e+00	-1.700000e+00	6.841931e+00	3.317573e-01	3.317573e-01
-1.700000e+00	-1.600000e+00	7.828296e+00	3.563380e-01	3.563380e-01
-1.600000e+00	-1.500000e+00	8.783349e+00	3.754319e-01	3.754319e-01
-1.500000e+00	-1.400000e+00	9.472239e+00	3.901602e-01	3.901602e-01
-1.400000e+00	-1.300000e+00	1.085002e+01	4.186493e-01	4.186493e-01
-1.300000e+00	-1.200000e+00	1.185204e+01	4.336057e-01	4.336057e-01
-1.200000e+00	-1.100000e+00	1.252527e+01	4.450440e-01	4.450440e-01
-1.100000e+00	-1.000000e+00	1.368386e+01	4.639215e-01	4.639215e-01
-1.000000e+00	-9.000000e-01	1.529649e+01	4.928719e-01	4.928719e-01
-9.000000e-01	-8.000000e-01	1.554700e+01	4.973280e-01	4.973280e-01
-8.000000e-01	-7.000000e-01	1.614195e+01	5.056376e-01	5.056376e-01
-7.000000e-01	-6.000000e-01	1.717528e+01	5.209201e-01	5.209201e-01
-6.000000e-01	-5.000000e-01	1.734750e+01	5.249047e-01	5.249047e-01
-5.000000e-01	-4.000000e-01	1.844347e+01	5.400957e-01	5.400957e-01
-4.000000e-01	-3.000000e-01	1.794246e+01	5.314024e-01	5.314024e-01
-3.000000e-01	-2.000000e-01	1.838084e+01	5.400957e-01	5.400957e-01
-2.000000e-01	-1.000000e-01	1.966468e+01	5.592714e-01	5.592714e-01
-1.000000e-01	0.000000e+00	1.863135e+01	5.437145e-01	5.437145e-01
0.000000e+00	1.000000e-01	2.038488e+01	5.666735e-01	5.666735e-01
1.000000e-01	2.000000e-01	1.902276e+01	5.506582e-01	5.506582e-01
2.000000e-01	3.000000e-01	1.894448e+01	5.473093e-01	5.473093e-01
3.000000e-01	4.000000e-01	1.880357e+01	5.457395e-01	5.457395e-01
4.000000e-01	5.000000e-01	1.778589e+01	5.304790e-01	5.304790e-01
5.000000e-01	6.000000e-01	1.751973e+01	5.260708e-01	5.260708e-01
6.000000e-01	7.000000e-01	1.670558e+01	5.142899e-01	5.142899e-01
7.000000e-01	8.000000e-01	1.534346e+01	4.931206e-01	4.931206e-01
8.000000e-01	9.000000e-01	1.493639e+01	4.871189e-01	4.871189e-01
9.000000e-01	1.000000e+00	1.448235e+01	4.792555e-01	4.792555e-01
1.000000e+00	1.100000e+00	1.297932e+01	4.524186e-01	4.524186e-01
1.100000e+00	1.200000e+00	1.299497e+01	4.521477e-01	4.521477e-01
1.200000e+00	1.300000e+00	1.180507e+01	4.338882e-01	4.338882e-01
1.300000e+00	1.400000e+00	1.095962e+01	4.189419e-01	4.189419e-01
1.400000e+00	1.500000e+00	9.597491e+00	3.901602e-01	3.901602e-01
1.500000e+00	1.600000e+00	8.861632e+00	3.751053e-01	3.751053e-01
1.600000e+00	1.700000e+00	7.906579e+00	3.566818e-01	3.566818e-01
1.700000e+00	1.800000e+00	7.076780e+00	3.365258e-01	3.365258e-01
1.800000e+00	1.900000e+00	6.340920e+00	3.174083e-01	3.174083e-01
1.900000e+00	2.000000e+00	5.824253e+00	3.043990e-01	3.043990e-01
2.000000e+00	2.100000e+00	5.104049e+00	2.844161e-01	2.844161e-01
2.100000e+00	2.200000e+00	4.055058e+00	2.558308e-01	2.558308e-01
2.200000e+00	2.300000e+00	3.554047e+00	2.420451e-01	2.420451e-01
2.300000e+00	2.400000e+00	3.084349e+00	2.252591e-01	2.252591e-01
2.400000e+00	2.500000e+00	2.332832e+00	1.986599e-01	1.986599e-01
# END HISTO1D


# BEGIN HISTO1D //eos/home-y/yiyu/monobc/Rivet_New/X600_Qd40.yoda.gz/JetMETAnalysis/bjet_eta
ErrorBars=1
LineColor=lilac
LineStyle=dashdotted
Path=//eos/home-y/yiyu/monobc/Rivet_New/X600_Qd40.yoda.gz/JetMETAnalysis/bjet_eta
ScaledBy=8.42644662775562979e-06
Title=X600_Qd40
# xlow	 xhigh	 val	 errminus	 errplus
-2.500000e+00	-2.400000e+00	2.402533e+00	1.948071e-01	1.948071e-01
-2.400000e+00	-2.300000e+00	3.495993e+00	2.380914e-01	2.380914e-01
-2.300000e+00	-2.200000e+00	3.357386e+00	2.315256e-01	2.315256e-01
-2.200000e+00	-2.100000e+00	4.512450e+00	2.645183e-01	2.645183e-01
-2.100000e+00	-2.000000e+00	4.312239e+00	2.622671e-01	2.622671e-01
-2.000000e+00	-1.900000e+00	5.575108e+00	2.970409e-01	2.970409e-01
-1.900000e+00	-1.800000e+00	6.006332e+00	3.103186e-01	3.103186e-01
-1.800000e+00	-1.700000e+00	7.130595e+00	3.349464e-01	3.349464e-01
-1.700000e+00	-1.600000e+00	7.361607e+00	3.423010e-01	3.423010e-01
-1.600000e+00	-1.500000e+00	8.470469e+00	3.663979e-01	3.663979e-01
-1.500000e+00	-1.400000e+00	9.702537e+00	3.914362e-01	3.914362e-01
-1.400000e+00	-1.300000e+00	1.078060e+01	4.115228e-01	4.115228e-01
-1.300000e+00	-1.200000e+00	1.139663e+01	4.223317e-01	4.223317e-01
-1.200000e+00	-1.100000e+00	1.249009e+01	4.396667e-01	4.396667e-01
-1.100000e+00	-1.000000e+00	1.403018e+01	4.663687e-01	4.663687e-01
-1.000000e+00	-9.000000e-01	1.418418e+01	4.704198e-01	4.704198e-01
-9.000000e-01	-8.000000e-01	1.478482e+01	4.806448e-01	4.806448e-01
-8.000000e-01	-7.000000e-01	1.610929e+01	4.995197e-01	4.995197e-01
-7.000000e-01	-6.000000e-01	1.675613e+01	5.103239e-01	5.103239e-01
-6.000000e-01	-5.000000e-01	1.760317e+01	5.243080e-01	5.243080e-01
-5.000000e-01	-4.000000e-01	1.769558e+01	5.265650e-01	5.265650e-01
-4.000000e-01	-3.000000e-01	1.835782e+01	5.339456e-01	5.339456e-01
-3.000000e-01	-2.000000e-01	1.803440e+01	5.310503e-01	5.310503e-01
-2.000000e-01	-1.000000e-01	1.831161e+01	5.346114e-01	5.346114e-01
-1.000000e-01	0.000000e+00	1.946668e+01	5.509976e-01	5.509976e-01
0.000000e+00	1.000000e-01	1.866583e+01	5.392498e-01	5.392498e-01
1.000000e-01	2.000000e-01	1.894305e+01	5.414445e-01	5.414445e-01
2.000000e-01	3.000000e-01	1.846562e+01	5.341677e-01	5.341677e-01
3.000000e-01	4.000000e-01	1.811140e+01	5.308270e-01	5.308270e-01
4.000000e-01	5.000000e-01	1.743376e+01	5.213592e-01	5.213592e-01
5.000000e-01	6.000000e-01	1.607849e+01	4.999943e-01	4.999943e-01
6.000000e-01	7.000000e-01	1.691014e+01	5.121797e-01	5.121797e-01
7.000000e-01	8.000000e-01	1.657132e+01	5.084614e-01	5.084614e-01
8.000000e-01	9.000000e-01	1.489262e+01	4.808915e-01	4.808915e-01
9.000000e-01	1.000000e+00	1.419959e+01	4.691575e-01	4.691575e-01
1.000000e+00	1.100000e+00	1.384537e+01	4.658599e-01	4.658599e-01
1.100000e+00	1.200000e+00	1.264410e+01	4.444953e-01	4.444953e-01
1.200000e+00	1.300000e+00	1.164304e+01	4.268009e-01	4.268009e-01
1.300000e+00	1.400000e+00	9.918149e+00	3.932498e-01	3.932498e-01
1.400000e+00	1.500000e+00	9.764140e+00	3.908298e-01	3.908298e-01
1.500000e+00	1.600000e+00	9.163507e+00	3.800610e-01	3.800610e-01
1.600000e+00	1.700000e+00	7.592620e+00	3.488216e-01	3.488216e-01
1.700000e+00	1.800000e+00	6.776375e+00	3.288722e-01	3.288722e-01
1.800000e+00	1.900000e+00	6.545362e+00	3.226837e-01	3.226837e-01
1.900000e+00	2.000000e+00	5.174686e+00	2.881236e-01	2.881236e-01
2.000000e+00	2.100000e+00	5.267091e+00	2.881236e-01	2.881236e-01
2.100000e+00	2.200000e+00	4.173631e+00	2.618145e-01	2.618145e-01
2.200000e+00	2.300000e+00	3.634601e+00	2.454492e-01	2.454492e-01
2.300000e+00	2.400000e+00	2.802955e+00	2.122861e-01	2.122861e-01
2.400000e+00	2.500000e+00	2.233124e+00	1.867254e-01	1.867254e-01
# END HISTO1D


# BEGIN HISTO1D //eos/home-y/yiyu/monobc/Rivet_New/X800_Qd10.yoda.gz/JetMETAnalysis/bjet_eta
ErrorBars=1
LineColor=red
LineStyle=dotted
Path=//eos/home-y/yiyu/monobc/Rivet_New/X800_Qd10.yoda.gz/JetMETAnalysis/bjet_eta
ScaledBy=7.79176279603973921e-06
Title=X800_Qd10
# xlow	 xhigh	 val	 errminus	 errplus
-2.500000e+00	-2.400000e+00	7.004452e-01	6.041314e-02	6.041314e-02
-2.400000e+00	-2.300000e+00	7.843013e-01	6.450359e-02	6.450359e-02
-2.300000e+00	-2.200000e+00	9.569463e-01	7.045323e-02	7.045323e-02
-2.200000e+00	-2.100000e+00	1.060533e+00	7.529459e-02	7.529459e-02
-2.100000e+00	-2.000000e+00	1.336765e+00	8.385611e-02	8.385611e-02
-2.000000e+00	-1.900000e+00	1.583401e+00	9.082087e-02	9.082087e-02
-1.900000e+00	-1.800000e+00	1.830036e+00	9.653509e-02	9.653509e-02
-1.800000e+00	-1.700000e+00	2.002681e+00	1.018100e-01	1.018100e-01
-1.700000e+00	-1.600000e+00	2.466356e+00	1.124832e-01	1.124832e-01
-1.600000e+00	-1.500000e+00	2.525549e+00	1.135596e-01	1.135596e-01
-1.500000e+00	-1.400000e+00	2.865906e+00	1.221282e-01	1.221282e-01
-1.400000e+00	-1.300000e+00	3.240792e+00	1.285348e-01	1.285348e-01
-1.300000e+00	-1.200000e+00	3.581149e+00	1.345465e-01	1.345465e-01
-1.200000e+00	-1.100000e+00	3.965901e+00	1.414235e-01	1.414235e-01
-1.100000e+00	-1.000000e+00	4.469038e+00	1.502657e-01	1.502657e-01
-1.000000e+00	-9.000000e-01	4.829126e+00	1.557519e-01	1.557519e-01
-9.000000e-01	-8.000000e-01	5.006703e+00	1.594571e-01	1.594571e-01
-8.000000e-01	-7.000000e-01	5.233608e+00	1.623305e-01	1.623305e-01
-7.000000e-01	-6.000000e-01	5.741678e+00	1.700177e-01	1.700177e-01
-6.000000e-01	-5.000000e-01	5.603562e+00	1.684361e-01	1.684361e-01
-5.000000e-01	-4.000000e-01	5.983380e+00	1.737688e-01	1.737688e-01
-4.000000e-01	-3.000000e-01	5.919255e+00	1.736987e-01	1.736987e-01
-3.000000e-01	-2.000000e-01	6.585171e+00	1.819763e-01	1.819763e-01
-2.000000e-01	-1.000000e-01	6.402661e+00	1.792143e-01	1.792143e-01
-1.000000e-01	0.000000e+00	6.200420e+00	1.764092e-01	1.764092e-01
0.000000e+00	1.000000e-01	6.353334e+00	1.794857e-01	1.794857e-01
1.000000e-01	2.000000e-01	6.516113e+00	1.810380e-01	1.810380e-01
2.000000e-01	3.000000e-01	6.427325e+00	1.804995e-01	1.804995e-01
3.000000e-01	4.000000e-01	6.373065e+00	1.797566e-01	1.797566e-01
4.000000e-01	5.000000e-01	5.914322e+00	1.713718e-01	1.713718e-01
5.000000e-01	6.000000e-01	5.983380e+00	1.734885e-01	1.734885e-01
6.000000e-01	7.000000e-01	5.401320e+00	1.654482e-01	1.654482e-01
7.000000e-01	8.000000e-01	5.327330e+00	1.643415e-01	1.643415e-01
8.000000e-01	9.000000e-01	4.686077e+00	1.533114e-01	1.533114e-01
9.000000e-01	1.000000e+00	4.651548e+00	1.524360e-01	1.524360e-01
1.000000e+00	1.100000e+00	4.207604e+00	1.455777e-01	1.455777e-01
1.100000e+00	1.200000e+00	4.020161e+00	1.425375e-01	1.425375e-01
1.200000e+00	1.300000e+00	3.679804e+00	1.354477e-01	1.354477e-01
1.300000e+00	1.400000e+00	3.196398e+00	1.282505e-01	1.282505e-01
1.400000e+00	1.500000e+00	2.999089e+00	1.236134e-01	1.236134e-01
1.500000e+00	1.600000e+00	2.441693e+00	1.123750e-01	1.123750e-01
1.600000e+00	1.700000e+00	2.283846e+00	1.086317e-01	1.086317e-01
1.700000e+00	1.800000e+00	1.933623e+00	9.963591e-02	9.963591e-02
1.800000e+00	1.900000e+00	1.558737e+00	8.987830e-02	8.987830e-02
1.900000e+00	2.000000e+00	1.440352e+00	8.684937e-02	8.684937e-02
2.000000e+00	2.100000e+00	1.292371e+00	8.194838e-02	8.194838e-02
2.100000e+00	2.200000e+00	1.095062e+00	7.609819e-02	7.609819e-02
2.200000e+00	2.300000e+00	8.533593e-01	6.852743e-02	6.852743e-02
2.300000e+00	2.400000e+00	8.681574e-01	6.727323e-02	6.727323e-02
2.400000e+00	2.500000e+00	6.757816e-01	5.773592e-02	5.773592e-02
# END HISTO1D


# BEGIN HISTO1D //eos/home-y/yiyu/monobc/Rivet_New/X800_Qd20.yoda.gz/JetMETAnalysis/bjet_eta
ErrorBars=1
LineColor=blue
LineStyle=dotted
Path=//eos/home-y/yiyu/monobc/Rivet_New/X800_Qd20.yoda.gz/JetMETAnalysis/bjet_eta
ScaledBy=7.80131537799354883e-06
Title=X800_Qd20
# xlow	 xhigh	 val	 errminus	 errplus
-2.500000e+00	-2.400000e+00	6.166368e-01	5.857725e-02	5.857725e-02
-2.400000e+00	-2.300000e+00	7.695627e-01	6.394021e-02	6.394021e-02
-2.300000e+00	-2.200000e+00	8.830238e-01	6.817672e-02	6.817672e-02
-2.200000e+00	-2.100000e+00	1.080348e+00	7.432456e-02	7.432456e-02
-2.100000e+00	-2.000000e+00	1.257939e+00	8.150809e-02	8.150809e-02
-2.000000e+00	-1.900000e+00	1.593389e+00	9.109543e-02	9.109543e-02
-1.900000e+00	-1.800000e+00	1.909107e+00	9.903117e-02	9.903117e-02
-1.800000e+00	-1.700000e+00	2.116297e+00	1.059180e-01	1.059180e-01
-1.700000e+00	-1.600000e+00	2.392551e+00	1.104176e-01	1.104176e-01
-1.600000e+00	-1.500000e+00	2.649072e+00	1.178793e-01	1.178793e-01
-1.500000e+00	-1.400000e+00	3.028920e+00	1.249934e-01	1.249934e-01
-1.400000e+00	-1.300000e+00	3.245976e+00	1.280706e-01	1.280706e-01
-1.300000e+00	-1.200000e+00	3.601159e+00	1.358170e-01	1.358170e-01
-1.200000e+00	-1.100000e+00	3.862613e+00	1.404849e-01	1.404849e-01
-1.100000e+00	-1.000000e+00	4.074736e+00	1.436539e-01	1.436539e-01
-1.000000e+00	-9.000000e-01	4.656841e+00	1.536403e-01	1.536403e-01
-9.000000e-01	-8.000000e-01	4.888696e+00	1.573185e-01	1.573185e-01
-8.000000e-01	-7.000000e-01	5.426403e+00	1.650929e-01	1.650929e-01
-7.000000e-01	-6.000000e-01	5.742121e+00	1.697443e-01	1.697443e-01
-6.000000e-01	-5.000000e-01	6.023308e+00	1.744810e-01	1.744810e-01
-5.000000e-01	-4.000000e-01	5.899981e+00	1.725878e-01	1.725878e-01
-4.000000e-01	-3.000000e-01	6.279829e+00	1.776599e-01	1.776599e-01
-3.000000e-01	-2.000000e-01	5.973977e+00	1.736421e-01	1.736421e-01
-2.000000e-01	-1.000000e-01	6.195966e+00	1.770424e-01	1.770424e-01
-1.000000e-01	0.000000e+00	6.565948e+00	1.813206e-01	1.813206e-01
0.000000e+00	1.000000e-01	6.491952e+00	1.808502e-01	1.808502e-01
1.000000e-01	2.000000e-01	6.437688e+00	1.803786e-01	1.803786e-01
2.000000e-01	3.000000e-01	6.057840e+00	1.739921e-01	1.739921e-01
3.000000e-01	4.000000e-01	6.393290e+00	1.792282e-01	1.792282e-01
4.000000e-01	5.000000e-01	5.737188e+00	1.695291e-01	1.695291e-01
5.000000e-01	6.000000e-01	5.495467e+00	1.664142e-01	1.664142e-01
6.000000e-01	7.000000e-01	5.589196e+00	1.683768e-01	1.683768e-01
7.000000e-01	8.000000e-01	5.431337e+00	1.647240e-01	1.647240e-01
8.000000e-01	9.000000e-01	4.794967e+00	1.566209e-01	1.566209e-01
9.000000e-01	1.000000e+00	4.469383e+00	1.506008e-01	1.506008e-01
1.000000e+00	1.100000e+00	4.355922e+00	1.488945e-01	1.488945e-01
1.100000e+00	1.200000e+00	4.015539e+00	1.436539e-01	1.436539e-01
1.200000e+00	1.300000e+00	3.665289e+00	1.360855e-01	1.360855e-01
1.300000e+00	1.400000e+00	3.260775e+00	1.296756e-01	1.296756e-01
1.400000e+00	1.500000e+00	2.831596e+00	1.210369e-01	1.210369e-01
1.500000e+00	1.600000e+00	2.545477e+00	1.152699e-01	1.152699e-01
1.600000e+00	1.700000e+00	2.328420e+00	1.096435e-01	1.096435e-01
1.700000e+00	1.800000e+00	1.978171e+00	1.002523e-01	1.002523e-01
1.800000e+00	1.900000e+00	1.706851e+00	9.488996e-02	9.488996e-02
1.900000e+00	2.000000e+00	1.608189e+00	9.042511e-02	9.042511e-02
2.000000e+00	2.100000e+00	1.322069e+00	8.254645e-02	8.254645e-02
2.100000e+00	2.200000e+00	9.866188e-01	7.045868e-02	7.045868e-02
2.200000e+00	2.300000e+00	9.816857e-01	7.266901e-02	7.266901e-02
2.300000e+00	2.400000e+00	9.175555e-01	6.871005e-02	6.871005e-02
2.400000e+00	2.500000e+00	5.623727e-01	5.667694e-02	5.667694e-02
# END HISTO1D


# BEGIN HISTO1D //eos/home-y/yiyu/monobc/Rivet_New/X800_Qd40.yoda.gz/JetMETAnalysis/bjet_eta
ErrorBars=1
LineColor=green
LineStyle=dotted
Path=//eos/home-y/yiyu/monobc/Rivet_New/X800_Qd40.yoda.gz/JetMETAnalysis/bjet_eta
ScaledBy=7.81982767715256969e-06
Title=X800_Qd40
# xlow	 xhigh	 val	 errminus	 errplus
-2.500000e+00	-2.400000e+00	5.770651e-01	5.575894e-02	5.575894e-02
-2.400000e+00	-2.300000e+00	8.118035e-01	6.705355e-02	6.705355e-02
-2.300000e+00	-2.200000e+00	8.118035e-01	6.597487e-02	6.597487e-02
-2.200000e+00	-2.100000e+00	9.536245e-01	7.137278e-02	7.137278e-02
-2.100000e+00	-2.000000e+00	1.217705e+00	7.990951e-02	7.990951e-02
-2.000000e+00	-1.900000e+00	1.540470e+00	8.924110e-02	8.924110e-02
-1.900000e+00	-1.800000e+00	1.736086e+00	9.495405e-02	9.495405e-02
-1.800000e+00	-1.700000e+00	2.146878e+00	1.047729e-01	1.047729e-01
-1.700000e+00	-1.600000e+00	2.200672e+00	1.062463e-01	1.062463e-01
-1.600000e+00	-1.500000e+00	2.738614e+00	1.179789e-01	1.179789e-01
-1.500000e+00	-1.400000e+00	2.650587e+00	1.163459e-01	1.163459e-01
-1.400000e+00	-1.300000e+00	3.325460e+00	1.290171e-01	1.290171e-01
-1.300000e+00	-1.200000e+00	3.711800e+00	1.370180e-01	1.370180e-01
-1.200000e+00	-1.100000e+00	3.990552e+00	1.422420e-01	1.422420e-01
-1.100000e+00	-1.000000e+00	4.127483e+00	1.444113e-01	1.444113e-01
-1.000000e+00	-9.000000e-01	4.548056e+00	1.515230e-01	1.515230e-01
-9.000000e-01	-8.000000e-01	4.997971e+00	1.584665e-01	1.584665e-01
-8.000000e-01	-7.000000e-01	5.350078e+00	1.642470e-01	1.642470e-01
-7.000000e-01	-6.000000e-01	5.442995e+00	1.649009e-01	1.649009e-01
-6.000000e-01	-5.000000e-01	5.609268e+00	1.693372e-01	1.693372e-01
-5.000000e-01	-4.000000e-01	5.976047e+00	1.729011e-01	1.729011e-01
-4.000000e-01	-3.000000e-01	6.103197e+00	1.741416e-01	1.741416e-01
-3.000000e-01	-2.000000e-01	6.225457e+00	1.770696e-01	1.770696e-01
-2.000000e-01	-1.000000e-01	6.289032e+00	1.768670e-01	1.768670e-01
-1.000000e-01	0.000000e+00	6.484647e+00	1.810102e-01	1.810102e-01
0.000000e+00	1.000000e-01	6.553112e+00	1.808781e-01	1.808781e-01
1.000000e-01	2.000000e-01	6.068964e+00	1.748953e-01	1.748953e-01
2.000000e-01	3.000000e-01	6.328155e+00	1.778110e-01	1.778110e-01
3.000000e-01	4.000000e-01	6.284141e+00	1.770696e-01	1.770696e-01
4.000000e-01	5.000000e-01	6.088526e+00	1.739354e-01	1.739354e-01
5.000000e-01	6.000000e-01	5.550584e+00	1.667757e-01	1.667757e-01
6.000000e-01	7.000000e-01	5.526132e+00	1.664168e-01	1.664168e-01
7.000000e-01	8.000000e-01	5.306065e+00	1.634441e-01	1.634441e-01
8.000000e-01	9.000000e-01	5.037094e+00	1.580131e-01	1.580131e-01
9.000000e-01	1.000000e+00	4.592069e+00	1.516018e-01	1.516018e-01
1.000000e+00	1.100000e+00	3.956319e+00	1.416524e-01	1.416524e-01
1.100000e+00	1.200000e+00	3.956319e+00	1.408056e-01	1.408056e-01
1.200000e+00	1.300000e+00	3.418377e+00	1.307663e-01	1.307663e-01
1.300000e+00	1.400000e+00	3.085831e+00	1.255410e-01	1.255410e-01
1.400000e+00	1.500000e+00	3.090722e+00	1.239111e-01	1.239111e-01
1.500000e+00	1.600000e+00	2.498985e+00	1.131149e-01	1.131149e-01
1.600000e+00	1.700000e+00	2.371835e+00	1.092428e-01	1.092428e-01
1.700000e+00	1.800000e+00	2.073522e+00	1.037407e-01	1.037407e-01
1.800000e+00	1.900000e+00	1.838784e+00	9.707132e-02	9.707132e-02
1.900000e+00	2.000000e+00	1.550251e+00	8.924110e-02	8.924110e-02
2.000000e+00	2.100000e+00	1.359526e+00	8.442109e-02	8.442109e-02
2.100000e+00	2.200000e+00	1.007419e+00	7.253609e-02	7.253609e-02
2.200000e+00	2.300000e+00	9.487342e-01	6.950539e-02	6.950539e-02
2.300000e+00	2.400000e+00	7.286670e-01	6.281809e-02	6.281809e-02
2.400000e+00	2.500000e+00	7.237766e-01	6.068805e-02	6.068805e-02
# END HISTO1D

