# BEGIN PLOT
Legend=1
LogY=1
LegendPlacement=manual
LegendAlign=r
LegendXPos=1.32
RightMargin=3.3
Title=$c$-jet $p_\mathrm{T}$ spectrum
XLabel=$p_\mathrm{T}^{c\mathrm{-jet}}$ [GeV]
YLabel=$\mathrm{d}\sigma/\mathrm{d}p_\mathrm{T}^{c\mathrm{-jet}}$ [pb/GeV]
LogX=1
DrawOnly=//eos/home-y/yiyu/monobc/Rivet/X1000_Qd10.yoda.gz/JetMETAnalysis/cjet_pt //eos/home-y/yiyu/monobc/Rivet/X1000_Qd20.yoda.gz/JetMETAnalysis/cjet_pt //eos/home-y/yiyu/monobc/Rivet/X1000_Qd40.yoda.gz/JetMETAnalysis/cjet_pt //eos/home-y/yiyu/monobc/Rivet/X1200_Qd10.yoda.gz/JetMETAnalysis/cjet_pt //eos/home-y/yiyu/monobc/Rivet/X1200_Qd20.yoda.gz/JetMETAnalysis/cjet_pt //eos/home-y/yiyu/monobc/Rivet/X1200_Qd40.yoda.gz/JetMETAnalysis/cjet_pt //eos/home-y/yiyu/monobc/Rivet/X1500_Qd10.yoda.gz/JetMETAnalysis/cjet_pt //eos/home-y/yiyu/monobc/Rivet/X1500_Qd20.yoda.gz/JetMETAnalysis/cjet_pt //eos/home-y/yiyu/monobc/Rivet/X1500_Qd40.yoda.gz/JetMETAnalysis/cjet_pt //eos/home-y/yiyu/monobc/Rivet/X2000_Qd10.yoda.gz/JetMETAnalysis/cjet_pt //eos/home-y/yiyu/monobc/Rivet/X2000_Qd20.yoda.gz/JetMETAnalysis/cjet_pt //eos/home-y/yiyu/monobc/Rivet/X2000_Qd40.yoda.gz/JetMETAnalysis/cjet_pt //eos/home-y/yiyu/monobc/Rivet/X600_Qd10.yoda.gz/JetMETAnalysis/cjet_pt //eos/home-y/yiyu/monobc/Rivet/X600_Qd20.yoda.gz/JetMETAnalysis/cjet_pt //eos/home-y/yiyu/monobc/Rivet/X600_Qd40.yoda.gz/JetMETAnalysis/cjet_pt //eos/home-y/yiyu/monobc/Rivet/X800_Qd10.yoda.gz/JetMETAnalysis/cjet_pt //eos/home-y/yiyu/monobc/Rivet/X800_Qd20.yoda.gz/JetMETAnalysis/cjet_pt //eos/home-y/yiyu/monobc/Rivet/X800_Qd40.yoda.gz/JetMETAnalysis/cjet_pt
LegendOnly=//eos/home-y/yiyu/monobc/Rivet/X1000_Qd10.yoda.gz/JetMETAnalysis/cjet_pt //eos/home-y/yiyu/monobc/Rivet/X1000_Qd20.yoda.gz/JetMETAnalysis/cjet_pt //eos/home-y/yiyu/monobc/Rivet/X1000_Qd40.yoda.gz/JetMETAnalysis/cjet_pt //eos/home-y/yiyu/monobc/Rivet/X1200_Qd10.yoda.gz/JetMETAnalysis/cjet_pt //eos/home-y/yiyu/monobc/Rivet/X1200_Qd20.yoda.gz/JetMETAnalysis/cjet_pt //eos/home-y/yiyu/monobc/Rivet/X1200_Qd40.yoda.gz/JetMETAnalysis/cjet_pt //eos/home-y/yiyu/monobc/Rivet/X1500_Qd10.yoda.gz/JetMETAnalysis/cjet_pt //eos/home-y/yiyu/monobc/Rivet/X1500_Qd20.yoda.gz/JetMETAnalysis/cjet_pt //eos/home-y/yiyu/monobc/Rivet/X1500_Qd40.yoda.gz/JetMETAnalysis/cjet_pt //eos/home-y/yiyu/monobc/Rivet/X2000_Qd10.yoda.gz/JetMETAnalysis/cjet_pt //eos/home-y/yiyu/monobc/Rivet/X2000_Qd20.yoda.gz/JetMETAnalysis/cjet_pt //eos/home-y/yiyu/monobc/Rivet/X2000_Qd40.yoda.gz/JetMETAnalysis/cjet_pt //eos/home-y/yiyu/monobc/Rivet/X600_Qd10.yoda.gz/JetMETAnalysis/cjet_pt //eos/home-y/yiyu/monobc/Rivet/X600_Qd20.yoda.gz/JetMETAnalysis/cjet_pt //eos/home-y/yiyu/monobc/Rivet/X600_Qd40.yoda.gz/JetMETAnalysis/cjet_pt //eos/home-y/yiyu/monobc/Rivet/X800_Qd10.yoda.gz/JetMETAnalysis/cjet_pt //eos/home-y/yiyu/monobc/Rivet/X800_Qd20.yoda.gz/JetMETAnalysis/cjet_pt //eos/home-y/yiyu/monobc/Rivet/X800_Qd40.yoda.gz/JetMETAnalysis/cjet_pt
RatioPlot=1
RatioPlotReference=//eos/home-y/yiyu/monobc/Rivet/X1000_Qd10.yoda.gz/JetMETAnalysis/cjet_pt
RatioPlotYLabel=Ratio
# END PLOT

# BEGIN HISTO1D //eos/home-y/yiyu/monobc/Rivet/X1000_Qd10.yoda.gz/JetMETAnalysis/cjet_pt
ErrorBars=1
LineColor=red
LineStyle=solid
Path=//eos/home-y/yiyu/monobc/Rivet/X1000_Qd10.yoda.gz/JetMETAnalysis/cjet_pt
ScaledBy=1.40377119385635185e-05
Title=X1000_Qd10
# xlow	 xhigh	 val	 errminus	 errplus
2.000000e+01	2.162765e+01	0.000000e+00	0.000000e+00	0.000000e+00
2.162765e+01	2.338777e+01	0.000000e+00	0.000000e+00	0.000000e+00
2.338777e+01	2.529113e+01	1.377058e-03	4.868635e-04	4.868635e-04
2.529113e+01	2.734939e+01	6.207943e-03	1.019236e-03	1.019236e-03
2.734939e+01	2.957515e+01	3.974373e-03	7.648684e-04	7.648684e-04
2.957515e+01	3.198206e+01	3.130770e-03	6.528107e-04	6.528107e-04
3.198206e+01	3.458484e+01	2.895166e-03	6.036839e-04	6.036839e-04
3.458484e+01	3.739945e+01	3.026483e-03	5.935422e-04	5.935422e-04
3.739945e+01	4.044311e+01	2.260509e-03	4.932836e-04	4.932836e-04
4.044311e+01	4.373448e+01	2.389009e-03	5.267269e-04	5.267269e-04
4.373448e+01	4.729371e+01	2.761521e-03	5.207175e-04	5.207175e-04
4.729371e+01	5.114260e+01	2.468571e-03	4.584022e-04	4.584022e-04
5.114260e+01	5.530472e+01	1.653057e-03	3.607267e-04	3.607267e-04
5.530472e+01	5.980556e+01	1.310274e-03	3.255401e-04	3.255401e-04
5.980556e+01	6.467270e+01	1.144348e-03	2.775452e-04	2.775452e-04
6.467270e+01	6.993594e+01	1.680714e-03	3.234535e-04	3.234535e-04
6.993594e+01	7.562751e+01	1.899613e-03	3.306801e-04	3.306801e-04
7.562751e+01	8.178228e+01	1.330796e-03	2.661591e-04	2.661591e-04
8.178228e+01	8.843794e+01	1.132191e-03	2.461286e-04	2.461286e-04
8.843794e+01	9.563525e+01	1.001465e-03	2.230070e-04	2.230070e-04
9.563525e+01	1.034183e+02	9.681913e-04	2.104764e-04	2.104764e-04
1.034183e+02	1.118348e+02	7.785413e-04	1.825841e-04	1.825841e-04
1.118348e+02	1.209362e+02	8.639452e-04	1.763521e-04	1.763521e-04
1.209362e+02	1.307783e+02	1.065235e-03	1.883087e-04	1.883087e-04
1.307783e+02	1.414214e+02	5.848825e-04	1.341812e-04	1.341812e-04
1.414214e+02	1.529306e+02	3.131344e-04	1.026384e-04	1.026384e-04
1.529306e+02	1.653765e+02	5.528103e-04	1.262469e-04	1.262469e-04
1.653765e+02	1.788353e+02	5.355494e-04	1.141795e-04	1.141795e-04
1.788353e+02	1.933894e+02	3.601785e-04	9.004463e-05	9.004463e-05
1.933894e+02	2.091279e+02	3.747074e-04	9.309681e-05	9.309681e-05
2.091279e+02	2.261473e+02	3.465065e-04	8.167237e-05	8.167237e-05
2.261473e+02	2.445518e+02	2.136193e-04	6.166656e-05	6.166656e-05
2.445518e+02	2.644540e+02	2.633917e-04	6.984227e-05	6.984227e-05
2.644540e+02	2.859760e+02	3.044602e-04	7.457721e-05	7.457721e-05
2.859760e+02	3.092495e+02	2.111605e-04	5.804248e-05	5.804248e-05
3.092495e+02	3.344170e+02	1.431976e-04	4.317571e-05	4.317571e-05
3.344170e+02	3.616328e+02	9.630571e-05	3.404921e-05	3.404921e-05
3.616328e+02	3.910634e+02	1.447196e-04	4.013800e-05	4.013800e-05
3.910634e+02	4.228892e+02	1.029447e-04	3.566108e-05	3.566108e-05
4.228892e+02	4.573051e+02	6.663801e-05	2.518680e-05	2.518680e-05
4.573051e+02	4.945218e+02	1.056396e-04	3.049551e-05	3.049551e-05
4.945218e+02	5.347672e+02	9.768957e-05	2.820055e-05	2.820055e-05
5.347672e+02	5.782880e+02	6.022493e-05	2.129273e-05	2.129273e-05
5.782880e+02	6.253506e+02	6.265415e-05	2.088471e-05	2.088471e-05
6.253506e+02	6.762433e+02	3.862593e-05	1.576897e-05	1.576897e-05
6.762433e+02	7.312778e+02	2.976584e-05	1.331169e-05	1.331169e-05
7.312778e+02	7.907911e+02	2.202061e-05	1.348481e-05	1.348481e-05
7.907911e+02	8.551478e+02	1.018168e-05	7.199533e-06	7.199533e-06
8.551478e+02	9.247420e+02	9.415430e-06	6.657713e-06	6.657713e-06
9.247420e+02	1.000000e+03	8.706839e-06	6.156664e-06	6.156664e-06
# END HISTO1D


# BEGIN HISTO1D //eos/home-y/yiyu/monobc/Rivet/X1000_Qd20.yoda.gz/JetMETAnalysis/cjet_pt
ErrorBars=1
LineColor=blue
LineStyle=solid
Path=//eos/home-y/yiyu/monobc/Rivet/X1000_Qd20.yoda.gz/JetMETAnalysis/cjet_pt
ScaledBy=1.41645627920069503e-05
Title=X1000_Qd20
# xlow	 xhigh	 val	 errminus	 errplus
2.000000e+01	2.162765e+01	0.000000e+00	0.000000e+00	0.000000e+00
2.162765e+01	2.338777e+01	0.000000e+00	0.000000e+00	0.000000e+00
2.338777e+01	2.529113e+01	1.042075e-03	4.254252e-04	4.254252e-04
2.529113e+01	2.734939e+01	4.657643e-03	9.226250e-04	9.226250e-04
2.734939e+01	2.957515e+01	4.307131e-03	7.998143e-04	7.998143e-04
2.957515e+01	3.198206e+01	3.845623e-03	7.522622e-04	7.522622e-04
3.198206e+01	3.458484e+01	3.048192e-03	6.476162e-04	6.476162e-04
3.458484e+01	3.739945e+01	2.701333e-03	5.632668e-04	5.632668e-04
3.739945e+01	4.044311e+01	2.823877e-03	5.538078e-04	5.538078e-04
4.044311e+01	4.373448e+01	2.410477e-03	4.920366e-04	4.920366e-04
4.373448e+01	4.729371e+01	2.136192e-03	5.001629e-04	5.001629e-04
4.729371e+01	5.114260e+01	2.061314e-03	4.207641e-04	4.207641e-04
5.114260e+01	5.530472e+01	2.065034e-03	4.049865e-04	4.049865e-04
5.530472e+01	5.980556e+01	1.542390e-03	3.365771e-04	3.365771e-04
5.980556e+01	6.467270e+01	1.426310e-03	3.112463e-04	3.112463e-04
6.467270e+01	6.993594e+01	1.256161e-03	2.808861e-04	2.808861e-04
6.993594e+01	7.562751e+01	9.873822e-04	2.394754e-04	2.394754e-04
7.562751e+01	8.178228e+01	1.396465e-03	2.842076e-04	2.842076e-04
8.178228e+01	8.843794e+01	7.946892e-04	2.221224e-04	2.221224e-04
8.843794e+01	9.563525e+01	5.970925e-04	1.656037e-04	1.656037e-04
9.563525e+01	1.034183e+02	6.371034e-04	1.751230e-04	1.751230e-04
1.034183e+02	1.118348e+02	6.677069e-04	1.712039e-04	1.712039e-04
1.118348e+02	1.209362e+02	6.174605e-04	1.583205e-04	1.583205e-04
1.209362e+02	1.307783e+02	7.389302e-04	1.575404e-04	1.575404e-04
1.307783e+02	1.414214e+02	7.143781e-04	1.552996e-04	1.552996e-04
1.414214e+02	1.529306e+02	7.755095e-04	1.546758e-04	1.546758e-04
1.529306e+02	1.653765e+02	4.515346e-04	1.095132e-04	1.095132e-04
1.653765e+02	1.788353e+02	5.649239e-04	1.177948e-04	1.177948e-04
1.788353e+02	1.933894e+02	5.224094e-04	1.135673e-04	1.135673e-04
1.933894e+02	2.091279e+02	3.570706e-04	8.660233e-05	8.660233e-05
2.091279e+02	2.261473e+02	1.165401e-04	5.493754e-05	5.493754e-05
2.261473e+02	2.445518e+02	4.131162e-04	8.614069e-05	8.614069e-05
2.445518e+02	2.644540e+02	2.989785e-04	7.046990e-05	7.046990e-05
2.644540e+02	2.859760e+02	2.764766e-04	6.869116e-05	6.869116e-05
2.859760e+02	3.092495e+02	1.704465e-04	4.920366e-05	4.920366e-05
3.092495e+02	3.344170e+02	1.576194e-04	4.550080e-05	4.550080e-05
3.344170e+02	3.616328e+02	1.336103e-04	4.028504e-05	4.028504e-05
3.616328e+02	3.910634e+02	1.460201e-04	4.350258e-05	4.350258e-05
3.910634e+02	4.228892e+02	1.454177e-04	3.886451e-05	3.886451e-05
4.228892e+02	4.573051e+02	1.344737e-04	3.593961e-05	3.593961e-05
4.573051e+02	4.945218e+02	1.154713e-04	3.202597e-05	3.202597e-05
4.945218e+02	5.347672e+02	1.067814e-04	2.961583e-05	2.961583e-05
5.347672e+02	5.782880e+02	3.038306e-05	1.860575e-05	1.860575e-05
5.782880e+02	6.253506e+02	4.214478e-05	1.720554e-05	1.720554e-05
6.253506e+02	6.762433e+02	1.299101e-05	9.186032e-06	9.186032e-06
6.762433e+02	7.312778e+02	3.603999e-05	1.471327e-05	1.471327e-05
7.312778e+02	7.907911e+02	2.221848e-05	1.110924e-05	1.110924e-05
7.907911e+02	8.551478e+02	2.054635e-05	1.027318e-05	1.027318e-05
8.551478e+02	9.247420e+02	9.500040e-06	6.717542e-06	6.717542e-06
9.247420e+02	1.000000e+03	8.785082e-06	6.211990e-06	6.211990e-06
# END HISTO1D


# BEGIN HISTO1D //eos/home-y/yiyu/monobc/Rivet/X1000_Qd40.yoda.gz/JetMETAnalysis/cjet_pt
ErrorBars=1
LineColor=green
LineStyle=solid
Path=//eos/home-y/yiyu/monobc/Rivet/X1000_Qd40.yoda.gz/JetMETAnalysis/cjet_pt
ScaledBy=1.40867871996726164e-05
Title=X1000_Qd40
# xlow	 xhigh	 val	 errminus	 errplus
2.000000e+01	2.162765e+01	0.000000e+00	0.000000e+00	0.000000e+00
2.162765e+01	2.338777e+01	0.000000e+00	0.000000e+00	0.000000e+00
2.338777e+01	2.529113e+01	8.575582e-04	3.835117e-04	3.835117e-04
2.529113e+01	2.734939e+01	4.440914e-03	8.687103e-04	8.687103e-04
2.734939e+01	2.957515e+01	4.546717e-03	8.425451e-04	8.425451e-04
2.957515e+01	3.198206e+01	3.933260e-03	7.551540e-04	7.551540e-04
3.198206e+01	3.458484e+01	4.138959e-03	7.420123e-04	7.420123e-04
3.458484e+01	3.739945e+01	2.551638e-03	5.682009e-04	5.682009e-04
3.739945e+01	4.044311e+01	2.895891e-03	5.775870e-04	5.775870e-04
4.044311e+01	4.373448e+01	2.479578e-03	4.959157e-04	4.959157e-04
4.373448e+01	4.729371e+01	1.926095e-03	4.203085e-04	4.203085e-04
4.729371e+01	5.114260e+01	1.526692e-03	3.793098e-04	3.793098e-04
5.114260e+01	5.530472e+01	2.666730e-03	4.705992e-04	4.705992e-04
5.530472e+01	5.980556e+01	1.813264e-03	3.905890e-04	3.905890e-04
5.980556e+01	6.467270e+01	1.140223e-03	2.765446e-04	2.765446e-04
6.467270e+01	6.993594e+01	1.302509e-03	2.842307e-04	2.842307e-04
6.993594e+01	7.562751e+01	1.663338e-03	3.088741e-04	3.088741e-04
7.562751e+01	8.178228e+01	7.955985e-04	2.311956e-04	2.311956e-04
8.178228e+01	8.843794e+01	1.422399e-03	2.641328e-04	2.641328e-04
8.843794e+01	9.563525e+01	8.617831e-04	1.977066e-04	1.977066e-04
9.563525e+01	1.034183e+02	1.006644e-03	2.138708e-04	2.138708e-04
1.034183e+02	1.118348e+02	8.533078e-04	1.819258e-04	1.819258e-04
1.118348e+02	1.209362e+02	3.945472e-04	1.189605e-04	1.189605e-04
1.209362e+02	1.307783e+02	5.638657e-04	1.519975e-04	1.519975e-04
1.307783e+02	1.414214e+02	7.361353e-04	1.502630e-04	1.502630e-04
1.414214e+02	1.529306e+02	5.389184e-04	1.299808e-04	1.299808e-04
1.529306e+02	1.653765e+02	6.032760e-04	1.311470e-04	1.311470e-04
1.653765e+02	1.788353e+02	4.365969e-04	1.084734e-04	1.084734e-04
1.788353e+02	1.933894e+02	4.485999e-04	1.098841e-04	1.098841e-04
1.933894e+02	2.091279e+02	2.074203e-04	7.185250e-05	7.185250e-05
2.091279e+02	2.261473e+02	3.452572e-04	8.137791e-05	8.137791e-05
2.261473e+02	2.445518e+02	2.305865e-04	6.869674e-05	6.869674e-05
2.445518e+02	2.644540e+02	1.640263e-04	6.137302e-05	6.137302e-05
2.644540e+02	2.859760e+02	2.730263e-04	6.435291e-05	6.435291e-05
2.859760e+02	3.092495e+02	2.384524e-04	6.114060e-05	6.114060e-05
3.092495e+02	3.344170e+02	1.556524e-04	4.493297e-05	4.493297e-05
3.344170e+02	3.616328e+02	1.559325e-04	4.324791e-05	4.324791e-05
3.616328e+02	3.910634e+02	1.552900e-04	4.150300e-05	4.150300e-05
3.910634e+02	4.228892e+02	6.154409e-05	2.512528e-05	2.512528e-05
4.228892e+02	4.573051e+02	9.485395e-05	2.999546e-05	2.999546e-05
4.573051e+02	4.945218e+02	1.140302e-04	3.162630e-05	3.162630e-05
4.945218e+02	5.347672e+02	8.922590e-05	2.690262e-05	2.690262e-05
5.347672e+02	5.782880e+02	3.000391e-05	1.500195e-05	1.500195e-05
5.782880e+02	6.253506e+02	4.161882e-05	1.699082e-05	1.699082e-05
6.253506e+02	6.762433e+02	1.282889e-05	9.071394e-06	9.071394e-06
6.762433e+02	7.312778e+02	2.372683e-05	1.186341e-05	1.186341e-05
7.312778e+02	7.907911e+02	2.742651e-05	1.226551e-05	1.226551e-05
7.907911e+02	8.551478e+02	0.000000e+00	-nan	-nan
8.551478e+02	9.247420e+02	0.000000e+00	0.000000e+00	0.000000e+00
9.247420e+02	1.000000e+03	8.675447e-06	6.134467e-06	6.134467e-06
# END HISTO1D


# BEGIN HISTO1D //eos/home-y/yiyu/monobc/Rivet/X1200_Qd10.yoda.gz/JetMETAnalysis/cjet_pt
ErrorBars=1
LineColor=orange
LineStyle=solid
Path=//eos/home-y/yiyu/monobc/Rivet/X1200_Qd10.yoda.gz/JetMETAnalysis/cjet_pt
ScaledBy=1.38077798553465733e-05
Title=X1200_Qd10
# xlow	 xhigh	 val	 errminus	 errplus
2.000000e+01	2.162765e+01	0.000000e+00	0.000000e+00	0.000000e+00
2.162765e+01	2.338777e+01	0.000000e+00	0.000000e+00	0.000000e+00
2.338777e+01	2.529113e+01	5.907448e-04	1.969150e-04	1.969150e-04
2.529113e+01	2.734939e+01	1.760258e-03	3.486866e-04	3.486866e-04
2.734939e+01	2.957515e+01	1.459397e-03	3.074403e-04	3.074403e-04
2.957515e+01	3.198206e+01	1.090029e-03	2.795230e-04	2.795230e-04
3.198206e+01	3.458484e+01	1.151999e-03	2.447528e-04	2.447528e-04
3.458484e+01	3.739945e+01	1.376011e-03	2.625997e-04	2.625997e-04
3.739945e+01	4.044311e+01	1.190366e-03	2.210453e-04	2.210453e-04
4.044311e+01	4.373448e+01	4.934523e-04	1.565043e-04	1.565043e-04
4.373448e+01	4.729371e+01	1.088138e-03	2.016413e-04	2.016413e-04
4.729371e+01	5.114260e+01	7.141108e-04	1.590188e-04	1.590188e-04
5.114260e+01	5.530472e+01	5.703185e-04	1.559717e-04	1.559717e-04
5.530472e+01	5.980556e+01	4.718824e-04	1.209934e-04	1.209934e-04
5.980556e+01	6.467270e+01	5.647123e-04	1.257506e-04	1.257506e-04
6.467270e+01	6.993594e+01	5.222133e-04	1.162869e-04	1.162869e-04
6.993594e+01	7.562751e+01	5.926662e-04	1.140587e-04	1.140587e-04
7.562751e+01	8.178228e+01	3.653753e-04	9.077822e-05	9.077822e-05
8.178228e+01	8.843794e+01	3.566489e-04	8.182088e-05	8.182088e-05
8.843794e+01	9.563525e+01	3.645252e-04	7.954592e-05	7.954592e-05
9.563525e+01	1.034183e+02	3.049876e-04	8.025991e-05	8.025991e-05
1.034183e+02	1.118348e+02	3.562527e-04	7.854634e-05	7.854634e-05
1.118348e+02	1.209362e+02	3.706244e-04	7.392124e-05	7.392124e-05
1.209362e+02	1.307783e+02	2.157941e-04	5.533087e-05	5.533087e-05
1.307783e+02	1.414214e+02	2.347687e-04	5.985452e-05	5.985452e-05
1.414214e+02	1.529306e+02	2.496670e-04	5.845644e-05	5.845644e-05
1.529306e+02	1.653765e+02	1.706479e-04	4.375513e-05	4.375513e-05
1.653765e+02	1.788353e+02	1.299571e-04	3.938297e-05	3.938297e-05
1.788353e+02	1.933894e+02	1.115929e-04	3.539302e-05	3.539302e-05
1.933894e+02	2.091279e+02	2.222660e-04	4.200434e-05	4.200434e-05
2.091279e+02	2.261473e+02	1.835161e-04	3.670323e-05	3.670323e-05
2.261473e+02	2.445518e+02	1.561286e-04	3.255505e-05	3.255505e-05
2.445518e+02	2.644540e+02	1.381020e-04	2.944345e-05	2.944345e-05
2.644540e+02	2.859760e+02	1.044885e-04	2.462817e-05	2.462817e-05
2.859760e+02	3.092495e+02	1.127291e-04	2.459951e-05	2.459951e-05
3.092495e+02	3.344170e+02	5.460483e-05	2.163790e-05	2.163790e-05
3.344170e+02	3.616328e+02	8.262851e-05	1.947573e-05	1.947573e-05
3.616328e+02	3.910634e+02	5.518522e-05	1.530562e-05	1.530562e-05
3.910634e+02	4.228892e+02	3.925538e-05	1.241364e-05	1.241364e-05
4.228892e+02	4.573051e+02	3.630107e-05	1.147940e-05	1.147940e-05
4.573051e+02	4.945218e+02	5.035377e-05	1.300128e-05	1.300128e-05
4.945218e+02	5.347672e+02	4.035577e-05	1.279931e-05	1.279931e-05
5.347672e+02	5.782880e+02	3.731857e-05	1.035031e-05	1.035031e-05
5.782880e+02	6.253506e+02	2.123697e-05	8.394650e-06	8.394650e-06
6.253506e+02	6.762433e+02	2.209354e-05	7.364516e-06	7.364516e-06
6.762433e+02	7.312778e+02	9.080368e-06	5.560567e-06	5.560567e-06
7.312778e+02	7.907911e+02	2.099252e-05	7.272020e-06	7.272020e-06
7.907911e+02	8.551478e+02	1.941265e-06	3.362369e-06	3.362369e-06
8.551478e+02	9.247420e+02	7.180677e-06	3.590339e-06	3.590339e-06
9.247420e+02	1.000000e+03	3.320135e-06	2.347690e-06	2.347690e-06
# END HISTO1D


# BEGIN HISTO1D //eos/home-y/yiyu/monobc/Rivet/X1200_Qd20.yoda.gz/JetMETAnalysis/cjet_pt
ErrorBars=1
LineColor=lilac
LineStyle=solid
Path=//eos/home-y/yiyu/monobc/Rivet/X1200_Qd20.yoda.gz/JetMETAnalysis/cjet_pt
ScaledBy=1.36137126806748303e-05
Title=X1200_Qd20
# xlow	 xhigh	 val	 errminus	 errplus
2.000000e+01	2.162765e+01	0.000000e+00	0.000000e+00	0.000000e+00
2.162765e+01	2.338777e+01	0.000000e+00	0.000000e+00	0.000000e+00
2.338777e+01	2.529113e+01	5.190448e-04	1.835101e-04	1.835101e-04
2.529113e+01	2.734939e+01	2.219920e-03	3.841735e-04	3.841735e-04
2.734939e+01	2.957515e+01	1.442550e-03	3.038912e-04	3.038912e-04
2.957515e+01	3.198206e+01	1.180059e-03	2.565346e-04	2.565346e-04
3.198206e+01	3.458484e+01	1.186146e-03	2.372293e-04	2.372293e-04
3.458484e+01	3.739945e+01	1.316251e-03	2.558333e-04	2.558333e-04
3.739945e+01	4.044311e+01	1.136051e-03	2.295169e-04	2.295169e-04
4.044311e+01	4.373448e+01	9.379918e-04	1.875984e-04	1.875984e-04
4.373448e+01	4.729371e+01	8.674005e-04	1.734801e-04	1.734801e-04
4.729371e+01	5.114260e+01	2.566790e-04	1.200506e-04	1.200506e-04
5.114260e+01	5.530472e+01	7.120859e-04	1.512892e-04	1.512892e-04
5.530472e+01	5.980556e+01	7.682459e-04	1.451848e-04	1.451848e-04
5.980556e+01	6.467270e+01	4.567035e-04	1.242990e-04	1.242990e-04
6.467270e+01	6.993594e+01	4.692590e-04	1.149445e-04	1.149445e-04
6.993594e+01	7.562751e+01	3.037608e-04	8.678881e-05	8.678881e-05
7.562751e+01	8.178228e+01	4.414145e-04	9.829457e-05	9.829457e-05
8.178228e+01	8.843794e+01	4.453032e-04	9.460875e-05	9.460875e-05
8.843794e+01	9.563525e+01	2.916852e-04	7.478979e-05	7.478979e-05
9.563525e+01	1.034183e+02	3.173336e-04	7.095793e-05	7.095793e-05
1.034183e+02	1.118348e+02	3.668126e-04	7.624057e-05	7.624057e-05
1.118348e+02	1.209362e+02	2.713674e-04	6.647115e-05	6.647115e-05
1.209362e+02	1.307783e+02	2.509447e-04	5.885174e-05	5.885174e-05
1.307783e+02	1.414214e+02	2.668674e-04	5.564569e-05	5.564569e-05
1.414214e+02	1.529306e+02	2.145955e-04	4.798502e-05	4.798502e-05
1.529306e+02	1.653765e+02	1.587557e-04	4.437358e-05	4.437358e-05
1.653765e+02	1.788353e+02	1.468079e-04	4.495055e-05	4.495055e-05
1.788353e+02	1.933894e+02	1.612144e-04	4.069250e-05	4.069250e-05
1.933894e+02	2.091279e+02	1.412358e-04	3.680305e-05	3.680305e-05
2.091279e+02	2.261473e+02	5.079133e-05	2.176771e-05	2.176771e-05
2.261473e+02	2.445518e+02	1.006475e-04	2.924748e-05	2.924748e-05
2.445518e+02	2.644540e+02	1.427127e-04	3.102449e-05	3.102449e-05
2.644540e+02	2.859760e+02	1.434475e-04	2.981501e-05	2.981501e-05
2.859760e+02	3.092495e+02	6.367302e-05	1.985354e-05	1.985354e-05
3.092495e+02	3.344170e+02	8.341508e-05	2.138811e-05	2.138811e-05
3.344170e+02	3.616328e+02	9.074960e-05	2.128266e-05	2.128266e-05
3.616328e+02	3.910634e+02	6.294017e-05	1.730060e-05	1.730060e-05
3.910634e+02	4.228892e+02	4.268241e-05	1.599856e-05	1.599856e-05
4.228892e+02	4.573051e+02	5.382300e-05	1.389704e-05	1.389704e-05
4.573051e+02	4.945218e+02	4.977247e-05	1.285120e-05	1.285120e-05
4.945218e+02	5.347672e+02	3.988990e-05	1.106347e-05	1.106347e-05
5.347672e+02	5.782880e+02	1.986264e-05	7.507371e-06	7.507371e-06
5.782880e+02	6.253506e+02	1.311988e-05	6.942387e-06	6.942387e-06
6.253506e+02	6.762433e+02	1.455900e-05	6.863179e-06	6.863179e-06
6.762433e+02	7.312778e+02	6.731657e-06	3.886524e-06	3.886524e-06
7.312778e+02	7.907911e+02	6.225052e-06	3.594036e-06	3.594036e-06
7.907911e+02	8.551478e+02	7.675417e-06	3.837709e-06	3.837709e-06
8.551478e+02	9.247420e+02	3.548892e-06	2.509445e-06	2.509445e-06
9.247420e+02	1.000000e+03	3.281808e-06	2.320588e-06	2.320588e-06
# END HISTO1D


# BEGIN HISTO1D //eos/home-y/yiyu/monobc/Rivet/X1200_Qd40.yoda.gz/JetMETAnalysis/cjet_pt
ErrorBars=1
LineColor=red
LineStyle=dashed
Path=//eos/home-y/yiyu/monobc/Rivet/X1200_Qd40.yoda.gz/JetMETAnalysis/cjet_pt
ScaledBy=1.37239052924151090e-05
Title=X1200_Qd40
# xlow	 xhigh	 val	 errminus	 errplus
2.000000e+01	2.162765e+01	0.000000e+00	0.000000e+00	0.000000e+00
2.162765e+01	2.338777e+01	0.000000e+00	0.000000e+00	0.000000e+00
2.338777e+01	2.529113e+01	3.251362e-04	1.454053e-04	1.454053e-04
2.529113e+01	2.734939e+01	1.563469e-03	3.181962e-04	3.181962e-04
2.734939e+01	2.957515e+01	1.501418e-03	2.889480e-04	2.889480e-04
2.957515e+01	3.198206e+01	1.388418e-03	3.042218e-04	3.042218e-04
3.198206e+01	3.458484e+01	1.141274e-03	2.516273e-04	2.516273e-04
3.458484e+01	3.739945e+01	1.451149e-03	2.746188e-04	2.746188e-04
3.739945e+01	4.044311e+01	1.016623e-03	2.189874e-04	2.189874e-04
4.044311e+01	4.373448e+01	7.520896e-04	1.681723e-04	1.681723e-04
4.373448e+01	4.729371e+01	1.182331e-03	2.027681e-04	2.027681e-04
4.729371e+01	5.114260e+01	7.396197e-04	1.607869e-04	1.607869e-04
5.114260e+01	5.530472e+01	4.460597e-04	1.545196e-04	1.545196e-04
5.530472e+01	5.980556e+01	6.599848e-04	1.455130e-04	1.455130e-04
5.980556e+01	6.467270e+01	7.374633e-04	1.415869e-04	1.415869e-04
6.467270e+01	6.993594e+01	4.468035e-04	1.077637e-04	1.077637e-04
6.993594e+01	7.562751e+01	2.609549e-04	8.136697e-05	8.136697e-05
7.562751e+01	8.178228e+01	5.228507e-04	1.025395e-04	1.025395e-04
8.178228e+01	8.843794e+01	2.975398e-04	7.889716e-05	7.889716e-05
8.843794e+01	9.563525e+01	4.299184e-04	8.598368e-05	8.598368e-05
9.563525e+01	1.034183e+02	3.975634e-04	7.951268e-05	7.951268e-05
1.034183e+02	1.118348e+02	3.235246e-04	7.498448e-05	7.498448e-05
1.118348e+02	1.209362e+02	2.311836e-04	5.607025e-05	5.607025e-05
1.209362e+02	1.307783e+02	2.640874e-04	5.762860e-05	5.762860e-05
1.307783e+02	1.414214e+02	2.209539e-04	5.577145e-05	5.577145e-05
1.414214e+02	1.529306e+02	2.365886e-04	5.044086e-05	5.044086e-05
1.529306e+02	1.653765e+02	1.690592e-04	4.557215e-05	4.557215e-05
1.653765e+02	1.788353e+02	2.023171e-04	4.313415e-05	4.313415e-05
1.788353e+02	1.933894e+02	1.700830e-04	3.803171e-05	3.803171e-05
1.933894e+02	2.091279e+02	1.651476e-04	3.771523e-05	3.771523e-05
2.091279e+02	2.261473e+02	1.672629e-04	3.487674e-05	3.487674e-05
2.261473e+02	2.445518e+02	1.479500e-04	3.154304e-05	3.154304e-05
2.445518e+02	2.644540e+02	1.243785e-04	2.781186e-05	2.781186e-05
2.644540e+02	2.859760e+02	9.776480e-05	2.371145e-05	2.371145e-05
2.859760e+02	3.092495e+02	8.508922e-05	2.127230e-05	2.127230e-05
3.092495e+02	3.344170e+02	6.885002e-05	1.840095e-05	1.840095e-05
3.344170e+02	3.616328e+02	9.550243e-05	2.181017e-05	2.181017e-05
3.616328e+02	3.910634e+02	5.467143e-05	1.516313e-05	1.516313e-05
3.910634e+02	4.228892e+02	5.833487e-05	1.695172e-05	1.695172e-05
4.228892e+02	4.573051e+02	4.675202e-05	1.296668e-05	1.296668e-05
4.573051e+02	4.945218e+02	3.325663e-05	1.487282e-05	1.487282e-05
4.945218e+02	5.347672e+02	3.382928e-05	1.108847e-05	1.108847e-05
5.347672e+02	5.782880e+02	2.843932e-05	8.993305e-06	8.993305e-06
5.782880e+02	6.253506e+02	2.366916e-05	7.889718e-06	7.889718e-06
6.253506e+02	6.762433e+02	1.459190e-05	6.878691e-06	6.878691e-06
6.762433e+02	7.312778e+02	1.124479e-05	5.028821e-06	5.028821e-06
7.312778e+02	7.907911e+02	2.703619e-05	7.498490e-06	7.498490e-06
7.907911e+02	8.551478e+02	5.769573e-06	3.331065e-06	3.331065e-06
8.551478e+02	9.247420e+02	1.422765e-05	5.030234e-06	5.030234e-06
9.247420e+02	1.000000e+03	3.289225e-06	2.325833e-06	2.325833e-06
# END HISTO1D


# BEGIN HISTO1D //eos/home-y/yiyu/monobc/Rivet/X1500_Qd10.yoda.gz/JetMETAnalysis/cjet_pt
ErrorBars=1
LineColor=blue
LineStyle=dashed
Path=//eos/home-y/yiyu/monobc/Rivet/X1500_Qd10.yoda.gz/JetMETAnalysis/cjet_pt
ScaledBy=1.29112282165450971e-05
Title=X1500_Qd10
# xlow	 xhigh	 val	 errminus	 errplus
2.000000e+01	2.162765e+01	0.000000e+00	0.000000e+00	0.000000e+00
2.162765e+01	2.338777e+01	0.000000e+00	0.000000e+00	0.000000e+00
2.338777e+01	2.529113e+01	0.000000e+00	-nan	-nan
2.529113e+01	2.734939e+01	4.267291e-04	8.950662e-05	8.950662e-05
2.734939e+01	2.957515e+01	3.401858e-04	8.497839e-05	8.497839e-05
2.957515e+01	3.198206e+01	2.768327e-04	6.164534e-05	6.164534e-05
3.198206e+01	3.458484e+01	3.258180e-04	6.981814e-05	6.981814e-05
3.458484e+01	3.739945e+01	1.936907e-04	5.271593e-05	5.271593e-05
3.739945e+01	4.044311e+01	3.383275e-04	5.802269e-05	5.802269e-05
4.044311e+01	4.373448e+01	1.748362e-04	4.600954e-05	4.600954e-05
4.373448e+01	4.729371e+01	2.127348e-04	4.737829e-05	4.737829e-05
4.729371e+01	5.114260e+01	1.495108e-04	4.237581e-05	4.237581e-05
5.114260e+01	5.530472e+01	2.692414e-04	4.544355e-05	4.544355e-05
5.530472e+01	5.980556e+01	1.413124e-04	3.623765e-05	3.623765e-05
5.980556e+01	6.467270e+01	1.431227e-04	2.984315e-05	2.984315e-05
6.467270e+01	6.993594e+01	1.035795e-04	2.934189e-05	2.934189e-05
6.993594e+01	7.562751e+01	1.117485e-04	2.765059e-05	2.765059e-05
7.562751e+01	8.178228e+01	9.349670e-05	2.359971e-05	2.359971e-05
8.178228e+01	8.843794e+01	7.735926e-05	2.085322e-05	2.085322e-05
8.843794e+01	9.563525e+01	8.836975e-05	1.928386e-05	1.928386e-05
9.563525e+01	1.034183e+02	7.393640e-05	2.022025e-05	2.022025e-05
1.034183e+02	1.118348e+02	6.837173e-05	1.725786e-05	1.725786e-05
1.118348e+02	1.209362e+02	7.653748e-05	1.595917e-05	1.595917e-05
1.209362e+02	1.307783e+02	4.000461e-05	1.475811e-05	1.475811e-05
1.307783e+02	1.414214e+02	5.122228e-05	1.451019e-05	1.451019e-05
1.414214e+02	1.529306e+02	5.789380e-05	1.234300e-05	1.234300e-05
1.529306e+02	1.653765e+02	5.110313e-05	1.115162e-05	1.115162e-05
1.653765e+02	1.788353e+02	4.500681e-05	1.147453e-05	1.147453e-05
1.788353e+02	1.933894e+02	3.745775e-05	9.760690e-06	9.760690e-06
1.933894e+02	2.091279e+02	2.694134e-05	8.164459e-06	8.164459e-06
2.091279e+02	2.261473e+02	2.847281e-05	7.958391e-06	7.958391e-06
2.261473e+02	2.445518e+02	3.949497e-05	9.013451e-06	9.013451e-06
2.445518e+02	2.644540e+02	2.434857e-05	6.456389e-06	6.456389e-06
2.644540e+02	2.859760e+02	2.392328e-05	7.036261e-06	7.036261e-06
2.859760e+02	3.092495e+02	2.212288e-05	6.241037e-06	6.241037e-06
3.092495e+02	3.344170e+02	1.805119e-05	5.514729e-06	5.514729e-06
3.344170e+02	3.616328e+02	1.891831e-05	4.850765e-06	4.850765e-06
3.616328e+02	3.910634e+02	1.646552e-05	4.826883e-06	4.826883e-06
3.910634e+02	4.228892e+02	1.617797e-05	4.944895e-06	4.944895e-06
4.228892e+02	4.573051e+02	1.408041e-05	4.127687e-06	4.127687e-06
4.573051e+02	4.945218e+02	1.383457e-05	3.355376e-06	3.355376e-06
4.945218e+02	5.347672e+02	8.278106e-06	2.713376e-06	2.713376e-06
5.347672e+02	5.782880e+02	8.351007e-06	2.603884e-06	2.603884e-06
5.782880e+02	6.253506e+02	8.366078e-06	2.653402e-06	2.653402e-06
6.253506e+02	6.762433e+02	5.356012e-06	1.973765e-06	1.973765e-06
6.762433e+02	7.312778e+02	6.603903e-06	2.201301e-06	2.201301e-06
7.312778e+02	7.907911e+02	4.580185e-06	1.687862e-06	1.687862e-06
7.907911e+02	8.551478e+02	6.117924e-06	1.696807e-06	1.696807e-06
8.551478e+02	9.247420e+02	2.611156e-06	1.066000e-06	1.066000e-06
9.247420e+02	1.000000e+03	8.048813e-07	5.691370e-07	5.691370e-07
# END HISTO1D


# BEGIN HISTO1D //eos/home-y/yiyu/monobc/Rivet/X1500_Qd20.yoda.gz/JetMETAnalysis/cjet_pt
ErrorBars=1
LineColor=green
LineStyle=dashed
Path=//eos/home-y/yiyu/monobc/Rivet/X1500_Qd20.yoda.gz/JetMETAnalysis/cjet_pt
ScaledBy=1.29605322047913924e-05
Title=X1500_Qd20
# xlow	 xhigh	 val	 errminus	 errplus
2.000000e+01	2.162765e+01	0.000000e+00	0.000000e+00	0.000000e+00
2.162765e+01	2.338777e+01	0.000000e+00	0.000000e+00	0.000000e+00
2.338777e+01	2.529113e+01	9.598079e-05	5.058631e-05	5.058631e-05
2.529113e+01	2.734939e+01	3.550299e-04	8.875747e-05	8.875747e-05
2.734939e+01	2.957515e+01	4.103901e-04	8.207801e-05	8.207801e-05
2.957515e+01	3.198206e+01	2.909524e-04	7.266931e-05	7.266931e-05
3.198206e+01	3.458484e+01	2.222645e-04	6.078527e-05	6.078527e-05
3.458484e+01	3.739945e+01	3.353493e-04	6.580162e-05	6.580162e-05
3.739945e+01	4.044311e+01	2.500908e-04	5.001817e-05	5.001817e-05
4.044311e+01	4.373448e+01	2.127674e-04	4.625378e-05	4.625378e-05
4.373448e+01	4.729371e+01	1.710913e-04	4.526650e-05	4.526650e-05
4.729371e+01	5.114260e+01	2.056799e-04	4.475004e-05	4.475004e-05
5.114260e+01	5.530472e+01	1.170467e-04	3.431237e-05	3.431237e-05
5.530472e+01	5.980556e+01	1.352977e-04	3.173012e-05	3.173012e-05
5.980556e+01	6.467270e+01	1.188594e-04	3.250588e-05	3.250588e-05
6.467270e+01	6.993594e+01	1.214843e-04	2.651004e-05	2.651004e-05
6.993594e+01	7.562751e+01	1.390898e-04	2.830746e-05	2.830746e-05
7.562751e+01	8.178228e+01	1.335691e-04	2.570538e-05	2.570538e-05
8.178228e+01	8.843794e+01	9.149404e-05	2.332649e-05	2.332649e-05
8.843794e+01	9.563525e+01	1.099910e-04	2.238529e-05	2.238529e-05
9.563525e+01	1.034183e+02	1.017132e-04	1.994761e-05	1.994761e-05
1.034183e+02	1.118348e+02	5.426423e-05	1.879768e-05	1.879768e-05
1.118348e+02	1.209362e+02	7.359840e-05	1.638896e-05	1.638896e-05
1.209362e+02	1.307783e+02	5.259144e-05	1.417672e-05	1.417672e-05
1.307783e+02	1.414214e+02	6.579814e-05	1.486509e-05	1.486509e-05
1.414214e+02	1.529306e+02	5.026461e-05	1.212323e-05	1.212323e-05
1.529306e+02	1.653765e+02	2.691041e-05	1.066361e-05	1.066361e-05
1.653765e+02	1.788353e+02	4.524573e-05	1.061106e-05	1.061106e-05
1.788353e+02	1.933894e+02	3.138050e-05	9.118961e-06	9.118961e-06
1.933894e+02	2.091279e+02	2.901896e-05	7.976549e-06	7.976549e-06
2.091279e+02	2.261473e+02	2.504596e-05	8.000639e-06	8.000639e-06
2.261473e+02	2.445518e+02	9.926159e-06	5.730870e-06	5.730870e-06
2.445518e+02	2.644540e+02	1.835837e-05	6.119456e-06	6.119456e-06
2.644540e+02	2.859760e+02	3.536807e-05	7.351114e-06	7.351114e-06
2.859760e+02	3.092495e+02	1.962382e-05	5.995175e-06	5.995175e-06
3.092495e+02	3.344170e+02	2.661562e-05	6.168798e-06	6.168798e-06
3.344170e+02	3.616328e+02	1.454374e-05	4.876516e-06	4.876516e-06
3.616328e+02	3.910634e+02	1.862204e-05	5.275231e-06	5.275231e-06
3.910634e+02	4.228892e+02	1.243707e-05	3.705273e-06	3.705273e-06
4.228892e+02	4.573051e+02	1.238576e-05	3.310235e-06	3.310235e-06
4.573051e+02	4.945218e+02	2.127107e-05	4.627975e-06	4.627975e-06
4.945218e+02	5.347672e+02	1.210480e-05	3.209770e-06	3.209770e-06
5.347672e+02	5.782880e+02	9.094952e-06	2.522486e-06	2.522486e-06
5.782880e+02	6.253506e+02	7.116570e-06	2.332651e-06	2.332651e-06
6.253506e+02	6.762433e+02	7.777532e-06	2.466737e-06	2.466737e-06
6.762433e+02	7.312778e+02	8.298702e-06	2.281095e-06	2.281095e-06
7.312778e+02	7.907911e+02	4.604498e-06	1.696822e-06	1.696822e-06
7.907911e+02	8.551478e+02	3.311755e-06	1.569121e-06	1.569121e-06
8.551478e+02	9.247420e+02	3.500023e-06	1.237445e-06	1.237445e-06
9.247420e+02	1.000000e+03	2.022885e-06	9.046618e-07	9.046618e-07
# END HISTO1D


# BEGIN HISTO1D //eos/home-y/yiyu/monobc/Rivet/X1500_Qd40.yoda.gz/JetMETAnalysis/cjet_pt
ErrorBars=1
LineColor=orange
LineStyle=dashed
Path=//eos/home-y/yiyu/monobc/Rivet/X1500_Qd40.yoda.gz/JetMETAnalysis/cjet_pt
ScaledBy=1.28797563000789208e-05
Title=X1500_Qd40
# xlow	 xhigh	 val	 errminus	 errplus
2.000000e+01	2.162765e+01	0.000000e+00	0.000000e+00	0.000000e+00
2.162765e+01	2.338777e+01	0.000000e+00	0.000000e+00	0.000000e+00
2.338777e+01	2.529113e+01	1.900319e-04	5.925288e-05	5.925288e-05
2.529113e+01	2.734939e+01	4.832591e-04	1.003957e-04	1.003957e-04
2.734939e+01	2.957515e+01	2.302167e-04	6.771080e-05	6.771080e-05
2.957515e+01	3.198206e+01	2.254130e-04	6.134965e-05	6.134965e-05
3.198206e+01	3.458484e+01	3.821578e-04	7.232046e-05	7.232046e-05
3.458484e+01	3.739945e+01	1.606347e-04	4.415425e-05	4.415425e-05
3.739945e+01	4.044311e+01	3.069954e-04	6.184470e-05	6.184470e-05
4.044311e+01	4.373448e+01	2.106286e-04	4.391911e-05	4.391911e-05
4.373448e+01	4.729371e+01	1.609029e-04	4.560467e-05	4.560467e-05
4.729371e+01	5.114260e+01	2.271061e-04	4.498708e-05	4.498708e-05
5.114260e+01	5.530472e+01	1.375958e-04	3.620943e-05	3.620943e-05
5.530472e+01	5.980556e+01	1.071501e-04	2.841247e-05	2.841247e-05
5.980556e+01	6.467270e+01	1.300504e-04	3.334967e-05	3.334967e-05
6.467270e+01	6.993594e+01	1.889849e-04	3.289805e-05	3.289805e-05
6.993594e+01	7.562751e+01	1.376916e-04	2.700355e-05	2.700355e-05
7.562751e+01	8.178228e+01	8.325367e-05	2.637263e-05	2.637263e-05
8.178228e+01	8.843794e+01	1.177466e-04	2.396372e-05	2.396372e-05
8.843794e+01	9.563525e+01	1.088853e-04	2.293806e-05	2.293806e-05
9.563525e+01	1.034183e+02	5.034540e-05	1.688081e-05	1.688081e-05
1.034183e+02	1.118348e+02	7.520627e-05	1.790626e-05	1.790626e-05
1.118348e+02	1.209362e+02	6.623508e-05	1.622422e-05	1.622422e-05
1.209362e+02	1.307783e+02	6.125034e-05	1.436448e-05	1.436448e-05
1.307783e+02	1.414214e+02	6.230470e-05	1.498571e-05	1.498571e-05
1.414214e+02	1.529306e+02	7.071067e-05	1.549370e-05	1.549370e-05
1.529306e+02	1.653765e+02	3.390533e-05	1.083066e-05	1.083066e-05
1.653765e+02	1.788353e+02	4.703046e-05	1.163702e-05	1.163702e-05
1.788353e+02	1.933894e+02	4.556209e-05	9.713869e-06	9.713869e-06
1.933894e+02	2.091279e+02	3.255756e-05	8.776324e-06	8.776324e-06
2.091279e+02	2.261473e+02	3.896231e-05	8.676163e-06	8.676163e-06
2.261473e+02	2.445518e+02	3.439233e-05	7.854277e-06	7.854277e-06
2.445518e+02	2.644540e+02	3.331869e-05	7.419436e-06	7.419436e-06
2.644540e+02	2.859760e+02	2.100753e-05	6.417906e-06	6.417906e-06
2.859760e+02	3.092495e+02	2.590208e-05	6.074575e-06	6.074575e-06
3.092495e+02	3.344170e+02	2.395280e-05	6.106789e-06	6.106789e-06
3.344170e+02	3.616328e+02	2.325758e-05	5.537518e-06	5.537518e-06
3.616328e+02	3.910634e+02	8.193268e-06	4.345137e-06	4.345137e-06
3.910634e+02	4.228892e+02	1.231205e-05	4.128230e-06	4.128230e-06
4.228892e+02	4.573051e+02	1.751609e-06	2.769537e-06	2.769537e-06
4.573051e+02	4.945218e+02	4.049472e-06	2.142779e-06	2.142779e-06
4.945218e+02	5.347672e+02	7.489452e-06	2.802297e-06	2.802297e-06
5.347672e+02	5.782880e+02	8.310950e-06	2.591395e-06	2.591395e-06
5.782880e+02	6.253506e+02	1.152824e-05	2.864213e-06	2.864213e-06
6.253506e+02	6.762433e+02	8.883867e-06	2.441941e-06	2.441941e-06
6.762433e+02	7.312778e+02	6.572227e-06	2.190742e-06	2.190742e-06
7.312778e+02	7.907911e+02	8.103493e-06	2.025873e-06	2.025873e-06
7.907911e+02	8.551478e+02	1.873409e-06	9.367043e-07	9.367043e-07
8.551478e+02	9.247420e+02	3.031735e-06	1.299315e-06	1.299315e-06
9.247420e+02	1.000000e+03	4.005102e-07	1.059651e-06	1.059651e-06
# END HISTO1D


# BEGIN HISTO1D //eos/home-y/yiyu/monobc/Rivet/X2000_Qd10.yoda.gz/JetMETAnalysis/cjet_pt
ErrorBars=1
LineColor=lilac
LineStyle=dashed
Path=//eos/home-y/yiyu/monobc/Rivet/X2000_Qd10.yoda.gz/JetMETAnalysis/cjet_pt
ScaledBy=1.12518448528534510e-05
Title=X2000_Qd10
# xlow	 xhigh	 val	 errminus	 errplus
2.000000e+01	2.162765e+01	0.000000e+00	0.000000e+00	0.000000e+00
2.162765e+01	2.338777e+01	0.000000e+00	0.000000e+00	0.000000e+00
2.338777e+01	2.529113e+01	1.770491e-06	4.684280e-06	4.684280e-06
2.529113e+01	2.734939e+01	3.274496e-05	1.157709e-05	1.157709e-05
2.734939e+01	2.957515e+01	3.179477e-05	9.455156e-06	9.455156e-06
2.957515e+01	3.198206e+01	2.800173e-05	9.900107e-06	9.900107e-06
3.198206e+01	3.458484e+01	9.063071e-06	6.727585e-06	6.727585e-06
3.458484e+01	3.739945e+01	2.394564e-05	6.557784e-06	6.557784e-06
3.739945e+01	4.044311e+01	8.857448e-06	5.645537e-06	5.645537e-06
4.044311e+01	4.373448e+01	6.143123e-06	4.578814e-06	4.578814e-06
4.373448e+01	4.729371e+01	1.420201e-05	5.759165e-06	5.759165e-06
4.729371e+01	5.114260e+01	1.313320e-05	4.714962e-06	4.714962e-06
5.114260e+01	5.530472e+01	1.619311e-06	4.284293e-06	4.284293e-06
5.530472e+01	5.980556e+01	8.984676e-06	3.667979e-06	3.667979e-06
5.980556e+01	6.467270e+01	5.538994e-06	3.391927e-06	3.391927e-06
6.467270e+01	6.993594e+01	1.152482e-05	3.387978e-06	3.387978e-06
6.993594e+01	7.562751e+01	1.302583e-05	3.349328e-06	3.349328e-06
7.562751e+01	8.178228e+01	6.570285e-06	2.897223e-06	2.897223e-06
8.178228e+01	8.843794e+01	7.088456e-06	2.581727e-06	2.581727e-06
8.843794e+01	9.563525e+01	1.076892e-05	2.606906e-06	2.606906e-06
9.563525e+01	1.034183e+02	3.896794e-06	2.076485e-06	2.076485e-06
1.034183e+02	1.118348e+02	3.203120e-06	1.877995e-06	1.877995e-06
1.118348e+02	1.209362e+02	5.183637e-06	1.655852e-06	1.655852e-06
1.209362e+02	1.307783e+02	6.847893e-07	1.745877e-06	1.745877e-06
1.307783e+02	1.414214e+02	1.266504e-06	1.551144e-06	1.551144e-06
1.414214e+02	1.529306e+02	3.220789e-06	1.463995e-06	1.463995e-06
1.529306e+02	1.653765e+02	4.061436e-06	1.601852e-06	1.601852e-06
1.653765e+02	1.788353e+02	3.004621e-06	1.276718e-06	1.276718e-06
1.788353e+02	1.933894e+02	9.261672e-07	1.035486e-06	1.035486e-06
1.933894e+02	2.091279e+02	2.141171e-06	1.004298e-06	1.004298e-06
2.091279e+02	2.261473e+02	2.772034e-06	9.700098e-07	9.700098e-07
2.261473e+02	2.445518e+02	2.014111e-06	8.781216e-07	8.781216e-07
2.445518e+02	2.644540e+02	2.201187e-06	7.759313e-07	7.759313e-07
2.644540e+02	2.859760e+02	7.828924e-07	6.825098e-07	6.825098e-07
2.859760e+02	3.092495e+02	4.343846e-07	5.607879e-07	5.607879e-07
3.092495e+02	3.344170e+02	2.142371e-06	7.333905e-07	7.333905e-07
3.344170e+02	3.616328e+02	9.905665e-07	5.537434e-07	5.537434e-07
3.616328e+02	3.910634e+02	1.374032e-06	4.857937e-07	4.857937e-07
3.910634e+02	4.228892e+02	9.529671e-07	4.100917e-07	4.100917e-07
4.228892e+02	4.573051e+02	1.174997e-06	4.378956e-07	4.378956e-07
4.573051e+02	4.945218e+02	2.716428e-07	4.527379e-07	4.527379e-07
4.945218e+02	5.347672e+02	5.861336e-07	3.452414e-07	3.452414e-07
5.347672e+02	5.782880e+02	5.420208e-07	3.192584e-07	3.192584e-07
5.782880e+02	6.253506e+02	1.074064e-06	4.113351e-07	4.113351e-07
6.253506e+02	6.762433e+02	9.932314e-07	3.175581e-07	3.175581e-07
6.762433e+02	7.312778e+02	6.735540e-07	2.669049e-07	2.669049e-07
7.312778e+02	7.907911e+02	6.794883e-07	2.655902e-07	2.655902e-07
7.907911e+02	8.551478e+02	4.712631e-07	2.158964e-07	2.158964e-07
8.551478e+02	9.247420e+02	9.684377e-08	1.677383e-07	1.677383e-07
9.247420e+02	1.000000e+03	1.791109e-07	1.551146e-07	1.551146e-07
# END HISTO1D


# BEGIN HISTO1D //eos/home-y/yiyu/monobc/Rivet/X2000_Qd20.yoda.gz/JetMETAnalysis/cjet_pt
ErrorBars=1
LineColor=red
LineStyle=dashdotted
Path=//eos/home-y/yiyu/monobc/Rivet/X2000_Qd20.yoda.gz/JetMETAnalysis/cjet_pt
ScaledBy=1.11430136845594263e-05
Title=X2000_Qd20
# xlow	 xhigh	 val	 errminus	 errplus
2.000000e+01	2.162765e+01	0.000000e+00	0.000000e+00	0.000000e+00
2.162765e+01	2.338777e+01	0.000000e+00	0.000000e+00	0.000000e+00
2.338777e+01	2.529113e+01	1.773230e-06	4.691525e-06	4.691525e-06
2.529113e+01	2.734939e+01	2.131715e-05	9.701072e-06	9.701072e-06
2.734939e+01	2.957515e+01	2.729481e-05	8.841931e-06	8.841931e-06
2.957515e+01	3.198206e+01	1.682703e-05	7.680451e-06	7.680451e-06
3.198206e+01	3.458484e+01	3.241817e-05	7.449128e-06	7.449128e-06
3.458484e+01	3.739945e+01	1.079221e-05	6.676496e-06	6.676496e-06
3.739945e+01	4.044311e+01	2.217787e-06	5.867713e-06	5.867713e-06
4.044311e+01	4.373448e+01	1.127981e-05	5.127188e-06	5.127188e-06
4.373448e+01	4.729371e+01	7.586124e-06	5.845500e-06	5.845500e-06
4.729371e+01	5.114260e+01	7.015207e-06	4.640123e-06	4.640123e-06
5.114260e+01	5.530472e+01	8.919983e-06	3.888976e-06	3.888976e-06
5.530472e+01	5.980556e+01	7.498811e-06	3.673652e-06	3.673652e-06
5.980556e+01	6.467270e+01	1.040168e-05	3.603247e-06	3.603247e-06
6.467270e+01	6.993594e+01	7.695097e-06	3.141509e-06	3.141509e-06
6.993594e+01	7.562751e+01	5.929989e-06	3.137855e-06	3.137855e-06
7.562751e+01	8.178228e+01	1.096741e-06	2.901704e-06	2.901704e-06
8.178228e+01	8.843794e+01	4.056812e-06	2.267827e-06	2.267827e-06
8.843794e+01	9.563525e+01	8.440890e-06	2.391126e-06	2.391126e-06
9.563525e+01	1.034183e+02	7.371996e-06	1.987219e-06	1.987219e-06
1.034183e+02	1.118348e+02	5.213121e-06	1.923173e-06	1.923173e-06
1.118348e+02	1.209362e+02	4.079157e-06	1.996994e-06	1.996994e-06
1.209362e+02	1.307783e+02	2.057546e-06	1.608457e-06	1.608457e-06
1.307783e+02	1.414214e+02	4.122505e-06	1.453207e-06	1.453207e-06
1.414214e+02	1.529306e+02	2.932519e-06	1.436635e-06	1.436635e-06
1.529306e+02	1.653765e+02	5.423625e-06	1.434956e-06	1.434956e-06
1.653765e+02	1.788353e+02	2.758496e-06	1.350450e-06	1.350450e-06
1.788353e+02	1.933894e+02	2.782799e-06	1.136073e-06	1.136073e-06
1.933894e+02	2.091279e+02	3.002276e-06	1.005852e-06	1.005852e-06
2.091279e+02	2.261473e+02	4.561100e-06	1.139197e-06	1.139197e-06
2.261473e+02	2.445518e+02	4.034452e-06	9.350797e-07	9.350797e-07
2.445518e+02	2.644540e+02	4.239600e-06	9.741859e-07	9.741859e-07
2.644540e+02	2.859760e+02	1.568207e-06	8.298170e-07	8.298170e-07
2.859760e+02	3.092495e+02	1.595207e-06	6.954857e-07	6.954857e-07
3.092495e+02	3.344170e+02	4.023157e-07	4.835234e-07	4.835234e-07
3.344170e+02	3.616328e+02	1.488148e-06	5.546000e-07	5.546000e-07
3.616328e+02	3.910634e+02	5.733988e-07	5.733989e-07	5.733989e-07
3.910634e+02	4.228892e+02	6.362941e-07	4.499278e-07	4.499278e-07
4.228892e+02	4.573051e+02	4.903393e-07	4.903394e-07	4.903394e-07
4.573051e+02	4.945218e+02	5.441259e-07	4.442769e-07	4.442769e-07
4.945218e+02	5.347672e+02	1.174080e-06	3.933517e-07	3.933517e-07
5.347672e+02	5.782880e+02	6.979617e-07	3.003549e-07	3.003549e-07
5.782880e+02	6.253506e+02	5.020050e-07	3.726421e-07	3.726421e-07
6.253506e+02	6.762433e+02	8.621321e-07	3.039066e-07	3.039066e-07
6.762433e+02	7.312778e+02	7.359227e-07	2.453075e-07	2.453075e-07
7.312778e+02	7.907911e+02	6.805393e-07	2.660010e-07	2.660010e-07
7.907911e+02	8.551478e+02	2.097743e-07	1.483328e-07	1.483328e-07
8.551478e+02	9.247420e+02	9.699356e-08	1.533603e-07	1.533603e-07
9.247420e+02	1.000000e+03	5.381639e-07	1.678021e-07	1.678021e-07
# END HISTO1D


# BEGIN HISTO1D //eos/home-y/yiyu/monobc/Rivet/X2000_Qd40.yoda.gz/JetMETAnalysis/cjet_pt
ErrorBars=1
LineColor=blue
LineStyle=dashdotted
Path=//eos/home-y/yiyu/monobc/Rivet/X2000_Qd40.yoda.gz/JetMETAnalysis/cjet_pt
ScaledBy=1.10839193459253869e-05
Title=X2000_Qd40
# xlow	 xhigh	 val	 errminus	 errplus
2.000000e+01	2.162765e+01	0.000000e+00	0.000000e+00	0.000000e+00
2.162765e+01	2.338777e+01	0.000000e+00	0.000000e+00	0.000000e+00
2.338777e+01	2.529113e+01	1.748482e-06	3.028459e-06	3.028459e-06
2.529113e+01	2.734939e+01	3.233790e-06	9.428036e-06	9.428036e-06
2.734939e+01	2.957515e+01	3.139952e-05	9.095038e-06	9.095038e-06
2.957515e+01	3.198206e+01	1.382682e-05	6.773728e-06	6.773728e-06
3.198206e+01	3.458484e+01	1.534355e-05	6.765869e-06	6.765869e-06
3.458484e+01	3.739945e+01	8.276788e-06	5.670583e-06	5.670583e-06
3.739945e+01	4.044311e+01	9.840754e-06	5.681562e-06	5.681562e-06
4.044311e+01	4.373448e+01	1.213351e-05	5.155751e-06	5.155751e-06
4.373448e+01	4.729371e+01	8.415278e-06	4.858563e-06	4.858563e-06
4.729371e+01	5.114260e+01	1.210527e-05	5.187973e-06	5.187973e-06
5.114260e+01	5.530472e+01	1.679139e-05	4.730439e-06	4.730439e-06
5.530472e+01	5.980556e+01	1.552772e-05	3.981873e-06	3.981873e-06
5.980556e+01	6.467270e+01	1.230781e-05	3.486541e-06	3.486541e-06
6.467270e+01	6.993594e+01	8.220007e-06	3.405084e-06	3.405084e-06
6.993594e+01	7.562751e+01	7.016672e-06	3.094062e-06	3.094062e-06
7.562751e+01	8.178228e+01	1.027363e-05	3.010586e-06	3.010586e-06
8.178228e+01	8.843794e+01	1.000048e-05	2.449607e-06	2.449607e-06
8.843794e+01	9.563525e+01	9.710265e-06	2.118954e-06	2.118954e-06
9.563525e+01	1.034183e+02	7.696702e-06	2.342032e-06	2.342032e-06
1.034183e+02	1.118348e+02	5.535776e-06	2.305632e-06	2.305632e-06
1.118348e+02	1.209362e+02	4.753540e-06	1.828285e-06	1.828285e-06
1.209362e+02	1.307783e+02	3.719520e-06	1.621654e-06	1.621654e-06
1.307783e+02	1.414214e+02	3.752279e-06	1.326631e-06	1.326631e-06
1.414214e+02	1.529306e+02	3.759068e-06	1.445795e-06	1.445795e-06
1.529306e+02	1.653765e+02	3.208758e-06	1.464591e-06	1.464591e-06
1.653765e+02	1.788353e+02	3.214541e-06	1.284865e-06	1.284865e-06
1.788353e+02	1.933894e+02	1.371980e-06	1.072526e-06	1.072526e-06
1.933894e+02	2.091279e+02	2.537464e-06	9.918135e-07	9.918135e-07
2.091279e+02	2.261473e+02	3.910819e-06	1.106147e-06	1.106147e-06
2.261473e+02	2.445518e+02	5.424744e-07	5.997280e-07	5.997280e-07
2.445518e+02	2.644540e+02	2.006606e-06	7.478179e-07	7.478179e-07
2.644540e+02	2.859760e+02	2.010216e-06	8.034915e-07	8.034915e-07
2.859760e+02	3.092495e+02	1.143959e-06	7.291333e-07	7.291333e-07
3.092495e+02	3.344170e+02	7.934018e-07	5.289346e-07	5.289346e-07
3.344170e+02	3.616328e+02	1.711942e-06	5.990547e-07	5.990547e-07
3.616328e+02	3.910634e+02	1.922347e-06	5.653962e-07	5.653962e-07
3.910634e+02	4.228892e+02	1.882241e-06	4.676464e-07	4.676464e-07
4.228892e+02	4.573051e+02	1.160390e-06	4.737274e-07	4.737274e-07
4.573051e+02	4.945218e+02	9.836415e-07	3.224154e-07	3.224154e-07
4.945218e+02	5.347672e+02	9.096168e-07	3.409496e-07	3.409496e-07
5.347672e+02	5.782880e+02	7.646895e-07	3.419795e-07	3.419795e-07
5.782880e+02	6.253506e+02	4.949988e-07	3.082356e-07	3.082356e-07
6.253506e+02	6.762433e+02	8.500997e-07	2.996651e-07	2.996651e-07
6.762433e+02	7.312778e+02	7.256517e-07	2.565566e-07	2.565566e-07
7.312778e+02	7.907911e+02	1.677603e-07	2.681834e-07	2.681834e-07
7.907911e+02	8.551478e+02	8.790977e-07	2.585581e-07	2.585581e-07
8.551478e+02	9.247420e+02	5.738392e-07	2.028828e-07	2.028828e-07
9.247420e+02	1.000000e+03	2.211054e-07	1.326632e-07	1.326632e-07
# END HISTO1D


# BEGIN HISTO1D //eos/home-y/yiyu/monobc/Rivet/X600_Qd10.yoda.gz/JetMETAnalysis/cjet_pt
ErrorBars=1
LineColor=green
LineStyle=dashdotted
Path=//eos/home-y/yiyu/monobc/Rivet/X600_Qd10.yoda.gz/JetMETAnalysis/cjet_pt
ScaledBy=1.57533529470536090e-05
Title=X600_Qd10
# xlow	 xhigh	 val	 errminus	 errplus
2.000000e+01	2.162765e+01	0.000000e+00	0.000000e+00	0.000000e+00
2.162765e+01	2.338777e+01	0.000000e+00	0.000000e+00	0.000000e+00
2.338777e+01	2.529113e+01	7.739755e-03	3.461324e-03	3.461324e-03
2.529113e+01	2.734939e+01	5.439531e-02	8.824086e-03	8.824086e-03
2.734939e+01	2.957515e+01	5.162551e-02	8.680287e-03	8.680287e-03
2.957515e+01	3.198206e+01	3.427491e-02	6.704694e-03	6.704694e-03
3.198206e+01	3.458484e+01	2.603566e-02	5.659926e-03	5.659926e-03
3.458484e+01	3.739945e+01	2.198261e-02	4.796999e-03	4.796999e-03
3.739945e+01	4.044311e+01	2.904045e-02	5.302036e-03	5.302036e-03
4.044311e+01	4.373448e+01	1.521775e-02	3.690847e-03	3.690847e-03
4.373448e+01	4.729371e+01	2.069484e-02	4.138969e-03	4.138969e-03
4.729371e+01	5.114260e+01	1.837189e-02	3.750147e-03	3.750147e-03
5.114260e+01	5.530472e+01	2.194448e-02	3.941345e-03	3.941345e-03
5.530472e+01	5.980556e+01	1.374687e-02	2.999814e-03	2.999814e-03
5.980556e+01	6.467270e+01	1.089625e-02	2.568270e-03	2.568270e-03
6.467270e+01	6.993594e+01	7.837059e-03	2.094542e-03	2.094542e-03
6.993594e+01	7.562751e+01	1.087090e-02	2.372224e-03	2.372224e-03
7.562751e+01	8.178228e+01	9.095362e-03	2.086619e-03	2.086619e-03
8.178228e+01	8.843794e+01	7.968188e-03	1.878120e-03	1.878120e-03
8.843794e+01	9.563525e+01	6.549798e-03	1.736778e-03	1.736778e-03
9.563525e+01	1.034183e+02	6.056871e-03	1.514218e-03	1.514218e-03
1.034183e+02	1.118348e+02	8.401521e-03	1.714953e-03	1.714953e-03
1.118348e+02	1.209362e+02	6.150687e-03	1.411064e-03	1.411064e-03
1.209362e+02	1.307783e+02	2.394862e-03	8.467114e-04	8.467114e-04
1.307783e+02	1.414214e+02	3.321936e-03	9.589604e-04	9.589604e-04
1.414214e+02	1.529306e+02	3.583943e-03	9.578492e-04	9.578492e-04
1.529306e+02	1.653765e+02	3.314209e-03	8.857598e-04	8.857598e-04
1.653765e+02	1.788353e+02	2.408045e-03	7.260528e-04	7.260528e-04
1.788353e+02	1.933894e+02	1.821945e-03	6.714121e-04	6.714121e-04
1.933894e+02	2.091279e+02	3.182466e-03	7.718615e-04	7.718615e-04
2.091279e+02	2.261473e+02	1.558032e-03	5.193441e-04	5.193441e-04
2.261473e+02	2.445518e+02	1.600863e-03	5.062373e-04	5.062373e-04
2.445518e+02	2.644540e+02	2.072551e-03	5.539125e-04	5.539125e-04
2.644540e+02	2.859760e+02	9.582827e-04	3.621968e-04	3.621968e-04
2.859760e+02	3.092495e+02	1.265950e-03	4.003285e-04	4.003285e-04
3.092495e+02	3.344170e+02	7.024079e-04	2.867568e-04	2.867568e-04
3.344170e+02	3.616328e+02	7.578010e-04	2.864218e-04	2.864218e-04
3.616328e+02	3.910634e+02	6.006622e-04	2.452193e-04	2.452193e-04
3.910634e+02	4.228892e+02	4.628804e-04	2.070064e-04	2.070064e-04
4.228892e+02	4.573051e+02	3.424356e-04	1.712179e-04	1.712179e-04
4.573051e+02	4.945218e+02	2.374989e-04	1.371201e-04	1.371201e-04
4.945218e+02	5.347672e+02	0.000000e+00	0.000000e+00	0.000000e+00
5.347672e+02	5.782880e+02	0.000000e+00	0.000000e+00	0.000000e+00
5.782880e+02	6.253506e+02	6.260402e-05	6.260403e-05	6.260403e-05
6.253506e+02	6.762433e+02	0.000000e+00	0.000000e+00	0.000000e+00
6.762433e+02	7.312778e+02	5.353565e-05	5.353566e-05	5.353566e-05
7.312778e+02	7.907911e+02	0.000000e+00	0.000000e+00	0.000000e+00
7.907911e+02	8.551478e+02	0.000000e+00	0.000000e+00	0.000000e+00
8.551478e+02	9.247420e+02	0.000000e+00	0.000000e+00	0.000000e+00
9.247420e+02	1.000000e+03	0.000000e+00	0.000000e+00	0.000000e+00
# END HISTO1D


# BEGIN HISTO1D //eos/home-y/yiyu/monobc/Rivet/X600_Qd20.yoda.gz/JetMETAnalysis/cjet_pt
ErrorBars=1
LineColor=orange
LineStyle=dashdotted
Path=//eos/home-y/yiyu/monobc/Rivet/X600_Qd20.yoda.gz/JetMETAnalysis/cjet_pt
ScaledBy=1.56410006686483217e-05
Title=X600_Qd20
# xlow	 xhigh	 val	 errminus	 errplus
2.000000e+01	2.162765e+01	0.000000e+00	0.000000e+00	0.000000e+00
2.162765e+01	2.338777e+01	0.000000e+00	0.000000e+00	0.000000e+00
2.338777e+01	2.529113e+01	6.117618e-03	3.058810e-03	3.058810e-03
2.529113e+01	2.734939e+01	4.808639e-02	8.246748e-03	8.246748e-03
2.734939e+01	2.957515e+01	3.923615e-02	7.163508e-03	7.163508e-03
2.957515e+01	3.198206e+01	1.814157e-02	4.684134e-03	4.684134e-03
3.198206e+01	3.458484e+01	4.585532e-02	7.161400e-03	7.161400e-03
3.458484e+01	3.739945e+01	2.689048e-02	5.273657e-03	5.273657e-03
3.739945e+01	4.044311e+01	2.199759e-02	4.586815e-03	4.586815e-03
4.044311e+01	4.373448e+01	1.857317e-02	4.241609e-03	4.241609e-03
4.373448e+01	4.729371e+01	1.635752e-02	3.657652e-03	3.657652e-03
4.729371e+01	5.114260e+01	1.512648e-02	3.382384e-03	3.382384e-03
5.114260e+01	5.530472e+01	9.791673e-03	2.797621e-03	2.797621e-03
5.530472e+01	5.980556e+01	1.552248e-02	3.168513e-03	3.168513e-03
5.980556e+01	6.467270e+01	9.569507e-03	2.392377e-03	2.392377e-03
6.467270e+01	6.993594e+01	1.272091e-02	2.652493e-03	2.652493e-03
6.993594e+01	7.562751e+01	1.278649e-02	2.557299e-03	2.557299e-03
7.562751e+01	8.178228e+01	3.783743e-03	1.495656e-03	1.495656e-03
8.178228e+01	8.843794e+01	7.435347e-03	1.803337e-03	1.803337e-03
8.843794e+01	9.563525e+01	5.662410e-03	1.513343e-03	1.513343e-03
9.563525e+01	1.034183e+02	7.106361e-03	1.630311e-03	1.630311e-03
1.034183e+02	1.118348e+02	4.842170e-03	1.294124e-03	1.294124e-03
1.118348e+02	1.209362e+02	5.117469e-03	1.279367e-03	1.279367e-03
1.209362e+02	1.307783e+02	4.732337e-03	1.183084e-03	1.183084e-03
1.307783e+02	1.414214e+02	3.829159e-03	1.023386e-03	1.023386e-03
1.414214e+02	1.529306e+02	5.311506e-03	1.159066e-03	1.159066e-03
1.529306e+02	1.653765e+02	3.742287e-03	9.355718e-04	9.355718e-04
1.653765e+02	1.788353e+02	2.595484e-03	7.492516e-04	7.492516e-04
1.788353e+02	1.933894e+02	2.600168e-03	7.211569e-04	7.211569e-04
1.933894e+02	2.091279e+02	3.329298e-03	7.847231e-04	7.847231e-04
2.091279e+02	2.261473e+02	2.052487e-03	5.925019e-04	5.925019e-04
2.261473e+02	2.445518e+02	1.265347e-03	4.473675e-04	4.473675e-04
2.445518e+02	2.644540e+02	1.462656e-03	4.625326e-04	4.625326e-04
2.644540e+02	2.859760e+02	1.352573e-03	4.277213e-04	4.277213e-04
2.859760e+02	3.092495e+02	6.253911e-04	2.796834e-04	2.796834e-04
3.092495e+02	3.344170e+02	1.156654e-03	3.657660e-04	3.657660e-04
3.344170e+02	3.616328e+02	6.417614e-04	2.619980e-04	2.619980e-04
3.616328e+02	3.910634e+02	4.945546e-04	2.211716e-04	2.211716e-04
3.910634e+02	4.228892e+02	4.573346e-04	2.045263e-04	2.045263e-04
4.228892e+02	4.573051e+02	2.537497e-04	1.465025e-04	1.465025e-04
4.573051e+02	4.945218e+02	0.000000e+00	0.000000e+00	0.000000e+00
4.945218e+02	5.347672e+02	1.446629e-04	1.022921e-04	1.022921e-04
5.347672e+02	5.782880e+02	1.337755e-04	9.459356e-05	9.459356e-05
5.782880e+02	6.253506e+02	0.000000e+00	0.000000e+00	0.000000e+00
6.253506e+02	6.762433e+02	5.719893e-05	5.719894e-05	5.719894e-05
6.762433e+02	7.312778e+02	5.289424e-05	5.289425e-05	5.289425e-05
7.312778e+02	7.907911e+02	0.000000e+00	0.000000e+00	0.000000e+00
7.907911e+02	8.551478e+02	0.000000e+00	0.000000e+00	0.000000e+00
8.551478e+02	9.247420e+02	0.000000e+00	0.000000e+00	0.000000e+00
9.247420e+02	1.000000e+03	0.000000e+00	0.000000e+00	0.000000e+00
# END HISTO1D


# BEGIN HISTO1D //eos/home-y/yiyu/monobc/Rivet/X600_Qd40.yoda.gz/JetMETAnalysis/cjet_pt
ErrorBars=1
LineColor=lilac
LineStyle=dashdotted
Path=//eos/home-y/yiyu/monobc/Rivet/X600_Qd40.yoda.gz/JetMETAnalysis/cjet_pt
ScaledBy=1.56869321066331316e-05
Title=X600_Qd40
# xlow	 xhigh	 val	 errminus	 errplus
2.000000e+01	2.162765e+01	0.000000e+00	0.000000e+00	0.000000e+00
2.162765e+01	2.338777e+01	0.000000e+00	0.000000e+00	0.000000e+00
2.338777e+01	2.529113e+01	9.037922e-03	3.689716e-03	3.689716e-03
2.529113e+01	2.734939e+01	3.900283e-02	7.370841e-03	7.370841e-03
2.734939e+01	2.957515e+01	3.864392e-02	7.055383e-03	7.055383e-03
2.957515e+01	3.198206e+01	2.977957e-02	5.955915e-03	5.955915e-03
3.198206e+01	3.458484e+01	3.524933e-02	6.231259e-03	6.231259e-03
3.458484e+01	3.739945e+01	1.527958e-02	3.945171e-03	3.945171e-03
3.739945e+01	4.044311e+01	1.883962e-02	4.212667e-03	4.212667e-03
4.044311e+01	4.373448e+01	1.219522e-02	3.259310e-03	3.259310e-03
4.373448e+01	4.729371e+01	1.369403e-02	3.321289e-03	3.321289e-03
4.729371e+01	5.114260e+01	1.415326e-02	3.246980e-03	3.246980e-03
5.114260e+01	5.530472e+01	2.204315e-02	3.896715e-03	3.896715e-03
5.530472e+01	5.980556e+01	7.644093e-03	2.206660e-03	2.206660e-03
5.980556e+01	6.467270e+01	1.237040e-02	2.699443e-03	2.699443e-03
6.467270e+01	6.993594e+01	8.171022e-03	2.109749e-03	2.109749e-03
6.993594e+01	7.562751e+01	7.556096e-03	2.076972e-03	2.076972e-03
7.562751e+01	8.178228e+01	8.384921e-03	1.976345e-03	1.976345e-03
8.178228e+01	8.843794e+01	4.738489e-03	1.428708e-03	1.428708e-03
8.843794e+01	9.563525e+01	7.967060e-03	1.781489e-03	1.781489e-03
9.563525e+01	1.034183e+02	5.157230e-03	1.378328e-03	1.378328e-03
1.034183e+02	1.118348e+02	5.109731e-03	1.319327e-03	1.319327e-03
1.118348e+02	1.209362e+02	4.095184e-03	1.135800e-03	1.135800e-03
1.209362e+02	1.307783e+02	5.243521e-03	1.235910e-03	1.235910e-03
1.307783e+02	1.414214e+02	4.579511e-03	1.110694e-03	1.110694e-03
1.414214e+02	1.529306e+02	3.238445e-03	8.981831e-04	8.981831e-04
1.529306e+02	1.653765e+02	2.764351e-03	7.979995e-04	7.979995e-04
1.653765e+02	1.788353e+02	4.260514e-03	9.526798e-04	9.526798e-04
1.788353e+02	1.933894e+02	3.742886e-03	8.586768e-04	8.586768e-04
1.933894e+02	2.091279e+02	1.639523e-03	5.465076e-04	5.465076e-04
2.091279e+02	2.261473e+02	2.021507e-03	5.835589e-04	5.835589e-04
2.261473e+02	2.445518e+02	9.346855e-04	3.815838e-04	3.815838e-04
2.445518e+02	2.644540e+02	1.440579e-03	4.555512e-04	4.555512e-04
2.644540e+02	2.859760e+02	1.332158e-03	4.212653e-04	4.212653e-04
2.859760e+02	3.092495e+02	1.108713e-03	3.695710e-04	3.695710e-04
3.092495e+02	3.344170e+02	1.480954e-03	4.107428e-04	4.107428e-04
3.344170e+02	3.616328e+02	1.158804e-03	3.493925e-04	3.493925e-04
3.616328e+02	3.910634e+02	6.819260e-04	2.577438e-04	2.577438e-04
3.910634e+02	4.228892e+02	4.504317e-04	2.014392e-04	2.014392e-04
4.228892e+02	4.573051e+02	4.165328e-04	1.862791e-04	1.862791e-04
4.573051e+02	4.945218e+02	3.081488e-04	1.540744e-04	1.540744e-04
4.945218e+02	5.347672e+02	7.123969e-05	7.123969e-05	7.123969e-05
5.347672e+02	5.782880e+02	6.587815e-05	6.587815e-05	6.587815e-05
5.782880e+02	6.253506e+02	1.218407e-04	8.615438e-05	8.615438e-05
6.253506e+02	6.762433e+02	1.126712e-04	7.967055e-05	7.967055e-05
6.762433e+02	7.312778e+02	5.209587e-05	5.209587e-05	5.209587e-05
7.312778e+02	7.907911e+02	0.000000e+00	0.000000e+00	0.000000e+00
7.907911e+02	8.551478e+02	0.000000e+00	0.000000e+00	0.000000e+00
8.551478e+02	9.247420e+02	0.000000e+00	0.000000e+00	0.000000e+00
9.247420e+02	1.000000e+03	0.000000e+00	0.000000e+00	0.000000e+00
# END HISTO1D


# BEGIN HISTO1D //eos/home-y/yiyu/monobc/Rivet/X800_Qd10.yoda.gz/JetMETAnalysis/cjet_pt
ErrorBars=1
LineColor=red
LineStyle=dotted
Path=//eos/home-y/yiyu/monobc/Rivet/X800_Qd10.yoda.gz/JetMETAnalysis/cjet_pt
ScaledBy=1.47308375736674233e-05
Title=X800_Qd10
# xlow	 xhigh	 val	 errminus	 errplus
2.000000e+01	2.162765e+01	0.000000e+00	0.000000e+00	0.000000e+00
2.162765e+01	2.338777e+01	0.000000e+00	0.000000e+00	0.000000e+00
2.338777e+01	2.529113e+01	3.429688e-03	1.296300e-03	1.296300e-03
2.529113e+01	2.734939e+01	1.268631e-02	2.397487e-03	2.397487e-03
2.734939e+01	2.957515e+01	1.215059e-02	2.256307e-03	2.256307e-03
2.957515e+01	3.198206e+01	6.974133e-03	1.643819e-03	1.643819e-03
3.198206e+01	3.458484e+01	7.524182e-03	1.718320e-03	1.718320e-03
3.458484e+01	3.739945e+01	7.289237e-03	1.554070e-03	1.554070e-03
3.739945e+01	4.044311e+01	7.659870e-03	1.592074e-03	1.592074e-03
4.044311e+01	4.373448e+01	7.083385e-03	1.416677e-03	1.416677e-03
4.373448e+01	4.729371e+01	7.074328e-03	1.361455e-03	1.361455e-03
4.729371e+01	5.114260e+01	5.572755e-03	1.162000e-03	1.162000e-03
5.114260e+01	5.530472e+01	7.169897e-03	1.306479e-03	1.306479e-03
5.530472e+01	5.980556e+01	4.972734e-03	1.015055e-03	1.015055e-03
5.980556e+01	6.467270e+01	3.257262e-03	7.900019e-04	7.900019e-04
6.467270e+01	6.993594e+01	3.543678e-03	7.923906e-04	7.923906e-04
6.993594e+01	7.562751e+01	2.949293e-03	6.951551e-04	6.951551e-04
7.562751e+01	8.178228e+01	4.242519e-03	8.017606e-04	8.017606e-04
8.178228e+01	8.843794e+01	3.222659e-03	6.719707e-04	6.719707e-04
8.843794e+01	9.563525e+01	3.757555e-03	6.977604e-04	6.977604e-04
9.563525e+01	1.034183e+02	2.036933e-03	4.940287e-04	4.940287e-04
1.034183e+02	1.118348e+02	1.662023e-03	4.291328e-04	4.291328e-04
1.118348e+02	1.209362e+02	1.639417e-03	4.098542e-04	4.098542e-04
1.209362e+02	1.307783e+02	1.895046e-03	4.237451e-04	4.237451e-04
1.307783e+02	1.414214e+02	1.577182e-03	3.717454e-04	3.717454e-04
1.414214e+02	1.529306e+02	1.377468e-03	3.340849e-04	3.340849e-04
1.529306e+02	1.653765e+02	1.198868e-03	2.997169e-04	2.997169e-04
1.653765e+02	1.788353e+02	1.385802e-03	3.098747e-04	3.098747e-04
1.788353e+02	1.933894e+02	1.089284e-03	2.641902e-04	2.641902e-04
1.933894e+02	2.091279e+02	8.888026e-04	2.294879e-04	2.294879e-04
2.091279e+02	2.261473e+02	9.314988e-04	2.259216e-04	2.259216e-04
2.261473e+02	2.445518e+02	9.627357e-04	2.208667e-04	2.208667e-04
2.445518e+02	2.644540e+02	6.560008e-04	2.095518e-04	2.095518e-04
2.644540e+02	2.859760e+02	9.099428e-04	2.078064e-04	2.078064e-04
2.859760e+02	3.092495e+02	6.811846e-04	1.652115e-04	1.652115e-04
3.092495e+02	3.344170e+02	2.223252e-04	1.048051e-04	1.048051e-04
3.344170e+02	3.616328e+02	5.482473e-04	1.370618e-04	1.370618e-04
3.616328e+02	3.910634e+02	2.851812e-04	9.506041e-05	9.506041e-05
3.910634e+02	4.228892e+02	2.637186e-04	1.056501e-04	1.056501e-04
4.228892e+02	4.573051e+02	2.438714e-04	8.129047e-05	8.129047e-05
4.573051e+02	4.945218e+02	1.754033e-04	6.629621e-05	6.629621e-05
4.945218e+02	5.347672e+02	2.780626e-04	8.026973e-05	8.026973e-05
5.347672e+02	5.782880e+02	8.571180e-05	4.285591e-05	4.285591e-05
5.782880e+02	6.253506e+02	3.963068e-05	2.802313e-05	2.802313e-05
6.253506e+02	6.762433e+02	1.832407e-05	3.173822e-05	3.173822e-05
6.762433e+02	7.312778e+02	5.083511e-05	2.934966e-05	2.934966e-05
7.312778e+02	7.907911e+02	3.133960e-05	2.216044e-05	2.216044e-05
7.907911e+02	8.551478e+02	2.898102e-05	2.049268e-05	2.049268e-05
8.551478e+02	9.247420e+02	1.339999e-05	1.339999e-05	1.339999e-05
9.247420e+02	1.000000e+03	3.717459e-05	2.146275e-05	2.146275e-05
# END HISTO1D


# BEGIN HISTO1D //eos/home-y/yiyu/monobc/Rivet/X800_Qd20.yoda.gz/JetMETAnalysis/cjet_pt
ErrorBars=1
LineColor=blue
LineStyle=dotted
Path=//eos/home-y/yiyu/monobc/Rivet/X800_Qd20.yoda.gz/JetMETAnalysis/cjet_pt
ScaledBy=1.47466832779571235e-05
Title=X800_Qd20
# xlow	 xhigh	 val	 errminus	 errplus
2.000000e+01	2.162765e+01	0.000000e+00	0.000000e+00	0.000000e+00
2.162765e+01	2.338777e+01	0.000000e+00	0.000000e+00	0.000000e+00
2.338777e+01	2.529113e+01	2.449599e-03	1.095494e-03	1.095494e-03
2.529113e+01	2.734939e+01	1.132624e-02	2.439746e-03	2.439746e-03
2.734939e+01	2.957515e+01	1.340657e-02	2.442907e-03	2.442907e-03
2.957515e+01	3.198206e+01	1.355983e-02	2.356606e-03	2.356606e-03
3.198206e+01	3.458484e+01	1.074805e-02	2.026672e-03	2.026672e-03
3.458484e+01	3.739945e+01	8.282618e-03	1.656524e-03	1.656524e-03
3.739945e+01	4.044311e+01	7.965686e-03	1.562199e-03	1.562199e-03
4.044311e+01	4.373448e+01	8.782759e-03	1.577430e-03	1.577430e-03
4.373448e+01	4.729371e+01	6.549827e-03	1.309965e-03	1.309965e-03
4.729371e+01	5.114260e+01	3.634141e-03	9.383310e-04	9.383310e-04
5.114260e+01	5.530472e+01	5.152989e-03	1.074472e-03	1.074472e-03
5.530472e+01	5.980556e+01	4.350826e-03	9.494280e-04	9.494280e-04
5.980556e+01	6.467270e+01	2.490666e-03	6.907864e-04	6.907864e-04
6.467270e+01	6.993594e+01	1.771710e-03	6.137384e-04	6.137384e-04
6.993594e+01	7.562751e+01	2.949079e-03	6.951044e-04	6.951044e-04
7.562751e+01	8.178228e+01	2.727135e-03	6.775621e-04	6.775621e-04
8.178228e+01	8.843794e+01	2.662002e-03	6.107052e-04	6.107052e-04
8.843794e+01	9.563525e+01	2.720790e-03	5.937251e-04	5.937251e-04
9.563525e+01	1.034183e+02	2.516028e-03	5.490423e-04	5.490423e-04
1.034183e+02	1.118348e+02	2.215870e-03	4.954837e-04	4.954837e-04
1.118348e+02	1.209362e+02	1.331929e-03	3.694106e-04	3.694106e-04
1.209362e+02	1.307783e+02	1.800163e-03	4.129857e-04	4.129857e-04
1.307783e+02	1.414214e+02	2.190371e-03	4.380743e-04	4.380743e-04
1.414214e+02	1.529306e+02	1.296346e-03	3.240863e-04	3.240863e-04
1.529306e+02	1.653765e+02	8.990848e-04	2.803390e-04	2.803390e-04
1.653765e+02	1.788353e+02	7.621356e-04	2.297925e-04	2.297925e-04
1.788353e+02	1.933894e+02	7.688500e-04	2.397312e-04	2.397312e-04
1.933894e+02	2.091279e+02	7.702399e-04	2.136261e-04	2.136261e-04
2.091279e+02	2.261473e+02	7.670605e-04	2.050056e-04	2.050056e-04
2.261473e+02	2.445518e+02	7.599995e-04	1.962310e-04	1.962310e-04
2.445518e+02	2.644540e+02	7.965145e-04	1.931832e-04	1.931832e-04
2.644540e+02	2.859760e+02	6.499122e-04	1.678066e-04	1.678066e-04
2.859760e+02	3.092495e+02	4.407343e-04	1.328864e-04	1.328864e-04
3.092495e+02	3.344170e+02	7.780817e-04	1.697913e-04	1.697913e-04
3.344170e+02	3.616328e+02	3.768925e-04	1.136374e-04	1.136374e-04
3.616328e+02	3.910634e+02	2.217915e-04	8.382930e-05	8.382930e-05
3.910634e+02	4.228892e+02	2.343994e-04	8.287272e-05	8.287272e-05
4.228892e+02	4.573051e+02	1.896640e-04	7.168624e-05	7.168624e-05
4.573051e+02	4.945218e+02	1.503347e-04	6.137389e-05	6.137389e-05
4.945218e+02	5.347672e+02	2.085317e-04	6.951058e-05	6.951058e-05
5.347672e+02	5.782880e+02	8.570557e-05	4.285278e-05	4.285278e-05
5.782880e+02	6.253506e+02	7.925561e-05	3.962780e-05	3.962780e-05
6.253506e+02	6.762433e+02	9.161371e-05	4.097089e-05	4.097089e-05
6.762433e+02	7.312778e+02	3.388760e-05	2.396216e-05	2.396216e-05
7.312778e+02	7.907911e+02	3.133731e-05	2.215883e-05	2.215883e-05
7.907911e+02	8.551478e+02	1.448946e-05	1.448946e-05	1.448946e-05
8.551478e+02	9.247420e+02	2.679802e-05	1.894907e-05	1.894907e-05
9.247420e+02	1.000000e+03	1.239063e-05	1.239063e-05	1.239063e-05
# END HISTO1D


# BEGIN HISTO1D //eos/home-y/yiyu/monobc/Rivet/X800_Qd40.yoda.gz/JetMETAnalysis/cjet_pt
ErrorBars=1
LineColor=green
LineStyle=dotted
Path=//eos/home-y/yiyu/monobc/Rivet/X800_Qd40.yoda.gz/JetMETAnalysis/cjet_pt
ScaledBy=1.48255274573354104e-05
Title=X800_Qd40
# xlow	 xhigh	 val	 errminus	 errplus
2.000000e+01	2.162765e+01	0.000000e+00	0.000000e+00	0.000000e+00
2.162765e+01	2.338777e+01	0.000000e+00	0.000000e+00	0.000000e+00
2.338777e+01	2.529113e+01	2.922712e-03	1.193192e-03	1.193192e-03
2.529113e+01	2.734939e+01	1.261286e-02	2.383607e-03	2.383607e-03
2.734939e+01	2.957515e+01	1.374648e-02	2.533835e-03	2.533835e-03
2.957515e+01	3.198206e+01	1.117105e-02	2.074412e-03	2.074412e-03
3.198206e+01	3.458484e+01	8.549282e-03	1.816373e-03	1.816373e-03
3.458484e+01	3.739945e+01	1.087055e-02	1.892320e-03	1.892320e-03
3.739945e+01	4.044311e+01	4.873935e-03	1.292397e-03	1.292397e-03
4.044311e+01	4.373448e+01	8.732543e-03	1.568411e-03	1.568411e-03
4.373448e+01	4.729371e+01	5.991389e-03	1.302476e-03	1.302476e-03
4.729371e+01	5.114260e+01	6.022271e-03	1.251706e-03	1.251706e-03
5.114260e+01	5.530472e+01	4.009716e-03	9.450993e-04	9.450993e-04
5.530472e+01	5.980556e+01	3.707957e-03	9.212494e-04	9.212494e-04
5.980556e+01	6.467270e+01	2.285932e-03	6.598915e-04	6.598915e-04
6.467270e+01	6.993594e+01	2.818530e-03	7.046324e-04	7.046324e-04
6.993594e+01	7.562751e+01	2.932217e-03	6.911303e-04	6.911303e-04
7.562751e+01	8.178228e+01	3.012826e-03	6.736882e-04	6.736882e-04
8.178228e+01	8.843794e+01	1.393043e-03	4.405190e-04	4.405190e-04
8.843794e+01	9.563525e+01	2.318772e-03	5.465398e-04	5.465398e-04
9.563525e+01	1.034183e+02	1.667761e-03	4.765033e-04	4.765033e-04
1.034183e+02	1.118348e+02	1.982881e-03	4.673696e-04	4.673696e-04
1.118348e+02	1.209362e+02	1.833665e-03	4.321991e-04	4.321991e-04
1.209362e+02	1.307783e+02	1.507260e-03	3.996725e-04	3.996725e-04
1.307783e+02	1.414214e+02	1.829393e-03	3.992062e-04	3.992062e-04
1.414214e+02	1.529306e+02	8.861424e-04	2.671819e-04	2.671819e-04
1.529306e+02	1.653765e+02	1.042935e-03	2.787363e-04	2.787363e-04
1.653765e+02	1.788353e+02	6.888893e-04	2.178459e-04	2.178459e-04
1.788353e+02	1.933894e+02	1.082977e-03	2.626606e-04	2.626606e-04
1.933894e+02	2.091279e+02	1.060388e-03	2.499359e-04	2.499359e-04
2.091279e+02	2.261473e+02	9.805822e-04	2.311255e-04	2.311255e-04
2.261473e+02	2.445518e+02	7.052770e-04	1.884932e-04	1.884932e-04
2.445518e+02	2.644540e+02	8.385465e-04	1.976473e-04	1.976473e-04
2.644540e+02	2.859760e+02	5.600367e-04	1.553262e-04	1.553262e-04
2.859760e+02	3.092495e+02	5.577275e-04	1.593507e-04	1.593507e-04
3.092495e+02	3.344170e+02	3.683967e-04	1.164973e-04	1.164973e-04
3.344170e+02	3.616328e+02	3.747378e-04	1.129877e-04	1.129877e-04
3.616328e+02	3.910634e+02	3.150334e-04	9.962232e-05	9.962232e-05
3.910634e+02	4.228892e+02	1.165296e-04	5.826483e-05	5.826483e-05
4.228892e+02	4.573051e+02	2.424595e-04	8.081982e-05	8.081982e-05
4.573051e+02	4.945218e+02	1.743877e-04	6.591237e-05	6.591237e-05
4.945218e+02	5.347672e+02	1.843018e-04	6.516052e-05	6.516052e-05
5.347672e+02	5.782880e+02	6.391167e-05	3.689942e-05	3.689942e-05
5.782880e+02	6.253506e+02	1.379043e-04	5.212294e-05	5.212294e-05
6.253506e+02	6.762433e+02	1.821798e-05	1.821798e-05	1.821798e-05
6.762433e+02	7.312778e+02	1.684693e-05	1.684693e-05	1.684693e-05
7.312778e+02	7.907911e+02	1.557908e-05	1.557908e-05	1.557908e-05
7.907911e+02	8.551478e+02	1.440662e-05	1.440662e-05	1.440662e-05
8.551478e+02	9.247420e+02	1.332241e-05	1.332241e-05	1.332241e-05
9.247420e+02	1.000000e+03	0.000000e+00	0.000000e+00	0.000000e+00
# END HISTO1D

