# BEGIN PLOT
Legend=1
LogY=1
LegendPlacement=manual
LegendAlign=r
LegendXPos=1.32
RightMargin=3.3
Title=Di-jet invariant mass
XLabel=$m_{jj}$ [GeV]
YLabel=$\mathrm{d}\sigma/\mathrm{d}m_{jj}$ [pb/GeV]
LogX=1
DrawOnly=//eos/home-y/yiyu/monobc/Rivet/X1000_Qd10.yoda.gz/JetMETAnalysis/jet12_m //eos/home-y/yiyu/monobc/Rivet/X1000_Qd20.yoda.gz/JetMETAnalysis/jet12_m //eos/home-y/yiyu/monobc/Rivet/X1000_Qd40.yoda.gz/JetMETAnalysis/jet12_m //eos/home-y/yiyu/monobc/Rivet/X1200_Qd10.yoda.gz/JetMETAnalysis/jet12_m //eos/home-y/yiyu/monobc/Rivet/X1200_Qd20.yoda.gz/JetMETAnalysis/jet12_m //eos/home-y/yiyu/monobc/Rivet/X1200_Qd40.yoda.gz/JetMETAnalysis/jet12_m //eos/home-y/yiyu/monobc/Rivet/X1500_Qd10.yoda.gz/JetMETAnalysis/jet12_m //eos/home-y/yiyu/monobc/Rivet/X1500_Qd20.yoda.gz/JetMETAnalysis/jet12_m //eos/home-y/yiyu/monobc/Rivet/X1500_Qd40.yoda.gz/JetMETAnalysis/jet12_m //eos/home-y/yiyu/monobc/Rivet/X2000_Qd10.yoda.gz/JetMETAnalysis/jet12_m //eos/home-y/yiyu/monobc/Rivet/X2000_Qd20.yoda.gz/JetMETAnalysis/jet12_m //eos/home-y/yiyu/monobc/Rivet/X2000_Qd40.yoda.gz/JetMETAnalysis/jet12_m //eos/home-y/yiyu/monobc/Rivet/X600_Qd10.yoda.gz/JetMETAnalysis/jet12_m //eos/home-y/yiyu/monobc/Rivet/X600_Qd20.yoda.gz/JetMETAnalysis/jet12_m //eos/home-y/yiyu/monobc/Rivet/X600_Qd40.yoda.gz/JetMETAnalysis/jet12_m //eos/home-y/yiyu/monobc/Rivet/X800_Qd10.yoda.gz/JetMETAnalysis/jet12_m //eos/home-y/yiyu/monobc/Rivet/X800_Qd20.yoda.gz/JetMETAnalysis/jet12_m //eos/home-y/yiyu/monobc/Rivet/X800_Qd40.yoda.gz/JetMETAnalysis/jet12_m
LegendOnly=//eos/home-y/yiyu/monobc/Rivet/X1000_Qd10.yoda.gz/JetMETAnalysis/jet12_m //eos/home-y/yiyu/monobc/Rivet/X1000_Qd20.yoda.gz/JetMETAnalysis/jet12_m //eos/home-y/yiyu/monobc/Rivet/X1000_Qd40.yoda.gz/JetMETAnalysis/jet12_m //eos/home-y/yiyu/monobc/Rivet/X1200_Qd10.yoda.gz/JetMETAnalysis/jet12_m //eos/home-y/yiyu/monobc/Rivet/X1200_Qd20.yoda.gz/JetMETAnalysis/jet12_m //eos/home-y/yiyu/monobc/Rivet/X1200_Qd40.yoda.gz/JetMETAnalysis/jet12_m //eos/home-y/yiyu/monobc/Rivet/X1500_Qd10.yoda.gz/JetMETAnalysis/jet12_m //eos/home-y/yiyu/monobc/Rivet/X1500_Qd20.yoda.gz/JetMETAnalysis/jet12_m //eos/home-y/yiyu/monobc/Rivet/X1500_Qd40.yoda.gz/JetMETAnalysis/jet12_m //eos/home-y/yiyu/monobc/Rivet/X2000_Qd10.yoda.gz/JetMETAnalysis/jet12_m //eos/home-y/yiyu/monobc/Rivet/X2000_Qd20.yoda.gz/JetMETAnalysis/jet12_m //eos/home-y/yiyu/monobc/Rivet/X2000_Qd40.yoda.gz/JetMETAnalysis/jet12_m //eos/home-y/yiyu/monobc/Rivet/X600_Qd10.yoda.gz/JetMETAnalysis/jet12_m //eos/home-y/yiyu/monobc/Rivet/X600_Qd20.yoda.gz/JetMETAnalysis/jet12_m //eos/home-y/yiyu/monobc/Rivet/X600_Qd40.yoda.gz/JetMETAnalysis/jet12_m //eos/home-y/yiyu/monobc/Rivet/X800_Qd10.yoda.gz/JetMETAnalysis/jet12_m //eos/home-y/yiyu/monobc/Rivet/X800_Qd20.yoda.gz/JetMETAnalysis/jet12_m //eos/home-y/yiyu/monobc/Rivet/X800_Qd40.yoda.gz/JetMETAnalysis/jet12_m
RatioPlot=1
RatioPlotReference=//eos/home-y/yiyu/monobc/Rivet/X1000_Qd10.yoda.gz/JetMETAnalysis/jet12_m
RatioPlotYLabel=Ratio
# END PLOT

# BEGIN HISTO1D //eos/home-y/yiyu/monobc/Rivet/X1000_Qd10.yoda.gz/JetMETAnalysis/jet12_m
ErrorBars=1
LineColor=red
LineStyle=solid
Path=//eos/home-y/yiyu/monobc/Rivet/X1000_Qd10.yoda.gz/JetMETAnalysis/jet12_m
ScaledBy=1.40377119385635185e-05
Title=X1000_Qd10
# xlow	 xhigh	 val	 errminus	 errplus
5.000000e+01	5.426665e+01	3.071541e-04	1.535770e-04	1.535770e-04
5.426665e+01	5.889739e+01	1.415021e-04	1.000571e-04	1.000571e-04
5.889739e+01	6.392328e+01	3.259419e-04	1.457657e-04	1.457657e-04
6.392328e+01	6.937805e+01	3.603778e-04	1.471236e-04	1.471236e-04
6.937805e+01	7.529829e+01	3.873841e-04	1.464175e-04	1.464175e-04
7.529829e+01	8.172373e+01	1.019789e-03	2.280317e-04	2.280317e-04
8.172373e+01	8.869746e+01	7.047081e-04	1.819549e-04	1.819549e-04
8.869746e+01	9.626628e+01	6.925880e-04	1.836501e-04	1.836501e-04
9.626628e+01	1.044810e+02	9.173144e-04	1.912733e-04	1.912733e-04
1.044810e+02	1.133967e+02	1.212668e-03	2.110983e-04	2.110983e-04
1.133967e+02	1.230731e+02	1.591355e-03	2.370104e-04	2.370104e-04
1.230731e+02	1.335753e+02	1.310244e-03	2.021750e-04	2.021750e-04
1.335753e+02	1.449737e+02	1.667122e-03	2.263264e-04	2.263264e-04
1.449737e+02	1.573448e+02	1.774392e-03	2.199882e-04	2.199882e-04
1.573448e+02	1.707715e+02	2.220523e-03	2.403254e-04	2.403254e-04
1.707715e+02	1.853439e+02	2.922775e-03	2.621933e-04	2.621933e-04
1.853439e+02	2.011599e+02	3.045116e-03	2.545511e-04	2.545511e-04
2.011599e+02	2.183255e+02	2.805702e-03	2.360858e-04	2.360858e-04
2.183255e+02	2.369559e+02	3.024750e-03	2.411237e-04	2.411237e-04
2.369559e+02	2.571760e+02	3.029992e-03	2.251016e-04	2.251016e-04
2.571760e+02	2.791217e+02	3.388907e-03	2.278829e-04	2.278829e-04
2.791217e+02	3.029400e+02	3.452599e-03	2.239213e-04	2.239213e-04
3.029400e+02	3.287907e+02	3.688110e-03	2.184183e-04	2.184183e-04
3.287907e+02	3.568475e+02	3.666694e-03	2.121300e-04	2.121300e-04
3.568475e+02	3.872983e+02	4.153093e-03	2.167941e-04	2.167941e-04
3.872983e+02	4.203477e+02	4.322212e-03	2.116908e-04	2.116908e-04
4.203477e+02	4.562172e+02	4.959726e-03	2.159552e-04	2.159552e-04
4.562172e+02	4.951476e+02	4.418285e-03	1.964683e-04	1.964683e-04
4.951476e+02	5.374001e+02	4.908339e-03	1.996584e-04	1.996584e-04
5.374001e+02	5.832581e+02	4.665317e-03	1.872606e-04	1.872606e-04
5.832581e+02	6.330293e+02	4.950202e-03	1.854878e-04	1.854878e-04
6.330293e+02	6.870476e+02	5.173582e-03	1.822578e-04	1.822578e-04
6.870476e+02	7.456754e+02	4.554462e-03	1.630213e-04	1.630213e-04
7.456754e+02	8.093062e+02	4.464110e-03	1.552379e-04	1.552379e-04
8.093062e+02	8.783667e+02	4.502147e-03	1.505457e-04	1.505457e-04
8.783667e+02	9.533204e+02	4.222476e-03	1.397383e-04	1.397383e-04
9.533204e+02	1.034670e+03	3.971043e-03	1.297557e-04	1.297557e-04
1.034670e+03	1.122962e+03	3.580875e-03	1.181045e-04	1.181045e-04
1.122962e+03	1.218787e+03	3.333565e-03	1.089275e-04	1.089275e-04
1.218787e+03	1.322790e+03	2.869827e-03	9.735067e-05	9.735067e-05
1.322790e+03	1.435668e+03	2.316203e-03	8.472150e-05	8.472150e-05
1.435668e+03	1.558178e+03	1.896085e-03	7.319013e-05	7.319013e-05
1.558178e+03	1.691142e+03	1.498141e-03	6.272441e-05	6.272441e-05
1.691142e+03	1.835452e+03	1.103375e-03	5.246351e-05	5.246351e-05
1.835452e+03	1.992077e+03	7.279496e-04	4.141571e-05	4.141571e-05
1.992077e+03	2.162067e+03	5.396570e-04	3.436951e-05	3.436951e-05
2.162067e+03	2.346563e+03	3.356279e-04	2.687286e-05	2.687286e-05
2.346563e+03	2.546802e+03	2.176137e-04	2.023859e-05	2.023859e-05
2.546802e+03	2.764129e+03	1.296486e-04	1.507542e-05	1.507542e-05
2.764129e+03	3.000000e+03	7.361808e-05	1.153807e-05	1.153807e-05
# END HISTO1D


# BEGIN HISTO1D //eos/home-y/yiyu/monobc/Rivet/X1000_Qd20.yoda.gz/JetMETAnalysis/jet12_m
ErrorBars=1
LineColor=blue
LineStyle=solid
Path=//eos/home-y/yiyu/monobc/Rivet/X1000_Qd20.yoda.gz/JetMETAnalysis/jet12_m
ScaledBy=1.41645627920069503e-05
Title=X1000_Qd20
# xlow	 xhigh	 val	 errminus	 errplus
5.000000e+01	5.426665e+01	2.324356e-04	1.341968e-04	1.341968e-04
5.426665e+01	5.889739e+01	7.138682e-05	7.138684e-05	7.138684e-05
5.889739e+01	6.392328e+01	4.604193e-04	1.740222e-04	1.740222e-04
6.392328e+01	6.937805e+01	6.060270e-04	1.916426e-04	1.916426e-04
6.937805e+01	7.529829e+01	3.908654e-04	1.477332e-04	1.477332e-04
7.529829e+01	8.172373e+01	9.260578e-04	2.182739e-04	2.182739e-04
8.172373e+01	8.869746e+01	9.480546e-04	2.119914e-04	2.119914e-04
8.869746e+01	9.626628e+01	8.735149e-04	2.048574e-04	2.048574e-04
9.626628e+01	1.044810e+02	1.006041e-03	2.012082e-04	2.012082e-04
1.044810e+02	1.133967e+02	1.038176e-03	2.030830e-04	2.030830e-04
1.133967e+02	1.230731e+02	1.298190e-03	2.105942e-04	2.105942e-04
1.230731e+02	1.335753e+02	1.542355e-03	2.247881e-04	2.247881e-04
1.335753e+02	1.449737e+02	1.711105e-03	2.265111e-04	2.265111e-04
1.449737e+02	1.573448e+02	2.004110e-03	2.344799e-04	2.344799e-04
1.573448e+02	1.707715e+02	2.585166e-03	2.593945e-04	2.593945e-04
1.707715e+02	1.853439e+02	2.608767e-03	2.515880e-04	2.515880e-04
1.853439e+02	2.011599e+02	3.176987e-03	2.576877e-04	2.576877e-04
2.011599e+02	2.183255e+02	3.235332e-03	2.540295e-04	2.540295e-04
2.183255e+02	2.369559e+02	2.963212e-03	2.333831e-04	2.333831e-04
2.369559e+02	2.571760e+02	3.335150e-03	2.402769e-04	2.402769e-04
2.571760e+02	2.791217e+02	3.705562e-03	2.381711e-04	2.381711e-04
2.791217e+02	3.029400e+02	3.414230e-03	2.263594e-04	2.263594e-04
3.029400e+02	3.287907e+02	3.465496e-03	2.166392e-04	2.166392e-04
3.287907e+02	3.568475e+02	3.558257e-03	2.107683e-04	2.107683e-04
3.568475e+02	3.872983e+02	3.973295e-03	2.138384e-04	2.138384e-04
3.872983e+02	4.203477e+02	4.391060e-03	2.114748e-04	2.114748e-04
4.203477e+02	4.562172e+02	4.654088e-03	2.119683e-04	2.119683e-04
4.562172e+02	4.951476e+02	4.712731e-03	2.046764e-04	2.046764e-04
4.951476e+02	5.374001e+02	4.193541e-03	1.861334e-04	1.861334e-04
5.374001e+02	5.832581e+02	4.721660e-03	1.889434e-04	1.889434e-04
5.832581e+02	6.330293e+02	4.981403e-03	1.869188e-04	1.869188e-04
6.330293e+02	6.870476e+02	4.871253e-03	1.750267e-04	1.750267e-04
6.870476e+02	7.456754e+02	4.713800e-03	1.668849e-04	1.668849e-04
7.456754e+02	8.093062e+02	4.608130e-03	1.586872e-04	1.586872e-04
8.093062e+02	8.783667e+02	4.542605e-03	1.521999e-04	1.521999e-04
8.783667e+02	9.533204e+02	4.203087e-03	1.392589e-04	1.392589e-04
9.533204e+02	1.034670e+03	4.018920e-03	1.299723e-04	1.299723e-04
1.034670e+03	1.122962e+03	3.605566e-03	1.194009e-04	1.194009e-04
1.122962e+03	1.218787e+03	3.442867e-03	1.118916e-04	1.118916e-04
1.218787e+03	1.322790e+03	3.035470e-03	1.007641e-04	1.007641e-04
1.322790e+03	1.435668e+03	2.354590e-03	8.518132e-05	8.518132e-05
1.435668e+03	1.558178e+03	2.061533e-03	7.660630e-05	7.660630e-05
1.558178e+03	1.691142e+03	1.387294e-03	6.230376e-05	6.230376e-05
1.691142e+03	1.835452e+03	1.094964e-03	5.293497e-05	5.293497e-05
1.835452e+03	1.992077e+03	7.830353e-04	4.299634e-05	4.299634e-05
1.992077e+03	2.162067e+03	6.184040e-04	3.627728e-05	3.627728e-05
2.162067e+03	2.346563e+03	3.278933e-04	2.687651e-05	2.687651e-05
2.346563e+03	2.546802e+03	2.063620e-04	2.042046e-05	2.042046e-05
2.546802e+03	2.764129e+03	1.292926e-04	1.528676e-05	1.528676e-05
2.764129e+03	3.000000e+03	4.765109e-05	9.505454e-06	9.505454e-06
# END HISTO1D


# BEGIN HISTO1D //eos/home-y/yiyu/monobc/Rivet/X1000_Qd40.yoda.gz/JetMETAnalysis/jet12_m
ErrorBars=1
LineColor=green
LineStyle=solid
Path=//eos/home-y/yiyu/monobc/Rivet/X1000_Qd40.yoda.gz/JetMETAnalysis/jet12_m
ScaledBy=1.40867871996726164e-05
Title=X1000_Qd40
# xlow	 xhigh	 val	 errminus	 errplus
5.000000e+01	5.426665e+01	7.651164e-05	7.651166e-05	7.651166e-05
5.426665e+01	5.889739e+01	2.114878e-04	1.221026e-04	1.221026e-04
5.889739e+01	6.392328e+01	2.598135e-04	1.299067e-04	1.299067e-04
6.392328e+01	6.937805e+01	2.393857e-04	1.196928e-04	1.196928e-04
6.937805e+01	7.529829e+01	6.616929e-04	1.910143e-04	1.910143e-04
7.529829e+01	8.172373e+01	4.064449e-04	1.606615e-04	1.606615e-04
8.172373e+01	8.869746e+01	6.553563e-04	1.751513e-04	1.751513e-04
8.869746e+01	9.626628e+01	8.626137e-04	1.928863e-04	1.928863e-04
9.626628e+01	1.044810e+02	8.345283e-04	1.821090e-04	1.821090e-04
1.044810e+02	1.133967e+02	9.886052e-04	2.038637e-04	2.038637e-04
1.133967e+02	1.230731e+02	1.248252e-03	2.052115e-04	2.052115e-04
1.230731e+02	1.335753e+02	1.336604e-03	2.085165e-04	2.085165e-04
1.335753e+02	1.449737e+02	1.603831e-03	2.181146e-04	2.181146e-04
1.449737e+02	1.573448e+02	1.873547e-03	2.285267e-04	2.285267e-04
1.573448e+02	1.707715e+02	2.334084e-03	2.382214e-04	2.382214e-04
1.707715e+02	1.853439e+02	2.441800e-03	2.423128e-04	2.423128e-04
1.853439e+02	2.011599e+02	2.600689e-03	2.424697e-04	2.424697e-04
2.011599e+02	2.183255e+02	3.309061e-03	2.579672e-04	2.579672e-04
2.183255e+02	2.369559e+02	3.189068e-03	2.427968e-04	2.427968e-04
2.369559e+02	2.571760e+02	3.374252e-03	2.345160e-04	2.345160e-04
2.571760e+02	2.791217e+02	3.391564e-03	2.304468e-04	2.304468e-04
2.791217e+02	3.029400e+02	3.714267e-03	2.297508e-04	2.297508e-04
3.029400e+02	3.287907e+02	4.053658e-03	2.290552e-04	2.290552e-04
3.287907e+02	3.568475e+02	3.828002e-03	2.173648e-04	2.173648e-04
3.568475e+02	3.872983e+02	4.009474e-03	2.117133e-04	2.117133e-04
3.872983e+02	4.203477e+02	4.069566e-03	2.071941e-04	2.071941e-04
4.203477e+02	4.562172e+02	4.441289e-03	2.055296e-04	2.055296e-04
4.562172e+02	4.951476e+02	4.687460e-03	2.035089e-04	2.035089e-04
4.951476e+02	5.374001e+02	4.527514e-03	1.933078e-04	1.933078e-04
5.374001e+02	5.832581e+02	4.662735e-03	1.857689e-04	1.857689e-04
5.832581e+02	6.330293e+02	4.650318e-03	1.787849e-04	1.787849e-04
6.330293e+02	6.870476e+02	4.895067e-03	1.759833e-04	1.759833e-04
6.870476e+02	7.456754e+02	4.682814e-03	1.639534e-04	1.639534e-04
7.456754e+02	8.093062e+02	4.581404e-03	1.575445e-04	1.575445e-04
8.093062e+02	8.783667e+02	4.381922e-03	1.477516e-04	1.477516e-04
8.783667e+02	9.533204e+02	4.542614e-03	1.435940e-04	1.435940e-04
9.533204e+02	1.034670e+03	3.972778e-03	1.292879e-04	1.292879e-04
1.034670e+03	1.122962e+03	3.686281e-03	1.194085e-04	1.194085e-04
1.122962e+03	1.218787e+03	2.984282e-03	1.050020e-04	1.050020e-04
1.218787e+03	1.322790e+03	2.837509e-03	9.866136e-05	9.866136e-05
1.322790e+03	1.435668e+03	2.383046e-03	8.549898e-05	8.549898e-05
1.435668e+03	1.558178e+03	1.902573e-03	7.345981e-05	7.345981e-05
1.558178e+03	1.691142e+03	1.517291e-03	6.336035e-05	6.336035e-05
1.691142e+03	1.835452e+03	1.060940e-03	5.242100e-05	5.242100e-05
1.835452e+03	1.992077e+03	7.836846e-04	4.240857e-05	4.240857e-05
1.992077e+03	2.162067e+03	5.415522e-04	3.477988e-05	3.477988e-05
2.162067e+03	2.346563e+03	3.768836e-04	2.712449e-05	2.712449e-05
2.346563e+03	2.546802e+03	1.972656e-04	1.963134e-05	1.963134e-05
2.546802e+03	2.764129e+03	1.201685e-04	1.517053e-05	1.517053e-05
2.764129e+03	3.000000e+03	8.027273e-05	1.107210e-05	1.107210e-05
# END HISTO1D


# BEGIN HISTO1D //eos/home-y/yiyu/monobc/Rivet/X1200_Qd10.yoda.gz/JetMETAnalysis/jet12_m
ErrorBars=1
LineColor=orange
LineStyle=solid
Path=//eos/home-y/yiyu/monobc/Rivet/X1200_Qd10.yoda.gz/JetMETAnalysis/jet12_m
ScaledBy=1.38077798553465733e-05
Title=X1200_Qd10
# xlow	 xhigh	 val	 errminus	 errplus
5.000000e+01	5.426665e+01	2.928138e-05	2.928138e-05	2.928138e-05
5.426665e+01	5.889739e+01	2.697914e-05	4.672924e-05	4.672924e-05
5.889739e+01	6.392328e+01	1.740057e-04	6.576797e-05	6.576797e-05
6.392328e+01	6.937805e+01	1.145176e-04	5.121380e-05	5.121380e-05
6.937805e+01	7.529829e+01	8.441102e-05	5.169098e-05	5.169098e-05
7.529829e+01	8.172373e+01	9.721776e-05	4.347710e-05	4.347710e-05
8.172373e+01	8.869746e+01	2.508080e-04	6.703126e-05	6.703126e-05
8.869746e+01	9.626628e+01	2.145822e-04	5.951438e-05	5.951438e-05
9.626628e+01	1.044810e+02	1.825017e-04	5.268371e-05	5.268371e-05
1.044810e+02	1.133967e+02	1.961783e-04	5.605096e-05	5.605096e-05
1.133967e+02	1.230731e+02	2.840451e-04	6.831934e-05	6.831934e-05
1.230731e+02	1.335753e+02	2.498144e-04	5.451397e-05	5.451397e-05
1.335753e+02	1.449737e+02	3.836212e-04	7.187350e-05	7.187350e-05
1.449737e+02	1.573448e+02	4.948416e-04	7.352044e-05	7.352044e-05
1.573448e+02	1.707715e+02	5.117666e-04	7.385492e-05	7.385492e-05
1.707715e+02	1.853439e+02	5.744103e-04	7.620103e-05	7.620103e-05
1.853439e+02	2.011599e+02	7.030267e-04	7.938574e-05	7.938574e-05
2.011599e+02	2.183255e+02	8.224280e-04	8.393542e-05	8.393542e-05
2.183255e+02	2.369559e+02	8.784712e-04	8.074958e-05	8.074958e-05
2.369559e+02	2.571760e+02	8.155850e-04	7.362737e-05	7.362737e-05
2.571760e+02	2.791217e+02	9.734759e-04	7.573833e-05	7.573833e-05
2.791217e+02	3.029400e+02	1.101506e-03	7.989355e-05	7.989355e-05
3.029400e+02	3.287907e+02	1.019738e-03	7.440126e-05	7.440126e-05
3.287907e+02	3.568475e+02	1.090954e-03	7.166221e-05	7.166221e-05
3.568475e+02	3.872983e+02	1.038007e-03	6.901968e-05	6.901968e-05
3.872983e+02	4.203477e+02	1.247466e-03	7.051873e-05	7.051873e-05
4.203477e+02	4.562172e+02	1.177253e-03	6.626854e-05	6.626854e-05
4.562172e+02	4.951476e+02	1.331796e-03	6.845344e-05	6.845344e-05
4.951476e+02	5.374001e+02	1.306918e-03	6.491568e-05	6.491568e-05
5.374001e+02	5.832581e+02	1.487497e-03	6.650993e-05	6.650993e-05
5.832581e+02	6.330293e+02	1.390625e-03	6.158835e-05	6.158835e-05
6.330293e+02	6.870476e+02	1.517195e-03	6.197260e-05	6.197260e-05
6.870476e+02	7.456754e+02	1.553468e-03	5.962877e-05	5.962877e-05
7.456754e+02	8.093062e+02	1.578581e-03	5.811163e-05	5.811163e-05
8.093062e+02	8.783667e+02	1.510551e-03	5.448192e-05	5.448192e-05
8.783667e+02	9.533204e+02	1.436788e-03	5.115767e-05	5.115767e-05
9.533204e+02	1.034670e+03	1.376040e-03	4.773221e-05	4.773221e-05
1.034670e+03	1.122962e+03	1.355572e-03	4.585132e-05	4.585132e-05
1.122962e+03	1.218787e+03	1.228147e-03	4.252756e-05	4.252756e-05
1.218787e+03	1.322790e+03	1.162808e-03	3.933055e-05	3.933055e-05
1.322790e+03	1.435668e+03	1.073596e-03	3.572753e-05	3.572753e-05
1.435668e+03	1.558178e+03	9.371790e-04	3.239310e-05	3.239310e-05
1.558178e+03	1.691142e+03	7.140983e-04	2.758659e-05	2.758659e-05
1.691142e+03	1.835452e+03	5.627239e-04	2.374056e-05	2.374056e-05
1.835452e+03	1.992077e+03	4.554634e-04	2.050776e-05	2.050776e-05
1.992077e+03	2.162067e+03	3.123518e-04	1.696753e-05	1.696753e-05
2.162067e+03	2.346563e+03	2.214314e-04	1.345830e-05	1.345830e-05
2.346563e+03	2.546802e+03	1.378866e-04	1.045883e-05	1.045883e-05
2.546802e+03	2.764129e+03	7.588201e-05	7.797829e-06	7.797829e-06
2.764129e+03	3.000000e+03	4.396246e-05	5.969057e-06	5.969057e-06
# END HISTO1D


# BEGIN HISTO1D //eos/home-y/yiyu/monobc/Rivet/X1200_Qd20.yoda.gz/JetMETAnalysis/jet12_m
ErrorBars=1
LineColor=lilac
LineStyle=solid
Path=//eos/home-y/yiyu/monobc/Rivet/X1200_Qd20.yoda.gz/JetMETAnalysis/jet12_m
ScaledBy=1.36137126806748303e-05
Title=X1200_Qd20
# xlow	 xhigh	 val	 errminus	 errplus
5.000000e+01	5.426665e+01	2.894334e-05	2.894335e-05	2.894335e-05
5.426665e+01	5.889739e+01	2.666768e-05	2.666769e-05	2.666769e-05
5.889739e+01	6.392328e+01	4.914200e-05	3.474864e-05	3.474864e-05
6.392328e+01	6.937805e+01	6.791733e-05	3.921209e-05	3.921209e-05
6.937805e+01	7.529829e+01	1.042957e-04	4.664246e-05	4.664246e-05
7.529829e+01	8.172373e+01	1.921909e-04	6.077611e-05	6.077611e-05
8.172373e+01	8.869746e+01	2.124966e-04	6.134247e-05	6.134247e-05
8.869746e+01	9.626628e+01	1.957893e-04	6.104802e-05	6.104802e-05
9.626628e+01	1.044810e+02	2.856252e-04	6.552692e-05	6.552692e-05
1.044810e+02	1.133967e+02	3.462743e-04	6.925487e-05	6.925487e-05
1.133967e+02	1.230731e+02	3.062903e-04	6.753066e-05	6.753066e-05
1.230731e+02	1.335753e+02	3.292407e-04	6.440449e-05	6.440449e-05
1.335753e+02	1.449737e+02	4.441971e-04	7.267719e-05	7.267719e-05
1.449737e+02	1.573448e+02	3.992891e-04	6.313315e-05	6.313315e-05
1.573448e+02	1.707715e+02	6.254252e-04	8.018135e-05	8.018135e-05
1.707715e+02	1.853439e+02	4.406645e-04	6.341598e-05	6.341598e-05
1.853439e+02	2.011599e+02	8.354546e-04	8.300005e-05	8.300005e-05
2.011599e+02	2.183255e+02	7.841573e-04	7.978648e-05	7.978648e-05
2.183255e+02	2.369559e+02	8.418161e-04	7.701591e-05	7.701591e-05
2.369559e+02	2.571760e+02	1.093215e-03	8.572068e-05	8.572068e-05
2.571760e+02	2.791217e+02	1.041018e-03	7.938033e-05	7.938033e-05
2.791217e+02	3.029400e+02	1.099160e-03	7.725053e-05	7.725053e-05
3.029400e+02	3.287907e+02	1.055737e-03	7.385202e-05	7.385202e-05
3.287907e+02	3.568475e+02	1.043148e-03	6.917452e-05	6.917452e-05
3.568475e+02	3.872983e+02	1.200408e-03	7.299776e-05	7.299776e-05
3.872983e+02	4.203477e+02	1.165807e-03	6.849231e-05	6.849231e-05
4.203477e+02	4.562172e+02	1.370230e-03	7.155703e-05	7.155703e-05
4.562172e+02	4.951476e+02	1.240291e-03	6.554821e-05	6.554821e-05
4.951476e+02	5.374001e+02	1.391202e-03	6.600372e-05	6.600372e-05
5.374001e+02	5.832581e+02	1.473018e-03	6.502119e-05	6.502119e-05
5.832581e+02	6.330293e+02	1.458932e-03	6.345218e-05	6.345218e-05
6.330293e+02	6.870476e+02	1.522541e-03	6.218858e-05	6.218858e-05
6.870476e+02	7.456754e+02	1.516578e-03	5.822090e-05	5.822090e-05
7.456754e+02	8.093062e+02	1.401218e-03	5.496112e-05	5.496112e-05
8.093062e+02	8.783667e+02	1.468078e-03	5.313569e-05	5.313569e-05
8.783667e+02	9.533204e+02	1.448210e-03	5.075465e-05	5.075465e-05
9.533204e+02	1.034670e+03	1.484633e-03	4.979508e-05	4.979508e-05
1.034670e+03	1.122962e+03	1.324538e-03	4.456023e-05	4.456023e-05
1.122962e+03	1.218787e+03	1.322222e-03	4.274185e-05	4.274185e-05
1.218787e+03	1.322790e+03	1.123262e-03	3.799617e-05	3.799617e-05
1.322790e+03	1.435668e+03	1.094023e-03	3.635056e-05	3.635056e-05
1.435668e+03	1.558178e+03	8.568076e-04	3.090496e-05	3.090496e-05
1.558178e+03	1.691142e+03	7.495062e-04	2.769189e-05	2.769189e-05
1.691142e+03	1.835452e+03	5.348345e-04	2.288191e-05	2.288191e-05
1.835452e+03	1.992077e+03	4.060522e-04	1.955295e-05	1.955295e-05
1.992077e+03	2.162067e+03	3.305398e-04	1.645398e-05	1.645398e-05
2.162067e+03	2.346563e+03	2.001336e-04	1.282277e-05	1.282277e-05
2.346563e+03	2.546802e+03	1.356781e-04	1.071743e-05	1.071743e-05
2.546802e+03	2.764129e+03	8.068827e-05	7.452231e-06	7.452231e-06
2.764129e+03	3.000000e+03	5.497314e-05	6.260792e-06	6.260792e-06
# END HISTO1D


# BEGIN HISTO1D //eos/home-y/yiyu/monobc/Rivet/X1200_Qd40.yoda.gz/JetMETAnalysis/jet12_m
ErrorBars=1
LineColor=red
LineStyle=dashed
Path=//eos/home-y/yiyu/monobc/Rivet/X1200_Qd40.yoda.gz/JetMETAnalysis/jet12_m
ScaledBy=1.37239052924151090e-05
Title=X1200_Qd40
# xlow	 xhigh	 val	 errminus	 errplus
5.000000e+01	5.426665e+01	5.801753e-05	4.102458e-05	4.102458e-05
5.426665e+01	5.889739e+01	5.345593e-05	3.779904e-05	3.779904e-05
5.889739e+01	6.392328e+01	7.387959e-05	4.265440e-05	4.265440e-05
6.392328e+01	6.937805e+01	1.361417e-04	5.557960e-05	5.557960e-05
6.937805e+01	7.529829e+01	6.271886e-05	5.531284e-05	5.531284e-05
7.529829e+01	8.172373e+01	5.778759e-05	3.336368e-05	3.336368e-05
8.172373e+01	8.869746e+01	1.774806e-04	6.148112e-05	6.148112e-05
8.869746e+01	9.626628e+01	2.452898e-04	6.333353e-05	6.333353e-05
9.626628e+01	1.044810e+02	3.013377e-04	6.738115e-05	6.738115e-05
1.044810e+02	1.133967e+02	2.498810e-04	5.889752e-05	5.889752e-05
1.133967e+02	1.230731e+02	3.453553e-04	6.646366e-05	6.646366e-05
1.230731e+02	1.335753e+02	4.006959e-04	6.871877e-05	6.871877e-05
1.335753e+02	1.449737e+02	3.909083e-04	6.515138e-05	6.515138e-05
1.449737e+02	1.573448e+02	4.001915e-04	6.327584e-05	6.327584e-05
1.573448e+02	1.707715e+02	6.360570e-04	7.876047e-05	7.876047e-05
1.707715e+02	1.853439e+02	6.115298e-04	7.404434e-05	7.404434e-05
1.853439e+02	2.011599e+02	7.043070e-04	7.667525e-05	7.667525e-05
2.011599e+02	2.183255e+02	7.498777e-04	7.765800e-05	7.765800e-05
2.183255e+02	2.369559e+02	8.503623e-04	7.516212e-05	7.516212e-05
2.369559e+02	2.571760e+02	8.692029e-04	7.446699e-05	7.446699e-05
2.571760e+02	2.791217e+02	1.043370e-03	7.915893e-05	7.915893e-05
2.791217e+02	3.029400e+02	1.018501e-03	7.566123e-05	7.566123e-05
3.029400e+02	3.287907e+02	1.173032e-03	7.675567e-05	7.675567e-05
3.287907e+02	3.568475e+02	1.146968e-03	7.460382e-05	7.460382e-05
3.568475e+02	3.872983e+02	1.101506e-03	7.098514e-05	7.098514e-05
3.872983e+02	4.203477e+02	1.138482e-03	6.782496e-05	6.782496e-05
4.203477e+02	4.562172e+02	1.180095e-03	6.637305e-05	6.637305e-05
4.562172e+02	4.951476e+02	1.344831e-03	6.885156e-05	6.885156e-05
4.951476e+02	5.374001e+02	1.329902e-03	6.457761e-05	6.457761e-05
5.374001e+02	5.832581e+02	1.527628e-03	6.676930e-05	6.676930e-05
5.832581e+02	6.330293e+02	1.519425e-03	6.422454e-05	6.422454e-05
6.330293e+02	6.870476e+02	1.571808e-03	6.258133e-05	6.258133e-05
6.870476e+02	7.456754e+02	1.450338e-03	5.746742e-05	5.746742e-05
7.456754e+02	8.093062e+02	1.536653e-03	5.710873e-05	5.710873e-05
8.093062e+02	8.783667e+02	1.543085e-03	5.450764e-05	5.450764e-05
8.783667e+02	9.533204e+02	1.487812e-03	5.166715e-05	5.166715e-05
9.533204e+02	1.034670e+03	1.384529e-03	4.854390e-05	4.854390e-05
1.034670e+03	1.122962e+03	1.337344e-03	4.498973e-05	4.498973e-05
1.122962e+03	1.218787e+03	1.170214e-03	4.051679e-05	4.051679e-05
1.218787e+03	1.322790e+03	1.244807e-03	3.979158e-05	3.979158e-05
1.322790e+03	1.435668e+03	1.018644e-03	3.507072e-05	3.507072e-05
1.435668e+03	1.558178e+03	8.294458e-04	3.095833e-05	3.095833e-05
1.558178e+03	1.691142e+03	7.242053e-04	2.732976e-05	2.732976e-05
1.691142e+03	1.835452e+03	5.789267e-04	2.369093e-05	2.369093e-05
1.835452e+03	1.992077e+03	4.188235e-04	1.958120e-05	1.958120e-05
1.992077e+03	2.162067e+03	3.312869e-04	1.693525e-05	1.693525e-05
2.162067e+03	2.346563e+03	2.066236e-04	1.279912e-05	1.279912e-05
2.346563e+03	2.546802e+03	1.390753e-04	1.043494e-05	1.043494e-05
2.546802e+03	2.764129e+03	8.428773e-05	7.725230e-06	7.725230e-06
2.764129e+03	3.000000e+03	4.407791e-05	5.890158e-06	5.890158e-06
# END HISTO1D


# BEGIN HISTO1D //eos/home-y/yiyu/monobc/Rivet/X1500_Qd10.yoda.gz/JetMETAnalysis/jet12_m
ErrorBars=1
LineColor=blue
LineStyle=dashed
Path=//eos/home-y/yiyu/monobc/Rivet/X1500_Qd10.yoda.gz/JetMETAnalysis/jet12_m
ScaledBy=1.29112282165450971e-05
Title=X1500_Qd10
# xlow	 xhigh	 val	 errminus	 errplus
5.000000e+01	5.426665e+01	7.098515e-06	7.098515e-06	7.098515e-06
5.426665e+01	5.889739e+01	6.540397e-06	6.540397e-06	6.540397e-06
5.889739e+01	6.392328e+01	6.026172e-06	6.026172e-06	6.026172e-06
6.392328e+01	6.937805e+01	2.220946e-05	1.360046e-05	1.360046e-05
6.937805e+01	7.529829e+01	1.534746e-05	8.860859e-06	8.860859e-06
7.529829e+01	8.172373e+01	2.356794e-05	1.053990e-05	1.053990e-05
8.172373e+01	8.869746e+01	3.474396e-05	1.228385e-05	1.228385e-05
8.869746e+01	9.626628e+01	3.601379e-05	1.200460e-05	1.200460e-05
9.626628e+01	1.044810e+02	2.949522e-05	1.042814e-05	1.042814e-05
1.044810e+02	1.133967e+02	6.454352e-05	1.480730e-05	1.480730e-05
1.133967e+02	1.230731e+02	7.824935e-05	1.564987e-05	1.564987e-05
1.230731e+02	1.335753e+02	4.614177e-05	1.153544e-05	1.153544e-05
1.335753e+02	1.449737e+02	6.642792e-05	1.380678e-05	1.380678e-05
1.449737e+02	1.573448e+02	6.120490e-05	1.406382e-05	1.406382e-05
1.573448e+02	1.707715e+02	9.022880e-05	1.562809e-05	1.562809e-05
1.707715e+02	1.853439e+02	8.313490e-05	1.439939e-05	1.439939e-05
1.853439e+02	2.011599e+02	1.110672e-04	1.483315e-05	1.483315e-05
2.011599e+02	2.183255e+02	1.005704e-04	1.486705e-05	1.486705e-05
2.183255e+02	2.369559e+02	9.266317e-05	1.444927e-05	1.444927e-05
2.369559e+02	2.571760e+02	1.288160e-04	1.556622e-05	1.556622e-05
2.571760e+02	2.791217e+02	1.380083e-04	1.524351e-05	1.524351e-05
2.791217e+02	3.029400e+02	1.716633e-04	1.583104e-05	1.583104e-05
3.029400e+02	3.287907e+02	1.745695e-04	1.602150e-05	1.602150e-05
3.287907e+02	3.568475e+02	1.856713e-04	1.534236e-05	1.534236e-05
3.568475e+02	3.872983e+02	1.849987e-04	1.448184e-05	1.448184e-05
3.872983e+02	4.203477e+02	1.997779e-04	1.443168e-05	1.443168e-05
4.203477e+02	4.562172e+02	2.018028e-04	1.410364e-05	1.410364e-05
4.562172e+02	4.951476e+02	2.310586e-04	1.419671e-05	1.419671e-05
4.951476e+02	5.374001e+02	2.028563e-04	1.342937e-05	1.342937e-05
5.374001e+02	5.832581e+02	2.278549e-04	1.351906e-05	1.351906e-05
5.832581e+02	6.330293e+02	2.482771e-04	1.330425e-05	1.330425e-05
6.330293e+02	6.870476e+02	2.758536e-04	1.338601e-05	1.338601e-05
6.870476e+02	7.456754e+02	2.748290e-04	1.296645e-05	1.296645e-05
7.456754e+02	8.093062e+02	2.874908e-04	1.296549e-05	1.296549e-05
8.093062e+02	8.783667e+02	3.026035e-04	1.249692e-05	1.249692e-05
8.783667e+02	9.533204e+02	2.852766e-04	1.173904e-05	1.173904e-05
9.533204e+02	1.034670e+03	2.863027e-04	1.145708e-05	1.145708e-05
1.034670e+03	1.122962e+03	2.675641e-04	1.044978e-05	1.044978e-05
1.122962e+03	1.218787e+03	2.588568e-04	1.000982e-05	1.000982e-05
1.218787e+03	1.322790e+03	2.693707e-04	9.574619e-06	9.574619e-06
1.322790e+03	1.435668e+03	2.275312e-04	8.661220e-06	8.661220e-06
1.435668e+03	1.558178e+03	1.987646e-04	7.987911e-06	7.987911e-06
1.558178e+03	1.691142e+03	1.826816e-04	7.246207e-06	7.246207e-06
1.691142e+03	1.835452e+03	1.607633e-04	6.650051e-06	6.650051e-06
1.835452e+03	1.992077e+03	1.349736e-04	5.807600e-06	5.807600e-06
1.992077e+03	2.162067e+03	1.026251e-04	5.001431e-06	5.001431e-06
2.162067e+03	2.346563e+03	8.437831e-05	4.337058e-06	4.337058e-06
2.346563e+03	2.546802e+03	5.278752e-05	3.365181e-06	3.365181e-06
2.546802e+03	2.764129e+03	3.274981e-05	2.755683e-06	2.755683e-06
2.764129e+03	3.000000e+03	2.015949e-05	2.098146e-06	2.098146e-06
# END HISTO1D


# BEGIN HISTO1D //eos/home-y/yiyu/monobc/Rivet/X1500_Qd20.yoda.gz/JetMETAnalysis/jet12_m
ErrorBars=1
LineColor=green
LineStyle=dashed
Path=//eos/home-y/yiyu/monobc/Rivet/X1500_Qd20.yoda.gz/JetMETAnalysis/jet12_m
ScaledBy=1.29605322047913924e-05
Title=X1500_Qd20
# xlow	 xhigh	 val	 errminus	 errplus
5.000000e+01	5.426665e+01	7.136198e-06	7.136198e-06	7.136198e-06
5.426665e+01	5.889739e+01	0.000000e+00	0.000000e+00	0.000000e+00
5.889739e+01	6.392328e+01	6.058163e-06	6.058163e-06	6.058163e-06
6.392328e+01	6.937805e+01	1.116368e-05	7.893916e-06	7.893916e-06
6.937805e+01	7.529829e+01	2.057190e-05	1.028595e-05	1.028595e-05
7.529829e+01	8.172373e+01	2.843167e-05	1.160718e-05	1.160718e-05
8.172373e+01	8.869746e+01	4.366051e-05	1.380667e-05	1.380667e-05
8.869746e+01	9.626628e+01	2.815942e-05	1.064326e-05	1.064326e-05
9.626628e+01	1.044810e+02	7.042303e-05	1.615615e-05	1.615615e-05
1.044810e+02	1.133967e+02	2.390543e-05	1.024518e-05	1.024518e-05
1.133967e+02	1.230731e+02	6.293179e-05	1.475881e-05	1.475881e-05
1.230731e+02	1.335753e+02	6.088257e-05	1.328566e-05	1.328566e-05
1.335753e+02	1.449737e+02	5.075322e-05	1.335611e-05	1.335611e-05
1.449737e+02	1.573448e+02	5.906862e-05	1.435110e-05	1.435110e-05
1.573448e+02	1.707715e+02	7.256624e-05	1.360617e-05	1.360617e-05
1.707715e+02	1.853439e+02	1.065597e-04	1.577467e-05	1.577467e-05
1.853439e+02	2.011599e+02	1.020312e-04	1.503565e-05	1.503565e-05
2.011599e+02	2.183255e+02	1.206157e-04	1.546328e-05	1.546328e-05
2.183255e+02	2.369559e+02	1.193039e-04	1.524373e-05	1.524373e-05
2.369559e+02	2.571760e+02	1.370288e-04	1.572113e-05	1.572113e-05
2.571760e+02	2.791217e+02	1.498402e-04	1.581890e-05	1.581890e-05
2.791217e+02	3.029400e+02	1.700180e-04	1.642045e-05	1.642045e-05
3.029400e+02	3.287907e+02	1.672515e-04	1.544706e-05	1.544706e-05
3.287907e+02	3.568475e+02	1.953387e-04	1.616934e-05	1.616934e-05
3.568475e+02	3.872983e+02	1.929801e-04	1.479712e-05	1.479712e-05
3.872983e+02	4.203477e+02	2.017597e-04	1.516614e-05	1.516614e-05
4.203477e+02	4.562172e+02	2.181533e-04	1.487297e-05	1.487297e-05
4.562172e+02	4.951476e+02	1.994368e-04	1.409960e-05	1.409960e-05
4.951476e+02	5.374001e+02	2.176248e-04	1.389866e-05	1.389866e-05
5.374001e+02	5.832581e+02	2.204331e-04	1.354208e-05	1.354208e-05
5.832581e+02	6.330293e+02	2.471479e-04	1.370653e-05	1.370653e-05
6.330293e+02	6.870476e+02	2.564629e-04	1.301298e-05	1.301298e-05
6.870476e+02	7.456754e+02	2.622659e-04	1.292099e-05	1.292099e-05
7.456754e+02	8.093062e+02	2.856675e-04	1.286636e-05	1.286636e-05
8.093062e+02	8.783667e+02	2.843701e-04	1.208215e-05	1.208215e-05
8.783667e+02	9.533204e+02	2.721671e-04	1.160395e-05	1.160395e-05
9.533204e+02	1.034670e+03	2.997996e-04	1.137102e-05	1.137102e-05
1.034670e+03	1.122962e+03	2.931241e-04	1.107828e-05	1.107828e-05
1.122962e+03	1.218787e+03	2.649971e-04	1.019750e-05	1.019750e-05
1.218787e+03	1.322790e+03	2.669949e-04	9.647681e-06	9.647681e-06
1.322790e+03	1.435668e+03	2.166008e-04	8.534177e-06	8.534177e-06
1.435668e+03	1.558178e+03	2.361055e-04	8.227875e-06	8.227875e-06
1.558178e+03	1.691142e+03	1.918951e-04	7.384762e-06	7.384762e-06
1.691142e+03	1.835452e+03	1.422058e-04	6.461880e-06	6.461880e-06
1.835452e+03	1.992077e+03	1.321910e-04	5.760234e-06	5.760234e-06
1.992077e+03	2.162067e+03	1.060357e-04	5.047087e-06	5.047087e-06
2.162067e+03	2.346563e+03	7.228384e-05	4.265355e-06	4.265355e-06
2.346563e+03	2.546802e+03	5.747741e-05	3.572521e-06	3.572521e-06
2.546802e+03	2.764129e+03	3.824748e-05	2.833361e-06	2.833361e-06
2.764129e+03	3.000000e+03	1.975017e-05	1.970413e-06	1.970413e-06
# END HISTO1D


# BEGIN HISTO1D //eos/home-y/yiyu/monobc/Rivet/X1500_Qd40.yoda.gz/JetMETAnalysis/jet12_m
ErrorBars=1
LineColor=orange
LineStyle=dashed
Path=//eos/home-y/yiyu/monobc/Rivet/X1500_Qd40.yoda.gz/JetMETAnalysis/jet12_m
ScaledBy=1.28797563000789208e-05
Title=X1500_Qd40
# xlow	 xhigh	 val	 errminus	 errplus
5.000000e+01	5.426665e+01	0.000000e+00	0.000000e+00	0.000000e+00
5.426665e+01	5.889739e+01	1.301805e-05	9.205150e-06	9.205150e-06
5.889739e+01	6.392328e+01	1.799180e-05	1.038757e-05	1.038757e-05
6.392328e+01	6.937805e+01	2.210293e-05	1.105146e-05	1.105146e-05
6.937805e+01	7.529829e+01	5.091280e-05	1.610004e-05	1.610004e-05
7.529829e+01	8.172373e+01	3.752783e-05	1.326809e-05	1.326809e-05
8.172373e+01	8.869746e+01	5.618812e-05	1.558378e-05	1.558378e-05
8.869746e+01	9.626628e+01	1.991169e-05	1.053628e-05	1.053628e-05
9.626628e+01	1.044810e+02	3.302296e-05	1.100765e-05	1.100765e-05
1.044810e+02	1.133967e+02	5.409173e-05	1.352293e-05	1.352293e-05
1.133967e+02	1.230731e+02	4.049448e-05	1.284331e-05	1.284331e-05
1.230731e+02	1.335753e+02	5.740054e-05	1.283515e-05	1.283515e-05
1.335753e+02	1.449737e+02	4.495431e-05	1.090302e-05	1.090302e-05
1.449737e+02	1.573448e+02	6.091132e-05	1.266018e-05	1.266018e-05
1.573448e+02	1.707715e+02	6.285720e-05	1.383849e-05	1.383849e-05
1.707715e+02	1.853439e+02	9.721494e-05	1.615475e-05	1.615475e-05
1.853439e+02	2.011599e+02	8.766528e-05	1.476200e-05	1.476200e-05
2.011599e+02	2.183255e+02	1.334507e-04	1.570552e-05	1.570552e-05
2.183255e+02	2.369559e+02	1.261940e-04	1.585184e-05	1.585184e-05
2.369559e+02	2.571760e+02	1.326701e-04	1.452930e-05	1.452930e-05
2.571760e+02	2.791217e+02	1.483340e-04	1.517039e-05	1.517039e-05
2.791217e+02	3.029400e+02	1.708399e-04	1.595711e-05	1.595711e-05
3.029400e+02	3.287907e+02	1.783961e-04	1.585915e-05	1.585915e-05
3.287907e+02	3.568475e+02	1.568487e-04	1.417108e-05	1.417108e-05
3.568475e+02	3.872983e+02	1.821317e-04	1.461490e-05	1.461490e-05
3.872983e+02	4.203477e+02	1.969956e-04	1.493035e-05	1.493035e-05
4.203477e+02	4.562172e+02	1.941123e-04	1.388425e-05	1.388425e-05
4.562172e+02	4.951476e+02	2.160139e-04	1.450544e-05	1.450544e-05
4.951476e+02	5.374001e+02	2.075902e-04	1.355400e-05	1.355400e-05
5.374001e+02	5.832581e+02	2.320204e-04	1.370869e-05	1.370869e-05
5.832581e+02	6.330293e+02	2.755495e-04	1.424134e-05	1.424134e-05
6.330293e+02	6.870476e+02	2.656026e-04	1.322798e-05	1.322798e-05
6.870476e+02	7.456754e+02	2.560308e-04	1.246670e-05	1.246670e-05
7.456754e+02	8.093062e+02	2.685852e-04	1.248796e-05	1.248796e-05
8.093062e+02	8.783667e+02	2.819480e-04	1.232929e-05	1.232929e-05
8.783667e+02	9.533204e+02	2.979830e-04	1.179980e-05	1.179980e-05
9.533204e+02	1.034670e+03	2.956745e-04	1.144419e-05	1.144419e-05
1.034670e+03	1.122962e+03	2.608184e-04	1.053328e-05	1.053328e-05
1.122962e+03	1.218787e+03	2.550988e-04	9.841898e-06	9.841898e-06
1.218787e+03	1.322790e+03	2.463425e-04	9.400010e-06	9.400010e-06
1.322790e+03	1.435668e+03	2.288431e-04	8.730636e-06	8.730636e-06
1.435668e+03	1.558178e+03	2.229066e-04	8.152597e-06	8.152597e-06
1.558178e+03	1.691142e+03	1.935932e-04	7.303498e-06	7.303498e-06
1.691142e+03	1.835452e+03	1.627074e-04	6.495059e-06	6.495059e-06
1.835452e+03	1.992077e+03	1.345186e-04	5.705578e-06	5.705578e-06
1.992077e+03	2.162067e+03	9.911854e-05	4.904262e-06	4.904262e-06
2.162067e+03	2.346563e+03	8.119623e-05	4.386791e-06	4.386791e-06
2.346563e+03	2.546802e+03	5.479222e-05	3.365911e-06	3.365911e-06
2.546802e+03	2.764129e+03	3.134448e-05	2.609482e-06	2.609482e-06
2.764129e+03	3.000000e+03	2.095732e-05	2.099780e-06	2.099780e-06
# END HISTO1D


# BEGIN HISTO1D //eos/home-y/yiyu/monobc/Rivet/X2000_Qd10.yoda.gz/JetMETAnalysis/jet12_m
ErrorBars=1
LineColor=lilac
LineStyle=dashed
Path=//eos/home-y/yiyu/monobc/Rivet/X2000_Qd10.yoda.gz/JetMETAnalysis/jet12_m
ScaledBy=1.12518448528534510e-05
Title=X2000_Qd10
# xlow	 xhigh	 val	 errminus	 errplus
5.000000e+01	5.426665e+01	1.579639e-06	1.116973e-06	1.116973e-06
5.426665e+01	5.889739e+01	7.277200e-07	7.277201e-07	7.277201e-07
5.889739e+01	6.392328e+01	6.705045e-07	6.705047e-07	6.705047e-07
6.392328e+01	6.937805e+01	1.235573e-06	8.736817e-07	8.736817e-07
6.937805e+01	7.529829e+01	5.692137e-07	5.692139e-07	5.692139e-07
7.529829e+01	8.172373e+01	1.573379e-06	1.172727e-06	1.172727e-06
8.172373e+01	8.869746e+01	3.865802e-06	1.366767e-06	1.366767e-06
8.869746e+01	9.626628e+01	3.561858e-06	1.259307e-06	1.259307e-06
9.626628e+01	1.044810e+02	3.281799e-06	1.297245e-06	1.297245e-06
1.044810e+02	1.133967e+02	5.291604e-06	1.414241e-06	1.414241e-06
1.133967e+02	1.230731e+02	6.616899e-06	1.595918e-06	1.595918e-06
1.230731e+02	1.335753e+02	4.813109e-06	1.322997e-06	1.322997e-06
1.335753e+02	1.449737e+02	6.504194e-06	1.507501e-06	1.507501e-06
1.449737e+02	1.573448e+02	5.720391e-06	1.466917e-06	1.466917e-06
1.573448e+02	1.707715e+02	8.784430e-06	1.607080e-06	1.607080e-06
1.707715e+02	1.853439e+02	3.931267e-06	1.156255e-06	1.156255e-06
1.853439e+02	2.011599e+02	6.392040e-06	1.278407e-06	1.278407e-06
2.011599e+02	2.183255e+02	7.263690e-06	1.482153e-06	1.482153e-06
2.183255e+02	2.369559e+02	5.607308e-06	1.213386e-06	1.213386e-06
2.369559e+02	2.571760e+02	7.499701e-06	1.343656e-06	1.343656e-06
2.571760e+02	2.791217e+02	7.984885e-06	1.390504e-06	1.390504e-06
2.791217e+02	3.029400e+02	1.004528e-05	1.517235e-06	1.517235e-06
3.029400e+02	3.287907e+02	7.430487e-06	1.283891e-06	1.283891e-06
3.287907e+02	3.568475e+02	8.047322e-06	1.353563e-06	1.353563e-06
3.568475e+02	3.872983e+02	7.525320e-06	1.337188e-06	1.337188e-06
3.872983e+02	4.203477e+02	1.019650e-05	1.305789e-06	1.305789e-06
4.203477e+02	4.562172e+02	9.112996e-06	1.396644e-06	1.396644e-06
4.562172e+02	4.951476e+02	1.229176e-05	1.283918e-06	1.283918e-06
4.951476e+02	5.374001e+02	8.613628e-06	1.161262e-06	1.161262e-06
5.374001e+02	5.832581e+02	8.891705e-06	1.253563e-06	1.253563e-06
5.832581e+02	6.330293e+02	8.869680e-06	1.182460e-06	1.182460e-06
6.330293e+02	6.870476e+02	9.419997e-06	1.175406e-06	1.175406e-06
6.870476e+02	7.456754e+02	1.074862e-05	1.184965e-06	1.184965e-06
7.456754e+02	8.093062e+02	1.271038e-05	1.135864e-06	1.135864e-06
8.093062e+02	8.783667e+02	1.580993e-05	1.160896e-06	1.160896e-06
8.783667e+02	9.533204e+02	1.569087e-05	1.161140e-06	1.161140e-06
9.533204e+02	1.034670e+03	1.445722e-05	1.095211e-06	1.095211e-06
1.034670e+03	1.122962e+03	1.446547e-05	1.043167e-06	1.043167e-06
1.122962e+03	1.218787e+03	1.480532e-05	1.006417e-06	1.006417e-06
1.218787e+03	1.322790e+03	1.396516e-05	9.529649e-07	9.529649e-07
1.322790e+03	1.435668e+03	1.606156e-05	9.383910e-07	9.383910e-07
1.435668e+03	1.558178e+03	1.279075e-05	8.641752e-07	8.641752e-07
1.558178e+03	1.691142e+03	1.254544e-05	8.224222e-07	8.224222e-07
1.691142e+03	1.835452e+03	1.258656e-05	7.867128e-07	7.867128e-07
1.835452e+03	1.992077e+03	9.466867e-06	7.083833e-07	7.083833e-07
1.992077e+03	2.162067e+03	9.594817e-06	6.448136e-07	6.448136e-07
2.162067e+03	2.346563e+03	7.452259e-06	5.712118e-07	5.712118e-07
2.346563e+03	2.546802e+03	5.536838e-06	5.012195e-07	5.012195e-07
2.546802e+03	2.764129e+03	4.496753e-06	4.172250e-07	4.172250e-07
2.764129e+03	3.000000e+03	2.357350e-06	3.490819e-07	3.490819e-07
# END HISTO1D


# BEGIN HISTO1D //eos/home-y/yiyu/monobc/Rivet/X2000_Qd20.yoda.gz/JetMETAnalysis/jet12_m
ErrorBars=1
LineColor=red
LineStyle=dashdotted
Path=//eos/home-y/yiyu/monobc/Rivet/X2000_Qd20.yoda.gz/JetMETAnalysis/jet12_m
ScaledBy=1.11430136845594263e-05
Title=X2000_Qd20
# xlow	 xhigh	 val	 errminus	 errplus
5.000000e+01	5.426665e+01	7.910410e-07	7.910408e-07	7.910408e-07
5.426665e+01	5.889739e+01	1.457691e-06	1.030743e-06	1.030743e-06
5.889739e+01	6.392328e+01	0.000000e+00	0.000000e+00	0.000000e+00
6.392328e+01	6.937805e+01	1.237484e-06	8.750332e-07	8.750332e-07
6.937805e+01	7.529829e+01	1.140188e-06	8.062350e-07	8.062350e-07
7.529829e+01	8.172373e+01	3.676894e-06	1.389735e-06	1.389735e-06
8.172373e+01	8.869746e+01	2.903836e-06	1.185486e-06	1.185486e-06
8.869746e+01	9.626628e+01	5.351051e-06	1.544715e-06	1.544715e-06
9.626628e+01	1.044810e+02	4.930313e-06	1.423259e-06	1.423259e-06
1.044810e+02	1.133967e+02	4.164119e-06	1.364904e-06	1.364904e-06
1.133967e+02	1.230731e+02	3.487966e-06	1.102991e-06	1.102991e-06
1.230731e+02	1.335753e+02	6.427405e-06	1.574386e-06	1.574386e-06
1.335753e+02	1.449737e+02	7.106460e-06	1.509832e-06	1.509832e-06
1.449737e+02	1.573448e+02	7.911806e-06	1.567237e-06	1.567237e-06
1.573448e+02	1.707715e+02	7.289784e-06	1.399579e-06	1.399579e-06
1.707715e+02	1.853439e+02	4.632174e-06	1.350499e-06	1.350499e-06
1.853439e+02	2.011599e+02	6.828718e-06	1.447332e-06	1.447332e-06
2.011599e+02	2.183255e+02	8.847888e-06	1.431413e-06	1.431413e-06
2.183255e+02	2.369559e+02	5.797138e-06	1.228691e-06	1.228691e-06
2.369559e+02	2.571760e+02	7.177467e-06	1.260202e-06	1.260202e-06
2.571760e+02	2.791217e+02	4.459996e-06	1.277500e-06	1.277500e-06
2.791217e+02	3.029400e+02	5.951474e-06	1.235327e-06	1.235327e-06
3.029400e+02	3.287907e+02	9.008712e-06	1.375546e-06	1.375546e-06
3.287907e+02	3.568475e+02	7.698886e-06	1.350309e-06	1.350309e-06
3.568475e+02	3.872983e+02	9.753711e-06	1.348398e-06	1.348398e-06
3.872983e+02	4.203477e+02	9.497413e-06	1.295792e-06	1.295792e-06
4.203477e+02	4.562172e+02	8.938904e-06	1.327355e-06	1.327355e-06
4.562172e+02	4.951476e+02	9.969995e-06	1.265281e-06	1.265281e-06
4.951476e+02	5.374001e+02	7.987918e-06	1.190173e-06	1.190173e-06
5.374001e+02	5.832581e+02	9.862242e-06	1.218277e-06	1.218277e-06
5.832581e+02	6.330293e+02	1.193495e-05	1.209265e-06	1.209265e-06
6.330293e+02	6.870476e+02	1.224619e-05	1.233893e-06	1.233893e-06
6.870476e+02	7.456754e+02	1.197418e-05	1.196532e-06	1.196532e-06
7.456754e+02	8.093062e+02	1.039620e-05	1.157236e-06	1.157236e-06
8.093062e+02	8.783667e+02	1.319532e-05	1.174952e-06	1.174952e-06
8.783667e+02	9.533204e+02	1.418416e-05	1.096529e-06	1.096529e-06
9.533204e+02	1.034670e+03	1.414767e-05	1.096905e-06	1.096905e-06
1.034670e+03	1.122962e+03	1.525238e-05	1.089958e-06	1.089958e-06
1.122962e+03	1.218787e+03	1.644841e-05	1.048984e-06	1.048984e-06
1.218787e+03	1.322790e+03	1.564182e-05	9.681329e-07	9.681329e-07
1.322790e+03	1.435668e+03	1.557809e-05	9.460053e-07	9.460053e-07
1.435668e+03	1.558178e+03	1.347172e-05	8.716284e-07	8.716284e-07
1.558178e+03	1.691142e+03	1.383402e-05	8.189876e-07	8.189876e-07
1.691142e+03	1.835452e+03	1.230199e-05	7.693132e-07	7.693132e-07
1.835452e+03	1.992077e+03	1.070980e-05	7.038937e-07	7.038937e-07
1.992077e+03	2.162067e+03	9.808206e-06	6.458110e-07	6.458110e-07
2.162067e+03	2.346563e+03	7.463788e-06	5.644395e-07	5.644395e-07
2.346563e+03	2.546802e+03	5.612828e-06	4.882230e-07	4.882230e-07
2.546802e+03	2.764129e+03	3.758267e-06	4.172928e-07	4.172928e-07
2.764129e+03	3.000000e+03	2.189288e-06	3.340486e-07	3.340486e-07
# END HISTO1D


# BEGIN HISTO1D //eos/home-y/yiyu/monobc/Rivet/X2000_Qd40.yoda.gz/JetMETAnalysis/jet12_m
ErrorBars=1
LineColor=blue
LineStyle=dashdotted
Path=//eos/home-y/yiyu/monobc/Rivet/X2000_Qd40.yoda.gz/JetMETAnalysis/jet12_m
ScaledBy=1.10839193459253869e-05
Title=X2000_Qd40
# xlow	 xhigh	 val	 errminus	 errplus
5.000000e+01	5.426665e+01	7.800007e-07	7.800008e-07	7.800008e-07
5.426665e+01	5.889739e+01	7.186735e-07	7.186736e-07	7.186736e-07
5.889739e+01	6.392328e+01	0.000000e+00	0.000000e+00	0.000000e+00
6.392328e+01	6.937805e+01	0.000000e+00	0.000000e+00	0.000000e+00
6.937805e+01	7.529829e+01	1.124275e-06	7.949826e-07	7.949826e-07
7.529829e+01	8.172373e+01	2.071759e-06	1.035879e-06	1.035879e-06
8.172373e+01	8.869746e+01	4.772181e-06	1.653132e-06	1.653132e-06
8.869746e+01	9.626628e+01	3.077881e-06	1.163330e-06	1.163330e-06
9.626628e+01	1.044810e+02	5.266627e-06	1.460700e-06	1.460700e-06
1.044810e+02	1.133967e+02	5.225822e-06	1.396659e-06	1.396659e-06
1.133967e+02	1.230731e+02	6.534642e-06	1.649423e-06	1.649423e-06
1.230731e+02	1.335753e+02	6.654586e-06	1.519727e-06	1.519727e-06
1.335753e+02	1.449737e+02	7.007278e-06	1.430355e-06	1.430355e-06
1.449737e+02	1.573448e+02	9.415460e-06	1.722525e-06	1.722525e-06
1.573448e+02	1.707715e+02	6.196590e-06	1.287937e-06	1.287937e-06
1.707715e+02	1.853439e+02	6.622911e-06	1.311922e-06	1.311922e-06
1.853439e+02	2.011599e+02	5.260480e-06	1.093370e-06	1.093370e-06
2.011599e+02	2.183255e+02	4.459137e-06	1.271327e-06	1.271327e-06
2.183255e+02	2.369559e+02	7.145289e-06	1.360423e-06	1.360423e-06
2.369559e+02	2.571760e+02	7.406467e-06	1.306378e-06	1.306378e-06
2.571760e+02	2.791217e+02	7.885622e-06	1.322024e-06	1.322024e-06
2.791217e+02	3.029400e+02	8.523169e-06	1.361862e-06	1.361862e-06
3.029400e+02	3.287907e+02	8.625503e-06	1.280935e-06	1.280935e-06
3.287907e+02	3.568475e+02	5.812192e-06	1.293949e-06	1.293949e-06
3.568475e+02	3.872983e+02	9.399001e-06	1.338533e-06	1.338533e-06
3.872983e+02	4.203477e+02	8.559281e-06	1.316790e-06	1.316790e-06
4.203477e+02	4.562172e+02	7.515220e-06	1.227370e-06	1.227370e-06
4.562172e+02	4.951476e+02	8.805021e-06	1.265072e-06	1.265072e-06
4.951476e+02	5.374001e+02	8.821606e-06	1.225285e-06	1.225285e-06
5.374001e+02	5.832581e+02	9.506884e-06	1.220844e-06	1.220844e-06
5.832581e+02	6.330293e+02	1.109972e-05	1.138683e-06	1.138683e-06
6.330293e+02	6.870476e+02	1.176724e-05	1.160794e-06	1.160794e-06
6.870476e+02	7.456754e+02	1.180706e-05	1.168857e-06	1.168857e-06
7.456754e+02	8.093062e+02	1.176785e-05	1.151822e-06	1.151822e-06
8.093062e+02	8.783667e+02	1.248108e-05	1.106261e-06	1.106261e-06
8.783667e+02	9.533204e+02	1.349779e-05	1.117979e-06	1.117979e-06
9.533204e+02	1.034670e+03	1.554569e-05	1.120359e-06	1.120359e-06
1.034670e+03	1.122962e+03	1.462488e-05	1.037756e-06	1.037756e-06
1.122962e+03	1.218787e+03	1.472547e-05	1.022026e-06	1.022026e-06
1.218787e+03	1.322790e+03	1.436754e-05	9.774105e-07	9.774105e-07
1.322790e+03	1.435668e+03	1.353273e-05	9.053750e-07	9.053750e-07
1.435668e+03	1.558178e+03	1.355536e-05	8.714013e-07	8.714013e-07
1.558178e+03	1.691142e+03	1.479229e-05	8.152777e-07	8.152777e-07
1.691142e+03	1.835452e+03	1.272989e-05	7.564701e-07	7.564701e-07
1.835452e+03	1.992077e+03	1.009287e-05	6.849023e-07	6.849023e-07
1.992077e+03	2.162067e+03	9.162298e-06	6.252573e-07	6.252573e-07
2.162067e+03	2.346563e+03	7.846653e-06	5.678478e-07	5.678478e-07
2.346563e+03	2.546802e+03	5.584352e-06	4.770863e-07	4.770863e-07
2.546802e+03	2.764129e+03	4.578672e-06	4.162848e-07	4.162848e-07
2.764129e+03	3.000000e+03	3.005294e-06	3.464704e-07	3.464704e-07
# END HISTO1D


# BEGIN HISTO1D //eos/home-y/yiyu/monobc/Rivet/X600_Qd10.yoda.gz/JetMETAnalysis/jet12_m
ErrorBars=1
LineColor=green
LineStyle=dashdotted
Path=//eos/home-y/yiyu/monobc/Rivet/X600_Qd10.yoda.gz/JetMETAnalysis/jet12_m
ScaledBy=1.57533529470536090e-05
Title=X600_Qd10
# xlow	 xhigh	 val	 errminus	 errplus
5.000000e+01	5.426665e+01	1.173924e-02	2.847185e-03	2.847185e-03
5.426665e+01	5.889739e+01	1.081625e-02	2.623326e-03	2.623326e-03
5.889739e+01	6.392328e+01	1.113830e-02	2.686426e-03	2.686426e-03
6.392328e+01	6.937805e+01	1.404349e-02	2.958437e-03	2.958437e-03
6.937805e+01	7.529829e+01	1.841368e-02	3.027190e-03	3.027190e-03
7.529829e+01	8.172373e+01	1.971714e-02	3.006835e-03	3.006835e-03
8.172373e+01	8.869746e+01	2.450423e-02	3.217563e-03	3.217563e-03
8.869746e+01	9.626628e+01	3.036299e-02	3.437932e-03	3.437932e-03
9.626628e+01	1.044810e+02	3.658352e-02	3.622309e-03	3.622309e-03
1.044810e+02	1.133967e+02	4.229926e-02	3.767857e-03	3.767857e-03
1.133967e+02	1.230731e+02	3.288426e-02	3.164290e-03	3.164290e-03
1.230731e+02	1.335753e+02	4.432564e-02	3.548607e-03	3.548607e-03
1.335753e+02	1.449737e+02	4.239144e-02	3.389991e-03	3.389991e-03
1.449737e+02	1.573448e+02	4.429786e-02	3.248077e-03	3.248077e-03
1.573448e+02	1.707715e+02	4.827603e-02	3.284225e-03	3.284225e-03
1.707715e+02	1.853439e+02	4.771546e-02	3.119145e-03	3.119145e-03
1.853439e+02	2.011599e+02	4.731679e-02	2.992205e-03	2.992205e-03
2.011599e+02	2.183255e+02	5.475325e-02	3.094289e-03	3.094289e-03
2.183255e+02	2.369559e+02	6.373250e-02	3.190459e-03	3.190459e-03
2.369559e+02	2.571760e+02	5.449622e-02	2.847912e-03	2.847912e-03
2.571760e+02	2.791217e+02	5.880346e-02	2.828917e-03	2.828917e-03
2.791217e+02	3.029400e+02	6.469475e-02	2.845085e-03	2.845085e-03
3.029400e+02	3.287907e+02	6.211584e-02	2.685050e-03	2.685050e-03
3.287907e+02	3.568475e+02	6.804796e-02	2.701899e-03	2.701899e-03
3.568475e+02	3.872983e+02	6.560081e-02	2.534204e-03	2.534204e-03
3.872983e+02	4.203477e+02	7.051656e-02	2.541908e-03	2.541908e-03
4.203477e+02	4.562172e+02	6.677955e-02	2.356420e-03	2.356420e-03
4.562172e+02	4.951476e+02	6.591854e-02	2.251443e-03	2.251443e-03
4.951476e+02	5.374001e+02	6.247895e-02	2.098891e-03	2.098891e-03
5.374001e+02	5.832581e+02	6.296354e-02	2.025612e-03	2.025612e-03
5.832581e+02	6.330293e+02	5.523086e-02	1.829371e-03	1.829371e-03
6.330293e+02	6.870476e+02	5.127022e-02	1.688185e-03	1.688185e-03
6.870476e+02	7.456754e+02	4.960114e-02	1.585208e-03	1.585208e-03
7.456754e+02	8.093062e+02	4.097832e-02	1.386778e-03	1.386778e-03
8.093062e+02	8.783667e+02	3.596467e-02	1.254748e-03	1.254748e-03
8.783667e+02	9.533204e+02	2.952060e-02	1.082944e-03	1.082944e-03
9.533204e+02	1.034670e+03	2.629417e-02	9.852323e-04	9.852323e-04
1.034670e+03	1.122962e+03	2.179064e-02	8.605332e-04	8.605332e-04
1.122962e+03	1.218787e+03	1.657250e-02	7.191062e-04	7.191062e-04
1.218787e+03	1.322790e+03	1.263477e-02	6.036153e-04	6.036153e-04
1.322790e+03	1.435668e+03	8.456953e-03	4.798740e-04	4.798740e-04
1.435668e+03	1.558178e+03	5.892135e-03	3.840403e-04	3.840403e-04
1.558178e+03	1.691142e+03	3.766978e-03	2.989371e-04	2.989371e-04
1.691142e+03	1.835452e+03	2.307067e-03	2.227179e-04	2.227179e-04
1.835452e+03	1.992077e+03	1.561332e-03	1.794477e-04	1.794477e-04
1.992077e+03	2.162067e+03	9.706059e-04	1.342550e-04	1.342550e-04
2.162067e+03	2.346563e+03	4.311764e-04	8.599838e-05	8.599838e-05
2.346563e+03	2.546802e+03	2.942792e-04	6.901458e-05	6.901458e-05
2.546802e+03	2.764129e+03	1.355703e-04	5.072576e-05	5.072576e-05
2.764129e+03	3.000000e+03	9.992950e-05	3.533041e-05	3.533041e-05
# END HISTO1D


# BEGIN HISTO1D //eos/home-y/yiyu/monobc/Rivet/X600_Qd20.yoda.gz/JetMETAnalysis/jet12_m
ErrorBars=1
LineColor=orange
LineStyle=dashdotted
Path=//eos/home-y/yiyu/monobc/Rivet/X600_Qd20.yoda.gz/JetMETAnalysis/jet12_m
ScaledBy=1.56410006686483217e-05
Title=X600_Qd20
# xlow	 xhigh	 val	 errminus	 errplus
5.000000e+01	5.426665e+01	6.822702e-03	2.157528e-03	2.157528e-03
5.426665e+01	5.889739e+01	8.172152e-03	2.266547e-03	2.266547e-03
5.889739e+01	6.392328e+01	9.267240e-03	2.316810e-03	2.316810e-03
6.392328e+01	6.937805e+01	1.440890e-02	2.772994e-03	2.772994e-03
6.937805e+01	7.529829e+01	1.229261e-02	2.554971e-03	2.554971e-03
7.529829e+01	8.172373e+01	2.129308e-02	3.105915e-03	3.105915e-03
8.172373e+01	8.869746e+01	2.588034e-02	3.286807e-03	3.286807e-03
8.869746e+01	9.626628e+01	2.923000e-02	3.352911e-03	3.352911e-03
9.626628e+01	1.044810e+02	3.720832e-02	3.631160e-03	3.631160e-03
1.044810e+02	1.133967e+02	3.689492e-02	3.470781e-03	3.470781e-03
1.133967e+02	1.230731e+02	3.820616e-02	3.416839e-03	3.416839e-03
1.230731e+02	1.335753e+02	4.351739e-02	3.517030e-03	3.517030e-03
1.335753e+02	1.449737e+02	4.903439e-02	3.557135e-03	3.557135e-03
1.449737e+02	1.573448e+02	4.329651e-02	3.191861e-03	3.191861e-03
1.573448e+02	1.707715e+02	4.552956e-02	3.156764e-03	3.156764e-03
1.707715e+02	1.853439e+02	5.053973e-02	3.202425e-03	3.202425e-03
1.853439e+02	2.011599e+02	5.355990e-02	3.161242e-03	3.161242e-03
2.011599e+02	2.183255e+02	5.528433e-02	3.108523e-03	3.108523e-03
2.183255e+02	2.369559e+02	5.640641e-02	2.993328e-03	2.993328e-03
2.369559e+02	2.571760e+02	5.902607e-02	2.936343e-03	2.936343e-03
2.571760e+02	2.791217e+02	6.128244e-02	2.881808e-03	2.881808e-03
2.791217e+02	3.029400e+02	6.440850e-02	2.821606e-03	2.821606e-03
3.029400e+02	3.287907e+02	6.170947e-02	2.655269e-03	2.655269e-03
3.287907e+02	3.568475e+02	6.858148e-02	2.679589e-03	2.679589e-03
3.568475e+02	3.872983e+02	6.615320e-02	2.532872e-03	2.532872e-03
3.872983e+02	4.203477e+02	6.896706e-02	2.474106e-03	2.474106e-03
4.203477e+02	4.562172e+02	6.240859e-02	2.268003e-03	2.268003e-03
4.562172e+02	4.951476e+02	6.557739e-02	2.221953e-03	2.221953e-03
4.951476e+02	5.374001e+02	6.489959e-02	2.145739e-03	2.145739e-03
5.374001e+02	5.832581e+02	5.979698e-02	1.958605e-03	1.958605e-03
5.832581e+02	6.330293e+02	5.345786e-02	1.779799e-03	1.779799e-03
6.330293e+02	6.870476e+02	5.167984e-02	1.686141e-03	1.686141e-03
6.870476e+02	7.456754e+02	4.692148e-02	1.532803e-03	1.532803e-03
7.456754e+02	8.093062e+02	4.163107e-02	1.392136e-03	1.392136e-03
8.093062e+02	8.783667e+02	3.439568e-02	1.208508e-03	1.208508e-03
8.783667e+02	9.533204e+02	3.002133e-02	1.093672e-03	1.093672e-03
9.533204e+02	1.034670e+03	2.633697e-02	9.812890e-04	9.812890e-04
1.034670e+03	1.122962e+03	1.971620e-02	8.182999e-04	8.182999e-04
1.122962e+03	1.218787e+03	1.552335e-02	6.907325e-04	6.907325e-04
1.218787e+03	1.322790e+03	1.158771e-02	5.749814e-04	5.749814e-04
1.322790e+03	1.435668e+03	8.587730e-03	4.748255e-04	4.748255e-04
1.435668e+03	1.558178e+03	5.607689e-03	3.726829e-04	3.726829e-04
1.558178e+03	1.691142e+03	4.312962e-03	3.149884e-04	3.149884e-04
1.691142e+03	1.835452e+03	2.642520e-03	2.412210e-04	2.412210e-04
1.835452e+03	1.992077e+03	1.486868e-03	1.683020e-04	1.683020e-04
1.992077e+03	2.162067e+03	9.418525e-04	1.315364e-04	1.315364e-04
2.162067e+03	2.346563e+03	3.944541e-04	8.784911e-05	8.784911e-05
2.346563e+03	2.546802e+03	3.198288e-04	7.412786e-05	7.412786e-05
2.546802e+03	2.764129e+03	1.741298e-04	5.187708e-05	5.187708e-05
2.764129e+03	3.000000e+03	1.110738e-04	4.449801e-05	4.449801e-05
# END HISTO1D


# BEGIN HISTO1D //eos/home-y/yiyu/monobc/Rivet/X600_Qd40.yoda.gz/JetMETAnalysis/jet12_m
ErrorBars=1
LineColor=lilac
LineStyle=dashdotted
Path=//eos/home-y/yiyu/monobc/Rivet/X600_Qd40.yoda.gz/JetMETAnalysis/jet12_m
ScaledBy=1.56869321066331316e-05
Title=X600_Qd40
# xlow	 xhigh	 val	 errminus	 errplus
5.000000e+01	5.426665e+01	1.075155e-02	2.850936e-03	2.850936e-03
5.426665e+01	5.889739e+01	9.287079e-03	2.397914e-03	2.397914e-03
5.889739e+01	6.392328e+01	9.127363e-03	2.281840e-03	2.281840e-03
6.392328e+01	6.937805e+01	1.681945e-02	2.973287e-03	2.973287e-03
6.937805e+01	7.529829e+01	1.162279e-02	2.372491e-03	2.372491e-03
7.529829e+01	8.172373e+01	1.517100e-02	2.677236e-03	2.677236e-03
8.172373e+01	8.869746e+01	2.384522e-02	3.131029e-03	3.131029e-03
8.869746e+01	9.626628e+01	2.386441e-02	3.006633e-03	3.006633e-03
9.626628e+01	1.044810e+02	2.547818e-02	2.981995e-03	2.981995e-03
1.044810e+02	1.133967e+02	3.987535e-02	3.580912e-03	3.580912e-03
1.133967e+02	1.230731e+02	3.585171e-02	3.259246e-03	3.259246e-03
1.230731e+02	1.335753e+02	4.149555e-02	3.365734e-03	3.365734e-03
1.335753e+02	1.449737e+02	4.603048e-02	3.402671e-03	3.402671e-03
1.449737e+02	1.573448e+02	4.241125e-02	3.169208e-03	3.169208e-03
1.573448e+02	1.707715e+02	4.548295e-02	3.131037e-03	3.131037e-03
1.707715e+02	1.853439e+02	4.780942e-02	3.066976e-03	3.066976e-03
1.853439e+02	2.011599e+02	5.547062e-02	3.181391e-03	3.181391e-03
2.011599e+02	2.183255e+02	5.879253e-02	3.169061e-03	3.169061e-03
2.183255e+02	2.369559e+02	5.924843e-02	3.050791e-03	3.050791e-03
2.369559e+02	2.571760e+02	6.366507e-02	3.011226e-03	3.011226e-03
2.571760e+02	2.791217e+02	5.787521e-02	2.768293e-03	2.768293e-03
2.791217e+02	3.029400e+02	6.331598e-02	2.797206e-03	2.797206e-03
3.029400e+02	3.287907e+02	6.443802e-02	2.691681e-03	2.691681e-03
3.287907e+02	3.568475e+02	6.488940e-02	2.599275e-03	2.599275e-03
3.568475e+02	3.872983e+02	6.355406e-02	2.457045e-03	2.457045e-03
3.872983e+02	4.203477e+02	6.575729e-02	2.397847e-03	2.397847e-03
4.203477e+02	4.562172e+02	6.482371e-02	2.298612e-03	2.298612e-03
4.562172e+02	4.951476e+02	6.178904e-02	2.145869e-03	2.145869e-03
4.951476e+02	5.374001e+02	5.774515e-02	1.986444e-03	1.986444e-03
5.374001e+02	5.832581e+02	5.889441e-02	1.933090e-03	1.933090e-03
5.832581e+02	6.330293e+02	5.610727e-02	1.808834e-03	1.808834e-03
6.330293e+02	6.870476e+02	4.946674e-02	1.635909e-03	1.635909e-03
6.870476e+02	7.456754e+02	4.640885e-02	1.509667e-03	1.509667e-03
7.456754e+02	8.093062e+02	4.118292e-02	1.372603e-03	1.372603e-03
8.093062e+02	8.783667e+02	4.035291e-02	1.307568e-03	1.307568e-03
8.783667e+02	9.533204e+02	3.029496e-02	1.084609e-03	1.084609e-03
9.533204e+02	1.034670e+03	2.301421e-02	9.129440e-04	9.129440e-04
1.034670e+03	1.122962e+03	2.019796e-02	8.176389e-04	8.176389e-04
1.122962e+03	1.218787e+03	1.466073e-02	6.690283e-04	6.690283e-04
1.218787e+03	1.322790e+03	1.171606e-02	5.789109e-04	5.789109e-04
1.322790e+03	1.435668e+03	8.102512e-03	4.579000e-04	4.579000e-04
1.435668e+03	1.558178e+03	5.920894e-03	3.780829e-04	3.780829e-04
1.558178e+03	1.691142e+03	3.838170e-03	2.924915e-04	2.924915e-04
1.691142e+03	1.835452e+03	2.403960e-03	2.238946e-04	2.238946e-04
1.835452e+03	1.992077e+03	1.757310e-03	1.866783e-04	1.866783e-04
1.992077e+03	2.162067e+03	8.939038e-04	1.273363e-04	1.273363e-04
2.162067e+03	2.346563e+03	4.972804e-04	9.324008e-05	9.324008e-05
2.346563e+03	2.546802e+03	3.006830e-04	6.561442e-05	6.561442e-05
2.546802e+03	2.764129e+03	1.319242e-04	4.171811e-05	4.171811e-05
2.764129e+03	3.000000e+03	6.077623e-05	3.215976e-05	3.215976e-05
# END HISTO1D


# BEGIN HISTO1D //eos/home-y/yiyu/monobc/Rivet/X800_Qd10.yoda.gz/JetMETAnalysis/jet12_m
ErrorBars=1
LineColor=red
LineStyle=dotted
Path=//eos/home-y/yiyu/monobc/Rivet/X800_Qd10.yoda.gz/JetMETAnalysis/jet12_m
ScaledBy=1.47308375736674233e-05
Title=X800_Qd10
# xlow	 xhigh	 val	 errminus	 errplus
5.000000e+01	5.426665e+01	1.311420e-03	5.353849e-04	5.353849e-04
5.426665e+01	5.889739e+01	1.006925e-03	4.503106e-04	4.503106e-04
5.889739e+01	6.392328e+01	2.041067e-03	6.154048e-04	6.154048e-04
6.392328e+01	6.937805e+01	2.222514e-03	6.164145e-04	6.164145e-04
6.937805e+01	7.529829e+01	2.205292e-03	5.893894e-04	5.893894e-04
7.529829e+01	8.172373e+01	3.047852e-03	6.650959e-04	6.650959e-04
8.172373e+01	8.869746e+01	3.209399e-03	6.551158e-04	6.551158e-04
8.869746e+01	9.626628e+01	4.558806e-03	7.694523e-04	7.694523e-04
9.626628e+01	1.044810e+02	4.313883e-03	7.179840e-04	7.179840e-04
1.044810e+02	1.133967e+02	5.962068e-03	7.896953e-04	7.896953e-04
1.133967e+02	1.230731e+02	8.384612e-03	9.294054e-04	9.294054e-04
1.230731e+02	1.335753e+02	7.370133e-03	8.089772e-04	8.089772e-04
1.335753e+02	1.449737e+02	8.672404e-03	8.580844e-04	8.580844e-04
1.449737e+02	1.573448e+02	8.216666e-03	7.870140e-04	7.870140e-04
1.573448e+02	1.707715e+02	1.132129e-02	8.867517e-04	8.867517e-04
1.707715e+02	1.853439e+02	1.081516e-02	8.513989e-04	8.513989e-04
1.853439e+02	2.011599e+02	1.067234e-02	8.019860e-04	8.019860e-04
2.011599e+02	2.183255e+02	1.249529e-02	8.345926e-04	8.345926e-04
2.183255e+02	2.369559e+02	1.156291e-02	7.673425e-04	7.673425e-04
2.369559e+02	2.571760e+02	1.365167e-02	8.041388e-04	8.041388e-04
2.571760e+02	2.791217e+02	1.402303e-02	7.835515e-04	7.835515e-04
2.791217e+02	3.029400e+02	1.366445e-02	7.377020e-04	7.377020e-04
3.029400e+02	3.287907e+02	1.305912e-02	6.920367e-04	6.920367e-04
3.287907e+02	3.568475e+02	1.625355e-02	7.380111e-04	7.380111e-04
3.568475e+02	3.872983e+02	1.512884e-02	6.861683e-04	6.861683e-04
3.872983e+02	4.203477e+02	1.551946e-02	6.713086e-04	6.713086e-04
4.203477e+02	4.562172e+02	1.791313e-02	6.883530e-04	6.883530e-04
4.562172e+02	4.951476e+02	1.734312e-02	6.516352e-04	6.516352e-04
4.951476e+02	5.374001e+02	1.626644e-02	6.072578e-04	6.072578e-04
5.374001e+02	5.832581e+02	1.696010e-02	5.942803e-04	5.942803e-04
5.832581e+02	6.330293e+02	1.594516e-02	5.517076e-04	5.517076e-04
6.330293e+02	6.870476e+02	1.603808e-02	5.329458e-04	5.329458e-04
6.870476e+02	7.456754e+02	1.490437e-02	4.936136e-04	4.936136e-04
7.456754e+02	8.093062e+02	1.464117e-02	4.701299e-04	4.701299e-04
8.093062e+02	8.783667e+02	1.284187e-02	4.233744e-04	4.233744e-04
8.783667e+02	9.533204e+02	1.247916e-02	3.975551e-04	3.975551e-04
9.533204e+02	1.034670e+03	1.076435e-02	3.568486e-04	3.568486e-04
1.034670e+03	1.122962e+03	9.315898e-03	3.196715e-04	3.196715e-04
1.122962e+03	1.218787e+03	7.289211e-03	2.709253e-04	2.709253e-04
1.218787e+03	1.322790e+03	6.976077e-03	2.539328e-04	2.539328e-04
1.322790e+03	1.435668e+03	4.981792e-03	2.081877e-04	2.081877e-04
1.435668e+03	1.558178e+03	3.813676e-03	1.747476e-04	1.747476e-04
1.558178e+03	1.691142e+03	2.749347e-03	1.413209e-04	1.413209e-04
1.691142e+03	1.835452e+03	1.738335e-03	1.090947e-04	1.090947e-04
1.835452e+03	1.992077e+03	1.208683e-03	8.931156e-05	8.931156e-05
1.992077e+03	2.162067e+03	9.051868e-04	7.339739e-05	7.339739e-05
2.162067e+03	2.346563e+03	3.993169e-04	4.874522e-05	4.874522e-05
2.346563e+03	2.546802e+03	2.794346e-04	3.783562e-05	3.783562e-05
2.546802e+03	2.764129e+03	1.930974e-04	2.878526e-05	2.878526e-05
2.764129e+03	3.000000e+03	1.186108e-04	2.236547e-05	2.236547e-05
# END HISTO1D


# BEGIN HISTO1D //eos/home-y/yiyu/monobc/Rivet/X800_Qd20.yoda.gz/JetMETAnalysis/jet12_m
ErrorBars=1
LineColor=blue
LineStyle=dotted
Path=//eos/home-y/yiyu/monobc/Rivet/X800_Qd20.yoda.gz/JetMETAnalysis/jet12_m
ScaledBy=1.47466832779571235e-05
Title=X800_Qd20
# xlow	 xhigh	 val	 errminus	 errplus
5.000000e+01	5.426665e+01	1.092770e-03	4.887018e-04	4.887018e-04
5.426665e+01	5.889739e+01	1.812333e-03	6.041110e-04	6.041110e-04
5.889739e+01	6.392328e+01	1.855380e-03	5.867227e-04	5.867227e-04
6.392328e+01	6.937805e+01	2.393302e-03	6.396368e-04	6.396368e-04
6.937805e+01	7.529829e+01	2.362642e-03	6.100315e-04	6.100315e-04
7.529829e+01	8.172373e+01	2.176880e-03	5.620678e-04	5.620678e-04
8.172373e+01	8.869746e+01	3.476596e-03	7.323884e-04	7.323884e-04
8.869746e+01	9.626628e+01	3.080049e-03	6.160099e-04	6.160099e-04
9.626628e+01	1.044810e+02	5.108174e-03	7.782194e-04	7.782194e-04
1.044810e+02	1.133967e+02	6.902945e-03	8.496938e-04	8.496938e-04
1.133967e+02	1.230731e+02	6.745748e-03	8.289875e-04	8.289875e-04
1.230731e+02	1.335753e+02	7.724758e-03	8.281810e-04	8.281810e-04
1.335753e+02	1.449737e+02	7.771871e-03	7.973772e-04	7.973772e-04
1.449737e+02	1.573448e+02	9.346719e-03	8.393602e-04	8.393602e-04
1.573448e+02	1.707715e+02	1.048706e-02	8.590577e-04	8.590577e-04
1.707715e+02	1.853439e+02	1.126231e-02	8.537384e-04	8.537384e-04
1.853439e+02	2.011599e+02	1.037676e-02	7.866096e-04	7.866096e-04
2.011599e+02	2.183255e+02	1.238574e-02	8.309882e-04	8.309882e-04
2.183255e+02	2.369559e+02	1.221275e-02	7.913957e-04	7.913957e-04
2.369559e+02	2.571760e+02	1.374291e-02	8.014308e-04	8.014308e-04
2.571760e+02	2.791217e+02	1.249234e-02	7.335076e-04	7.335076e-04
2.791217e+02	3.029400e+02	1.448561e-02	7.671862e-04	7.671862e-04
3.029400e+02	3.287907e+02	1.439284e-02	7.312982e-04	7.312982e-04
3.287907e+02	3.568475e+02	1.592001e-02	7.364589e-04	7.364589e-04
3.568475e+02	3.872983e+02	1.528086e-02	6.962937e-04	6.962937e-04
3.872983e+02	4.203477e+02	1.588513e-02	6.789247e-04	6.789247e-04
4.203477e+02	4.562172e+02	1.604005e-02	6.530332e-04	6.530332e-04
4.562172e+02	4.951476e+02	1.638374e-02	6.364428e-04	6.364428e-04
4.951476e+02	5.374001e+02	1.705976e-02	6.207000e-04	6.207000e-04
5.374001e+02	5.832581e+02	1.600315e-02	5.747834e-04	5.747834e-04
5.832581e+02	6.330293e+02	1.620630e-02	5.579941e-04	5.579941e-04
6.330293e+02	6.870476e+02	1.496663e-02	5.135428e-04	5.135428e-04
6.870476e+02	7.456754e+02	1.534863e-02	4.976611e-04	4.976611e-04
7.456754e+02	8.093062e+02	1.359961e-02	4.535877e-04	4.535877e-04
8.093062e+02	8.783667e+02	1.343505e-02	4.343966e-04	4.343966e-04
8.783667e+02	9.533204e+02	1.219211e-02	3.945952e-04	3.945952e-04
9.533204e+02	1.034670e+03	1.085527e-02	3.612144e-04	3.612144e-04
1.034670e+03	1.122962e+03	9.304660e-03	3.166682e-04	3.166682e-04
1.122962e+03	1.218787e+03	8.067178e-03	2.858726e-04	2.858726e-04
1.218787e+03	1.322790e+03	6.912807e-03	2.524856e-04	2.524856e-04
1.322790e+03	1.435668e+03	4.989690e-03	2.050345e-04	2.050345e-04
1.435668e+03	1.558178e+03	3.699224e-03	1.712181e-04	1.712181e-04
1.558178e+03	1.691142e+03	2.580832e-03	1.392066e-04	1.392066e-04
1.691142e+03	1.835452e+03	1.744670e-03	1.104183e-04	1.104183e-04
1.835452e+03	1.992077e+03	1.268132e-03	8.930506e-05	8.930506e-05
1.992077e+03	2.162067e+03	7.844379e-04	6.917053e-05	6.917053e-05
2.162067e+03	2.346563e+03	4.852105e-04	5.443623e-05	5.443623e-05
2.346563e+03	2.546802e+03	3.539247e-04	4.165261e-05	4.165261e-05
2.546802e+03	2.764129e+03	1.716296e-04	2.846155e-05	2.846155e-05
2.764129e+03	3.000000e+03	7.906809e-05	2.091946e-05	2.091946e-05
# END HISTO1D


# BEGIN HISTO1D //eos/home-y/yiyu/monobc/Rivet/X800_Qd40.yoda.gz/JetMETAnalysis/jet12_m
ErrorBars=1
LineColor=green
LineStyle=dotted
Path=//eos/home-y/yiyu/monobc/Rivet/X800_Qd40.yoda.gz/JetMETAnalysis/jet12_m
ScaledBy=1.48255274573354104e-05
Title=X800_Qd40
# xlow	 xhigh	 val	 errminus	 errplus
5.000000e+01	5.426665e+01	4.346091e-04	3.073150e-04	3.073150e-04
5.426665e+01	5.889739e+01	1.201314e-03	4.904345e-04	4.904345e-04
5.889739e+01	6.392328e+01	2.213727e-03	6.390479e-04	6.390479e-04
6.392328e+01	6.937805e+01	1.019837e-03	4.163465e-04	4.163465e-04
6.937805e+01	7.529829e+01	2.662352e-03	6.457151e-04	6.457151e-04
7.529829e+01	8.172373e+01	3.318797e-03	6.920171e-04	6.920171e-04
8.172373e+01	8.869746e+01	3.722620e-03	7.282010e-04	7.282010e-04
8.869746e+01	9.626628e+01	4.287416e-03	7.451239e-04	7.451239e-04
9.626628e+01	1.044810e+02	3.160248e-03	5.972306e-04	5.972306e-04
1.044810e+02	1.133967e+02	5.615574e-03	7.641827e-04	7.641827e-04
1.133967e+02	1.230731e+02	7.186266e-03	8.729332e-04	8.729332e-04
1.230731e+02	1.335753e+02	8.563420e-03	8.694835e-04	8.694835e-04
1.335753e+02	1.449737e+02	1.024903e-02	9.130556e-04	9.130556e-04
1.449737e+02	1.573448e+02	1.026758e-02	8.899323e-04	8.899323e-04
1.573448e+02	1.707715e+02	9.598457e-03	8.257613e-04	8.257613e-04
1.707715e+02	1.853439e+02	1.196141e-02	8.952766e-04	8.952766e-04
1.853439e+02	2.011599e+02	1.049330e-02	7.843063e-04	7.843063e-04
2.011599e+02	2.183255e+02	9.722305e-03	7.366366e-04	7.366366e-04
2.183255e+02	2.369559e+02	1.069971e-02	7.530978e-04	7.530978e-04
2.369559e+02	2.571760e+02	1.251800e-02	7.631543e-04	7.631543e-04
2.571760e+02	2.791217e+02	1.394185e-02	7.813029e-04	7.813029e-04
2.791217e+02	3.029400e+02	1.315715e-02	7.323971e-04	7.323971e-04
3.029400e+02	3.287907e+02	1.499201e-02	7.385270e-04	7.385270e-04
3.287907e+02	3.568475e+02	1.463934e-02	7.048932e-04	7.048932e-04
3.568475e+02	3.872983e+02	1.543708e-02	6.989762e-04	6.989762e-04
3.872983e+02	4.203477e+02	1.528934e-02	6.632819e-04	6.632819e-04
4.203477e+02	4.562172e+02	1.563817e-02	6.492996e-04	6.492996e-04
4.562172e+02	4.951476e+02	1.657586e-02	6.381593e-04	6.381593e-04
4.951476e+02	5.374001e+02	1.711583e-02	6.159798e-04	6.159798e-04
5.374001e+02	5.832581e+02	1.613406e-02	5.761276e-04	5.761276e-04
5.832581e+02	6.330293e+02	1.583422e-02	5.500928e-04	5.500928e-04
6.330293e+02	6.870476e+02	1.632283e-02	5.364906e-04	5.364906e-04
6.870476e+02	7.456754e+02	1.548228e-02	5.003446e-04	5.003446e-04
7.456754e+02	8.093062e+02	1.445440e-02	4.616951e-04	4.616951e-04
8.093062e+02	8.783667e+02	1.381470e-02	4.364792e-04	4.364792e-04
8.783667e+02	9.533204e+02	1.253061e-02	3.975693e-04	3.975693e-04
9.533204e+02	1.034670e+03	1.085019e-02	3.553313e-04	3.553313e-04
1.034670e+03	1.122962e+03	9.083444e-03	3.141564e-04	3.141564e-04
1.122962e+03	1.218787e+03	7.914624e-03	2.814247e-04	2.814247e-04
1.218787e+03	1.322790e+03	6.195762e-03	2.397061e-04	2.397061e-04
1.322790e+03	1.435668e+03	4.821527e-03	2.053461e-04	2.053461e-04
1.435668e+03	1.558178e+03	3.837004e-03	1.740653e-04	1.740653e-04
1.558178e+03	1.691142e+03	2.482400e-03	1.359294e-04	1.359294e-04
1.691142e+03	1.835452e+03	1.798943e-03	1.127547e-04	1.127547e-04
1.835452e+03	1.992077e+03	1.284560e-03	8.918824e-05	8.918824e-05
1.992077e+03	2.162067e+03	8.126784e-04	6.834114e-05	6.834114e-05
2.162067e+03	2.346563e+03	4.774110e-04	5.246650e-05	5.246650e-05
2.346563e+03	2.546802e+03	2.731864e-04	3.901542e-05	3.901542e-05
2.546802e+03	2.764129e+03	1.450511e-04	2.698187e-05	2.698187e-05
2.764129e+03	3.000000e+03	8.647765e-05	2.079985e-05	2.079985e-05
# END HISTO1D

