# BEGIN PLOT
Legend=1
LogY=1
LegendPlacement=manual
LegendAlign=r
LegendXPos=1.32
RightMargin=3.3
Title=Di-jet $\Delta\eta$
XLabel=$\Delta\eta_{jj}$
YLabel=$\mathrm{d}\sigma/\mathrm{d}\Delta\eta_{jj}$ [pb]
DrawOnly=//eos/home-y/yiyu/monobc/Rivet/X1000_Qd10.yoda.gz/JetMETAnalysis/jet12_deta //eos/home-y/yiyu/monobc/Rivet/X1000_Qd20.yoda.gz/JetMETAnalysis/jet12_deta //eos/home-y/yiyu/monobc/Rivet/X1000_Qd40.yoda.gz/JetMETAnalysis/jet12_deta //eos/home-y/yiyu/monobc/Rivet/X1200_Qd10.yoda.gz/JetMETAnalysis/jet12_deta //eos/home-y/yiyu/monobc/Rivet/X1200_Qd20.yoda.gz/JetMETAnalysis/jet12_deta //eos/home-y/yiyu/monobc/Rivet/X1200_Qd40.yoda.gz/JetMETAnalysis/jet12_deta //eos/home-y/yiyu/monobc/Rivet/X1500_Qd10.yoda.gz/JetMETAnalysis/jet12_deta //eos/home-y/yiyu/monobc/Rivet/X1500_Qd20.yoda.gz/JetMETAnalysis/jet12_deta //eos/home-y/yiyu/monobc/Rivet/X1500_Qd40.yoda.gz/JetMETAnalysis/jet12_deta //eos/home-y/yiyu/monobc/Rivet/X2000_Qd10.yoda.gz/JetMETAnalysis/jet12_deta //eos/home-y/yiyu/monobc/Rivet/X2000_Qd20.yoda.gz/JetMETAnalysis/jet12_deta //eos/home-y/yiyu/monobc/Rivet/X2000_Qd40.yoda.gz/JetMETAnalysis/jet12_deta //eos/home-y/yiyu/monobc/Rivet/X600_Qd10.yoda.gz/JetMETAnalysis/jet12_deta //eos/home-y/yiyu/monobc/Rivet/X600_Qd20.yoda.gz/JetMETAnalysis/jet12_deta //eos/home-y/yiyu/monobc/Rivet/X600_Qd40.yoda.gz/JetMETAnalysis/jet12_deta //eos/home-y/yiyu/monobc/Rivet/X800_Qd10.yoda.gz/JetMETAnalysis/jet12_deta //eos/home-y/yiyu/monobc/Rivet/X800_Qd20.yoda.gz/JetMETAnalysis/jet12_deta //eos/home-y/yiyu/monobc/Rivet/X800_Qd40.yoda.gz/JetMETAnalysis/jet12_deta
LegendOnly=//eos/home-y/yiyu/monobc/Rivet/X1000_Qd10.yoda.gz/JetMETAnalysis/jet12_deta //eos/home-y/yiyu/monobc/Rivet/X1000_Qd20.yoda.gz/JetMETAnalysis/jet12_deta //eos/home-y/yiyu/monobc/Rivet/X1000_Qd40.yoda.gz/JetMETAnalysis/jet12_deta //eos/home-y/yiyu/monobc/Rivet/X1200_Qd10.yoda.gz/JetMETAnalysis/jet12_deta //eos/home-y/yiyu/monobc/Rivet/X1200_Qd20.yoda.gz/JetMETAnalysis/jet12_deta //eos/home-y/yiyu/monobc/Rivet/X1200_Qd40.yoda.gz/JetMETAnalysis/jet12_deta //eos/home-y/yiyu/monobc/Rivet/X1500_Qd10.yoda.gz/JetMETAnalysis/jet12_deta //eos/home-y/yiyu/monobc/Rivet/X1500_Qd20.yoda.gz/JetMETAnalysis/jet12_deta //eos/home-y/yiyu/monobc/Rivet/X1500_Qd40.yoda.gz/JetMETAnalysis/jet12_deta //eos/home-y/yiyu/monobc/Rivet/X2000_Qd10.yoda.gz/JetMETAnalysis/jet12_deta //eos/home-y/yiyu/monobc/Rivet/X2000_Qd20.yoda.gz/JetMETAnalysis/jet12_deta //eos/home-y/yiyu/monobc/Rivet/X2000_Qd40.yoda.gz/JetMETAnalysis/jet12_deta //eos/home-y/yiyu/monobc/Rivet/X600_Qd10.yoda.gz/JetMETAnalysis/jet12_deta //eos/home-y/yiyu/monobc/Rivet/X600_Qd20.yoda.gz/JetMETAnalysis/jet12_deta //eos/home-y/yiyu/monobc/Rivet/X600_Qd40.yoda.gz/JetMETAnalysis/jet12_deta //eos/home-y/yiyu/monobc/Rivet/X800_Qd10.yoda.gz/JetMETAnalysis/jet12_deta //eos/home-y/yiyu/monobc/Rivet/X800_Qd20.yoda.gz/JetMETAnalysis/jet12_deta //eos/home-y/yiyu/monobc/Rivet/X800_Qd40.yoda.gz/JetMETAnalysis/jet12_deta
RatioPlot=1
RatioPlotReference=//eos/home-y/yiyu/monobc/Rivet/X1000_Qd10.yoda.gz/JetMETAnalysis/jet12_deta
RatioPlotYLabel=Ratio
# END PLOT

# BEGIN HISTO1D //eos/home-y/yiyu/monobc/Rivet/X1000_Qd10.yoda.gz/JetMETAnalysis/jet12_deta
ErrorBars=1
LineColor=red
LineStyle=solid
Path=//eos/home-y/yiyu/monobc/Rivet/X1000_Qd10.yoda.gz/JetMETAnalysis/jet12_deta
ScaledBy=1.40377119385635185e-05
Title=X1000_Qd10
# xlow	 xhigh	 val	 errminus	 errplus
0.000000e+00	1.000000e-01	2.896246e+00	9.915872e-02	9.915872e-02
1.000000e-01	2.000000e-01	2.866759e+00	9.899621e-02	9.899621e-02
2.000000e-01	3.000000e-01	3.181284e+00	1.038643e-01	1.038643e-01
3.000000e-01	4.000000e-01	3.020745e+00	1.015123e-01	1.015123e-01
4.000000e-01	5.000000e-01	3.138692e+00	1.038126e-01	1.038126e-01
5.000000e-01	6.000000e-01	3.040403e+00	1.029821e-01	1.029821e-01
6.000000e-01	7.000000e-01	2.909351e+00	9.991361e-02	9.991361e-02
7.000000e-01	8.000000e-01	2.689839e+00	9.691415e-02	9.691415e-02
8.000000e-01	9.000000e-01	2.732431e+00	9.719065e-02	9.719065e-02
9.000000e-01	1.000000e+00	2.607932e+00	9.450284e-02	9.450284e-02
1.000000e+00	1.100000e+00	2.457222e+00	9.266765e-02	9.266765e-02
1.100000e+00	1.200000e+00	2.296684e+00	9.026181e-02	9.026181e-02
1.200000e+00	1.300000e+00	2.188566e+00	8.668265e-02	8.668265e-02
1.300000e+00	1.400000e+00	2.119764e+00	8.524668e-02	8.524668e-02
1.400000e+00	1.500000e+00	2.198395e+00	8.674454e-02	8.674454e-02
1.500000e+00	1.600000e+00	1.801963e+00	7.863111e-02	7.863111e-02
1.600000e+00	1.700000e+00	1.726608e+00	7.787667e-02	7.787667e-02
1.700000e+00	1.800000e+00	1.746266e+00	7.869934e-02	7.869934e-02
1.800000e+00	1.900000e+00	1.467781e+00	7.163036e-02	7.163036e-02
1.900000e+00	2.000000e+00	1.349834e+00	6.888019e-02	6.888019e-02
2.000000e+00	2.100000e+00	1.300690e+00	6.625899e-02	6.625899e-02
2.100000e+00	2.200000e+00	1.258098e+00	6.568953e-02	6.568953e-02
2.200000e+00	2.300000e+00	1.071349e+00	6.173015e-02	6.173015e-02
2.300000e+00	2.400000e+00	1.005823e+00	5.942664e-02	5.942664e-02
2.400000e+00	2.500000e+00	8.125215e-01	5.423235e-02	5.423235e-02
2.500000e+00	2.600000e+00	7.142326e-01	4.990306e-02	4.990306e-02
2.600000e+00	2.700000e+00	6.945748e-01	5.011769e-02	5.011769e-02
2.700000e+00	2.800000e+00	5.569704e-01	4.492231e-02	4.492231e-02
2.800000e+00	2.900000e+00	5.635230e-01	4.539770e-02	4.539770e-02
2.900000e+00	3.000000e+00	3.997081e-01	3.876565e-02	3.876565e-02
3.000000e+00	3.100000e+00	4.750630e-01	4.025981e-02	4.025981e-02
3.100000e+00	3.200000e+00	4.226422e-01	3.890387e-02	3.890387e-02
3.200000e+00	3.300000e+00	2.883141e-01	3.341179e-02	3.341179e-02
3.300000e+00	3.400000e+00	2.784852e-01	3.125387e-02	3.125387e-02
3.400000e+00	3.500000e+00	2.260644e-01	2.984848e-02	2.984848e-02
3.500000e+00	3.600000e+00	2.064067e-01	2.721496e-02	2.721496e-02
3.600000e+00	3.700000e+00	1.965778e-01	2.621037e-02	2.621037e-02
3.700000e+00	3.800000e+00	1.572622e-01	2.407576e-02	2.407576e-02
3.800000e+00	3.900000e+00	1.179467e-01	2.072112e-02	2.072112e-02
3.900000e+00	4.000000e+00	1.048415e-01	1.910393e-02	1.910393e-02
4.000000e+00	4.100000e+00	1.441570e-01	2.269885e-02	2.269885e-02
4.100000e+00	4.200000e+00	7.863111e-02	1.605051e-02	1.605051e-02
4.200000e+00	4.300000e+00	2.948667e-02	1.350852e-02	1.350852e-02
4.300000e+00	4.400000e+00	3.603926e-02	1.181285e-02	1.181285e-02
4.400000e+00	4.500000e+00	4.586815e-02	1.536719e-02	1.536719e-02
4.500000e+00	4.600000e+00	5.569704e-02	1.350852e-02	1.350852e-02
4.600000e+00	4.700000e+00	4.259185e-02	1.268904e-02	1.268904e-02
4.700000e+00	4.800000e+00	1.965778e-02	8.025254e-03	8.025254e-03
4.800000e+00	4.900000e+00	2.948667e-02	9.828889e-03	9.828889e-03
4.900000e+00	5.000000e+00	6.552593e-03	4.633382e-03	4.633382e-03
# END HISTO1D


# BEGIN HISTO1D //eos/home-y/yiyu/monobc/Rivet/X1000_Qd20.yoda.gz/JetMETAnalysis/jet12_deta
ErrorBars=1
LineColor=blue
LineStyle=solid
Path=//eos/home-y/yiyu/monobc/Rivet/X1000_Qd20.yoda.gz/JetMETAnalysis/jet12_deta
ScaledBy=1.41645627920069503e-05
Title=X1000_Qd20
# xlow	 xhigh	 val	 errminus	 errplus
0.000000e+00	1.000000e-01	2.955330e+00	1.007030e-01	1.007030e-01
1.000000e-01	2.000000e-01	3.008222e+00	1.017824e-01	1.017824e-01
2.000000e-01	3.000000e-01	3.110700e+00	1.034332e-01	1.034332e-01
3.000000e-01	4.000000e-01	3.034668e+00	1.024246e-01	1.024246e-01
4.000000e-01	5.000000e-01	3.216483e+00	1.053178e-01	1.053178e-01
5.000000e-01	6.000000e-01	3.018139e+00	1.027973e-01	1.027973e-01
6.000000e-01	7.000000e-01	2.892521e+00	9.944725e-02	9.944725e-02
7.000000e-01	8.000000e-01	2.657814e+00	9.615097e-02	9.615097e-02
8.000000e-01	9.000000e-01	2.469387e+00	9.320776e-02	9.320776e-02
9.000000e-01	1.000000e+00	2.525584e+00	9.314912e-02	9.314912e-02
1.000000e+00	1.100000e+00	2.466081e+00	9.161131e-02	9.161131e-02
1.100000e+00	1.200000e+00	2.439635e+00	9.173052e-02	9.173052e-02
1.200000e+00	1.300000e+00	2.287571e+00	8.956050e-02	8.956050e-02
1.300000e+00	1.400000e+00	2.251208e+00	8.827002e-02	8.827002e-02
1.400000e+00	1.500000e+00	1.999972e+00	8.395535e-02	8.395535e-02
1.500000e+00	1.600000e+00	1.963609e+00	8.402040e-02	8.402040e-02
1.600000e+00	1.700000e+00	1.798322e+00	8.097372e-02	8.097372e-02
1.700000e+00	1.800000e+00	1.669398e+00	7.631890e-02	7.631890e-02
1.800000e+00	1.900000e+00	1.418162e+00	7.128448e-02	7.128448e-02
1.900000e+00	2.000000e+00	1.332213e+00	6.894664e-02	6.894664e-02
2.000000e+00	2.100000e+00	1.285932e+00	6.685442e-02	6.685442e-02
2.100000e+00	2.200000e+00	1.252875e+00	6.603208e-02	6.603208e-02
2.200000e+00	2.300000e+00	1.133868e+00	6.280903e-02	6.280903e-02
2.300000e+00	2.400000e+00	9.751928e-01	5.941140e-02	5.941140e-02
2.400000e+00	2.500000e+00	9.322182e-01	5.839098e-02	5.839098e-02
2.500000e+00	2.600000e+00	7.371797e-01	5.299502e-02	5.299502e-02
2.600000e+00	2.700000e+00	6.280903e-01	4.858424e-02	4.858424e-02
2.700000e+00	2.800000e+00	6.181731e-01	4.709952e-02	4.709952e-02
2.800000e+00	2.900000e+00	5.818100e-01	4.604361e-02	4.604361e-02
2.900000e+00	3.000000e+00	4.826378e-01	4.360569e-02	4.360569e-02
3.000000e+00	3.100000e+00	4.561919e-01	4.075588e-02	4.075588e-02
3.100000e+00	3.200000e+00	3.437968e-01	3.590951e-02	3.590951e-02
3.200000e+00	3.300000e+00	3.537140e-01	3.575703e-02	3.575703e-02
3.300000e+00	3.400000e+00	2.875992e-01	3.255775e-02	3.255775e-02
3.400000e+00	3.500000e+00	3.305738e-01	3.371205e-02	3.371205e-02
3.500000e+00	3.600000e+00	2.347074e-01	2.900774e-02	2.900774e-02
3.600000e+00	3.700000e+00	1.950386e-01	2.665171e-02	2.665171e-02
3.700000e+00	3.800000e+00	1.256181e-01	2.290283e-02	2.290283e-02
3.800000e+00	3.900000e+00	1.421468e-01	2.217557e-02	2.217557e-02
3.900000e+00	4.000000e+00	1.421468e-01	2.167718e-02	2.167718e-02
4.000000e+00	4.100000e+00	1.090894e-01	2.010802e-02	2.010802e-02
4.100000e+00	4.200000e+00	6.942051e-02	1.780195e-02	1.780195e-02
4.200000e+00	4.300000e+00	5.950329e-02	1.478371e-02	1.478371e-02
4.300000e+00	4.400000e+00	5.619755e-02	1.440938e-02	1.440938e-02
4.400000e+00	4.500000e+00	6.611477e-02	1.550529e-02	1.550529e-02
4.500000e+00	4.600000e+00	3.636312e-02	1.191901e-02	1.191901e-02
4.600000e+00	4.700000e+00	3.966886e-02	1.402506e-02	1.402506e-02
4.700000e+00	4.800000e+00	3.636312e-02	1.191901e-02	1.191901e-02
4.800000e+00	4.900000e+00	9.917215e-03	7.391856e-03	7.391856e-03
4.900000e+00	5.000000e+00	2.644591e-02	9.350040e-03	9.350040e-03
# END HISTO1D


# BEGIN HISTO1D //eos/home-y/yiyu/monobc/Rivet/X1000_Qd40.yoda.gz/JetMETAnalysis/jet12_deta
ErrorBars=1
LineColor=green
LineStyle=solid
Path=//eos/home-y/yiyu/monobc/Rivet/X1000_Qd40.yoda.gz/JetMETAnalysis/jet12_deta
ScaledBy=1.40867871996726164e-05
Title=X1000_Qd40
# xlow	 xhigh	 val	 errminus	 errplus
0.000000e+00	1.000000e-01	2.898862e+00	9.987401e-02	9.987401e-02
1.000000e-01	2.000000e-01	2.833572e+00	9.880121e-02	9.880121e-02
2.000000e-01	3.000000e-01	2.967416e+00	1.009882e-01	1.009882e-01
3.000000e-01	4.000000e-01	3.029441e+00	1.024029e-01	1.024029e-01
4.000000e-01	5.000000e-01	3.071879e+00	1.029736e-01	1.029736e-01
5.000000e-01	6.000000e-01	3.075144e+00	1.025069e-01	1.025069e-01
6.000000e-01	7.000000e-01	3.032706e+00	1.021424e-01	1.021424e-01
7.000000e-01	8.000000e-01	2.820514e+00	9.826043e-02	9.826043e-02
8.000000e-01	9.000000e-01	2.559355e+00	9.404888e-02	9.404888e-02
9.000000e-01	1.000000e+00	2.650761e+00	9.517525e-02	9.517525e-02
1.000000e+00	1.100000e+00	2.347164e+00	9.052691e-02	9.052691e-02
1.100000e+00	1.200000e+00	2.415718e+00	9.128889e-02	9.128889e-02
1.200000e+00	1.300000e+00	2.288403e+00	8.789892e-02	8.789892e-02
1.300000e+00	1.400000e+00	2.134973e+00	8.624666e-02	8.624666e-02
1.400000e+00	1.500000e+00	2.010922e+00	8.361159e-02	8.361159e-02
1.500000e+00	1.600000e+00	1.782408e+00	7.821148e-02	7.821148e-02
1.600000e+00	1.700000e+00	1.844433e+00	7.936121e-02	7.936121e-02
1.700000e+00	1.800000e+00	1.720383e+00	7.718279e-02	7.718279e-02
1.800000e+00	1.900000e+00	1.511456e+00	7.129741e-02	7.129741e-02
1.900000e+00	2.000000e+00	1.263355e+00	6.698161e-02	6.698161e-02
2.000000e+00	2.100000e+00	1.354761e+00	6.948062e-02	6.948062e-02
2.100000e+00	2.200000e+00	1.113189e+00	6.321646e-02	6.321646e-02
2.200000e+00	2.300000e+00	1.119718e+00	6.372019e-02	6.372019e-02
2.300000e+00	2.400000e+00	9.499649e-01	5.701176e-02	5.701176e-02
2.400000e+00	2.500000e+00	8.389724e-01	5.374019e-02	5.374019e-02
2.500000e+00	2.600000e+00	7.377734e-01	5.223174e-02	5.223174e-02
2.600000e+00	2.700000e+00	7.247155e-01	5.036201e-02	5.036201e-02
2.700000e+00	2.800000e+00	5.680202e-01	4.452162e-02	4.452162e-02
2.800000e+00	2.900000e+00	5.255819e-01	4.416113e-02	4.416113e-02
2.900000e+00	3.000000e+00	4.537633e-01	3.984811e-02	3.984811e-02
3.000000e+00	3.100000e+00	4.504988e-01	3.944491e-02	3.944491e-02
3.100000e+00	3.200000e+00	3.460353e-01	3.605740e-02	3.605740e-02
3.200000e+00	3.300000e+00	2.970680e-01	3.215144e-02	3.215144e-02
3.300000e+00	3.400000e+00	2.350429e-01	3.131183e-02	3.131183e-02
3.400000e+00	3.500000e+00	2.285139e-01	2.919843e-02	2.919843e-02
3.500000e+00	3.600000e+00	2.317784e-01	2.938036e-02	2.938036e-02
3.600000e+00	3.700000e+00	1.599597e-01	2.464631e-02	2.464631e-02
3.700000e+00	3.800000e+00	1.273149e-01	2.238017e-02	2.238017e-02
3.800000e+00	3.900000e+00	1.338438e-01	2.189882e-02	2.189882e-02
3.900000e+00	4.000000e+00	1.109925e-01	1.958690e-02	1.958690e-02
4.000000e+00	4.100000e+00	6.202520e-02	1.817588e-02	1.817588e-02
4.100000e+00	4.200000e+00	8.487659e-02	1.846671e-02	1.846671e-02
4.200000e+00	4.300000e+00	9.140555e-02	1.846671e-02	1.846671e-02
4.300000e+00	4.400000e+00	5.223174e-02	1.459922e-02	1.459922e-02
4.400000e+00	4.500000e+00	6.202520e-02	1.495975e-02	1.495975e-02
4.500000e+00	4.600000e+00	5.549623e-02	1.422956e-02	1.422956e-02
4.600000e+00	4.700000e+00	3.264484e-02	1.130851e-02	1.130851e-02
4.700000e+00	4.800000e+00	2.285139e-02	8.637013e-03	8.637013e-03
4.800000e+00	4.900000e+00	4.896726e-02	1.264329e-02	1.264329e-02
4.900000e+00	5.000000e+00	1.305794e-02	6.528968e-03	6.528968e-03
# END HISTO1D


# BEGIN HISTO1D //eos/home-y/yiyu/monobc/Rivet/X1200_Qd10.yoda.gz/JetMETAnalysis/jet12_deta
ErrorBars=1
LineColor=orange
LineStyle=solid
Path=//eos/home-y/yiyu/monobc/Rivet/X1200_Qd10.yoda.gz/JetMETAnalysis/jet12_deta
ScaledBy=1.38077798553465733e-05
Title=X1200_Qd10
# xlow	 xhigh	 val	 errminus	 errplus
0.000000e+00	1.000000e-01	1.005714e+00	3.741750e-02	3.741750e-02
1.000000e-01	2.000000e-01	1.123151e+00	3.868903e-02	3.868903e-02
2.000000e-01	3.000000e-01	1.105660e+00	3.889022e-02	3.889022e-02
3.000000e-01	4.000000e-01	1.203108e+00	4.077118e-02	4.077118e-02
4.000000e-01	5.000000e-01	1.178122e+00	4.015398e-02	4.015398e-02
5.000000e-01	6.000000e-01	1.201859e+00	4.075203e-02	4.075203e-02
6.000000e-01	7.000000e-01	9.994670e-01	3.701909e-02	3.701909e-02
7.000000e-01	8.000000e-01	1.048191e+00	3.787357e-02	3.787357e-02
8.000000e-01	9.000000e-01	1.031950e+00	3.752163e-02	3.752163e-02
9.000000e-01	1.000000e+00	9.882230e-01	3.678646e-02	3.678646e-02
1.000000e+00	1.100000e+00	8.795309e-01	3.484722e-02	3.484722e-02
1.100000e+00	1.200000e+00	8.220616e-01	3.342990e-02	3.342990e-02
1.200000e+00	1.300000e+00	7.933269e-01	3.368571e-02	3.368571e-02
1.300000e+00	1.400000e+00	7.658416e-01	3.312502e-02	3.312502e-02
1.400000e+00	1.500000e+00	7.695896e-01	3.209597e-02	3.209597e-02
1.500000e+00	1.600000e+00	6.559002e-01	2.995797e-02	2.995797e-02
1.600000e+00	1.700000e+00	5.684468e-01	2.840689e-02	2.840689e-02
1.700000e+00	1.800000e+00	5.234708e-01	2.734300e-02	2.734300e-02
1.800000e+00	1.900000e+00	5.909349e-01	2.807528e-02	2.807528e-02
1.900000e+00	2.000000e+00	4.809935e-01	2.581621e-02	2.581621e-02
2.000000e+00	2.100000e+00	4.297708e-01	2.454551e-02	2.454551e-02
2.100000e+00	2.200000e+00	4.085321e-01	2.393379e-02	2.393379e-02
2.200000e+00	2.300000e+00	3.947895e-01	2.377020e-02	2.377020e-02
2.300000e+00	2.400000e+00	3.173308e-01	2.163909e-02	2.163909e-02
2.400000e+00	2.500000e+00	3.185801e-01	2.203224e-02	2.203224e-02
2.500000e+00	2.600000e+00	2.848481e-01	2.029927e-02	2.029927e-02
2.600000e+00	2.700000e+00	2.311267e-01	1.857268e-02	1.857268e-02
2.700000e+00	2.800000e+00	2.286281e-01	1.848845e-02	1.848845e-02
2.800000e+00	2.900000e+00	1.774054e-01	1.638486e-02	1.638486e-02
2.900000e+00	3.000000e+00	1.674107e-01	1.570388e-02	1.570388e-02
3.000000e+00	3.100000e+00	1.111907e-01	1.316255e-02	1.316255e-02
3.100000e+00	3.200000e+00	1.274320e-01	1.402374e-02	1.402374e-02
3.200000e+00	3.300000e+00	9.120136e-02	1.165301e-02	1.165301e-02
3.300000e+00	3.400000e+00	8.495469e-02	1.117438e-02	1.117438e-02
3.400000e+00	3.500000e+00	1.036947e-01	1.243071e-02	1.243071e-02
3.500000e+00	3.600000e+00	5.996802e-02	1.060095e-02	1.060095e-02
3.600000e+00	3.700000e+00	6.246669e-02	8.834124e-03	8.834124e-03
3.700000e+00	3.800000e+00	4.622535e-02	8.922027e-03	8.922027e-03
3.800000e+00	3.900000e+00	4.497601e-02	7.496002e-03	7.496002e-03
3.900000e+00	4.000000e+00	3.623068e-02	7.176876e-03	7.176876e-03
4.000000e+00	4.100000e+00	2.623601e-02	5.991594e-03	5.991594e-03
4.100000e+00	4.200000e+00	2.248801e-02	6.370377e-03	6.370377e-03
4.200000e+00	4.300000e+00	2.373734e-02	5.991594e-03	5.991594e-03
4.300000e+00	4.400000e+00	1.249334e-02	4.997335e-03	4.997335e-03
4.400000e+00	4.500000e+00	1.624134e-02	5.151135e-03	5.151135e-03
4.500000e+00	4.600000e+00	4.997335e-03	2.498667e-03	2.498667e-03
4.600000e+00	4.700000e+00	7.496002e-03	3.533650e-03	3.533650e-03
4.700000e+00	4.800000e+00	4.997335e-03	3.950740e-03	3.950740e-03
4.800000e+00	4.900000e+00	3.748001e-03	3.305426e-03	3.305426e-03
4.900000e+00	5.000000e+00	8.745336e-03	3.305426e-03	3.305426e-03
# END HISTO1D


# BEGIN HISTO1D //eos/home-y/yiyu/monobc/Rivet/X1200_Qd20.yoda.gz/JetMETAnalysis/jet12_deta
ErrorBars=1
LineColor=lilac
LineStyle=solid
Path=//eos/home-y/yiyu/monobc/Rivet/X1200_Qd20.yoda.gz/JetMETAnalysis/jet12_deta
ScaledBy=1.36137126806748303e-05
Title=X1200_Qd20
# xlow	 xhigh	 val	 errminus	 errplus
0.000000e+00	1.000000e-01	1.178105e+00	3.951716e-02	3.951716e-02
1.000000e-01	2.000000e-01	1.091662e+00	3.818254e-02	3.818254e-02
2.000000e-01	3.000000e-01	1.106481e+00	3.846110e-02	3.846110e-02
3.000000e-01	4.000000e-01	1.191689e+00	4.011086e-02	4.011086e-02
4.000000e-01	5.000000e-01	1.222562e+00	4.012986e-02	4.012986e-02
5.000000e-01	6.000000e-01	1.164521e+00	3.910986e-02	3.910986e-02
6.000000e-01	7.000000e-01	1.086722e+00	3.790193e-02	3.790193e-02
7.000000e-01	8.000000e-01	9.854592e-01	3.650829e-02	3.650829e-02
8.000000e-01	9.000000e-01	1.003983e+00	3.723211e-02	3.723211e-02
9.000000e-01	1.000000e+00	9.582912e-01	3.596116e-02	3.596116e-02
1.000000e+00	1.100000e+00	8.669077e-01	3.448920e-02	3.448920e-02
1.100000e+00	1.200000e+00	8.841965e-01	3.453339e-02	3.453339e-02
1.200000e+00	1.300000e+00	8.261557e-01	3.347953e-02	3.347953e-02
1.300000e+00	1.400000e+00	7.557657e-01	3.143571e-02	3.143571e-02
1.400000e+00	1.500000e+00	8.063971e-01	3.320511e-02	3.320511e-02
1.500000e+00	1.600000e+00	6.952551e-01	3.092214e-02	3.092214e-02
1.600000e+00	1.700000e+00	6.088113e-01	2.893490e-02	2.893490e-02
1.700000e+00	1.800000e+00	5.445959e-01	2.769617e-02	2.769617e-02
1.800000e+00	1.900000e+00	5.050787e-01	2.645709e-02	2.645709e-02
1.900000e+00	2.000000e+00	5.223675e-01	2.657212e-02	2.657212e-02
2.000000e+00	2.100000e+00	4.260444e-01	2.454338e-02	2.454338e-02
2.100000e+00	2.200000e+00	3.939367e-01	2.378607e-02	2.378607e-02
2.200000e+00	2.300000e+00	3.396006e-01	2.205622e-02	2.205622e-02
2.300000e+00	2.400000e+00	3.346610e-01	2.170776e-02	2.170776e-02
2.400000e+00	2.500000e+00	2.778550e-01	2.032921e-02	2.032921e-02
2.500000e+00	2.600000e+00	2.519219e-01	1.889051e-02	1.889051e-02
2.600000e+00	2.700000e+00	2.111698e-01	1.724460e-02	1.724460e-02
2.700000e+00	2.800000e+00	2.087000e-01	1.742057e-02	1.742057e-02
2.800000e+00	2.900000e+00	1.753574e-01	1.542404e-02	1.542404e-02
2.900000e+00	3.000000e+00	1.358402e-01	1.408016e-02	1.408016e-02
3.000000e+00	3.100000e+00	1.210213e-01	1.408016e-02	1.408016e-02
3.100000e+00	3.200000e+00	1.247260e-01	1.347129e-02	1.347129e-02
3.200000e+00	3.300000e+00	9.632308e-02	1.222500e-02	1.222500e-02
3.300000e+00	3.400000e+00	9.261835e-02	1.125058e-02	1.125058e-02
3.400000e+00	3.500000e+00	6.668521e-02	9.879290e-03	9.879290e-03
3.500000e+00	3.600000e+00	7.656450e-02	1.062311e-02	1.062311e-02
3.600000e+00	3.700000e+00	3.704734e-02	8.003140e-03	8.003140e-03
3.700000e+00	3.800000e+00	5.310119e-02	8.819031e-03	8.819031e-03
3.800000e+00	3.900000e+00	3.210769e-02	6.763888e-03	6.763888e-03
3.900000e+00	4.000000e+00	4.445681e-02	7.612505e-03	7.612505e-03
4.000000e+00	4.100000e+00	2.099349e-02	7.511672e-03	7.511672e-03
4.100000e+00	4.200000e+00	1.975858e-02	5.239285e-03	5.239285e-03
4.200000e+00	4.300000e+00	2.469823e-02	6.296837e-03	6.296837e-03
4.300000e+00	4.400000e+00	1.111420e-02	4.452536e-03	4.452536e-03
4.400000e+00	4.500000e+00	1.358402e-02	4.782791e-03	4.782791e-03
4.500000e+00	4.600000e+00	1.234911e-02	4.620615e-03	4.620615e-03
4.600000e+00	4.700000e+00	1.728876e-02	4.620615e-03	4.620615e-03
4.700000e+00	4.800000e+00	4.939645e-03	2.469823e-03	2.469823e-03
4.800000e+00	4.900000e+00	8.644379e-03	4.095738e-03	4.095738e-03
4.900000e+00	5.000000e+00	6.174557e-03	2.761346e-03	2.761346e-03
# END HISTO1D


# BEGIN HISTO1D //eos/home-y/yiyu/monobc/Rivet/X1200_Qd40.yoda.gz/JetMETAnalysis/jet12_deta
ErrorBars=1
LineColor=red
LineStyle=dashed
Path=//eos/home-y/yiyu/monobc/Rivet/X1200_Qd40.yoda.gz/JetMETAnalysis/jet12_deta
ScaledBy=1.37239052924151090e-05
Title=X1200_Qd40
# xlow	 xhigh	 val	 errminus	 errplus
0.000000e+00	1.000000e-01	1.073088e+00	3.824880e-02	3.824880e-02
1.000000e-01	2.000000e-01	1.147350e+00	3.904162e-02	3.904162e-02
2.000000e-01	3.000000e-01	1.097842e+00	3.860759e-02	3.860759e-02
3.000000e-01	4.000000e-01	1.173342e+00	3.917871e-02	3.917871e-02
4.000000e-01	5.000000e-01	1.196858e+00	4.039160e-02	4.039160e-02
5.000000e-01	6.000000e-01	1.211711e+00	4.020152e-02	4.020152e-02
6.000000e-01	7.000000e-01	1.022342e+00	3.700709e-02	3.700709e-02
7.000000e-01	8.000000e-01	1.054522e+00	3.794724e-02	3.794724e-02
8.000000e-01	9.000000e-01	1.038432e+00	3.739828e-02	3.739828e-02
9.000000e-01	1.000000e+00	9.852111e-01	3.642296e-02	3.642296e-02
1.000000e+00	1.100000e+00	8.379245e-01	3.387326e-02	3.387326e-02
1.100000e+00	1.200000e+00	8.899080e-01	3.450061e-02	3.450061e-02
1.200000e+00	1.300000e+00	8.626785e-01	3.405369e-02	3.405369e-02
1.300000e+00	1.400000e+00	7.649001e-01	3.232276e-02	3.232276e-02
1.400000e+00	1.500000e+00	7.005395e-01	3.126271e-02	3.126271e-02
1.500000e+00	1.600000e+00	7.104412e-01	3.036788e-02	3.036788e-02
1.600000e+00	1.700000e+00	5.990479e-01	2.860137e-02	2.860137e-02
1.700000e+00	1.800000e+00	5.643923e-01	2.795125e-02	2.795125e-02
1.800000e+00	1.900000e+00	5.297366e-01	2.677560e-02	2.677560e-02
1.900000e+00	2.000000e+00	4.728023e-01	2.602120e-02	2.602120e-02
2.000000e+00	2.100000e+00	4.220565e-01	2.472309e-02	2.472309e-02
2.100000e+00	2.200000e+00	3.911139e-01	2.361386e-02	2.361386e-02
2.200000e+00	2.300000e+00	3.960648e-01	2.367864e-02	2.367864e-02
2.300000e+00	2.400000e+00	3.119010e-01	2.114987e-02	2.114987e-02
2.400000e+00	2.500000e+00	3.032371e-01	2.037515e-02	2.037515e-02
2.500000e+00	2.600000e+00	2.413520e-01	1.913441e-02	1.913441e-02
2.600000e+00	2.700000e+00	2.054586e-01	1.741602e-02	1.741602e-02
2.700000e+00	2.800000e+00	1.992701e-01	1.665158e-02	1.665158e-02
2.800000e+00	2.900000e+00	1.881308e-01	1.688001e-02	1.688001e-02
2.900000e+00	3.000000e+00	1.695652e-01	1.540927e-02	1.540927e-02
3.000000e+00	3.100000e+00	1.262456e-01	1.344489e-02	1.344489e-02
3.100000e+00	3.200000e+00	8.663917e-02	1.161068e-02	1.161068e-02
3.200000e+00	3.300000e+00	1.151063e-01	1.256131e-02	1.256131e-02
3.300000e+00	3.400000e+00	8.416376e-02	1.107035e-02	1.107035e-02
3.400000e+00	3.500000e+00	7.054903e-02	1.028113e-02	1.028113e-02
3.500000e+00	3.600000e+00	6.064742e-02	9.344448e-03	9.344448e-03
3.600000e+00	3.700000e+00	4.455729e-02	8.021228e-03	8.021228e-03
3.700000e+00	3.800000e+00	6.064742e-02	9.344448e-03	9.344448e-03
3.800000e+00	3.900000e+00	4.331958e-02	8.116157e-03	8.116157e-03
3.900000e+00	4.000000e+00	3.218026e-02	7.001502e-03	7.001502e-03
4.000000e+00	4.100000e+00	3.341796e-02	6.665231e-03	6.665231e-03
4.100000e+00	4.200000e+00	2.599175e-02	6.188512e-03	6.188512e-03
4.200000e+00	4.300000e+00	1.609013e-02	5.103177e-03	5.103177e-03
4.300000e+00	4.400000e+00	3.341796e-02	6.431290e-03	6.431290e-03
4.400000e+00	4.500000e+00	8.663917e-03	3.713107e-03	3.713107e-03
4.500000e+00	4.600000e+00	1.485243e-02	4.631058e-03	4.631058e-03
4.600000e+00	4.700000e+00	4.950809e-03	4.287527e-03	4.287527e-03
4.700000e+00	4.800000e+00	3.713107e-03	2.767587e-03	2.767587e-03
4.800000e+00	4.900000e+00	4.950809e-03	2.475405e-03	2.475405e-03
4.900000e+00	5.000000e+00	-2.475405e-03	2.475405e-03	2.475405e-03
# END HISTO1D


# BEGIN HISTO1D //eos/home-y/yiyu/monobc/Rivet/X1500_Qd10.yoda.gz/JetMETAnalysis/jet12_deta
ErrorBars=1
LineColor=blue
LineStyle=dashed
Path=//eos/home-y/yiyu/monobc/Rivet/X1500_Qd10.yoda.gz/JetMETAnalysis/jet12_deta
ScaledBy=1.29112282165450971e-05
Title=X1500_Qd10
# xlow	 xhigh	 val	 errminus	 errplus
0.000000e+00	1.000000e-01	2.656159e-01	9.630085e-03	9.630085e-03
1.000000e-01	2.000000e-01	2.398721e-01	9.452224e-03	9.452224e-03
2.000000e-01	3.000000e-01	2.486553e-01	9.524730e-03	9.524730e-03
3.000000e-01	4.000000e-01	2.765192e-01	9.883922e-03	9.883922e-03
4.000000e-01	5.000000e-01	2.616786e-01	9.916352e-03	9.916352e-03
5.000000e-01	6.000000e-01	2.535012e-01	9.543972e-03	9.543972e-03
6.000000e-01	7.000000e-01	2.553184e-01	9.437656e-03	9.437656e-03
7.000000e-01	8.000000e-01	2.253344e-01	9.196445e-03	9.196445e-03
8.000000e-01	9.000000e-01	2.183684e-01	8.969212e-03	8.969212e-03
9.000000e-01	1.000000e+00	2.059508e-01	8.912786e-03	8.912786e-03
1.000000e+00	1.100000e+00	1.895959e-01	8.630432e-03	8.630432e-03
1.100000e+00	1.200000e+00	1.908073e-01	8.523483e-03	8.523483e-03
1.200000e+00	1.300000e+00	1.662750e-01	7.926835e-03	7.926835e-03
1.300000e+00	1.400000e+00	1.650635e-01	7.786732e-03	7.786732e-03
1.400000e+00	1.500000e+00	1.632463e-01	7.668025e-03	7.668025e-03
1.500000e+00	1.600000e+00	1.508287e-01	7.529198e-03	7.529198e-03
1.600000e+00	1.700000e+00	1.308393e-01	7.141540e-03	7.141540e-03
1.700000e+00	1.800000e+00	1.217533e-01	6.906471e-03	6.906471e-03
1.800000e+00	1.900000e+00	1.066098e-01	6.676866e-03	6.676866e-03
1.900000e+00	2.000000e+00	9.207211e-02	6.309564e-03	6.309564e-03
2.000000e+00	2.100000e+00	8.874056e-02	6.019398e-03	6.019398e-03
2.100000e+00	2.200000e+00	7.056843e-02	5.526836e-03	5.526836e-03
2.200000e+00	2.300000e+00	7.450572e-02	5.468439e-03	5.468439e-03
2.300000e+00	2.400000e+00	6.511679e-02	4.967418e-03	4.967418e-03
2.400000e+00	2.500000e+00	6.057376e-02	4.769583e-03	4.769583e-03
2.500000e+00	2.600000e+00	5.451638e-02	4.672432e-03	4.672432e-03
2.600000e+00	2.700000e+00	3.876721e-02	4.152728e-03	4.152728e-03
2.700000e+00	2.800000e+00	2.786393e-02	3.878613e-03	3.878613e-03
2.800000e+00	2.900000e+00	3.907007e-02	4.141669e-03	4.141669e-03
2.900000e+00	3.000000e+00	2.786393e-02	3.479697e-03	3.479697e-03
3.000000e+00	3.100000e+00	1.817213e-02	3.233753e-03	3.233753e-03
3.100000e+00	3.200000e+00	2.120082e-02	3.088668e-03	3.088668e-03
3.200000e+00	3.300000e+00	1.877786e-02	2.742593e-03	2.742593e-03
3.300000e+00	3.400000e+00	1.605205e-02	2.622921e-03	2.622921e-03
3.400000e+00	3.500000e+00	1.514344e-02	2.346012e-03	2.346012e-03
3.500000e+00	3.600000e+00	8.783195e-03	2.031706e-03	2.031706e-03
3.600000e+00	3.700000e+00	9.388932e-03	1.939307e-03	1.939307e-03
3.700000e+00	3.800000e+00	6.663113e-03	1.962814e-03	1.962814e-03
3.800000e+00	3.900000e+00	4.845901e-03	1.658881e-03	1.658881e-03
3.900000e+00	4.000000e+00	5.754507e-03	1.514344e-03	1.514344e-03
4.000000e+00	4.100000e+00	4.240163e-03	1.354470e-03	1.354470e-03
4.100000e+00	4.200000e+00	6.057376e-03	1.354470e-03	1.354470e-03
4.200000e+00	4.300000e+00	6.057376e-03	1.544334e-03	1.544334e-03
4.300000e+00	4.400000e+00	1.211475e-03	7.418740e-04	7.418740e-04
4.400000e+00	4.500000e+00	3.634425e-03	1.049168e-03	1.049168e-03
4.500000e+00	4.600000e+00	6.057376e-04	9.577552e-04	9.577552e-04
4.600000e+00	4.700000e+00	6.057376e-04	8.566423e-04	8.566423e-04
4.700000e+00	4.800000e+00	1.817213e-03	8.566423e-04	8.566423e-04
4.800000e+00	4.900000e+00	3.028688e-04	8.013155e-04	8.013155e-04
4.900000e+00	5.000000e+00	-6.057376e-04	6.057376e-04	6.057376e-04
# END HISTO1D


# BEGIN HISTO1D //eos/home-y/yiyu/monobc/Rivet/X1500_Qd20.yoda.gz/JetMETAnalysis/jet12_deta
ErrorBars=1
LineColor=green
LineStyle=dashed
Path=//eos/home-y/yiyu/monobc/Rivet/X1500_Qd20.yoda.gz/JetMETAnalysis/jet12_deta
ScaledBy=1.29605322047913924e-05
Title=X1500_Qd20
# xlow	 xhigh	 val	 errminus	 errplus
0.000000e+00	1.000000e-01	2.685484e-01	9.790710e-03	9.790710e-03
1.000000e-01	2.000000e-01	2.405365e-01	9.364821e-03	9.364821e-03
2.000000e-01	3.000000e-01	2.725066e-01	9.795443e-03	9.795443e-03
3.000000e-01	4.000000e-01	2.575872e-01	9.705117e-03	9.705117e-03
4.000000e-01	5.000000e-01	2.639812e-01	9.927058e-03	9.927058e-03
5.000000e-01	6.000000e-01	2.688528e-01	9.899002e-03	9.899002e-03
6.000000e-01	7.000000e-01	2.377962e-01	9.349960e-03	9.349960e-03
7.000000e-01	8.000000e-01	2.444947e-01	9.487757e-03	9.487757e-03
8.000000e-01	9.000000e-01	2.347515e-01	9.409263e-03	9.409263e-03
9.000000e-01	1.000000e+00	2.006501e-01	8.649494e-03	8.649494e-03
1.000000e+00	1.100000e+00	2.027814e-01	8.729509e-03	8.729509e-03
1.100000e+00	1.200000e+00	1.762920e-01	8.310594e-03	8.310594e-03
1.200000e+00	1.300000e+00	1.881665e-01	8.481737e-03	8.481737e-03
1.300000e+00	1.400000e+00	1.589368e-01	7.916392e-03	7.916392e-03
1.400000e+00	1.500000e+00	1.513249e-01	7.636234e-03	7.636234e-03
1.500000e+00	1.600000e+00	1.479756e-01	7.445683e-03	7.445683e-03
1.600000e+00	1.700000e+00	1.269667e-01	7.198795e-03	7.198795e-03
1.700000e+00	1.800000e+00	1.123519e-01	6.607914e-03	6.607914e-03
1.800000e+00	1.900000e+00	9.591013e-02	6.247338e-03	6.247338e-03
1.900000e+00	2.000000e+00	1.019997e-01	6.232480e-03	6.232480e-03
2.000000e+00	2.100000e+00	9.377879e-02	6.119904e-03	6.119904e-03
2.100000e+00	2.200000e+00	7.094305e-02	5.438126e-03	5.438126e-03
2.200000e+00	2.300000e+00	6.820276e-02	5.514306e-03	5.514306e-03
2.300000e+00	2.400000e+00	5.267445e-02	5.140157e-03	5.140157e-03
2.400000e+00	2.500000e+00	5.632817e-02	5.085761e-03	5.085761e-03
2.500000e+00	2.600000e+00	4.688940e-02	4.495543e-03	4.495543e-03
2.600000e+00	2.700000e+00	4.414911e-02	4.422779e-03	4.422779e-03
2.700000e+00	2.800000e+00	3.501481e-02	3.666384e-03	3.666384e-03
2.800000e+00	2.900000e+00	3.440586e-02	3.716610e-03	3.716610e-03
2.900000e+00	3.000000e+00	2.892528e-02	3.265148e-03	3.265148e-03
3.000000e+00	3.100000e+00	2.192232e-02	3.307463e-03	3.307463e-03
3.100000e+00	3.200000e+00	1.918203e-02	3.090100e-03	3.090100e-03
3.200000e+00	3.300000e+00	1.735517e-02	2.773914e-03	2.773914e-03
3.300000e+00	3.400000e+00	1.217906e-02	2.654365e-03	2.654365e-03
3.400000e+00	3.500000e+00	1.096116e-02	2.473580e-03	2.473580e-03
3.500000e+00	3.600000e+00	1.217906e-02	2.318825e-03	2.318825e-03
3.600000e+00	3.700000e+00	9.743251e-03	2.195612e-03	2.195612e-03
3.700000e+00	3.800000e+00	6.394009e-03	1.749085e-03	1.749085e-03
3.800000e+00	3.900000e+00	5.480579e-03	1.552532e-03	1.552532e-03
3.900000e+00	4.000000e+00	3.958196e-03	1.460218e-03	1.460218e-03
4.000000e+00	4.100000e+00	7.002962e-03	1.639657e-03	1.639657e-03
4.100000e+00	4.200000e+00	1.826860e-03	1.217906e-03	1.217906e-03
4.200000e+00	4.300000e+00	4.262672e-03	1.428122e-03	1.428122e-03
4.300000e+00	4.400000e+00	3.044766e-03	1.054738e-03	1.054738e-03
4.400000e+00	4.500000e+00	2.131336e-03	1.327183e-03	1.327183e-03
4.500000e+00	4.600000e+00	2.740289e-03	1.009835e-03	1.009835e-03
4.600000e+00	4.700000e+00	1.217906e-03	9.628396e-04	9.628396e-04
4.700000e+00	4.800000e+00	2.740289e-03	1.009835e-03	1.009835e-03
4.800000e+00	4.900000e+00	1.826860e-03	7.458123e-04	7.458123e-04
4.900000e+00	5.000000e+00	1.522383e-03	6.808304e-04	6.808304e-04
# END HISTO1D


# BEGIN HISTO1D //eos/home-y/yiyu/monobc/Rivet/X1500_Qd40.yoda.gz/JetMETAnalysis/jet12_deta
ErrorBars=1
LineColor=orange
LineStyle=dashed
Path=//eos/home-y/yiyu/monobc/Rivet/X1500_Qd40.yoda.gz/JetMETAnalysis/jet12_deta
ScaledBy=1.28797563000789208e-05
Title=X1500_Qd40
# xlow	 xhigh	 val	 errminus	 errplus
0.000000e+00	1.000000e-01	2.583135e-01	9.640602e-03	9.640602e-03
1.000000e-01	2.000000e-01	2.489696e-01	9.397221e-03	9.397221e-03
2.000000e-01	3.000000e-01	2.625333e-01	9.827271e-03	9.827271e-03
3.000000e-01	4.000000e-01	2.640404e-01	9.841129e-03	9.841129e-03
4.000000e-01	5.000000e-01	2.694659e-01	9.877987e-03	9.877987e-03
5.000000e-01	6.000000e-01	2.534909e-01	9.780938e-03	9.780938e-03
6.000000e-01	7.000000e-01	2.429413e-01	9.348757e-03	9.348757e-03
7.000000e-01	8.000000e-01	2.311861e-01	9.157294e-03	9.157294e-03
8.000000e-01	9.000000e-01	2.290762e-01	9.102564e-03	9.102564e-03
9.000000e-01	1.000000e+00	2.070728e-01	8.772190e-03	8.772190e-03
1.000000e+00	1.100000e+00	2.034558e-01	8.741065e-03	8.741065e-03
1.100000e+00	1.200000e+00	1.910978e-01	8.535982e-03	8.535982e-03
1.200000e+00	1.300000e+00	1.666831e-01	7.854186e-03	7.854186e-03
1.300000e+00	1.400000e+00	1.579420e-01	7.720017e-03	7.720017e-03
1.400000e+00	1.500000e+00	1.428712e-01	7.505198e-03	7.505198e-03
1.500000e+00	1.600000e+00	1.290061e-01	7.055968e-03	7.055968e-03
1.600000e+00	1.700000e+00	1.329245e-01	7.075255e-03	7.075255e-03
1.700000e+00	1.800000e+00	1.121268e-01	6.520625e-03	6.520625e-03
1.800000e+00	1.900000e+00	1.097154e-01	6.631152e-03	6.631152e-03
1.900000e+00	2.000000e+00	8.982197e-02	5.937207e-03	5.937207e-03
2.000000e+00	2.100000e+00	9.404180e-02	6.147704e-03	6.147704e-03
2.100000e+00	2.200000e+00	8.710923e-02	5.883405e-03	5.883405e-03
2.200000e+00	2.300000e+00	6.480444e-02	5.070603e-03	5.070603e-03
2.300000e+00	2.400000e+00	6.480444e-02	5.159411e-03	5.159411e-03
2.400000e+00	2.500000e+00	5.877612e-02	4.943590e-03	4.943590e-03
2.500000e+00	2.600000e+00	4.521240e-02	4.326133e-03	4.326133e-03
2.600000e+00	2.700000e+00	4.069116e-02	4.099701e-03	4.099701e-03
2.700000e+00	2.800000e+00	3.164868e-02	3.824540e-03	3.824540e-03
2.800000e+00	2.900000e+00	3.255293e-02	3.740475e-03	3.740475e-03
2.900000e+00	3.000000e+00	2.622319e-02	3.315577e-03	3.315577e-03
3.000000e+00	3.100000e+00	2.079770e-02	3.204096e-03	3.204096e-03
3.100000e+00	3.200000e+00	2.290762e-02	2.983866e-03	2.983866e-03
3.200000e+00	3.300000e+00	1.687930e-02	2.891081e-03	2.891081e-03
3.300000e+00	3.400000e+00	1.597505e-02	2.575300e-03	2.575300e-03
3.400000e+00	3.500000e+00	1.024814e-02	2.557600e-03	2.557600e-03
3.500000e+00	3.600000e+00	1.326230e-02	2.373352e-03	2.373352e-03
3.600000e+00	3.700000e+00	6.631152e-03	2.044303e-03	2.044303e-03
3.700000e+00	3.800000e+00	8.439648e-03	2.044303e-03	2.044303e-03
3.800000e+00	3.900000e+00	6.631152e-03	1.705067e-03	1.705067e-03
3.900000e+00	4.000000e+00	8.439648e-03	1.705067e-03	1.705067e-03
4.000000e+00	4.100000e+00	3.918408e-03	1.313842e-03	1.313842e-03
4.100000e+00	4.200000e+00	3.918408e-03	1.313842e-03	1.313842e-03
4.200000e+00	4.300000e+00	2.712744e-03	1.086771e-03	1.086771e-03
4.300000e+00	4.400000e+00	2.712744e-03	9.996838e-04	9.996838e-04
4.400000e+00	4.500000e+00	1.507080e-03	1.086771e-03	1.086771e-03
4.500000e+00	4.600000e+00	2.411328e-03	1.044136e-03	1.044136e-03
4.600000e+00	4.700000e+00	6.028320e-04	8.525332e-04	8.525332e-04
4.700000e+00	4.800000e+00	6.028320e-04	8.525332e-04	8.525332e-04
4.800000e+00	4.900000e+00	3.014160e-04	7.974718e-04	7.974718e-04
4.900000e+00	5.000000e+00	1.205664e-03	7.383154e-04	7.383154e-04
# END HISTO1D


# BEGIN HISTO1D //eos/home-y/yiyu/monobc/Rivet/X2000_Qd10.yoda.gz/JetMETAnalysis/jet12_deta
ErrorBars=1
LineColor=lilac
LineStyle=dashed
Path=//eos/home-y/yiyu/monobc/Rivet/X2000_Qd10.yoda.gz/JetMETAnalysis/jet12_deta
ScaledBy=1.12518448528534510e-05
Title=X2000_Qd10
# xlow	 xhigh	 val	 errminus	 errplus
0.000000e+00	1.000000e-01	1.654612e-02	1.031536e-03	1.031536e-03
1.000000e-01	2.000000e-01	1.732120e-02	1.069905e-03	1.069905e-03
2.000000e-01	3.000000e-01	1.833216e-02	1.070965e-03	1.070965e-03
3.000000e-01	4.000000e-01	1.782668e-02	1.094563e-03	1.094563e-03
4.000000e-01	5.000000e-01	1.728750e-02	1.105917e-03	1.105917e-03
5.000000e-01	6.000000e-01	1.789408e-02	1.098706e-03	1.098706e-03
6.000000e-01	7.000000e-01	1.715270e-02	1.043576e-03	1.043576e-03
7.000000e-01	8.000000e-01	1.489488e-02	9.996686e-04	9.996686e-04
8.000000e-01	9.000000e-01	1.577105e-02	1.027676e-03	1.027676e-03
9.000000e-01	1.000000e+00	1.597324e-02	9.847901e-04	9.847901e-04
1.000000e+00	1.100000e+00	1.256966e-02	9.501634e-04	9.501634e-04
1.100000e+00	1.200000e+00	1.149130e-02	9.148470e-04	9.148470e-04
1.200000e+00	1.300000e+00	9.840056e-03	8.761694e-04	8.761694e-04
1.300000e+00	1.400000e+00	9.435670e-03	9.017190e-04	9.017190e-04
1.400000e+00	1.500000e+00	8.660598e-03	8.192349e-04	8.192349e-04
1.500000e+00	1.600000e+00	7.851826e-03	8.052538e-04	8.052538e-04
1.600000e+00	1.700000e+00	6.672367e-03	7.830899e-04	7.830899e-04
1.700000e+00	1.800000e+00	7.312645e-03	7.188205e-04	7.188205e-04
1.800000e+00	1.900000e+00	5.459209e-03	6.955358e-04	6.955358e-04
1.900000e+00	2.000000e+00	4.043859e-03	6.517042e-04	6.517042e-04
2.000000e+00	2.100000e+00	3.673172e-03	6.663511e-04	6.663511e-04
2.100000e+00	2.200000e+00	4.684136e-03	6.093806e-04	6.093806e-04
2.200000e+00	2.300000e+00	3.100292e-03	5.758457e-04	5.758457e-04
2.300000e+00	2.400000e+00	2.089327e-03	5.412833e-04	5.412833e-04
2.400000e+00	2.500000e+00	2.392616e-03	5.231464e-04	5.231464e-04
2.500000e+00	2.600000e+00	2.291520e-03	4.741845e-04	4.741845e-04
2.600000e+00	2.700000e+00	2.493713e-03	4.765733e-04	4.765733e-04
2.700000e+00	2.800000e+00	7.076753e-04	3.886338e-04	3.886338e-04
2.800000e+00	2.900000e+00	1.651242e-03	4.029793e-04	4.029793e-04
2.900000e+00	3.000000e+00	1.044664e-03	3.420057e-04	3.420057e-04
3.000000e+00	3.100000e+00	1.145760e-03	3.752542e-04	3.752542e-04
3.100000e+00	3.200000e+00	7.076753e-04	3.106878e-04	3.106878e-04
3.200000e+00	3.300000e+00	8.087718e-04	3.125100e-04	3.125100e-04
3.300000e+00	3.400000e+00	6.065788e-04	2.610300e-04	2.610300e-04
3.400000e+00	3.500000e+00	1.078362e-03	2.695906e-04	2.695906e-04
3.500000e+00	3.600000e+00	3.032894e-04	2.544205e-04	2.544205e-04
3.600000e+00	3.700000e+00	6.402776e-04	2.260586e-04	2.260586e-04
3.700000e+00	3.800000e+00	3.706871e-04	1.993649e-04	1.993649e-04
3.800000e+00	3.900000e+00	1.010965e-04	1.935850e-04	1.935850e-04
3.900000e+00	4.000000e+00	1.347953e-04	1.429720e-04	1.429720e-04
4.000000e+00	4.100000e+00	2.021929e-04	1.718310e-04	1.718310e-04
4.100000e+00	4.200000e+00	1.010965e-04	1.010965e-04	1.010965e-04
4.200000e+00	4.300000e+00	2.021929e-04	1.260895e-04	1.260895e-04
4.300000e+00	4.400000e+00	-3.369882e-05	1.117664e-04	1.117664e-04
4.400000e+00	4.500000e+00	1.684941e-04	1.010965e-04	1.010965e-04
4.500000e+00	4.600000e+00	1.347953e-04	1.167362e-04	1.167362e-04
4.600000e+00	4.700000e+00	1.684941e-04	1.010965e-04	1.010965e-04
4.700000e+00	4.800000e+00	6.739765e-05	8.254492e-05	8.254492e-05
4.800000e+00	4.900000e+00	0.000000e+00	-nan	-nan
4.900000e+00	5.000000e+00	1.010965e-04	7.535286e-05	7.535286e-05
# END HISTO1D


# BEGIN HISTO1D //eos/home-y/yiyu/monobc/Rivet/X2000_Qd20.yoda.gz/JetMETAnalysis/jet12_deta
ErrorBars=1
LineColor=red
LineStyle=dashdotted
Path=//eos/home-y/yiyu/monobc/Rivet/X2000_Qd20.yoda.gz/JetMETAnalysis/jet12_deta
ScaledBy=1.11430136845594263e-05
Title=X2000_Qd20
# xlow	 xhigh	 val	 errminus	 errplus
0.000000e+00	1.000000e-01	1.744924e-02	1.069964e-03	1.069964e-03
1.000000e-01	2.000000e-01	1.724673e-02	1.057111e-03	1.057111e-03
2.000000e-01	3.000000e-01	1.707798e-02	1.088435e-03	1.088435e-03
3.000000e-01	4.000000e-01	1.765174e-02	1.049540e-03	1.049540e-03
4.000000e-01	5.000000e-01	1.998056e-02	1.108142e-03	1.108142e-03
5.000000e-01	6.000000e-01	1.822551e-02	1.085291e-03	1.085291e-03
6.000000e-01	7.000000e-01	1.839427e-02	1.083715e-03	1.083715e-03
7.000000e-01	8.000000e-01	1.528918e-02	1.024273e-03	1.024273e-03
8.000000e-01	9.000000e-01	1.296036e-02	9.989368e-04	9.989368e-04
9.000000e-01	1.000000e+00	1.363538e-02	9.510343e-04	9.510343e-04
1.000000e+00	1.100000e+00	1.258910e-02	9.322840e-04	9.322840e-04
1.100000e+00	1.200000e+00	1.059780e-02	9.206031e-04	9.206031e-04
1.200000e+00	1.300000e+00	1.073280e-02	9.243077e-04	9.243077e-04
1.300000e+00	1.400000e+00	9.247759e-03	8.801170e-04	8.801170e-04
1.400000e+00	1.500000e+00	1.019279e-02	8.335869e-04	8.335869e-04
1.500000e+00	1.600000e+00	7.728967e-03	8.121294e-04	8.121294e-04
1.600000e+00	1.700000e+00	7.796469e-03	7.864767e-04	7.864767e-04
1.700000e+00	1.800000e+00	7.425208e-03	7.546941e-04	7.546941e-04
1.800000e+00	1.900000e+00	6.547684e-03	7.015002e-04	7.015002e-04
1.900000e+00	2.000000e+00	5.535155e-03	6.456936e-04	6.456936e-04
2.000000e+00	2.100000e+00	4.421374e-03	6.305197e-04	6.305197e-04
2.100000e+00	2.200000e+00	2.767578e-03	6.037552e-04	6.037552e-04
2.200000e+00	2.300000e+00	3.003834e-03	5.677788e-04	5.677788e-04
2.300000e+00	2.400000e+00	3.273842e-03	5.431700e-04	5.431700e-04
2.400000e+00	2.500000e+00	2.733827e-03	4.832400e-04	4.832400e-04
2.500000e+00	2.600000e+00	1.991306e-03	5.017439e-04	5.017439e-04
2.600000e+00	2.700000e+00	2.295064e-03	4.627697e-04	4.627697e-04
2.700000e+00	2.800000e+00	2.531321e-03	4.282514e-04	4.282514e-04
2.800000e+00	2.900000e+00	1.080030e-03	4.078142e-04	4.078142e-04
2.900000e+00	3.000000e+00	1.383789e-03	3.458443e-04	3.458443e-04
3.000000e+00	3.100000e+00	5.737661e-04	3.650723e-04	3.650723e-04
3.100000e+00	3.200000e+00	7.425208e-04	3.375094e-04	3.375094e-04
3.200000e+00	3.300000e+00	8.100227e-04	2.980803e-04	2.980803e-04
3.300000e+00	3.400000e+00	6.750189e-04	2.700076e-04	2.700076e-04
3.400000e+00	3.500000e+00	6.750189e-04	2.657552e-04	2.657552e-04
3.500000e+00	3.600000e+00	2.362566e-04	2.264082e-04	2.264082e-04
3.600000e+00	3.700000e+00	3.375095e-04	2.338334e-04	2.338334e-04
3.700000e+00	3.800000e+00	2.025057e-04	1.909242e-04	1.909242e-04
3.800000e+00	3.900000e+00	4.050114e-04	1.909242e-04	1.909242e-04
3.900000e+00	4.000000e+00	1.687547e-04	1.687547e-04	1.687547e-04
4.000000e+00	4.100000e+00	1.687547e-04	1.471170e-04	1.471170e-04
4.100000e+00	4.200000e+00	-3.375095e-05	1.471170e-04	1.471170e-04
4.200000e+00	4.300000e+00	-1.012528e-04	1.307169e-04	1.307169e-04
4.300000e+00	4.400000e+00	1.687547e-04	1.216908e-04	1.216908e-04
4.400000e+00	4.500000e+00	1.012528e-04	8.929661e-05	8.929661e-05
4.500000e+00	4.600000e+00	6.750189e-05	8.267260e-05	8.267260e-05
4.600000e+00	4.700000e+00	3.375095e-05	1.119392e-04	1.119392e-04
4.700000e+00	4.800000e+00	-3.375095e-05	1.012529e-04	1.012529e-04
4.800000e+00	4.900000e+00	1.687547e-04	1.012529e-04	1.012529e-04
4.900000e+00	5.000000e+00	1.350038e-04	6.750189e-05	6.750189e-05
# END HISTO1D


# BEGIN HISTO1D //eos/home-y/yiyu/monobc/Rivet/X2000_Qd40.yoda.gz/JetMETAnalysis/jet12_deta
ErrorBars=1
LineColor=blue
LineStyle=dashdotted
Path=//eos/home-y/yiyu/monobc/Rivet/X2000_Qd40.yoda.gz/JetMETAnalysis/jet12_deta
ScaledBy=1.10839193459253869e-05
Title=X2000_Qd40
# xlow	 xhigh	 val	 errminus	 errplus
0.000000e+00	1.000000e-01	1.670651e-02	1.053455e-03	1.053455e-03
1.000000e-01	2.000000e-01	1.807099e-02	1.043419e-03	1.043419e-03
2.000000e-01	3.000000e-01	1.750523e-02	1.040762e-03	1.040762e-03
3.000000e-01	4.000000e-01	1.900282e-02	1.067554e-03	1.067554e-03
4.000000e-01	5.000000e-01	1.693947e-02	1.069627e-03	1.069627e-03
5.000000e-01	6.000000e-01	1.876986e-02	1.085557e-03	1.085557e-03
6.000000e-01	7.000000e-01	1.654011e-02	1.032750e-03	1.032750e-03
7.000000e-01	8.000000e-01	1.597435e-02	1.014900e-03	1.014900e-03
8.000000e-01	9.000000e-01	1.431036e-02	9.972870e-04	9.972870e-04
9.000000e-01	1.000000e+00	1.371132e-02	9.576287e-04	9.576287e-04
1.000000e+00	1.100000e+00	1.128189e-02	9.168597e-04	9.168597e-04
1.100000e+00	1.200000e+00	1.238012e-02	9.282646e-04	9.282646e-04
1.200000e+00	1.300000e+00	1.035005e-02	8.722889e-04	8.722889e-04
1.300000e+00	1.400000e+00	9.484771e-03	8.373053e-04	8.373053e-04
1.400000e+00	1.500000e+00	9.584611e-03	8.246434e-04	8.246434e-04
1.500000e+00	1.600000e+00	7.487977e-03	7.980239e-04	7.980239e-04
1.600000e+00	1.700000e+00	8.153575e-03	7.783513e-04	7.783513e-04
1.700000e+00	1.800000e+00	6.423021e-03	7.222581e-04	7.222581e-04
1.800000e+00	1.900000e+00	4.892145e-03	7.036161e-04	7.036161e-04
1.900000e+00	2.000000e+00	3.993588e-03	6.672599e-04	6.672599e-04
2.000000e+00	2.100000e+00	5.091825e-03	6.252725e-04	6.252725e-04
2.100000e+00	2.200000e+00	3.993588e-03	5.897213e-04	5.897213e-04
2.200000e+00	2.300000e+00	3.594229e-03	5.686872e-04	5.686872e-04
2.300000e+00	2.400000e+00	2.063354e-03	5.240924e-04	5.240924e-04
2.400000e+00	2.500000e+00	3.394550e-03	5.155700e-04	5.155700e-04
2.500000e+00	2.600000e+00	2.063354e-03	4.611398e-04	4.611398e-04
2.600000e+00	2.700000e+00	1.331196e-03	4.464967e-04	4.464967e-04
2.700000e+00	2.800000e+00	1.996794e-03	4.415078e-04	4.415078e-04
2.800000e+00	2.900000e+00	1.630715e-03	3.838026e-04	3.838026e-04
2.900000e+00	3.000000e+00	1.131517e-03	3.584355e-04	3.584355e-04
3.000000e+00	3.100000e+00	9.651171e-04	3.410174e-04	3.410174e-04
3.100000e+00	3.200000e+00	1.530875e-03	3.294542e-04	3.294542e-04
3.200000e+00	3.300000e+00	4.659186e-04	2.901274e-04	2.901274e-04
3.300000e+00	3.400000e+00	6.988779e-04	2.843436e-04	2.843436e-04
3.400000e+00	3.500000e+00	4.326387e-04	2.512577e-04	2.512577e-04
3.500000e+00	3.600000e+00	1.131517e-03	2.534522e-04	2.534522e-04
3.600000e+00	3.700000e+00	4.991985e-04	2.130953e-04	2.130953e-04
3.700000e+00	3.800000e+00	1.996794e-04	2.104806e-04	2.104806e-04
3.800000e+00	3.900000e+00	2.662392e-04	1.940535e-04	1.940535e-04
3.900000e+00	4.000000e+00	3.993588e-04	1.822815e-04	1.822815e-04
4.000000e+00	4.100000e+00	1.996794e-04	1.411947e-04	1.411947e-04
4.100000e+00	4.200000e+00	9.983970e-05	1.450637e-04	1.450637e-04
4.200000e+00	4.300000e+00	0.000000e+00	-nan	-nan
4.300000e+00	4.400000e+00	1.331196e-04	1.052403e-04	1.052403e-04
4.400000e+00	4.500000e+00	1.663995e-04	1.199924e-04	1.199924e-04
4.500000e+00	4.600000e+00	0.000000e+00	-nan	-nan
4.600000e+00	4.700000e+00	-6.655980e-05	9.412977e-05	9.412977e-05
4.700000e+00	4.800000e+00	6.655980e-05	4.706488e-05	4.706488e-05
4.800000e+00	4.900000e+00	9.983970e-05	7.441611e-05	7.441611e-05
4.900000e+00	5.000000e+00	3.327990e-05	3.327990e-05	3.327990e-05
# END HISTO1D


# BEGIN HISTO1D //eos/home-y/yiyu/monobc/Rivet/X600_Qd10.yoda.gz/JetMETAnalysis/jet12_deta
ErrorBars=1
LineColor=green
LineStyle=dashdotted
Path=//eos/home-y/yiyu/monobc/Rivet/X600_Qd10.yoda.gz/JetMETAnalysis/jet12_deta
ScaledBy=1.57533529470536090e-05
Title=X600_Qd10
# xlow	 xhigh	 val	 errminus	 errplus
0.000000e+00	1.000000e-01	2.539718e+01	8.740163e-01	8.740163e-01
1.000000e-01	2.000000e-01	2.424812e+01	8.534129e-01	8.534129e-01
2.000000e-01	3.000000e-01	2.516147e+01	8.710316e-01	8.710316e-01
3.000000e-01	4.000000e-01	2.654624e+01	8.912278e-01	8.912278e-01
4.000000e-01	5.000000e-01	2.689980e+01	9.009154e-01	9.009154e-01
5.000000e-01	6.000000e-01	2.601590e+01	8.834013e-01	8.834013e-01
6.000000e-01	7.000000e-01	2.398295e+01	8.488232e-01	8.488232e-01
7.000000e-01	8.000000e-01	2.324637e+01	8.359420e-01	8.359420e-01
8.000000e-01	9.000000e-01	2.365886e+01	8.390515e-01	8.390515e-01
9.000000e-01	1.000000e+00	2.215624e+01	8.143758e-01	8.143758e-01
1.000000e+00	1.100000e+00	2.115449e+01	7.938647e-01	7.938647e-01
1.100000e+00	1.200000e+00	1.968134e+01	7.649061e-01	7.649061e-01
1.200000e+00	1.300000e+00	2.156698e+01	8.014825e-01	8.014825e-01
1.300000e+00	1.400000e+00	1.991704e+01	7.716854e-01	7.716854e-01
1.400000e+00	1.500000e+00	1.870906e+01	7.494287e-01	7.494287e-01
1.500000e+00	1.600000e+00	1.809033e+01	7.371661e-01	7.371661e-01
1.600000e+00	1.700000e+00	1.632255e+01	6.984678e-01	6.984678e-01
1.700000e+00	1.800000e+00	1.649933e+01	7.046545e-01	7.046545e-01
1.800000e+00	1.900000e+00	1.473154e+01	6.640642e-01	6.640642e-01
1.900000e+00	2.000000e+00	1.358248e+01	6.394236e-01	6.394236e-01
2.000000e+00	2.100000e+00	1.269859e+01	6.173202e-01	6.173202e-01
2.100000e+00	2.200000e+00	1.237449e+01	6.123787e-01	6.123787e-01
2.200000e+00	2.300000e+00	1.045939e+01	5.597986e-01	5.597986e-01
2.300000e+00	2.400000e+00	9.929059e+00	5.408703e-01	5.408703e-01
2.400000e+00	2.500000e+00	9.604965e+00	5.352235e-01	5.352235e-01
2.500000e+00	2.600000e+00	7.925569e+00	4.868100e-01	4.868100e-01
2.600000e+00	2.700000e+00	8.131811e+00	4.965207e-01	4.965207e-01
2.700000e+00	2.800000e+00	7.071140e+00	4.602281e-01	4.602281e-01
2.800000e+00	2.900000e+00	6.776509e+00	4.506985e-01	4.506985e-01
2.900000e+00	3.000000e+00	5.951543e+00	4.208169e-01	4.208169e-01
3.000000e+00	3.100000e+00	4.861409e+00	3.784602e-01	3.784602e-01
3.100000e+00	3.200000e+00	4.566778e+00	3.784602e-01	3.784602e-01
3.200000e+00	3.300000e+00	4.331073e+00	3.620485e-01	3.620485e-01
3.300000e+00	3.400000e+00	3.240939e+00	3.145796e-01	3.145796e-01
3.400000e+00	3.500000e+00	3.240939e+00	3.173271e-01	3.173271e-01
3.500000e+00	3.600000e+00	2.828456e+00	2.886781e-01	2.886781e-01
3.600000e+00	3.700000e+00	2.180268e+00	2.635258e-01	2.635258e-01
3.700000e+00	3.800000e+00	1.974027e+00	2.551578e-01	2.551578e-01
3.800000e+00	3.900000e+00	2.150805e+00	2.517327e-01	2.517327e-01
3.900000e+00	4.000000e+00	1.561543e+00	2.144945e-01	2.144945e-01
4.000000e+00	4.100000e+00	1.355302e+00	1.998284e-01	1.998284e-01
4.100000e+00	4.200000e+00	1.060671e+00	1.863409e-01	1.863409e-01
4.200000e+00	4.300000e+00	1.001745e+00	1.717978e-01	1.717978e-01
4.300000e+00	4.400000e+00	8.249663e-01	1.666684e-01	1.666684e-01
4.400000e+00	4.500000e+00	5.892617e-01	1.381941e-01	1.381941e-01
4.500000e+00	4.600000e+00	4.419462e-01	1.141100e-01	1.141100e-01
4.600000e+00	4.700000e+00	6.187247e-01	1.413000e-01	1.413000e-01
4.700000e+00	4.800000e+00	2.651677e-01	8.838925e-02	8.838925e-02
4.800000e+00	4.900000e+00	3.830201e-01	1.062306e-01	1.062306e-01
4.900000e+00	5.000000e+00	3.240939e-01	9.771799e-02	9.771799e-02
# END HISTO1D


# BEGIN HISTO1D //eos/home-y/yiyu/monobc/Rivet/X600_Qd20.yoda.gz/JetMETAnalysis/jet12_deta
ErrorBars=1
LineColor=orange
LineStyle=dashdotted
Path=//eos/home-y/yiyu/monobc/Rivet/X600_Qd20.yoda.gz/JetMETAnalysis/jet12_deta
ScaledBy=1.56410006686483217e-05
Title=X600_Qd20
# xlow	 xhigh	 val	 errminus	 errplus
0.000000e+00	1.000000e-01	2.419048e+01	8.441925e-01	8.441925e-01
1.000000e-01	2.000000e-01	2.477268e+01	8.561533e-01	8.561533e-01
2.000000e-01	3.000000e-01	2.584975e+01	8.713597e-01	8.713597e-01
3.000000e-01	4.000000e-01	2.381205e+01	8.376423e-01	8.376423e-01
4.000000e-01	5.000000e-01	2.710149e+01	8.920234e-01	8.920234e-01
5.000000e-01	6.000000e-01	2.480179e+01	8.576366e-01	8.576366e-01
6.000000e-01	7.000000e-01	2.526755e+01	8.615798e-01	8.615798e-01
7.000000e-01	8.000000e-01	2.384116e+01	8.371364e-01	8.371364e-01
8.000000e-01	9.000000e-01	2.311341e+01	8.264394e-01	8.264394e-01
9.000000e-01	1.000000e+00	2.244387e+01	8.176773e-01	8.176773e-01
1.000000e+00	1.100000e+00	2.058083e+01	7.794765e-01	7.794765e-01
1.100000e+00	1.200000e+00	2.122125e+01	7.934835e-01	7.934835e-01
1.200000e+00	1.300000e+00	2.069727e+01	7.805629e-01	7.805629e-01
1.300000e+00	1.400000e+00	1.947465e+01	7.563022e-01	7.563022e-01
1.400000e+00	1.500000e+00	2.005685e+01	7.696301e-01	7.696301e-01
1.500000e+00	1.600000e+00	1.819380e+01	7.370085e-01	7.370085e-01
1.600000e+00	1.700000e+00	1.603966e+01	6.931624e-01	6.931624e-01
1.700000e+00	1.800000e+00	1.598144e+01	6.870226e-01	6.870226e-01
1.800000e+00	1.900000e+00	1.504991e+01	6.720585e-01	6.720585e-01
1.900000e+00	2.000000e+00	1.341975e+01	6.317626e-01	6.317626e-01
2.000000e+00	2.100000e+00	1.257556e+01	6.078364e-01	6.078364e-01
2.100000e+00	2.200000e+00	1.158581e+01	5.879949e-01	5.879949e-01
2.200000e+00	2.300000e+00	9.926539e+00	5.406958e-01	5.406958e-01
2.300000e+00	2.400000e+00	9.431667e+00	5.320062e-01	5.320062e-01
2.400000e+00	2.500000e+00	8.762135e+00	5.083858e-01	5.083858e-01
2.500000e+00	2.600000e+00	7.801503e+00	4.836131e-01	4.836131e-01
2.600000e+00	2.700000e+00	7.947053e+00	4.948714e-01	4.948714e-01
2.700000e+00	2.800000e+00	6.928200e+00	4.509715e-01	4.509715e-01
2.800000e+00	2.900000e+00	6.142228e+00	4.248477e-01	4.248477e-01
2.900000e+00	3.000000e+00	5.414476e+00	3.991373e-01	3.991373e-01
3.000000e+00	3.100000e+00	5.065155e+00	3.861889e-01	3.861889e-01
3.100000e+00	3.200000e+00	4.337403e+00	3.624176e-01	3.624176e-01
3.200000e+00	3.300000e+00	3.609650e+00	3.319060e-01	3.319060e-01
3.300000e+00	3.400000e+00	3.842531e+00	3.394790e-01	3.394790e-01
3.400000e+00	3.500000e+00	2.998339e+00	2.982896e-01	2.982896e-01
3.500000e+00	3.600000e+00	2.561687e+00	2.730768e-01	2.730768e-01
3.600000e+00	3.700000e+00	2.183256e+00	2.521007e-01	2.521007e-01
3.700000e+00	3.800000e+00	1.950376e+00	2.382763e-01	2.382763e-01
3.800000e+00	3.900000e+00	1.630165e+00	2.254857e-01	2.254857e-01
3.900000e+00	4.000000e+00	1.397284e+00	2.016806e-01	2.016806e-01
4.000000e+00	4.100000e+00	1.688385e+00	2.254857e-01	2.254857e-01
4.100000e+00	4.200000e+00	9.315227e-01	1.746605e-01	1.746605e-01
4.200000e+00	4.300000e+00	9.897429e-01	1.794466e-01	1.794466e-01
4.300000e+00	4.400000e+00	8.441924e-01	1.567626e-01	1.567626e-01
4.400000e+00	4.500000e+00	6.986420e-01	1.540361e-01	1.540361e-01
4.500000e+00	4.600000e+00	5.822017e-01	1.301843e-01	1.301843e-01
4.600000e+00	4.700000e+00	6.404219e-01	1.365384e-01	1.365384e-01
4.700000e+00	4.800000e+00	3.784311e-01	1.049579e-01	1.049579e-01
4.800000e+00	4.900000e+00	2.911008e-01	9.205417e-02	9.205417e-02
4.900000e+00	5.000000e+00	3.784311e-01	1.127429e-01	1.127429e-01
# END HISTO1D


# BEGIN HISTO1D //eos/home-y/yiyu/monobc/Rivet/X600_Qd40.yoda.gz/JetMETAnalysis/jet12_deta
ErrorBars=1
LineColor=lilac
LineStyle=dashdotted
Path=//eos/home-y/yiyu/monobc/Rivet/X600_Qd40.yoda.gz/JetMETAnalysis/jet12_deta
ScaledBy=1.56869321066331316e-05
Title=X600_Qd40
# xlow	 xhigh	 val	 errminus	 errplus
0.000000e+00	1.000000e-01	2.204777e+01	8.022675e-01	8.022675e-01
1.000000e-01	2.000000e-01	2.402605e+01	8.378518e-01	8.378518e-01
2.000000e-01	3.000000e-01	2.285055e+01	8.154786e-01	8.154786e-01
3.000000e-01	4.000000e-01	2.353864e+01	8.254971e-01	8.254971e-01
4.000000e-01	5.000000e-01	2.778191e+01	8.979927e-01	8.979927e-01
5.000000e-01	6.000000e-01	2.457079e+01	8.403010e-01	8.403010e-01
6.000000e-01	7.000000e-01	2.457079e+01	8.461500e-01	8.461500e-01
7.000000e-01	8.000000e-01	2.356732e+01	8.289750e-01	8.289750e-01
8.000000e-01	9.000000e-01	2.250650e+01	8.063554e-01	8.063554e-01
9.000000e-01	1.000000e+00	2.193309e+01	7.960961e-01	7.960961e-01
1.000000e+00	1.100000e+00	2.310858e+01	8.169892e-01	8.169892e-01
1.100000e+00	1.200000e+00	2.044221e+01	7.687812e-01	7.687812e-01
1.200000e+00	1.300000e+00	1.932405e+01	7.552975e-01	7.552975e-01
1.300000e+00	1.400000e+00	2.006949e+01	7.671757e-01	7.671757e-01
1.400000e+00	1.500000e+00	1.734577e+01	7.179134e-01	7.179134e-01
1.500000e+00	1.600000e+00	1.737444e+01	7.092739e-01	7.092739e-01
1.600000e+00	1.700000e+00	1.605559e+01	6.820976e-01	6.820976e-01
1.700000e+00	1.800000e+00	1.488009e+01	6.656297e-01	6.656297e-01
1.800000e+00	1.900000e+00	1.482275e+01	6.581784e-01	6.581784e-01
1.900000e+00	2.000000e+00	1.358991e+01	6.307554e-01	6.307554e-01
2.000000e+00	2.100000e+00	1.347523e+01	6.255208e-01	6.255208e-01
2.100000e+00	2.200000e+00	1.149695e+01	5.840665e-01	5.840665e-01
2.200000e+00	2.300000e+00	1.063683e+01	5.537232e-01	5.537232e-01
2.300000e+00	2.400000e+00	1.006342e+01	5.417169e-01	5.417169e-01
2.400000e+00	2.500000e+00	9.461331e+00	5.239761e-01	5.239761e-01
2.500000e+00	2.600000e+00	8.027796e+00	4.865579e-01	4.865579e-01
2.600000e+00	2.700000e+00	7.855772e+00	4.797525e-01	4.797525e-01
2.700000e+00	2.800000e+00	7.511723e+00	4.658438e-01	4.658438e-01
2.800000e+00	2.900000e+00	6.450907e+00	4.338665e-01	4.338665e-01
2.900000e+00	3.000000e+00	5.418762e+00	3.941569e-01	3.941569e-01
3.000000e+00	3.100000e+00	5.074714e+00	3.857248e-01	3.857248e-01
3.100000e+00	3.200000e+00	4.271934e+00	3.569473e-01	3.569473e-01
3.200000e+00	3.300000e+00	4.099910e+00	3.452409e-01	3.452409e-01
3.300000e+00	3.400000e+00	3.497825e+00	3.218277e-01	3.218277e-01
3.400000e+00	3.500000e+00	2.580363e+00	2.779728e-01	2.779728e-01
3.500000e+00	3.600000e+00	2.551692e+00	2.704788e-01	2.704788e-01
3.600000e+00	3.700000e+00	2.064290e+00	2.466347e-01	2.466347e-01
3.700000e+00	3.800000e+00	1.920937e+00	2.346798e-01	2.346798e-01
3.800000e+00	3.900000e+00	2.035620e+00	2.449626e-01	2.449626e-01
3.900000e+00	4.000000e+00	1.605559e+00	2.145519e-01	2.145519e-01
4.000000e+00	4.100000e+00	1.204169e+00	1.901799e-01	1.901799e-01
4.100000e+00	4.200000e+00	1.003474e+00	1.743970e-01	1.743970e-01
4.200000e+00	4.300000e+00	8.314503e-01	1.596317e-01	1.596317e-01
4.300000e+00	4.400000e+00	8.601210e-01	1.621860e-01	1.621860e-01
4.400000e+00	4.500000e+00	7.741089e-01	1.489773e-01	1.489773e-01
4.500000e+00	4.600000e+00	8.601210e-01	1.570359e-01	1.570359e-01
4.600000e+00	4.700000e+00	3.727191e-01	1.110412e-01	1.110412e-01
4.700000e+00	4.800000e+00	5.160726e-01	1.216395e-01	1.216395e-01
4.800000e+00	4.900000e+00	6.307554e-01	1.344775e-01	1.344775e-01
4.900000e+00	5.000000e+00	2.867070e-01	9.066471e-02	9.066471e-02
# END HISTO1D


# BEGIN HISTO1D //eos/home-y/yiyu/monobc/Rivet/X800_Qd10.yoda.gz/JetMETAnalysis/jet12_deta
ErrorBars=1
LineColor=red
LineStyle=dotted
Path=//eos/home-y/yiyu/monobc/Rivet/X800_Qd10.yoda.gz/JetMETAnalysis/jet12_deta
ScaledBy=1.47308375736674233e-05
Title=X800_Qd10
# xlow	 xhigh	 val	 errminus	 errplus
0.000000e+00	1.000000e-01	8.197217e+00	2.796130e-01	2.796130e-01
1.000000e-01	2.000000e-01	8.187891e+00	2.794575e-01	2.794575e-01
2.000000e-01	3.000000e-01	8.504962e+00	2.837808e-01	2.837808e-01
3.000000e-01	4.000000e-01	8.887312e+00	2.890941e-01	2.890941e-01
4.000000e-01	5.000000e-01	9.530780e+00	3.007421e-01	3.007421e-01
5.000000e-01	6.000000e-01	8.057332e+00	2.769567e-01	2.769567e-01
6.000000e-01	7.000000e-01	8.262496e+00	2.806995e-01	2.806995e-01
7.000000e-01	8.000000e-01	8.327775e+00	2.808544e-01	2.808544e-01
8.000000e-01	9.000000e-01	7.264655e+00	2.642624e-01	2.642624e-01
9.000000e-01	1.000000e+00	7.040840e+00	2.582707e-01	2.582707e-01
1.000000e+00	1.100000e+00	7.050166e+00	2.597816e-01	2.597816e-01
1.100000e+00	1.200000e+00	6.555908e+00	2.510999e-01	2.510999e-01
1.200000e+00	1.300000e+00	6.527931e+00	2.509267e-01	2.509267e-01
1.300000e+00	1.400000e+00	6.304117e+00	2.449639e-01	2.449639e-01
1.400000e+00	1.500000e+00	5.772556e+00	2.349981e-01	2.349981e-01
1.500000e+00	1.600000e+00	5.343578e+00	2.282396e-01	2.282396e-01
1.600000e+00	1.700000e+00	5.250322e+00	2.251707e-01	2.251707e-01
1.700000e+00	1.800000e+00	4.802692e+00	2.136767e-01	2.136767e-01
1.800000e+00	1.900000e+00	4.420342e+00	2.064313e-01	2.064313e-01
1.900000e+00	2.000000e+00	4.280458e+00	2.032471e-01	2.032471e-01
2.000000e+00	2.100000e+00	3.888782e+00	1.949478e-01	1.949478e-01
2.100000e+00	2.200000e+00	3.711595e+00	1.915728e-01	1.915728e-01
2.200000e+00	2.300000e+00	3.002848e+00	1.739671e-01	1.739671e-01
2.300000e+00	2.400000e+00	3.198686e+00	1.762023e-01	1.762023e-01
2.400000e+00	2.500000e+00	2.769708e+00	1.633980e-01	1.633980e-01
2.500000e+00	2.600000e+00	2.564544e+00	1.590831e-01	1.590831e-01
2.600000e+00	2.700000e+00	2.378032e+00	1.518100e-01	1.518100e-01
2.700000e+00	2.800000e+00	2.014333e+00	1.408137e-01	1.408137e-01
2.800000e+00	2.900000e+00	1.725239e+00	1.282060e-01	1.282060e-01
2.900000e+00	3.000000e+00	1.604006e+00	1.237183e-01	1.237183e-01
3.000000e+00	3.100000e+00	1.398842e+00	1.179608e-01	1.179608e-01
3.100000e+00	3.200000e+00	1.175028e+00	1.095512e-01	1.095512e-01
3.200000e+00	3.300000e+00	1.119074e+00	1.071432e-01	1.071432e-01
3.300000e+00	3.400000e+00	9.512128e-01	9.418411e-02	9.418411e-02
3.400000e+00	3.500000e+00	8.766079e-01	9.510300e-02	9.510300e-02
3.500000e+00	3.600000e+00	6.900956e-01	8.236161e-02	8.236161e-02
3.600000e+00	3.700000e+00	6.061650e-01	7.746439e-02	7.746439e-02
3.700000e+00	3.800000e+00	4.289783e-01	6.724797e-02	6.724797e-02
3.800000e+00	3.900000e+00	4.662808e-01	6.724797e-02	6.724797e-02
3.900000e+00	4.000000e+00	3.916759e-01	6.324940e-02	6.324940e-02
4.000000e+00	4.100000e+00	3.077453e-01	5.517109e-02	5.517109e-02
4.100000e+00	4.200000e+00	3.916759e-01	6.185914e-02	6.185914e-02
4.200000e+00	4.300000e+00	1.585355e-01	4.662808e-02	4.662808e-02
4.300000e+00	4.400000e+00	1.771867e-01	4.064942e-02	4.064942e-02
4.400000e+00	4.500000e+00	1.865123e-01	4.374102e-02	4.374102e-02
4.500000e+00	4.600000e+00	9.325616e-02	3.489327e-02	3.489327e-02
4.600000e+00	4.700000e+00	1.398842e-01	3.611796e-02	3.611796e-02
4.700000e+00	4.800000e+00	5.595370e-02	2.637683e-02	2.637683e-02
4.800000e+00	4.900000e+00	8.393055e-02	2.797685e-02	2.797685e-02
4.900000e+00	5.000000e+00	1.119074e-01	3.230488e-02	3.230488e-02
# END HISTO1D


# BEGIN HISTO1D //eos/home-y/yiyu/monobc/Rivet/X800_Qd20.yoda.gz/JetMETAnalysis/jet12_deta
ErrorBars=1
LineColor=blue
LineStyle=dotted
Path=//eos/home-y/yiyu/monobc/Rivet/X800_Qd20.yoda.gz/JetMETAnalysis/jet12_deta
ScaledBy=1.47466832779571235e-05
Title=X800_Qd20
# xlow	 xhigh	 val	 errminus	 errplus
0.000000e+00	1.000000e-01	8.000796e+00	2.750461e-01	2.750461e-01
1.000000e-01	2.000000e-01	8.196620e+00	2.792815e-01	2.792815e-01
2.000000e-01	3.000000e-01	8.634892e+00	2.865048e-01	2.865048e-01
3.000000e-01	4.000000e-01	8.746791e+00	2.889226e-01	2.889226e-01
4.000000e-01	5.000000e-01	8.756116e+00	2.887721e-01	2.887721e-01
5.000000e-01	6.000000e-01	8.411093e+00	2.852882e-01	2.852882e-01
6.000000e-01	7.000000e-01	7.982146e+00	2.772503e-01	2.772503e-01
7.000000e-01	8.000000e-01	7.832947e+00	2.737786e-01	2.737786e-01
8.000000e-01	9.000000e-01	7.450625e+00	2.658834e-01	2.658834e-01
9.000000e-01	1.000000e+00	7.012353e+00	2.600972e-01	2.600972e-01
1.000000e+00	1.100000e+00	7.049653e+00	2.577464e-01	2.577464e-01
1.100000e+00	1.200000e+00	6.947078e+00	2.575777e-01	2.575777e-01
1.200000e+00	1.300000e+00	6.434207e+00	2.484706e-01	2.484706e-01
1.300000e+00	1.400000e+00	5.846736e+00	2.375572e-01	2.375572e-01
1.400000e+00	1.500000e+00	5.818761e+00	2.362726e-01	2.362726e-01
1.500000e+00	1.600000e+00	5.893360e+00	2.377402e-01	2.377402e-01
1.600000e+00	1.700000e+00	5.184665e+00	2.226298e-01	2.226298e-01
1.700000e+00	1.800000e+00	4.951542e+00	2.168925e-01	2.168925e-01
1.800000e+00	1.900000e+00	4.569219e+00	2.114110e-01	2.114110e-01
1.900000e+00	2.000000e+00	4.047023e+00	1.982509e-01	1.982509e-01
2.000000e+00	2.100000e+00	3.720650e+00	1.881235e-01	1.881235e-01
2.100000e+00	2.200000e+00	3.627401e+00	1.876607e-01	1.876607e-01
2.200000e+00	2.300000e+00	3.562126e+00	1.878923e-01	1.878923e-01
2.300000e+00	2.400000e+00	3.207778e+00	1.774190e-01	1.774190e-01
2.400000e+00	2.500000e+00	2.881406e+00	1.675896e-01	1.675896e-01
2.500000e+00	2.600000e+00	2.368534e+00	1.509373e-01	1.509373e-01
2.600000e+00	2.700000e+00	2.070136e+00	1.420332e-01	1.420332e-01
2.700000e+00	2.800000e+00	1.837013e+00	1.354525e-01	1.354525e-01
2.800000e+00	2.900000e+00	1.781063e+00	1.328599e-01	1.328599e-01
2.900000e+00	3.000000e+00	1.613214e+00	1.261454e-01	1.261454e-01
3.000000e+00	3.100000e+00	1.296166e+00	1.138253e-01	1.138253e-01
3.100000e+00	3.200000e+00	1.342791e+00	1.134428e-01	1.134428e-01
3.200000e+00	3.300000e+00	1.016418e+00	9.912544e-02	9.912544e-02
3.300000e+00	3.400000e+00	1.072368e+00	1.025743e-01	1.025743e-01
3.400000e+00	3.500000e+00	8.019446e-01	9.231217e-02	9.231217e-02
3.500000e+00	3.600000e+00	5.594962e-01	7.689540e-02	7.689540e-02
3.600000e+00	3.700000e+00	7.366700e-01	8.495422e-02	8.495422e-02
3.700000e+00	3.800000e+00	4.942217e-01	7.162620e-02	7.162620e-02
3.800000e+00	3.900000e+00	3.729975e-01	6.460506e-02	6.460506e-02
3.900000e+00	4.000000e+00	3.077229e-01	5.672138e-02	5.672138e-02
4.000000e+00	4.100000e+00	3.636725e-01	5.970873e-02	5.970873e-02
4.100000e+00	4.200000e+00	3.543476e-01	5.897608e-02	5.897608e-02
4.200000e+00	4.300000e+00	2.517733e-01	5.191905e-02	5.191905e-02
4.300000e+00	4.400000e+00	2.144736e-01	4.472082e-02	4.472082e-02
4.400000e+00	4.500000e+00	2.144736e-01	4.845379e-02	4.845379e-02
4.500000e+00	4.600000e+00	1.585239e-01	3.844770e-02	3.844770e-02
4.600000e+00	4.700000e+00	9.324937e-02	2.948804e-02	2.948804e-02
4.700000e+00	4.800000e+00	1.118992e-01	3.230252e-02	3.230252e-02
4.800000e+00	4.900000e+00	5.594962e-02	2.637490e-02	2.637490e-02
4.900000e+00	5.000000e+00	5.594962e-02	2.284134e-02	2.284134e-02
# END HISTO1D


# BEGIN HISTO1D //eos/home-y/yiyu/monobc/Rivet/X800_Qd40.yoda.gz/JetMETAnalysis/jet12_deta
ErrorBars=1
LineColor=green
LineStyle=dotted
Path=//eos/home-y/yiyu/monobc/Rivet/X800_Qd40.yoda.gz/JetMETAnalysis/jet12_deta
ScaledBy=1.48255274573354104e-05
Title=X800_Qd40
# xlow	 xhigh	 val	 errminus	 errplus
0.000000e+00	1.000000e-01	7.992139e+00	2.756652e-01	2.756652e-01
1.000000e-01	2.000000e-01	8.075584e+00	2.761325e-01	2.761325e-01
2.000000e-01	3.000000e-01	8.112670e+00	2.795360e-01	2.795360e-01
3.000000e-01	4.000000e-01	8.455720e+00	2.830504e-01	2.830504e-01
4.000000e-01	5.000000e-01	9.160364e+00	2.961119e-01	2.961119e-01
5.000000e-01	6.000000e-01	8.177572e+00	2.787661e-01	2.787661e-01
6.000000e-01	7.000000e-01	8.047769e+00	2.734736e-01	2.734736e-01
7.000000e-01	8.000000e-01	7.964324e+00	2.751970e-01	2.751970e-01
8.000000e-01	9.000000e-01	7.389484e+00	2.650128e-01	2.650128e-01
9.000000e-01	1.000000e+00	7.435842e+00	2.671129e-01	2.671129e-01
1.000000e+00	1.100000e+00	7.074249e+00	2.594398e-01	2.594398e-01
1.100000e+00	1.200000e+00	6.684840e+00	2.530661e-01	2.530661e-01
1.200000e+00	1.300000e+00	6.490136e+00	2.487838e-01	2.487838e-01
1.300000e+00	1.400000e+00	5.637147e+00	2.316051e-01	2.316051e-01
1.400000e+00	1.500000e+00	5.998740e+00	2.387331e-01	2.387331e-01
1.500000e+00	1.600000e+00	5.535159e+00	2.280518e-01	2.280518e-01
1.600000e+00	1.700000e+00	5.173566e+00	2.221323e-01	2.221323e-01
1.700000e+00	1.800000e+00	5.043763e+00	2.209683e-01	2.209683e-01
1.800000e+00	1.900000e+00	4.524552e+00	2.097929e-01	2.097929e-01
1.900000e+00	2.000000e+00	4.172231e+00	2.001468e-01	2.001468e-01
2.000000e+00	2.100000e+00	4.181502e+00	2.003615e-01	2.003615e-01
2.100000e+00	2.200000e+00	3.653020e+00	1.877361e-01	1.877361e-01
2.200000e+00	2.300000e+00	3.068907e+00	1.727112e-01	1.727112e-01
2.300000e+00	2.400000e+00	3.050364e+00	1.702044e-01	1.702044e-01
2.400000e+00	2.500000e+00	2.540425e+00	1.573447e-01	1.573447e-01
2.500000e+00	2.600000e+00	2.577511e+00	1.595150e-01	1.595150e-01
2.600000e+00	2.700000e+00	2.215918e+00	1.457150e-01	1.457150e-01
2.700000e+00	2.800000e+00	1.928498e+00	1.375204e-01	1.375204e-01
2.800000e+00	2.900000e+00	1.585448e+00	1.261077e-01	1.261077e-01
2.900000e+00	3.000000e+00	1.594719e+00	1.271261e-01	1.271261e-01
3.000000e+00	3.100000e+00	1.603991e+00	1.254242e-01	1.254242e-01
3.100000e+00	3.200000e+00	1.492731e+00	1.205311e-01	1.205311e-01
3.200000e+00	3.300000e+00	1.112595e+00	1.048964e-01	1.048964e-01
3.300000e+00	3.400000e+00	8.993475e-01	9.590642e-02	9.590642e-02
3.400000e+00	3.500000e+00	8.159029e-01	8.697554e-02	8.697554e-02
3.500000e+00	3.600000e+00	6.675569e-01	8.188476e-02	8.188476e-02
3.600000e+00	3.700000e+00	5.933839e-01	7.645576e-02	7.645576e-02
3.700000e+00	3.800000e+00	5.562974e-01	7.417299e-02	7.417299e-02
3.800000e+00	3.900000e+00	3.986798e-01	6.490136e-02	6.490136e-02
3.900000e+00	4.000000e+00	3.152352e-01	5.863889e-02	5.863889e-02
4.000000e+00	4.100000e+00	4.079514e-01	6.556028e-02	6.556028e-02
4.100000e+00	4.200000e+00	2.966919e-01	5.406239e-02	5.406239e-02
4.200000e+00	4.300000e+00	1.668892e-01	3.933617e-02	3.933617e-02
4.300000e+00	4.400000e+00	2.596055e-01	5.244822e-02	5.244822e-02
4.400000e+00	4.500000e+00	2.132473e-01	4.446514e-02	4.446514e-02
4.500000e+00	4.600000e+00	1.668892e-01	3.933617e-02	3.933617e-02
4.600000e+00	4.700000e+00	9.271623e-02	3.211785e-02	3.211785e-02
4.700000e+00	4.800000e+00	5.562974e-02	2.271075e-02	2.271075e-02
4.800000e+00	4.900000e+00	6.490136e-02	2.453041e-02	2.453041e-02
4.900000e+00	5.000000e+00	6.490136e-02	2.781487e-02	2.781487e-02
# END HISTO1D

