# BEGIN PLOT
Legend=1
LogY=1
LegendPlacement=manual
LegendAlign=r
LegendXPos=1.32
RightMargin=3.3
Title=Di-jet $\Delta R$
XLabel=$\Delta R_{jj}$
YLabel=$\mathrm{d}\sigma/\mathrm{d}\Delta R_{jj}$ [pb]
DrawOnly=//eos/home-y/yiyu/monobc/Rivet/X1000_Qd10.yoda.gz/JetMETAnalysis/jet12_dR //eos/home-y/yiyu/monobc/Rivet/X1000_Qd20.yoda.gz/JetMETAnalysis/jet12_dR //eos/home-y/yiyu/monobc/Rivet/X1000_Qd40.yoda.gz/JetMETAnalysis/jet12_dR //eos/home-y/yiyu/monobc/Rivet/X1200_Qd10.yoda.gz/JetMETAnalysis/jet12_dR //eos/home-y/yiyu/monobc/Rivet/X1200_Qd20.yoda.gz/JetMETAnalysis/jet12_dR //eos/home-y/yiyu/monobc/Rivet/X1200_Qd40.yoda.gz/JetMETAnalysis/jet12_dR //eos/home-y/yiyu/monobc/Rivet/X1500_Qd10.yoda.gz/JetMETAnalysis/jet12_dR //eos/home-y/yiyu/monobc/Rivet/X1500_Qd20.yoda.gz/JetMETAnalysis/jet12_dR //eos/home-y/yiyu/monobc/Rivet/X1500_Qd40.yoda.gz/JetMETAnalysis/jet12_dR //eos/home-y/yiyu/monobc/Rivet/X2000_Qd10.yoda.gz/JetMETAnalysis/jet12_dR //eos/home-y/yiyu/monobc/Rivet/X2000_Qd20.yoda.gz/JetMETAnalysis/jet12_dR //eos/home-y/yiyu/monobc/Rivet/X2000_Qd40.yoda.gz/JetMETAnalysis/jet12_dR //eos/home-y/yiyu/monobc/Rivet/X600_Qd10.yoda.gz/JetMETAnalysis/jet12_dR //eos/home-y/yiyu/monobc/Rivet/X600_Qd20.yoda.gz/JetMETAnalysis/jet12_dR //eos/home-y/yiyu/monobc/Rivet/X600_Qd40.yoda.gz/JetMETAnalysis/jet12_dR //eos/home-y/yiyu/monobc/Rivet/X800_Qd10.yoda.gz/JetMETAnalysis/jet12_dR //eos/home-y/yiyu/monobc/Rivet/X800_Qd20.yoda.gz/JetMETAnalysis/jet12_dR //eos/home-y/yiyu/monobc/Rivet/X800_Qd40.yoda.gz/JetMETAnalysis/jet12_dR
LegendOnly=//eos/home-y/yiyu/monobc/Rivet/X1000_Qd10.yoda.gz/JetMETAnalysis/jet12_dR //eos/home-y/yiyu/monobc/Rivet/X1000_Qd20.yoda.gz/JetMETAnalysis/jet12_dR //eos/home-y/yiyu/monobc/Rivet/X1000_Qd40.yoda.gz/JetMETAnalysis/jet12_dR //eos/home-y/yiyu/monobc/Rivet/X1200_Qd10.yoda.gz/JetMETAnalysis/jet12_dR //eos/home-y/yiyu/monobc/Rivet/X1200_Qd20.yoda.gz/JetMETAnalysis/jet12_dR //eos/home-y/yiyu/monobc/Rivet/X1200_Qd40.yoda.gz/JetMETAnalysis/jet12_dR //eos/home-y/yiyu/monobc/Rivet/X1500_Qd10.yoda.gz/JetMETAnalysis/jet12_dR //eos/home-y/yiyu/monobc/Rivet/X1500_Qd20.yoda.gz/JetMETAnalysis/jet12_dR //eos/home-y/yiyu/monobc/Rivet/X1500_Qd40.yoda.gz/JetMETAnalysis/jet12_dR //eos/home-y/yiyu/monobc/Rivet/X2000_Qd10.yoda.gz/JetMETAnalysis/jet12_dR //eos/home-y/yiyu/monobc/Rivet/X2000_Qd20.yoda.gz/JetMETAnalysis/jet12_dR //eos/home-y/yiyu/monobc/Rivet/X2000_Qd40.yoda.gz/JetMETAnalysis/jet12_dR //eos/home-y/yiyu/monobc/Rivet/X600_Qd10.yoda.gz/JetMETAnalysis/jet12_dR //eos/home-y/yiyu/monobc/Rivet/X600_Qd20.yoda.gz/JetMETAnalysis/jet12_dR //eos/home-y/yiyu/monobc/Rivet/X600_Qd40.yoda.gz/JetMETAnalysis/jet12_dR //eos/home-y/yiyu/monobc/Rivet/X800_Qd10.yoda.gz/JetMETAnalysis/jet12_dR //eos/home-y/yiyu/monobc/Rivet/X800_Qd20.yoda.gz/JetMETAnalysis/jet12_dR //eos/home-y/yiyu/monobc/Rivet/X800_Qd40.yoda.gz/JetMETAnalysis/jet12_dR
RatioPlot=1
RatioPlotReference=//eos/home-y/yiyu/monobc/Rivet/X1000_Qd10.yoda.gz/JetMETAnalysis/jet12_dR
RatioPlotYLabel=Ratio
# END PLOT

# BEGIN HISTO1D //eos/home-y/yiyu/monobc/Rivet/X1000_Qd10.yoda.gz/JetMETAnalysis/jet12_dR
ErrorBars=1
LineColor=red
LineStyle=solid
Path=//eos/home-y/yiyu/monobc/Rivet/X1000_Qd10.yoda.gz/JetMETAnalysis/jet12_dR
ScaledBy=1.40377119385635185e-05
Title=X1000_Qd10
# xlow	 xhigh	 val	 errminus	 errplus
0.000000e+00	1.000000e-01	0.000000e+00	0.000000e+00	0.000000e+00
1.000000e-01	2.000000e-01	0.000000e+00	0.000000e+00	0.000000e+00
2.000000e-01	3.000000e-01	0.000000e+00	0.000000e+00	0.000000e+00
3.000000e-01	4.000000e-01	0.000000e+00	0.000000e+00	0.000000e+00
4.000000e-01	5.000000e-01	7.469955e-01	5.054424e-02	5.054424e-02
5.000000e-01	6.000000e-01	7.994163e-01	5.180279e-02	5.180279e-02
6.000000e-01	7.000000e-01	9.173630e-01	5.617677e-02	5.617677e-02
7.000000e-01	8.000000e-01	8.092452e-01	5.211269e-02	5.211269e-02
8.000000e-01	9.000000e-01	9.501259e-01	5.731178e-02	5.731178e-02
9.000000e-01	1.000000e+00	9.992704e-01	5.851652e-02	5.851652e-02
1.000000e+00	1.100000e+00	1.084454e+00	6.173015e-02	6.173015e-02
1.100000e+00	1.200000e+00	1.176190e+00	6.428557e-02	6.428557e-02
1.200000e+00	1.300000e+00	1.333453e+00	6.674323e-02	6.674323e-02
1.300000e+00	1.400000e+00	1.307242e+00	6.722398e-02	6.722398e-02
1.400000e+00	1.500000e+00	1.336729e+00	6.762199e-02	6.762199e-02
1.500000e+00	1.600000e+00	1.523478e+00	7.244987e-02	7.244987e-02
1.600000e+00	1.700000e+00	1.726608e+00	7.704523e-02	7.704523e-02
1.700000e+00	1.800000e+00	1.641424e+00	7.563917e-02	7.563917e-02
1.800000e+00	1.900000e+00	1.765924e+00	7.883561e-02	7.883561e-02
1.900000e+00	2.000000e+00	1.772476e+00	7.842607e-02	7.842607e-02
2.000000e+00	2.100000e+00	2.005093e+00	8.275486e-02	8.275486e-02
2.100000e+00	2.200000e+00	2.250816e+00	8.772891e-02	8.772891e-02
2.200000e+00	2.300000e+00	2.277026e+00	8.894405e-02	8.894405e-02
2.300000e+00	2.400000e+00	2.434288e+00	9.191164e-02	9.191164e-02
2.400000e+00	2.500000e+00	2.450670e+00	9.161921e-02	9.161921e-02
2.500000e+00	2.600000e+00	2.627590e+00	9.506906e-02	9.506906e-02
2.600000e+00	2.700000e+00	2.588274e+00	9.529461e-02	9.529461e-02
2.700000e+00	2.800000e+00	2.778299e+00	9.839804e-02	9.839804e-02
2.800000e+00	2.900000e+00	2.994535e+00	1.014065e-01	1.014065e-01
2.900000e+00	3.000000e+00	2.817615e+00	9.959078e-02	9.959078e-02
3.000000e+00	3.100000e+00	3.073166e+00	1.031903e-01	1.031903e-01
3.100000e+00	3.200000e+00	2.761918e+00	9.713542e-02	9.713542e-02
3.200000e+00	3.300000e+00	1.657806e+00	7.599312e-02	7.599312e-02
3.300000e+00	3.400000e+00	1.336729e+00	6.872417e-02	6.872417e-02
3.400000e+00	3.500000e+00	1.127046e+00	6.267924e-02	6.267924e-02
3.500000e+00	3.600000e+00	9.828889e-01	5.933625e-02	5.933625e-02
3.600000e+00	3.700000e+00	7.175089e-01	5.022468e-02	5.022468e-02
3.700000e+00	3.800000e+00	5.995622e-01	4.598501e-02	4.598501e-02
3.800000e+00	3.900000e+00	4.619578e-01	4.025981e-02	4.025981e-02
3.900000e+00	4.000000e+00	3.243533e-01	3.574017e-02	3.574017e-02
4.000000e+00	4.100000e+00	3.145244e-01	3.404827e-02	3.404827e-02
4.100000e+00	4.200000e+00	2.981430e-01	3.259874e-02	3.259874e-02
4.200000e+00	4.300000e+00	1.933015e-01	2.721496e-02	2.721496e-02
4.300000e+00	4.400000e+00	1.507096e-01	2.316691e-02	2.316691e-02
4.400000e+00	4.500000e+00	1.507096e-01	2.495153e-02	2.495153e-02
4.500000e+00	4.600000e+00	9.173630e-02	1.965778e-02	1.965778e-02
4.600000e+00	4.700000e+00	1.179467e-01	2.123283e-02	2.123283e-02
4.700000e+00	4.800000e+00	4.914444e-02	1.428104e-02	1.428104e-02
4.800000e+00	4.900000e+00	7.207852e-02	1.605051e-02	1.605051e-02
4.900000e+00	5.000000e+00	5.242074e-02	1.390015e-02	1.390015e-02
# END HISTO1D


# BEGIN HISTO1D //eos/home-y/yiyu/monobc/Rivet/X1000_Qd20.yoda.gz/JetMETAnalysis/jet12_dR
ErrorBars=1
LineColor=blue
LineStyle=solid
Path=//eos/home-y/yiyu/monobc/Rivet/X1000_Qd20.yoda.gz/JetMETAnalysis/jet12_dR
ScaledBy=1.41645627920069503e-05
Title=X1000_Qd20
# xlow	 xhigh	 val	 errminus	 errplus
0.000000e+00	1.000000e-01	0.000000e+00	0.000000e+00	0.000000e+00
1.000000e-01	2.000000e-01	0.000000e+00	0.000000e+00	0.000000e+00
2.000000e-01	3.000000e-01	0.000000e+00	0.000000e+00	0.000000e+00
3.000000e-01	4.000000e-01	0.000000e+00	0.000000e+00	0.000000e+00
4.000000e-01	5.000000e-01	7.900715e-01	5.153136e-02	5.153136e-02
5.000000e-01	6.000000e-01	9.123838e-01	5.551279e-02	5.551279e-02
6.000000e-01	7.000000e-01	9.388297e-01	5.648849e-02	5.648849e-02
7.000000e-01	8.000000e-01	8.859379e-01	5.551279e-02	5.551279e-02
8.000000e-01	9.000000e-01	9.090781e-01	5.639167e-02	5.639167e-02
9.000000e-01	1.000000e+00	1.084282e+00	6.095480e-02	6.095480e-02
1.000000e+00	1.100000e+00	1.018167e+00	6.005172e-02	6.005172e-02
1.100000e+00	1.200000e+00	1.153703e+00	6.246009e-02	6.246009e-02
1.200000e+00	1.300000e+00	1.209900e+00	6.461006e-02	6.461006e-02
1.300000e+00	1.400000e+00	1.404939e+00	6.926291e-02	6.926291e-02
1.400000e+00	1.500000e+00	1.596672e+00	7.369647e-02	7.369647e-02
1.500000e+00	1.600000e+00	1.576837e+00	7.325027e-02	7.325027e-02
1.600000e+00	1.700000e+00	1.623118e+00	7.472724e-02	7.472724e-02
1.700000e+00	1.800000e+00	1.662786e+00	7.731471e-02	7.731471e-02
1.800000e+00	1.900000e+00	1.864436e+00	8.029611e-02	8.029611e-02
1.900000e+00	2.000000e+00	1.808239e+00	7.981835e-02	7.981835e-02
2.000000e+00	2.100000e+00	1.963609e+00	8.284157e-02	8.284157e-02
2.100000e+00	2.200000e+00	2.009889e+00	8.389024e-02	8.389024e-02
2.200000e+00	2.300000e+00	2.175176e+00	8.632979e-02	8.632979e-02
2.300000e+00	2.400000e+00	2.314017e+00	9.004725e-02	9.004725e-02
2.400000e+00	2.500000e+00	2.356991e+00	9.083264e-02	9.083264e-02
2.500000e+00	2.600000e+00	2.528890e+00	9.332492e-02	9.332492e-02
2.600000e+00	2.700000e+00	2.677648e+00	9.637801e-02	9.637801e-02
2.700000e+00	2.800000e+00	2.899133e+00	1.009740e-01	1.009740e-01
2.800000e+00	2.900000e+00	2.905744e+00	9.966678e-02	9.966678e-02
2.900000e+00	3.000000e+00	2.885910e+00	1.014059e-01	1.014059e-01
3.000000e+00	3.100000e+00	2.975165e+00	1.029566e-01	1.029566e-01
3.100000e+00	3.200000e+00	2.555336e+00	9.471964e-02	9.471964e-02
3.200000e+00	3.300000e+00	1.953691e+00	8.330199e-02	8.330199e-02
3.300000e+00	3.400000e+00	1.533863e+00	7.377057e-02	7.377057e-02
3.400000e+00	3.500000e+00	1.120645e+00	6.367302e-02	6.367302e-02
3.500000e+00	3.600000e+00	8.925494e-01	5.725707e-02	5.725707e-02
3.600000e+00	3.700000e+00	7.239567e-01	5.361006e-02	5.361006e-02
3.700000e+00	3.800000e+00	6.347018e-01	4.925439e-02	4.925439e-02
3.800000e+00	3.900000e+00	4.594976e-01	4.168377e-02	4.168377e-02
3.900000e+00	4.000000e+00	4.231345e-01	3.966887e-02	3.966887e-02
4.000000e+00	4.100000e+00	3.933829e-01	3.783591e-02	3.783591e-02
4.100000e+00	4.200000e+00	2.942107e-01	3.222035e-02	3.222035e-02
4.200000e+00	4.300000e+00	2.247902e-01	2.843704e-02	2.843704e-02
4.300000e+00	4.400000e+00	2.049558e-01	2.765779e-02	2.765779e-02
4.400000e+00	4.500000e+00	1.454525e-01	2.383802e-02	2.383802e-02
4.500000e+00	4.600000e+00	1.157008e-01	2.217557e-02	2.217557e-02
4.600000e+00	4.700000e+00	8.925494e-02	1.840557e-02	1.840557e-02
4.700000e+00	4.800000e+00	9.586641e-02	1.840557e-02	1.840557e-02
4.800000e+00	4.900000e+00	8.264346e-02	1.840557e-02	1.840557e-02
4.900000e+00	5.000000e+00	7.933772e-02	1.619475e-02	1.619475e-02
# END HISTO1D


# BEGIN HISTO1D //eos/home-y/yiyu/monobc/Rivet/X1000_Qd40.yoda.gz/JetMETAnalysis/jet12_dR
ErrorBars=1
LineColor=green
LineStyle=solid
Path=//eos/home-y/yiyu/monobc/Rivet/X1000_Qd40.yoda.gz/JetMETAnalysis/jet12_dR
ScaledBy=1.40867871996726164e-05
Title=X1000_Qd40
# xlow	 xhigh	 val	 errminus	 errplus
0.000000e+00	1.000000e-01	0.000000e+00	0.000000e+00	0.000000e+00
1.000000e-01	2.000000e-01	0.000000e+00	0.000000e+00	0.000000e+00
2.000000e-01	3.000000e-01	0.000000e+00	0.000000e+00	0.000000e+00
3.000000e-01	4.000000e-01	3.264484e-03	3.264485e-03	3.264485e-03
4.000000e-01	5.000000e-01	6.202520e-01	4.662616e-02	4.662616e-02
5.000000e-01	6.000000e-01	9.336424e-01	5.597424e-02	5.597424e-02
6.000000e-01	7.000000e-01	9.695518e-01	5.719838e-02	5.719838e-02
7.000000e-01	8.000000e-01	8.422369e-01	5.423368e-02	5.423368e-02
8.000000e-01	9.000000e-01	9.075266e-01	5.520744e-02	5.520744e-02
9.000000e-01	1.000000e+00	1.018519e+00	5.821409e-02	5.821409e-02
1.000000e+00	1.100000e+00	1.077280e+00	6.124715e-02	6.124715e-02
1.100000e+00	1.200000e+00	1.217653e+00	6.421996e-02	6.421996e-02
1.200000e+00	1.300000e+00	1.309058e+00	6.666265e-02	6.666265e-02
1.300000e+00	1.400000e+00	1.351496e+00	6.753617e-02	6.753617e-02
1.400000e+00	1.500000e+00	1.371083e+00	6.863184e-02	6.863184e-02
1.500000e+00	1.600000e+00	1.524514e+00	7.204088e-02	7.204088e-02
1.600000e+00	1.700000e+00	1.661622e+00	7.592996e-02	7.592996e-02
1.700000e+00	1.800000e+00	1.720383e+00	7.690614e-02	7.690614e-02
1.800000e+00	1.900000e+00	1.886872e+00	7.982982e-02	7.982982e-02
1.900000e+00	2.000000e+00	1.880343e+00	8.062681e-02	8.062681e-02
2.000000e+00	2.100000e+00	2.046831e+00	8.316430e-02	8.316430e-02
2.100000e+00	2.200000e+00	2.174146e+00	8.599917e-02	8.599917e-02
2.200000e+00	2.300000e+00	2.330842e+00	8.963966e-02	8.963966e-02
2.300000e+00	2.400000e+00	2.268816e+00	8.874355e-02	8.874355e-02
2.400000e+00	2.500000e+00	2.490801e+00	9.319516e-02	9.319516e-02
2.500000e+00	2.600000e+00	2.409189e+00	9.221806e-02	9.221806e-02
2.600000e+00	2.700000e+00	2.565884e+00	9.506321e-02	9.506321e-02
2.700000e+00	2.800000e+00	2.859688e+00	9.944628e-02	9.944628e-02
2.800000e+00	2.900000e+00	2.702993e+00	9.749829e-02	9.749829e-02
2.900000e+00	3.000000e+00	2.804192e+00	9.907050e-02	9.907050e-02
3.000000e+00	3.100000e+00	3.000061e+00	1.021424e-01	1.021424e-01
3.100000e+00	3.200000e+00	2.592000e+00	9.562208e-02	9.562208e-02
3.200000e+00	3.300000e+00	1.691003e+00	7.628003e-02	7.628003e-02
3.300000e+00	3.400000e+00	1.403728e+00	7.092275e-02	7.092275e-02
3.400000e+00	3.500000e+00	1.122983e+00	6.413693e-02	6.413693e-02
3.500000e+00	3.600000e+00	8.748817e-01	5.540014e-02	5.540014e-02
3.600000e+00	3.700000e+00	8.259145e-01	5.334211e-02	5.334211e-02
3.700000e+00	3.800000e+00	5.059950e-01	4.391914e-02	4.391914e-02
3.800000e+00	3.900000e+00	5.092595e-01	4.205993e-02	4.205993e-02
3.900000e+00	4.000000e+00	3.558288e-01	3.561132e-02	3.561132e-02
4.000000e+00	4.100000e+00	3.133905e-01	3.392551e-02	3.392551e-02
4.100000e+00	4.200000e+00	2.383073e-01	2.864573e-02	2.864573e-02
4.200000e+00	4.300000e+00	1.926046e-01	2.672095e-02	2.672095e-02
4.300000e+00	4.400000e+00	1.534307e-01	2.549644e-02	2.549644e-02
4.400000e+00	4.500000e+00	1.632242e-01	2.398896e-02	2.398896e-02
4.500000e+00	4.600000e+00	1.273149e-01	2.238017e-02	2.238017e-02
4.600000e+00	4.700000e+00	1.142569e-01	1.931295e-02	1.931295e-02
4.700000e+00	4.800000e+00	9.467004e-02	1.817588e-02	1.817588e-02
4.800000e+00	4.900000e+00	9.467004e-02	1.985708e-02	1.985708e-02
4.900000e+00	5.000000e+00	2.611587e-02	1.130851e-02	1.130851e-02
# END HISTO1D


# BEGIN HISTO1D //eos/home-y/yiyu/monobc/Rivet/X1200_Qd10.yoda.gz/JetMETAnalysis/jet12_dR
ErrorBars=1
LineColor=orange
LineStyle=solid
Path=//eos/home-y/yiyu/monobc/Rivet/X1200_Qd10.yoda.gz/JetMETAnalysis/jet12_dR
ScaledBy=1.38077798553465733e-05
Title=X1200_Qd10
# xlow	 xhigh	 val	 errminus	 errplus
0.000000e+00	1.000000e-01	0.000000e+00	0.000000e+00	0.000000e+00
1.000000e-01	2.000000e-01	0.000000e+00	0.000000e+00	0.000000e+00
2.000000e-01	3.000000e-01	0.000000e+00	0.000000e+00	0.000000e+00
3.000000e-01	4.000000e-01	0.000000e+00	0.000000e+00	0.000000e+00
4.000000e-01	5.000000e-01	2.236307e-01	1.771236e-02	1.771236e-02
5.000000e-01	6.000000e-01	3.373201e-01	2.199679e-02	2.199679e-02
6.000000e-01	7.000000e-01	3.498134e-01	2.178288e-02	2.178288e-02
7.000000e-01	8.000000e-01	3.298241e-01	2.083056e-02	2.083056e-02
8.000000e-01	9.000000e-01	3.972881e-01	2.283241e-02	2.283241e-02
9.000000e-01	1.000000e+00	4.035348e-01	2.353925e-02	2.353925e-02
1.000000e+00	1.100000e+00	4.335188e-01	2.425767e-02	2.425767e-02
1.100000e+00	1.200000e+00	4.447628e-01	2.479857e-02	2.479857e-02
1.200000e+00	1.300000e+00	4.447628e-01	2.454551e-02	2.454551e-02
1.300000e+00	1.400000e+00	4.934868e-01	2.563418e-02	2.563418e-02
1.400000e+00	1.500000e+00	4.897388e-01	2.620625e-02	2.620625e-02
1.500000e+00	1.600000e+00	5.509562e-01	2.694046e-02	2.694046e-02
1.600000e+00	1.700000e+00	5.934335e-01	2.818625e-02	2.818625e-02
1.700000e+00	1.800000e+00	6.296642e-01	3.008794e-02	3.008794e-02
1.800000e+00	1.900000e+00	6.271655e-01	2.935270e-02	2.935270e-02
1.900000e+00	2.000000e+00	7.458522e-01	3.207164e-02	3.207164e-02
2.000000e+00	2.100000e+00	7.545976e-01	3.194974e-02	3.194974e-02
2.100000e+00	2.200000e+00	7.708389e-01	3.274589e-02	3.274589e-02
2.200000e+00	2.300000e+00	8.457989e-01	3.419159e-02	3.419159e-02
2.300000e+00	2.400000e+00	8.607909e-01	3.432827e-02	3.432827e-02
2.400000e+00	2.500000e+00	9.594883e-01	3.586263e-02	3.586263e-02
2.500000e+00	2.600000e+00	9.832256e-01	3.657369e-02	3.657369e-02
2.600000e+00	2.700000e+00	9.607376e-01	3.699800e-02	3.699800e-02
2.700000e+00	2.800000e+00	9.807270e-01	3.678646e-02	3.678646e-02
2.800000e+00	2.900000e+00	1.001966e+00	3.752163e-02	3.752163e-02
2.900000e+00	3.000000e+00	9.744803e-01	3.710332e-02	3.710332e-02
3.000000e+00	3.100000e+00	1.060684e+00	3.876963e-02	3.876963e-02
3.100000e+00	3.200000e+00	8.732843e-01	3.500364e-02	3.500364e-02
3.200000e+00	3.300000e+00	6.821362e-01	3.145742e-02	3.145742e-02
3.300000e+00	3.400000e+00	4.322695e-01	2.523530e-02	2.523530e-02
3.400000e+00	3.500000e+00	3.897921e-01	2.357238e-02	2.357238e-02
3.500000e+00	3.600000e+00	2.835988e-01	2.041428e-02	2.041428e-02
3.600000e+00	3.700000e+00	2.573627e-01	1.975370e-02	1.975370e-02
3.700000e+00	3.800000e+00	1.799041e-01	1.676157e-02	1.676157e-02
3.800000e+00	3.900000e+00	1.874001e-01	1.647985e-02	1.647985e-02
3.900000e+00	4.000000e+00	1.311800e-01	1.396797e-02	1.396797e-02
4.000000e+00	4.100000e+00	8.245603e-02	1.145033e-02	1.145033e-02
4.100000e+00	4.200000e+00	8.620403e-02	1.178619e-02	1.178619e-02
4.200000e+00	4.300000e+00	8.745336e-02	1.198319e-02	1.198319e-02
4.300000e+00	4.400000e+00	5.622002e-02	8.745336e-03	8.745336e-03
4.400000e+00	4.500000e+00	5.247202e-02	9.009074e-03	9.009074e-03
4.500000e+00	4.600000e+00	3.623068e-02	6.955996e-03	6.955996e-03
4.600000e+00	4.700000e+00	2.998401e-02	6.610852e-03	6.610852e-03
4.700000e+00	4.800000e+00	1.874001e-02	5.991594e-03	5.991594e-03
4.800000e+00	4.900000e+00	2.623601e-02	5.991594e-03	5.991594e-03
4.900000e+00	5.000000e+00	1.374267e-02	4.504537e-03	4.504537e-03
# END HISTO1D


# BEGIN HISTO1D //eos/home-y/yiyu/monobc/Rivet/X1200_Qd20.yoda.gz/JetMETAnalysis/jet12_dR
ErrorBars=1
LineColor=lilac
LineStyle=solid
Path=//eos/home-y/yiyu/monobc/Rivet/X1200_Qd20.yoda.gz/JetMETAnalysis/jet12_dR
ScaledBy=1.36137126806748303e-05
Title=X1200_Qd20
# xlow	 xhigh	 val	 errminus	 errplus
0.000000e+00	1.000000e-01	0.000000e+00	0.000000e+00	0.000000e+00
1.000000e-01	2.000000e-01	0.000000e+00	0.000000e+00	0.000000e+00
2.000000e-01	3.000000e-01	0.000000e+00	0.000000e+00	0.000000e+00
3.000000e-01	4.000000e-01	0.000000e+00	0.000000e+00	0.000000e+00
4.000000e-01	5.000000e-01	2.815598e-01	1.921071e-02	1.921071e-02
5.000000e-01	6.000000e-01	3.284864e-01	2.110217e-02	2.110217e-02
6.000000e-01	7.000000e-01	3.741781e-01	2.184781e-02	2.184781e-02
7.000000e-01	8.000000e-01	3.494799e-01	2.113828e-02	2.113828e-02
8.000000e-01	9.000000e-01	3.791178e-01	2.233107e-02	2.233107e-02
9.000000e-01	1.000000e+00	3.754130e-01	2.229690e-02	2.229690e-02
1.000000e+00	1.100000e+00	4.260444e-01	2.365750e-02	2.365750e-02
1.100000e+00	1.200000e+00	4.458030e-01	2.485211e-02	2.485211e-02
1.200000e+00	1.300000e+00	4.853201e-01	2.551818e-02	2.551818e-02
1.300000e+00	1.400000e+00	5.050787e-01	2.599188e-02	2.599188e-02
1.400000e+00	1.500000e+00	5.273071e-01	2.680071e-02	2.680071e-02
1.500000e+00	1.600000e+00	5.952273e-01	2.794285e-02	2.794285e-02
1.600000e+00	1.700000e+00	6.038716e-01	2.840296e-02	2.840296e-02
1.700000e+00	1.800000e+00	6.273349e-01	2.885573e-02	2.885573e-02
1.800000e+00	1.900000e+00	7.174835e-01	3.121664e-02	3.121664e-02
1.900000e+00	2.000000e+00	6.977249e-01	3.042497e-02	3.042497e-02
2.000000e+00	2.100000e+00	7.607054e-01	3.234430e-02	3.234430e-02
2.100000e+00	2.200000e+00	7.718196e-01	3.241495e-02	3.241495e-02
2.200000e+00	2.300000e+00	8.261557e-01	3.397690e-02	3.397690e-02
2.300000e+00	2.400000e+00	8.804918e-01	3.481925e-02	3.481925e-02
2.400000e+00	2.500000e+00	8.693776e-01	3.431188e-02	3.431188e-02
2.500000e+00	2.600000e+00	9.261835e-01	3.527613e-02	3.527613e-02
2.600000e+00	2.700000e+00	9.842243e-01	3.673731e-02	3.673731e-02
2.700000e+00	2.800000e+00	9.829894e-01	3.671655e-02	3.671655e-02
2.800000e+00	2.900000e+00	9.866941e-01	3.677880e-02	3.677880e-02
2.900000e+00	3.000000e+00	9.607610e-01	3.655003e-02	3.655003e-02
3.000000e+00	3.100000e+00	1.053379e+00	3.796223e-02	3.796223e-02
3.100000e+00	3.200000e+00	9.422373e-01	3.551310e-02	3.551310e-02
3.200000e+00	3.300000e+00	6.421539e-01	2.984298e-02	2.984298e-02
3.300000e+00	3.400000e+00	5.087835e-01	2.625457e-02	2.625457e-02
3.400000e+00	3.500000e+00	3.445403e-01	2.226268e-02	2.226268e-02
3.500000e+00	3.600000e+00	2.469823e-01	1.968125e-02	1.968125e-02
3.600000e+00	3.700000e+00	2.568616e-01	1.864675e-02	1.864675e-02
3.700000e+00	3.800000e+00	2.124047e-01	1.693225e-02	1.693225e-02
3.800000e+00	3.900000e+00	1.753574e-01	1.600628e-02	1.600628e-02
3.900000e+00	4.000000e+00	1.024976e-01	1.216247e-02	1.216247e-02
4.000000e+00	4.100000e+00	9.508817e-02	1.216247e-02	1.216247e-02
4.100000e+00	4.200000e+00	7.162486e-02	1.209961e-02	1.209961e-02
4.200000e+00	4.300000e+00	6.051065e-02	9.644966e-03	9.644966e-03
4.300000e+00	4.400000e+00	3.581243e-02	7.712019e-03	7.712019e-03
4.400000e+00	4.500000e+00	5.310119e-02	8.466125e-03	8.466125e-03
4.500000e+00	4.600000e+00	2.963787e-02	7.200708e-03	7.200708e-03
4.600000e+00	4.700000e+00	3.334261e-02	7.305834e-03	7.305834e-03
4.700000e+00	4.800000e+00	2.222840e-02	5.792247e-03	5.792247e-03
4.800000e+00	4.900000e+00	1.481894e-02	4.939646e-03	4.939646e-03
4.900000e+00	5.000000e+00	2.593314e-02	5.922427e-03	5.922427e-03
# END HISTO1D


# BEGIN HISTO1D //eos/home-y/yiyu/monobc/Rivet/X1200_Qd40.yoda.gz/JetMETAnalysis/jet12_dR
ErrorBars=1
LineColor=red
LineStyle=dashed
Path=//eos/home-y/yiyu/monobc/Rivet/X1200_Qd40.yoda.gz/JetMETAnalysis/jet12_dR
ScaledBy=1.37239052924151090e-05
Title=X1200_Qd40
# xlow	 xhigh	 val	 errminus	 errplus
0.000000e+00	1.000000e-01	0.000000e+00	0.000000e+00	0.000000e+00
1.000000e-01	2.000000e-01	0.000000e+00	0.000000e+00	0.000000e+00
2.000000e-01	3.000000e-01	0.000000e+00	0.000000e+00	0.000000e+00
3.000000e-01	4.000000e-01	0.000000e+00	0.000000e+00	0.000000e+00
4.000000e-01	5.000000e-01	2.834338e-01	1.929387e-02	1.929387e-02
5.000000e-01	6.000000e-01	3.502698e-01	2.104094e-02	2.104094e-02
6.000000e-01	7.000000e-01	3.304665e-01	2.089482e-02	2.089482e-02
7.000000e-01	8.000000e-01	3.354173e-01	2.104094e-02	2.104094e-02
8.000000e-01	9.000000e-01	3.465567e-01	2.150897e-02	2.150897e-02
9.000000e-01	1.000000e+00	3.898762e-01	2.272119e-02	2.272119e-02
1.000000e+00	1.100000e+00	4.195811e-01	2.403183e-02	2.403183e-02
1.100000e+00	1.200000e+00	4.492860e-01	2.453649e-02	2.453649e-02
1.200000e+00	1.300000e+00	4.888924e-01	2.557586e-02	2.557586e-02
1.300000e+00	1.400000e+00	4.950809e-01	2.637206e-02	2.637206e-02
1.400000e+00	1.500000e+00	5.458267e-01	2.708844e-02	2.708844e-02
1.500000e+00	1.600000e+00	5.557284e-01	2.720131e-02	2.720131e-02
1.600000e+00	1.700000e+00	6.411298e-01	2.918459e-02	2.918459e-02
1.700000e+00	1.800000e+00	6.572200e-01	2.941985e-02	2.941985e-02
1.800000e+00	1.900000e+00	6.411298e-01	2.954974e-02	2.954974e-02
1.900000e+00	2.000000e+00	6.881625e-01	3.046860e-02	3.046860e-02
2.000000e+00	2.100000e+00	7.252936e-01	3.126271e-02	3.126271e-02
2.100000e+00	2.200000e+00	7.859410e-01	3.290985e-02	3.290985e-02
2.200000e+00	2.300000e+00	8.663917e-01	3.412109e-02	3.412109e-02
2.300000e+00	2.400000e+00	8.465884e-01	3.407618e-02	3.407618e-02
2.400000e+00	2.500000e+00	9.010473e-01	3.509491e-02	3.509491e-02
2.500000e+00	2.600000e+00	9.258014e-01	3.578651e-02	3.578651e-02
2.600000e+00	2.700000e+00	9.542685e-01	3.631765e-02	3.631765e-02
2.700000e+00	2.800000e+00	9.864488e-01	3.656986e-02	3.656986e-02
2.800000e+00	2.900000e+00	9.963504e-01	3.690346e-02	3.690346e-02
2.900000e+00	3.000000e+00	1.159727e+00	3.927633e-02	3.927633e-02
3.000000e+00	3.100000e+00	1.018629e+00	3.828884e-02	3.828884e-02
3.100000e+00	3.200000e+00	8.960965e-01	3.496372e-02	3.496372e-02
3.200000e+00	3.300000e+00	5.879086e-01	2.868160e-02	2.868160e-02
3.300000e+00	3.400000e+00	4.505237e-01	2.548585e-02	2.548585e-02
3.400000e+00	3.500000e+00	3.774992e-01	2.305584e-02	2.305584e-02
3.500000e+00	3.600000e+00	2.871469e-01	2.003396e-02	2.003396e-02
3.600000e+00	3.700000e+00	2.376389e-01	1.819043e-02	1.819043e-02
3.700000e+00	3.800000e+00	1.930816e-01	1.706055e-02	1.706055e-02
3.800000e+00	3.900000e+00	1.596636e-01	1.530953e-02	1.530953e-02
3.900000e+00	4.000000e+00	1.027293e-01	1.268268e-02	1.268268e-02
4.000000e+00	4.100000e+00	1.299587e-01	1.327288e-02	1.327288e-02
4.100000e+00	4.200000e+00	9.530308e-02	1.113932e-02	1.113932e-02
4.200000e+00	4.300000e+00	7.178674e-02	1.020636e-02	1.020636e-02
4.300000e+00	4.400000e+00	6.064742e-02	9.506972e-03	9.506972e-03
4.400000e+00	4.500000e+00	4.084418e-02	7.528649e-03	7.528649e-03
4.500000e+00	4.600000e+00	4.084418e-02	7.925162e-03	7.925162e-03
4.600000e+00	4.700000e+00	2.227864e-02	6.063478e-03	6.063478e-03
4.700000e+00	4.800000e+00	3.341796e-02	6.891235e-03	6.891235e-03
4.800000e+00	4.900000e+00	1.609013e-02	5.395020e-03	5.395020e-03
4.900000e+00	5.000000e+00	1.361473e-02	5.103177e-03	5.103177e-03
# END HISTO1D


# BEGIN HISTO1D //eos/home-y/yiyu/monobc/Rivet/X1500_Qd10.yoda.gz/JetMETAnalysis/jet12_dR
ErrorBars=1
LineColor=blue
LineStyle=dashed
Path=//eos/home-y/yiyu/monobc/Rivet/X1500_Qd10.yoda.gz/JetMETAnalysis/jet12_dR
ScaledBy=1.29112282165450971e-05
Title=X1500_Qd10
# xlow	 xhigh	 val	 errminus	 errplus
0.000000e+00	1.000000e-01	0.000000e+00	0.000000e+00	0.000000e+00
1.000000e-01	2.000000e-01	0.000000e+00	0.000000e+00	0.000000e+00
2.000000e-01	3.000000e-01	0.000000e+00	0.000000e+00	0.000000e+00
3.000000e-01	4.000000e-01	3.028688e-04	3.028688e-04	3.028688e-04
4.000000e-01	5.000000e-01	7.026556e-02	4.939641e-03	4.939641e-03
5.000000e-01	6.000000e-01	7.692867e-02	5.280698e-03	5.280698e-03
6.000000e-01	7.000000e-01	7.904875e-02	5.237091e-03	5.237091e-03
7.000000e-01	8.000000e-01	7.935162e-02	5.383913e-03	5.383913e-03
8.000000e-01	9.000000e-01	9.116351e-02	5.658056e-03	5.658056e-03
9.000000e-01	1.000000e+00	8.631761e-02	5.592831e-03	5.592831e-03
1.000000e+00	1.100000e+00	9.328359e-02	5.778368e-03	5.778368e-03
1.100000e+00	1.200000e+00	1.087299e-01	6.184755e-03	6.184755e-03
1.200000e+00	1.300000e+00	1.057012e-01	6.214348e-03	6.214348e-03
1.300000e+00	1.400000e+00	1.305364e-01	6.873186e-03	6.873186e-03
1.400000e+00	1.500000e+00	1.320508e-01	6.799387e-03	6.799387e-03
1.500000e+00	1.600000e+00	1.238733e-01	6.669993e-03	6.669993e-03
1.600000e+00	1.700000e+00	1.462856e-01	7.262538e-03	7.262538e-03
1.700000e+00	1.800000e+00	1.496172e-01	7.344178e-03	7.344178e-03
1.800000e+00	1.900000e+00	1.580975e-01	7.553526e-03	7.553526e-03
1.900000e+00	2.000000e+00	1.526459e-01	7.614004e-03	7.614004e-03
2.000000e+00	2.100000e+00	1.644578e-01	7.833712e-03	7.833712e-03
2.100000e+00	2.200000e+00	1.762696e-01	8.194266e-03	8.194266e-03
2.200000e+00	2.300000e+00	1.677893e-01	7.921047e-03	7.921047e-03
2.300000e+00	2.400000e+00	1.802069e-01	8.365979e-03	8.365979e-03
2.400000e+00	2.500000e+00	1.799041e-01	8.327515e-03	8.327515e-03
2.500000e+00	2.600000e+00	1.920188e-01	8.491136e-03	8.491136e-03
2.600000e+00	2.700000e+00	1.938360e-01	8.598487e-03	8.598487e-03
2.700000e+00	2.800000e+00	1.965618e-01	8.751808e-03	8.751808e-03
2.800000e+00	2.900000e+00	2.107967e-01	8.994744e-03	8.994744e-03
2.900000e+00	3.000000e+00	2.114024e-01	9.045591e-03	9.045591e-03
3.000000e+00	3.100000e+00	2.059508e-01	9.285781e-03	9.285781e-03
3.100000e+00	3.200000e+00	1.905045e-01	8.720307e-03	8.720307e-03
3.200000e+00	3.300000e+00	1.223590e-01	7.051056e-03	7.051056e-03
3.300000e+00	3.400000e+00	1.081242e-01	6.531020e-03	6.531020e-03
3.400000e+00	3.500000e+00	7.571720e-02	5.633685e-03	5.633685e-03
3.500000e+00	3.600000e+00	6.148236e-02	4.759957e-03	4.759957e-03
3.600000e+00	3.700000e+00	4.119016e-02	4.240163e-03	4.240163e-03
3.700000e+00	3.800000e+00	3.664712e-02	3.983616e-03	3.983616e-03
3.800000e+00	3.900000e+00	2.544098e-02	3.233753e-03	3.233753e-03
3.900000e+00	4.000000e+00	2.241229e-02	3.028688e-03	3.028688e-03
4.000000e+00	4.100000e+00	1.393196e-02	2.775838e-03	2.775838e-03
4.100000e+00	4.200000e+00	8.783195e-03	2.286609e-03	2.286609e-03
4.200000e+00	4.300000e+00	1.090328e-02	2.184018e-03	2.184018e-03
4.300000e+00	4.400000e+00	1.181188e-02	2.076364e-03	2.076364e-03
4.400000e+00	4.500000e+00	6.360245e-03	1.630998e-03	1.630998e-03
4.500000e+00	4.600000e+00	6.663113e-03	1.766013e-03	1.766013e-03
4.600000e+00	4.700000e+00	5.148769e-03	1.452508e-03	1.452508e-03
4.700000e+00	4.800000e+00	5.754507e-03	1.514344e-03	1.514344e-03
4.800000e+00	4.900000e+00	1.817213e-03	1.211475e-03	1.211475e-03
4.900000e+00	5.000000e+00	1.514344e-03	1.173006e-03	1.173006e-03
# END HISTO1D


# BEGIN HISTO1D //eos/home-y/yiyu/monobc/Rivet/X1500_Qd20.yoda.gz/JetMETAnalysis/jet12_dR
ErrorBars=1
LineColor=green
LineStyle=dashed
Path=//eos/home-y/yiyu/monobc/Rivet/X1500_Qd20.yoda.gz/JetMETAnalysis/jet12_dR
ScaledBy=1.29605322047913924e-05
Title=X1500_Qd20
# xlow	 xhigh	 val	 errminus	 errplus
0.000000e+00	1.000000e-01	0.000000e+00	0.000000e+00	0.000000e+00
1.000000e-01	2.000000e-01	0.000000e+00	0.000000e+00	0.000000e+00
2.000000e-01	3.000000e-01	0.000000e+00	0.000000e+00	0.000000e+00
3.000000e-01	4.000000e-01	0.000000e+00	0.000000e+00	0.000000e+00
4.000000e-01	5.000000e-01	7.094305e-02	5.067500e-03	5.067500e-03
5.000000e-01	6.000000e-01	7.916392e-02	5.273689e-03	5.273689e-03
6.000000e-01	7.000000e-01	8.799374e-02	5.403924e-03	5.403924e-03
7.000000e-01	8.000000e-01	8.007735e-02	5.489030e-03	5.489030e-03
8.000000e-01	9.000000e-01	8.860269e-02	5.589447e-03	5.589447e-03
9.000000e-01	1.000000e+00	9.925937e-02	5.950940e-03	5.950940e-03
1.000000e+00	1.100000e+00	1.001728e-01	5.943146e-03	5.943146e-03
1.100000e+00	1.200000e+00	1.007818e-01	6.112325e-03	6.112325e-03
1.200000e+00	1.300000e+00	1.199638e-01	6.642895e-03	6.642895e-03
1.300000e+00	1.400000e+00	1.205727e-01	6.516084e-03	6.516084e-03
1.400000e+00	1.500000e+00	1.312294e-01	6.896244e-03	6.896244e-03
1.500000e+00	1.600000e+00	1.254444e-01	6.956474e-03	6.956474e-03
1.600000e+00	1.700000e+00	1.357966e-01	7.062282e-03	7.062282e-03
1.700000e+00	1.800000e+00	1.403637e-01	7.160057e-03	7.160057e-03
1.800000e+00	1.900000e+00	1.440174e-01	7.339086e-03	7.339086e-03
1.900000e+00	2.000000e+00	1.592413e-01	7.611915e-03	7.611915e-03
2.000000e+00	2.100000e+00	1.726382e-01	7.922245e-03	7.922245e-03
2.100000e+00	2.200000e+00	1.656353e-01	7.928094e-03	7.928094e-03
2.200000e+00	2.300000e+00	1.717248e-01	8.226505e-03	8.226505e-03
2.300000e+00	2.400000e+00	1.778143e-01	8.260243e-03	8.260243e-03
2.400000e+00	2.500000e+00	1.826860e-01	8.459848e-03	8.459848e-03
2.500000e+00	2.600000e+00	2.137426e-01	9.052740e-03	9.052740e-03
2.600000e+00	2.700000e+00	1.994322e-01	8.734818e-03	8.734818e-03
2.700000e+00	2.800000e+00	1.927337e-01	8.766600e-03	8.766600e-03
2.800000e+00	2.900000e+00	2.161784e-01	9.052740e-03	9.052740e-03
2.900000e+00	3.000000e+00	2.091754e-01	9.119061e-03	9.119061e-03
3.000000e+00	3.100000e+00	2.183097e-01	9.098707e-03	9.098707e-03
3.100000e+00	3.200000e+00	1.860352e-01	8.808798e-03	8.808798e-03
3.200000e+00	3.300000e+00	1.175280e-01	6.956474e-03	6.956474e-03
3.300000e+00	3.400000e+00	8.038182e-02	5.919702e-03	5.919702e-03
3.400000e+00	3.500000e+00	7.124752e-02	5.663592e-03	5.663592e-03
3.500000e+00	3.600000e+00	5.419683e-02	4.736544e-03	4.736544e-03
3.600000e+00	3.700000e+00	4.536701e-02	4.546805e-03	4.546805e-03
3.700000e+00	3.800000e+00	3.136109e-02	3.839303e-03	3.839303e-03
3.800000e+00	3.900000e+00	3.227452e-02	3.653719e-03	3.653719e-03
3.900000e+00	4.000000e+00	2.222679e-02	3.178828e-03	3.178828e-03
4.000000e+00	4.100000e+00	1.644174e-02	2.619207e-03	2.619207e-03
4.100000e+00	4.200000e+00	1.491935e-02	2.416708e-03	2.416708e-03
4.200000e+00	4.300000e+00	7.307438e-03	2.019669e-03	2.019669e-03
4.300000e+00	4.400000e+00	9.743251e-03	2.195612e-03	2.195612e-03
4.400000e+00	4.500000e+00	8.525345e-03	1.973234e-03	1.973234e-03
4.500000e+00	4.600000e+00	5.785055e-03	1.695254e-03	1.695254e-03
4.600000e+00	4.700000e+00	6.089532e-03	1.667687e-03	1.667687e-03
4.700000e+00	4.800000e+00	5.176102e-03	1.327183e-03	1.327183e-03
4.800000e+00	4.900000e+00	3.653719e-03	1.139247e-03	1.139247e-03
4.900000e+00	5.000000e+00	3.958196e-03	1.255389e-03	1.255389e-03
# END HISTO1D


# BEGIN HISTO1D //eos/home-y/yiyu/monobc/Rivet/X1500_Qd40.yoda.gz/JetMETAnalysis/jet12_dR
ErrorBars=1
LineColor=orange
LineStyle=dashed
Path=//eos/home-y/yiyu/monobc/Rivet/X1500_Qd40.yoda.gz/JetMETAnalysis/jet12_dR
ScaledBy=1.28797563000789208e-05
Title=X1500_Qd40
# xlow	 xhigh	 val	 errminus	 errplus
0.000000e+00	1.000000e-01	0.000000e+00	0.000000e+00	0.000000e+00
1.000000e-01	2.000000e-01	0.000000e+00	0.000000e+00	0.000000e+00
2.000000e-01	3.000000e-01	0.000000e+00	0.000000e+00	0.000000e+00
3.000000e-01	4.000000e-01	0.000000e+00	0.000000e+00	0.000000e+00
4.000000e-01	5.000000e-01	6.540727e-02	4.832066e-03	4.832066e-03
5.000000e-01	6.000000e-01	8.017666e-02	5.358088e-03	5.358088e-03
6.000000e-01	7.000000e-01	8.198515e-02	5.238052e-03	5.238052e-03
7.000000e-01	8.000000e-01	8.831489e-02	5.516819e-03	5.516819e-03
8.000000e-01	9.000000e-01	8.801348e-02	5.622843e-03	5.622843e-03
9.000000e-01	1.000000e+00	8.499932e-02	5.442208e-03	5.442208e-03
1.000000e+00	1.100000e+00	8.560215e-02	5.622843e-03	5.622843e-03
1.100000e+00	1.200000e+00	1.021800e-01	6.065880e-03	6.065880e-03
1.200000e+00	1.300000e+00	1.199636e-01	6.492700e-03	6.492700e-03
1.300000e+00	1.400000e+00	1.148395e-01	6.485700e-03	6.485700e-03
1.400000e+00	1.500000e+00	1.133324e-01	6.739867e-03	6.739867e-03
1.500000e+00	1.600000e+00	1.335273e-01	6.997787e-03	6.997787e-03
1.600000e+00	1.700000e+00	1.419669e-01	7.177246e-03	7.177246e-03
1.700000e+00	1.800000e+00	1.326230e-01	7.132804e-03	7.132804e-03
1.800000e+00	1.900000e+00	1.458853e-01	7.395449e-03	7.395449e-03
1.900000e+00	2.000000e+00	1.690944e-01	7.854186e-03	7.854186e-03
2.000000e+00	2.100000e+00	1.606547e-01	7.655017e-03	7.655017e-03
2.100000e+00	2.200000e+00	1.666831e-01	7.980412e-03	7.980412e-03
2.200000e+00	2.300000e+00	1.721085e-01	8.014492e-03	8.014492e-03
2.300000e+00	2.400000e+00	1.901935e-01	8.455780e-03	8.455780e-03
2.400000e+00	2.500000e+00	1.959204e-01	8.599605e-03	8.599605e-03
2.500000e+00	2.600000e+00	2.079770e-01	8.662761e-03	8.662761e-03
2.600000e+00	2.700000e+00	2.103884e-01	8.951599e-03	8.951599e-03
2.700000e+00	2.800000e+00	2.179238e-01	8.936362e-03	8.936362e-03
2.800000e+00	2.900000e+00	1.944133e-01	8.761827e-03	8.761827e-03
2.900000e+00	3.000000e+00	2.170195e-01	8.890495e-03	8.890495e-03
3.000000e+00	3.100000e+00	2.146082e-01	9.142400e-03	9.142400e-03
3.100000e+00	3.200000e+00	1.727114e-01	8.445029e-03	8.445029e-03
3.200000e+00	3.300000e+00	1.121268e-01	6.793572e-03	6.793572e-03
3.300000e+00	3.400000e+00	8.982197e-02	6.028320e-03	6.028320e-03
3.400000e+00	3.500000e+00	6.631152e-02	5.272626e-03	5.272626e-03
3.500000e+00	3.600000e+00	6.329736e-02	5.150599e-03	5.150599e-03
3.600000e+00	3.700000e+00	3.888267e-02	4.165652e-03	4.165652e-03
3.700000e+00	3.800000e+00	3.195010e-02	3.716105e-03	3.716105e-03
3.800000e+00	3.900000e+00	2.592178e-02	3.436671e-03	3.436671e-03
3.900000e+00	4.000000e+00	1.959204e-02	2.999052e-03	2.999052e-03
4.000000e+00	4.100000e+00	1.054956e-02	2.503749e-03	2.503749e-03
4.100000e+00	4.200000e+00	1.265947e-02	2.557600e-03	2.557600e-03
4.200000e+00	4.300000e+00	1.507080e-02	2.485540e-03	2.485540e-03
4.300000e+00	4.400000e+00	1.054956e-02	1.976517e-03	1.976517e-03
4.400000e+00	4.500000e+00	8.741064e-03	2.021960e-03	2.021960e-03
4.500000e+00	4.600000e+00	6.329736e-03	1.731503e-03	1.731503e-03
4.600000e+00	4.700000e+00	4.521240e-03	1.381262e-03	1.381262e-03
4.700000e+00	4.800000e+00	4.521240e-03	1.313842e-03	1.313842e-03
4.800000e+00	4.900000e+00	2.712744e-03	1.313842e-03	1.313842e-03
4.900000e+00	5.000000e+00	2.109912e-03	1.167379e-03	1.167379e-03
# END HISTO1D


# BEGIN HISTO1D //eos/home-y/yiyu/monobc/Rivet/X2000_Qd10.yoda.gz/JetMETAnalysis/jet12_dR
ErrorBars=1
LineColor=lilac
LineStyle=dashed
Path=//eos/home-y/yiyu/monobc/Rivet/X2000_Qd10.yoda.gz/JetMETAnalysis/jet12_dR
ScaledBy=1.12518448528534510e-05
Title=X2000_Qd10
# xlow	 xhigh	 val	 errminus	 errplus
0.000000e+00	1.000000e-01	0.000000e+00	0.000000e+00	0.000000e+00
1.000000e-01	2.000000e-01	0.000000e+00	0.000000e+00	0.000000e+00
2.000000e-01	3.000000e-01	0.000000e+00	0.000000e+00	0.000000e+00
3.000000e-01	4.000000e-01	3.369882e-05	3.369883e-05	3.369883e-05
4.000000e-01	5.000000e-01	6.638668e-03	5.865919e-04	5.865919e-04
5.000000e-01	6.000000e-01	6.773463e-03	6.222887e-04	6.222887e-04
6.000000e-01	7.000000e-01	5.560306e-03	6.295459e-04	6.295459e-04
7.000000e-01	8.000000e-01	6.436475e-03	6.331434e-04	6.331434e-04
8.000000e-01	9.000000e-01	6.975656e-03	6.367205e-04	6.367205e-04
9.000000e-01	1.000000e+00	6.672367e-03	6.586375e-04	6.586375e-04
1.000000e+00	1.100000e+00	7.076753e-03	6.840114e-04	6.840114e-04
1.100000e+00	1.200000e+00	7.750729e-03	6.987937e-04	6.987937e-04
1.200000e+00	1.300000e+00	8.155115e-03	7.196100e-04	7.196100e-04
1.300000e+00	1.400000e+00	9.401972e-03	7.617723e-04	7.617723e-04
1.400000e+00	1.500000e+00	8.289910e-03	7.290170e-04	7.290170e-04
1.500000e+00	1.600000e+00	8.795393e-03	7.779978e-04	7.779978e-04
1.600000e+00	1.700000e+00	9.873755e-03	8.080694e-04	8.080694e-04
1.700000e+00	1.800000e+00	8.289910e-03	7.960344e-04	7.960344e-04
1.800000e+00	1.900000e+00	9.738960e-03	8.411215e-04	8.411215e-04
1.900000e+00	2.000000e+00	1.108691e-02	8.451622e-04	8.451622e-04
2.000000e+00	2.100000e+00	9.503068e-03	8.966674e-04	8.966674e-04
2.100000e+00	2.200000e+00	9.738960e-03	8.690116e-04	8.690116e-04
2.200000e+00	2.300000e+00	9.267176e-03	8.947656e-04	8.947656e-04
2.300000e+00	2.400000e+00	1.280555e-02	9.241100e-04	9.241100e-04
2.400000e+00	2.500000e+00	1.041294e-02	9.061162e-04	9.061162e-04
2.500000e+00	2.600000e+00	1.118801e-02	9.531466e-04	9.531466e-04
2.600000e+00	2.700000e+00	1.034554e-02	9.441686e-04	9.441686e-04
2.700000e+00	2.800000e+00	1.078362e-02	9.253380e-04	9.253380e-04
2.800000e+00	2.900000e+00	1.149130e-02	9.679250e-04	9.679250e-04
2.900000e+00	3.000000e+00	1.162609e-02	9.465711e-04	9.465711e-04
3.000000e+00	3.100000e+00	1.162609e-02	9.632206e-04	9.632206e-04
3.100000e+00	3.200000e+00	1.088472e-02	9.148470e-04	9.148470e-04
3.200000e+00	3.300000e+00	7.481139e-03	7.398407e-04	7.398407e-04
3.300000e+00	3.400000e+00	4.549341e-03	6.331434e-04	6.331434e-04
3.400000e+00	3.500000e+00	2.594809e-03	5.708943e-04	5.708943e-04
3.500000e+00	3.600000e+00	2.999195e-03	5.121778e-04	5.121778e-04
3.600000e+00	3.700000e+00	1.583845e-03	4.824937e-04	4.824937e-04
3.700000e+00	3.800000e+00	1.347953e-03	4.154670e-04	4.154670e-04
3.800000e+00	3.900000e+00	1.550146e-03	3.722157e-04	3.722157e-04
3.900000e+00	4.000000e+00	7.076753e-04	3.249797e-04	3.249797e-04
4.000000e+00	4.100000e+00	3.032894e-04	2.839513e-04	2.839513e-04
4.100000e+00	4.200000e+00	4.717835e-04	2.610300e-04	2.610300e-04
4.200000e+00	4.300000e+00	6.739765e-04	2.521789e-04	2.521789e-04
4.300000e+00	4.400000e+00	3.706871e-04	2.209780e-04	2.209780e-04
4.400000e+00	4.500000e+00	3.369882e-05	1.814737e-04	1.814737e-04
4.500000e+00	4.600000e+00	2.021929e-04	1.580615e-04	1.580615e-04
4.600000e+00	4.700000e+00	2.021929e-04	1.845761e-04	1.845761e-04
4.700000e+00	4.800000e+00	3.706871e-04	1.544274e-04	1.544274e-04
4.800000e+00	4.900000e+00	2.358918e-04	1.117664e-04	1.117664e-04
4.900000e+00	5.000000e+00	1.684941e-04	1.215028e-04	1.215028e-04
# END HISTO1D


# BEGIN HISTO1D //eos/home-y/yiyu/monobc/Rivet/X2000_Qd20.yoda.gz/JetMETAnalysis/jet12_dR
ErrorBars=1
LineColor=red
LineStyle=dashdotted
Path=//eos/home-y/yiyu/monobc/Rivet/X2000_Qd20.yoda.gz/JetMETAnalysis/jet12_dR
ScaledBy=1.11430136845594263e-05
Title=X2000_Qd20
# xlow	 xhigh	 val	 errminus	 errplus
0.000000e+00	1.000000e-01	0.000000e+00	0.000000e+00	0.000000e+00
1.000000e-01	2.000000e-01	0.000000e+00	0.000000e+00	0.000000e+00
2.000000e-01	3.000000e-01	0.000000e+00	0.000000e+00	0.000000e+00
3.000000e-01	4.000000e-01	0.000000e+00	0.000000e+00	0.000000e+00
4.000000e-01	5.000000e-01	5.805163e-03	5.667747e-04	5.667747e-04
5.000000e-01	6.000000e-01	5.467653e-03	5.904005e-04	5.904005e-04
6.000000e-01	7.000000e-01	6.412680e-03	6.314224e-04	6.314224e-04
7.000000e-01	8.000000e-01	5.805163e-03	6.205036e-04	6.205036e-04
8.000000e-01	9.000000e-01	7.155201e-03	6.613808e-04	6.613808e-04
9.000000e-01	1.000000e+00	6.851442e-03	6.535843e-04	6.535843e-04
1.000000e+00	1.100000e+00	6.041419e-03	6.656727e-04	6.656727e-04
1.100000e+00	1.200000e+00	6.513933e-03	6.925115e-04	6.925115e-04
1.200000e+00	1.300000e+00	8.336484e-03	7.215128e-04	7.215128e-04
1.300000e+00	1.400000e+00	7.830219e-03	7.651868e-04	7.651868e-04
1.400000e+00	1.500000e+00	8.640242e-03	7.636967e-04	7.636967e-04
1.500000e+00	1.600000e+00	8.403986e-03	7.879238e-04	7.879238e-04
1.600000e+00	1.700000e+00	9.889027e-03	8.163265e-04	8.163265e-04
1.700000e+00	1.800000e+00	1.002403e-02	8.121294e-04	8.121294e-04
1.800000e+00	1.900000e+00	9.990280e-03	8.471420e-04	8.471420e-04
1.900000e+00	2.000000e+00	1.066530e-02	8.322192e-04	8.322192e-04
2.000000e+00	2.100000e+00	1.231910e-02	8.974198e-04	8.974198e-04
2.100000e+00	2.200000e+00	1.069905e-02	8.545057e-04	8.545057e-04
2.200000e+00	2.300000e+00	9.112755e-03	9.093985e-04	9.093985e-04
2.300000e+00	2.400000e+00	1.049654e-02	8.948775e-04	8.948775e-04
2.400000e+00	2.500000e+00	1.248785e-02	9.316729e-04	9.316729e-04
2.500000e+00	2.600000e+00	1.275786e-02	9.498358e-04	9.498358e-04
2.600000e+00	2.700000e+00	1.117156e-02	9.335051e-04	9.335051e-04
2.700000e+00	2.800000e+00	1.242035e-02	9.758635e-04	9.758635e-04
2.800000e+00	2.900000e+00	1.093531e-02	9.438203e-04	9.438203e-04
2.900000e+00	3.000000e+00	1.289286e-02	9.758635e-04	9.758635e-04
3.000000e+00	3.100000e+00	1.285911e-02	9.587883e-04	9.587883e-04
3.100000e+00	3.200000e+00	8.910250e-03	8.967849e-04	8.967849e-04
3.200000e+00	3.300000e+00	6.311427e-03	7.493926e-04	7.493926e-04
3.300000e+00	3.400000e+00	5.771412e-03	6.553248e-04	6.553248e-04
3.400000e+00	3.500000e+00	4.218868e-03	5.717773e-04	5.717773e-04
3.500000e+00	3.600000e+00	1.957555e-03	4.983267e-04	4.983267e-04
3.600000e+00	3.700000e+00	1.147532e-03	4.452056e-04	4.452056e-04
3.700000e+00	3.800000e+00	1.721298e-03	4.064152e-04	4.064152e-04
3.800000e+00	3.900000e+00	8.100227e-04	3.635089e-04	3.635089e-04
3.900000e+00	4.000000e+00	6.750189e-04	3.272276e-04	3.272276e-04
4.000000e+00	4.100000e+00	8.775246e-04	2.783174e-04	2.783174e-04
4.100000e+00	4.200000e+00	6.412680e-04	2.803564e-04	2.803564e-04
4.200000e+00	4.300000e+00	1.012528e-04	2.592459e-04	2.592459e-04
4.300000e+00	4.400000e+00	3.375095e-04	2.238784e-04	2.238784e-04
4.400000e+00	4.500000e+00	6.075170e-04	1.785932e-04	1.785932e-04
4.500000e+00	4.600000e+00	4.725132e-04	1.848615e-04	1.848615e-04
4.600000e+00	4.700000e+00	2.362566e-04	1.546663e-04	1.546663e-04
4.700000e+00	4.800000e+00	1.012528e-04	1.471170e-04	1.471170e-04
4.800000e+00	4.900000e+00	1.012528e-04	1.307169e-04	1.307169e-04
4.900000e+00	5.000000e+00	1.012528e-04	1.471170e-04	1.471170e-04
# END HISTO1D


# BEGIN HISTO1D //eos/home-y/yiyu/monobc/Rivet/X2000_Qd40.yoda.gz/JetMETAnalysis/jet12_dR
ErrorBars=1
LineColor=blue
LineStyle=dashdotted
Path=//eos/home-y/yiyu/monobc/Rivet/X2000_Qd40.yoda.gz/JetMETAnalysis/jet12_dR
ScaledBy=1.10839193459253869e-05
Title=X2000_Qd40
# xlow	 xhigh	 val	 errminus	 errplus
0.000000e+00	1.000000e-01	0.000000e+00	0.000000e+00	0.000000e+00
1.000000e-01	2.000000e-01	0.000000e+00	0.000000e+00	0.000000e+00
2.000000e-01	3.000000e-01	0.000000e+00	0.000000e+00	0.000000e+00
3.000000e-01	4.000000e-01	3.327990e-05	3.327990e-05	3.327990e-05
4.000000e-01	5.000000e-01	6.123501e-03	5.686872e-04	5.686872e-04
5.000000e-01	6.000000e-01	7.354858e-03	6.127479e-04	6.127479e-04
6.000000e-01	7.000000e-01	6.589420e-03	5.934656e-04	5.934656e-04
7.000000e-01	8.000000e-01	6.323181e-03	6.261576e-04	6.261576e-04
8.000000e-01	9.000000e-01	6.356461e-03	6.234987e-04	6.234987e-04
9.000000e-01	1.000000e+00	5.624303e-03	6.234987e-04	6.234987e-04
1.000000e+00	1.100000e+00	7.321578e-03	6.868894e-04	6.868894e-04
1.100000e+00	1.200000e+00	7.388138e-03	6.771458e-04	6.771458e-04
1.200000e+00	1.300000e+00	8.153575e-03	7.283662e-04	7.283662e-04
1.300000e+00	1.400000e+00	8.286695e-03	7.567062e-04	7.567062e-04
1.400000e+00	1.500000e+00	8.486374e-03	7.523024e-04	7.523024e-04
1.500000e+00	1.600000e+00	7.421417e-03	7.924530e-04	7.924530e-04
1.600000e+00	1.700000e+00	7.521257e-03	7.486128e-04	7.486128e-04
1.700000e+00	1.800000e+00	8.453094e-03	7.931516e-04	7.931516e-04
1.800000e+00	1.900000e+00	9.983970e-03	8.246434e-04	8.246434e-04
1.900000e+00	2.000000e+00	1.098237e-02	8.588535e-04	8.588535e-04
2.000000e+00	2.100000e+00	9.251812e-03	8.206043e-04	8.206043e-04
2.100000e+00	2.200000e+00	1.104893e-02	8.639964e-04	8.639964e-04
2.200000e+00	2.300000e+00	1.088253e-02	8.760898e-04	8.760898e-04
2.300000e+00	2.400000e+00	1.158140e-02	9.222796e-04	9.222796e-04
2.400000e+00	2.500000e+00	1.098237e-02	8.917523e-04	8.917523e-04
2.500000e+00	2.600000e+00	1.178108e-02	9.053111e-04	9.053111e-04
2.600000e+00	2.700000e+00	1.094909e-02	9.288610e-04	9.288610e-04
2.700000e+00	2.800000e+00	1.238012e-02	9.725477e-04	9.725477e-04
2.800000e+00	2.900000e+00	1.257980e-02	9.353961e-04	9.353961e-04
2.900000e+00	3.000000e+00	1.138173e-02	9.564715e-04	9.564715e-04
3.000000e+00	3.100000e+00	1.247996e-02	9.371705e-04	9.371705e-04
3.100000e+00	3.200000e+00	1.121533e-02	8.948519e-04	8.948519e-04
3.200000e+00	3.300000e+00	8.486374e-03	7.434166e-04	7.434166e-04
3.300000e+00	3.400000e+00	3.694069e-03	6.444625e-04	6.444625e-04
3.400000e+00	3.500000e+00	2.928631e-03	5.488662e-04	5.488662e-04
3.500000e+00	3.600000e+00	2.329593e-03	5.003066e-04	5.003066e-04
3.600000e+00	3.700000e+00	2.629112e-03	4.834185e-04	4.834185e-04
3.700000e+00	3.800000e+00	1.697275e-03	4.062329e-04	4.062329e-04
3.800000e+00	3.900000e+00	1.264636e-03	3.765191e-04	3.765191e-04
3.900000e+00	4.000000e+00	7.654377e-04	3.344588e-04	3.344588e-04
4.000000e+00	4.100000e+00	6.655980e-05	2.534522e-04	2.534522e-04
4.100000e+00	4.200000e+00	8.652774e-04	2.744331e-04	2.744331e-04
4.200000e+00	4.300000e+00	-6.655980e-05	2.207539e-04	2.207539e-04
4.300000e+00	4.400000e+00	1.331196e-04	2.399848e-04	2.399848e-04
4.400000e+00	4.500000e+00	3.660789e-04	1.911785e-04	1.911785e-04
4.500000e+00	4.600000e+00	1.331196e-04	1.488322e-04	1.488322e-04
4.600000e+00	4.700000e+00	1.663995e-04	1.663995e-04	1.663995e-04
4.700000e+00	4.800000e+00	2.662392e-04	1.411947e-04	1.411947e-04
4.800000e+00	4.900000e+00	1.331196e-04	1.152850e-04	1.152850e-04
4.900000e+00	5.000000e+00	0.000000e+00	-nan	-nan
# END HISTO1D


# BEGIN HISTO1D //eos/home-y/yiyu/monobc/Rivet/X600_Qd10.yoda.gz/JetMETAnalysis/jet12_dR
ErrorBars=1
LineColor=green
LineStyle=dashdotted
Path=//eos/home-y/yiyu/monobc/Rivet/X600_Qd10.yoda.gz/JetMETAnalysis/jet12_dR
ScaledBy=1.57533529470536090e-05
Title=X600_Qd10
# xlow	 xhigh	 val	 errminus	 errplus
0.000000e+00	1.000000e-01	0.000000e+00	0.000000e+00	0.000000e+00
1.000000e-01	2.000000e-01	0.000000e+00	0.000000e+00	0.000000e+00
2.000000e-01	3.000000e-01	0.000000e+00	0.000000e+00	0.000000e+00
3.000000e-01	4.000000e-01	5.892617e-02	4.166710e-02	4.166710e-02
4.000000e-01	5.000000e-01	5.097113e+00	3.919809e-01	3.919809e-01
5.000000e-01	6.000000e-01	7.748791e+00	4.814308e-01	4.814308e-01
6.000000e-01	7.000000e-01	7.365771e+00	4.677120e-01	4.677120e-01
7.000000e-01	8.000000e-01	7.866643e+00	4.814308e-01	4.814308e-01
8.000000e-01	9.000000e-01	6.540804e+00	4.389901e-01	4.389901e-01
9.000000e-01	1.000000e+00	7.365771e+00	4.732472e-01	4.732472e-01
1.000000e+00	1.100000e+00	8.455905e+00	5.026025e-01	5.026025e-01
1.100000e+00	1.200000e+00	1.007637e+01	5.496267e-01	5.496267e-01
1.200000e+00	1.300000e+00	1.007637e+01	5.512038e-01	5.512038e-01
1.300000e+00	1.400000e+00	1.060671e+01	5.652000e-01	5.652000e-01
1.400000e+00	1.500000e+00	1.252181e+01	6.116695e-01	6.116695e-01
1.500000e+00	1.600000e+00	1.216825e+01	6.088245e-01	6.088245e-01
1.600000e+00	1.700000e+00	1.302268e+01	6.236159e-01	6.236159e-01
1.700000e+00	1.800000e+00	1.487886e+01	6.673242e-01	6.673242e-01
1.800000e+00	1.900000e+00	1.558597e+01	6.865594e-01	6.865594e-01
1.900000e+00	2.000000e+00	1.579221e+01	6.884533e-01	6.884533e-01
2.000000e+00	2.100000e+00	1.850282e+01	7.430307e-01	7.430307e-01
2.100000e+00	2.200000e+00	1.903315e+01	7.569203e-01	7.569203e-01
2.200000e+00	2.300000e+00	1.994651e+01	7.699961e-01	7.699961e-01
2.300000e+00	2.400000e+00	2.053577e+01	7.856208e-01	7.856208e-01
2.400000e+00	2.500000e+00	2.183214e+01	8.106365e-01	8.106365e-01
2.500000e+00	2.600000e+00	2.386510e+01	8.436943e-01	8.436943e-01
2.600000e+00	2.700000e+00	2.580966e+01	8.799553e-01	8.799553e-01
2.700000e+00	2.800000e+00	2.480792e+01	8.650313e-01	8.650313e-01
2.800000e+00	2.900000e+00	2.678194e+01	8.989862e-01	8.989862e-01
2.900000e+00	3.000000e+00	2.793100e+01	9.128802e-01	9.128802e-01
3.000000e+00	3.100000e+00	2.952201e+01	9.363514e-01	9.363514e-01
3.100000e+00	3.200000e+00	2.648731e+01	8.892777e-01	8.892777e-01
3.200000e+00	3.300000e+00	1.991704e+01	7.728094e-01	7.728094e-01
3.300000e+00	3.400000e+00	1.449584e+01	6.574956e-01	6.574956e-01
3.400000e+00	3.500000e+00	1.199147e+01	6.030943e-01	6.030943e-01
3.500000e+00	3.600000e+00	9.987985e+00	5.472525e-01	5.472525e-01
3.600000e+00	3.700000e+00	8.249663e+00	4.982660e-01	4.982660e-01
3.700000e+00	3.800000e+00	6.923825e+00	4.611703e-01	4.611703e-01
3.800000e+00	3.900000e+00	6.481878e+00	4.389901e-01	4.389901e-01
3.900000e+00	4.000000e+00	5.038187e+00	3.963853e-01	3.963853e-01
4.000000e+00	4.100000e+00	4.124832e+00	3.535571e-01	3.535571e-01
4.100000e+00	4.200000e+00	3.447181e+00	3.240940e-01	3.240940e-01
4.200000e+00	4.300000e+00	2.975771e+00	3.076036e-01	3.076036e-01
4.300000e+00	4.400000e+00	2.592751e+00	2.763882e-01	2.763882e-01
4.400000e+00	4.500000e+00	1.826711e+00	2.357047e-01	2.357047e-01
4.500000e+00	4.600000e+00	1.679396e+00	2.301140e-01	2.301140e-01
4.600000e+00	4.700000e+00	1.502617e+00	2.144945e-01	2.144945e-01
4.700000e+00	4.800000e+00	1.237449e+00	1.909426e-01	1.909426e-01
4.800000e+00	4.900000e+00	1.090134e+00	1.792169e-01	1.792169e-01
4.900000e+00	5.000000e+00	6.481878e-01	1.502329e-01	1.502329e-01
# END HISTO1D


# BEGIN HISTO1D //eos/home-y/yiyu/monobc/Rivet/X600_Qd20.yoda.gz/JetMETAnalysis/jet12_dR
ErrorBars=1
LineColor=orange
LineStyle=dashdotted
Path=//eos/home-y/yiyu/monobc/Rivet/X600_Qd20.yoda.gz/JetMETAnalysis/jet12_dR
ScaledBy=1.56410006686483217e-05
Title=X600_Qd20
# xlow	 xhigh	 val	 errminus	 errplus
0.000000e+00	1.000000e-01	0.000000e+00	0.000000e+00	0.000000e+00
1.000000e-01	2.000000e-01	0.000000e+00	0.000000e+00	0.000000e+00
2.000000e-01	3.000000e-01	0.000000e+00	0.000000e+00	0.000000e+00
3.000000e-01	4.000000e-01	2.911008e-02	2.911008e-02	2.911008e-02
4.000000e-01	5.000000e-01	5.501806e+00	4.065002e-01	4.065002e-01
5.000000e-01	6.000000e-01	7.102861e+00	4.565739e-01	4.565739e-01
6.000000e-01	7.000000e-01	7.568622e+00	4.711879e-01	4.711879e-01
7.000000e-01	8.000000e-01	7.510402e+00	4.675772e-01	4.675772e-01
8.000000e-01	9.000000e-01	6.695319e+00	4.433916e-01	4.433916e-01
9.000000e-01	1.000000e+00	8.471034e+00	4.965808e-01	4.965808e-01
1.000000e+00	1.100000e+00	8.441924e+00	5.025180e-01	5.025180e-01
1.100000e+00	1.200000e+00	8.762135e+00	5.050411e-01	5.050411e-01
1.200000e+00	1.300000e+00	1.100361e+01	5.719224e-01	5.719224e-01
1.300000e+00	1.400000e+00	1.074162e+01	5.667129e-01	5.667129e-01
1.400000e+00	1.500000e+00	1.213891e+01	5.987060e-01	5.987060e-01
1.500000e+00	1.600000e+00	1.251734e+01	6.092289e-01	6.092289e-01
1.600000e+00	1.700000e+00	1.391462e+01	6.404218e-01	6.404218e-01
1.700000e+00	1.800000e+00	1.519546e+01	6.701645e-01	6.701645e-01
1.800000e+00	1.900000e+00	1.650542e+01	6.943838e-01	6.943838e-01
1.900000e+00	2.000000e+00	1.542834e+01	6.752034e-01	6.752034e-01
2.000000e+00	2.100000e+00	1.828113e+01	7.352818e-01	7.352818e-01
2.100000e+00	2.200000e+00	1.804825e+01	7.398774e-01	7.398774e-01
2.200000e+00	2.300000e+00	1.927088e+01	7.534959e-01	7.534959e-01
2.300000e+00	2.400000e+00	2.040617e+01	7.762083e-01	7.762083e-01
2.400000e+00	2.500000e+00	2.290964e+01	8.207805e-01	8.207805e-01
2.500000e+00	2.600000e+00	2.258943e+01	8.140421e-01	8.140421e-01
2.600000e+00	2.700000e+00	2.407404e+01	8.421825e-01	8.421825e-01
2.700000e+00	2.800000e+00	2.515111e+01	8.625628e-01	8.625628e-01
2.800000e+00	2.900000e+00	2.625730e+01	8.839118e-01	8.839118e-01
2.900000e+00	3.000000e+00	2.750903e+01	8.977051e-01	8.977051e-01
3.000000e+00	3.100000e+00	2.913919e+01	9.292457e-01	9.292457e-01
3.100000e+00	3.200000e+00	2.413226e+01	8.481981e-01	8.481981e-01
3.200000e+00	3.300000e+00	1.889244e+01	7.506790e-01	7.506790e-01
3.300000e+00	3.400000e+00	1.449682e+01	6.573983e-01	6.573983e-01
3.400000e+00	3.500000e+00	1.120738e+01	5.756146e-01	5.756146e-01
3.500000e+00	3.600000e+00	1.039230e+01	5.576690e-01	5.576690e-01
3.600000e+00	3.700000e+00	8.616585e+00	5.058793e-01	5.058793e-01
3.700000e+00	3.800000e+00	7.044640e+00	4.584261e-01	4.584261e-01
3.800000e+00	3.900000e+00	5.327145e+00	4.044102e-01	4.044102e-01
3.900000e+00	4.000000e+00	5.618246e+00	4.085795e-01	4.085795e-01
4.000000e+00	4.100000e+00	4.541173e+00	3.659080e-01	3.659080e-01
4.100000e+00	4.200000e+00	3.493210e+00	3.241561e-01	3.241561e-01
4.200000e+00	4.300000e+00	2.998339e+00	2.954351e-01	2.954351e-01
4.300000e+00	4.400000e+00	1.863045e+00	2.435524e-01	2.435524e-01
4.400000e+00	4.500000e+00	2.008596e+00	2.418065e-01	2.418065e-01
4.500000e+00	4.600000e+00	1.688385e+00	2.216958e-01	2.216958e-01
4.600000e+00	4.700000e+00	1.368174e+00	2.037706e-01	2.037706e-01
4.700000e+00	4.800000e+00	1.106183e+00	1.841083e-01	1.841083e-01
4.800000e+00	4.900000e+00	6.695319e-01	1.455504e-01	1.455504e-01
4.900000e+00	5.000000e+00	7.277521e-01	1.512604e-01	1.512604e-01
# END HISTO1D


# BEGIN HISTO1D //eos/home-y/yiyu/monobc/Rivet/X600_Qd40.yoda.gz/JetMETAnalysis/jet12_dR
ErrorBars=1
LineColor=lilac
LineStyle=dashdotted
Path=//eos/home-y/yiyu/monobc/Rivet/X600_Qd40.yoda.gz/JetMETAnalysis/jet12_dR
ScaledBy=1.56869321066331316e-05
Title=X600_Qd40
# xlow	 xhigh	 val	 errminus	 errplus
0.000000e+00	1.000000e-01	0.000000e+00	0.000000e+00	0.000000e+00
1.000000e-01	2.000000e-01	0.000000e+00	0.000000e+00	0.000000e+00
2.000000e-01	3.000000e-01	0.000000e+00	0.000000e+00	0.000000e+00
3.000000e-01	4.000000e-01	0.000000e+00	0.000000e+00	0.000000e+00
4.000000e-01	5.000000e-01	5.074714e+00	3.878501e-01	3.878501e-01
5.000000e-01	6.000000e-01	6.278883e+00	4.242876e-01	4.242876e-01
6.000000e-01	7.000000e-01	7.110334e+00	4.533236e-01	4.533236e-01
7.000000e-01	8.000000e-01	6.536920e+00	4.366991e-01	4.366991e-01
8.000000e-01	9.000000e-01	7.569065e+00	4.676050e-01	4.676050e-01
9.000000e-01	1.000000e+00	7.167675e+00	4.569358e-01	4.569358e-01
1.000000e+00	1.100000e+00	8.572539e+00	4.990678e-01	4.990678e-01
1.100000e+00	1.200000e+00	9.690697e+00	5.348449e-01	5.348449e-01
1.200000e+00	1.300000e+00	1.072284e+01	5.559455e-01	5.559455e-01
1.300000e+00	1.400000e+00	1.072284e+01	5.544650e-01	5.544650e-01
1.400000e+00	1.500000e+00	1.215638e+01	5.959093e-01	5.959093e-01
1.500000e+00	1.600000e+00	1.198435e+01	5.903658e-01	5.903658e-01
1.600000e+00	1.700000e+00	1.410598e+01	6.410963e-01	6.410963e-01
1.700000e+00	1.800000e+00	1.433535e+01	6.462048e-01	6.462048e-01
1.800000e+00	1.900000e+00	1.608426e+01	6.839028e-01	6.839028e-01
1.900000e+00	2.000000e+00	1.565420e+01	6.760451e-01	6.760451e-01
2.000000e+00	2.100000e+00	1.694438e+01	7.005279e-01	7.005279e-01
2.100000e+00	2.200000e+00	1.920937e+01	7.465401e-01	7.465401e-01
2.200000e+00	2.300000e+00	1.975411e+01	7.601792e-01	7.601792e-01
2.300000e+00	2.400000e+00	2.070025e+01	7.757001e-01	7.757001e-01
2.400000e+00	2.500000e+00	2.092961e+01	7.841319e-01	7.841319e-01
2.500000e+00	2.600000e+00	2.250650e+01	8.094079e-01	8.094079e-01
2.600000e+00	2.700000e+00	2.385402e+01	8.299660e-01	8.299660e-01
2.700000e+00	2.800000e+00	2.502952e+01	8.558096e-01	8.558096e-01
2.800000e+00	2.900000e+00	2.729451e+01	8.901779e-01	8.901779e-01
2.900000e+00	3.000000e+00	2.482883e+01	8.495433e-01	8.495433e-01
3.000000e+00	3.100000e+00	2.703647e+01	8.850845e-01	8.850845e-01
3.100000e+00	3.200000e+00	2.597565e+01	8.696254e-01	8.696254e-01
3.200000e+00	3.300000e+00	1.900867e+01	7.459893e-01	7.459893e-01
3.300000e+00	3.400000e+00	1.422067e+01	6.462048e-01	6.462048e-01
3.400000e+00	3.500000e+00	1.207036e+01	5.979748e-01	5.979748e-01
3.500000e+00	3.600000e+00	9.375319e+00	5.263240e-01	5.263240e-01
3.600000e+00	3.700000e+00	8.658551e+00	5.015325e-01	5.015325e-01
3.700000e+00	3.800000e+00	7.110334e+00	4.569358e-01	4.569358e-01
3.800000e+00	3.900000e+00	6.307554e+00	4.271838e-01	4.271838e-01
3.900000e+00	4.000000e+00	4.673324e+00	3.660430e-01	3.660430e-01
4.000000e+00	4.100000e+00	4.271934e+00	3.615237e-01	3.615237e-01
4.100000e+00	4.200000e+00	3.010423e+00	3.047737e-01	3.047737e-01
4.200000e+00	4.300000e+00	3.039094e+00	2.979547e-01	2.979547e-01
4.300000e+00	4.400000e+00	2.408339e+00	2.658811e-01	2.658811e-01
4.400000e+00	4.500000e+00	1.691571e+00	2.202238e-01	2.202238e-01
4.500000e+00	4.600000e+00	1.433535e+00	2.067474e-01	2.067474e-01
4.600000e+00	4.700000e+00	1.032145e+00	1.720242e-01	1.720242e-01
4.700000e+00	4.800000e+00	1.347523e+00	1.965564e-01	1.965564e-01
4.800000e+00	4.900000e+00	1.318852e+00	1.944542e-01	1.944542e-01
4.900000e+00	5.000000e+00	1.032145e+00	1.720242e-01	1.720242e-01
# END HISTO1D


# BEGIN HISTO1D //eos/home-y/yiyu/monobc/Rivet/X800_Qd10.yoda.gz/JetMETAnalysis/jet12_dR
ErrorBars=1
LineColor=red
LineStyle=dotted
Path=//eos/home-y/yiyu/monobc/Rivet/X800_Qd10.yoda.gz/JetMETAnalysis/jet12_dR
ScaledBy=1.47308375736674233e-05
Title=X800_Qd10
# xlow	 xhigh	 val	 errminus	 errplus
0.000000e+00	1.000000e-01	0.000000e+00	0.000000e+00	0.000000e+00
1.000000e-01	2.000000e-01	0.000000e+00	0.000000e+00	0.000000e+00
2.000000e-01	3.000000e-01	0.000000e+00	0.000000e+00	0.000000e+00
3.000000e-01	4.000000e-01	0.000000e+00	0.000000e+00	0.000000e+00
4.000000e-01	5.000000e-01	1.949054e+00	1.361029e-01	1.361029e-01
5.000000e-01	6.000000e-01	2.508591e+00	1.540845e-01	1.540845e-01
6.000000e-01	7.000000e-01	2.471288e+00	1.540845e-01	1.540845e-01
7.000000e-01	8.000000e-01	2.396683e+00	1.518100e-01	1.518100e-01
8.000000e-01	9.000000e-01	2.368706e+00	1.515233e-01	1.515233e-01
9.000000e-01	1.000000e+00	2.890941e+00	1.647232e-01	1.647232e-01
1.000000e+00	1.100000e+00	3.086779e+00	1.711956e-01	1.711956e-01
1.100000e+00	1.200000e+00	3.254640e+00	1.752124e-01	1.752124e-01
1.200000e+00	1.300000e+00	3.786200e+00	1.897482e-01	1.897482e-01
1.300000e+00	1.400000e+00	3.553060e+00	1.844021e-01	1.844021e-01
1.400000e+00	1.500000e+00	4.420342e+00	2.034609e-01	2.034609e-01
1.500000e+00	1.600000e+00	4.121922e+00	1.982653e-01	1.982653e-01
1.600000e+00	1.700000e+00	4.672134e+00	2.099817e-01	2.099817e-01
1.700000e+00	1.800000e+00	4.756064e+00	2.142864e-01	2.142864e-01
1.800000e+00	1.900000e+00	5.082461e+00	2.212747e-01	2.212747e-01
1.900000e+00	2.000000e+00	5.231671e+00	2.228412e-01	2.228412e-01
2.000000e+00	2.100000e+00	5.996371e+00	2.386702e-01	2.386702e-01
2.100000e+00	2.200000e+00	6.742420e+00	2.538555e-01	2.538555e-01
2.200000e+00	2.300000e+00	6.527931e+00	2.495365e-01	2.495365e-01
2.300000e+00	2.400000e+00	6.416024e+00	2.488385e-01	2.488385e-01
2.400000e+00	2.500000e+00	7.497795e+00	2.663929e-01	2.663929e-01
2.500000e+00	2.600000e+00	7.451167e+00	2.678579e-01	2.678579e-01
2.600000e+00	2.700000e+00	7.609703e+00	2.706036e-01	2.706036e-01
2.700000e+00	2.800000e+00	7.870820e+00	2.756978e-01	2.756978e-01
2.800000e+00	2.900000e+00	8.318450e+00	2.819361e-01	2.819361e-01
2.900000e+00	3.000000e+00	8.560916e+00	2.880393e-01	2.880393e-01
3.000000e+00	3.100000e+00	8.784730e+00	2.892445e-01	2.892445e-01
3.100000e+00	3.200000e+00	7.861494e+00	2.755400e-01	2.755400e-01
3.200000e+00	3.300000e+00	5.315601e+00	2.272850e-01	2.272850e-01
3.300000e+00	3.400000e+00	4.205853e+00	2.032471e-01	2.032471e-01
3.400000e+00	3.500000e+00	3.664967e+00	1.899772e-01	1.899772e-01
3.500000e+00	3.600000e+00	2.816336e+00	1.647232e-01	1.647232e-01
3.600000e+00	3.700000e+00	2.387358e+00	1.509483e-01	1.509483e-01
3.700000e+00	3.800000e+00	2.042310e+00	1.405046e-01	1.405046e-01
3.800000e+00	3.900000e+00	1.548052e+00	1.244193e-01	1.244193e-01
3.900000e+00	4.000000e+00	1.445471e+00	1.205135e-01	1.205135e-01
4.000000e+00	4.100000e+00	9.791897e-01	1.000061e-01	1.000061e-01
4.100000e+00	4.200000e+00	9.791897e-01	9.646492e-02	9.646492e-02
4.200000e+00	4.300000e+00	6.248163e-01	7.967810e-02	7.967810e-02
4.300000e+00	4.400000e+00	6.527931e-01	8.129884e-02	8.129884e-02
4.400000e+00	4.500000e+00	5.408857e-01	7.460493e-02	7.460493e-02
4.500000e+00	4.600000e+00	3.450478e-01	6.255813e-02	6.255813e-02
4.600000e+00	4.700000e+00	3.170709e-01	5.437722e-02	5.437722e-02
4.700000e+00	4.800000e+00	3.170709e-01	6.185914e-02	6.185914e-02
4.800000e+00	4.900000e+00	1.119074e-01	3.489327e-02	3.489327e-02
4.900000e+00	5.000000e+00	2.797685e-01	5.275365e-02	5.275365e-02
# END HISTO1D


# BEGIN HISTO1D //eos/home-y/yiyu/monobc/Rivet/X800_Qd20.yoda.gz/JetMETAnalysis/jet12_dR
ErrorBars=1
LineColor=blue
LineStyle=dotted
Path=//eos/home-y/yiyu/monobc/Rivet/X800_Qd20.yoda.gz/JetMETAnalysis/jet12_dR
ScaledBy=1.47466832779571235e-05
Title=X800_Qd20
# xlow	 xhigh	 val	 errminus	 errplus
0.000000e+00	1.000000e-01	0.000000e+00	0.000000e+00	0.000000e+00
1.000000e-01	2.000000e-01	0.000000e+00	0.000000e+00	0.000000e+00
2.000000e-01	3.000000e-01	0.000000e+00	0.000000e+00	0.000000e+00
3.000000e-01	4.000000e-01	1.864987e-02	1.318745e-02	1.318745e-02
4.000000e-01	5.000000e-01	1.846338e+00	1.318745e-01	1.318745e-01
5.000000e-01	6.000000e-01	2.228660e+00	1.441600e-01	1.441600e-01
6.000000e-01	7.000000e-01	2.620307e+00	1.579745e-01	1.579745e-01
7.000000e-01	8.000000e-01	2.629632e+00	1.576990e-01	1.576990e-01
8.000000e-01	9.000000e-01	2.545708e+00	1.563144e-01	1.563144e-01
9.000000e-01	1.000000e+00	2.722882e+00	1.604323e-01	1.604323e-01
1.000000e+00	1.100000e+00	3.030605e+00	1.696524e-01	1.696524e-01
1.100000e+00	1.200000e+00	3.002630e+00	1.714369e-01	1.714369e-01
1.200000e+00	1.300000e+00	3.459552e+00	1.820155e-01	1.820155e-01
1.300000e+00	1.400000e+00	3.571451e+00	1.848597e-01	1.848597e-01
1.400000e+00	1.500000e+00	3.841874e+00	1.915588e-01	1.915588e-01
1.500000e+00	1.600000e+00	4.242846e+00	2.015136e-01	2.015136e-01
1.600000e+00	1.700000e+00	4.466645e+00	2.062056e-01	2.062056e-01
1.700000e+00	1.800000e+00	4.709093e+00	2.124367e-01	2.124367e-01
1.800000e+00	1.900000e+00	5.091416e+00	2.206683e-01	2.206683e-01
1.900000e+00	2.000000e+00	5.343189e+00	2.243805e-01	2.243805e-01
2.000000e+00	2.100000e+00	5.828086e+00	2.371909e-01	2.371909e-01
2.100000e+00	2.200000e+00	5.958635e+00	2.401058e-01	2.401058e-01
2.200000e+00	2.300000e+00	6.984378e+00	2.575777e-01	2.575777e-01
2.300000e+00	2.400000e+00	6.480831e+00	2.493440e-01	2.493440e-01
2.400000e+00	2.500000e+00	6.919103e+00	2.563934e-01	2.563934e-01
2.500000e+00	2.600000e+00	7.338726e+00	2.658834e-01	2.658834e-01
2.600000e+00	2.700000e+00	8.159320e+00	2.799035e-01	2.799035e-01
2.700000e+00	2.800000e+00	8.448393e+00	2.837601e-01	2.837601e-01
2.800000e+00	2.900000e+00	8.271219e+00	2.817613e-01	2.817613e-01
2.900000e+00	3.000000e+00	8.420418e+00	2.863530e-01	2.863530e-01
3.000000e+00	3.100000e+00	8.998564e+00	2.941423e-01	2.941423e-01
3.100000e+00	3.200000e+00	7.832947e+00	2.744131e-01	2.744131e-01
3.200000e+00	3.300000e+00	5.427113e+00	2.318143e-01	2.318143e-01
3.300000e+00	3.400000e+00	4.354746e+00	2.045118e-01	2.045118e-01
3.400000e+00	3.500000e+00	3.487527e+00	1.836800e-01	1.836800e-01
3.500000e+00	3.600000e+00	2.890731e+00	1.673300e-01	1.673300e-01
3.600000e+00	3.700000e+00	2.377859e+00	1.523707e-01	1.523707e-01
3.700000e+00	3.800000e+00	2.042161e+00	1.404943e-01	1.404943e-01
3.800000e+00	3.900000e+00	1.939587e+00	1.351312e-01	1.351312e-01
3.900000e+00	4.000000e+00	1.286841e+00	1.126736e-01	1.126736e-01
4.000000e+00	4.100000e+00	9.324937e-01	9.956309e-02	9.956309e-02
4.100000e+00	4.200000e+00	8.858690e-01	9.555217e-02	9.555217e-02
4.200000e+00	4.300000e+00	7.180202e-01	8.697722e-02	8.697722e-02
4.300000e+00	4.400000e+00	5.874710e-01	8.075632e-02	8.075632e-02
4.400000e+00	4.500000e+00	5.128715e-01	7.040173e-02	7.040173e-02
4.500000e+00	4.600000e+00	3.916474e-01	6.460506e-02	6.460506e-02
4.600000e+00	4.700000e+00	3.543476e-01	5.897608e-02	5.897608e-02
4.700000e+00	4.800000e+00	3.356977e-01	6.185464e-02	6.185464e-02
4.800000e+00	4.900000e+00	2.237985e-01	4.754804e-02	4.754804e-02
4.900000e+00	5.000000e+00	1.771738e-01	4.064646e-02	4.064646e-02
# END HISTO1D


# BEGIN HISTO1D //eos/home-y/yiyu/monobc/Rivet/X800_Qd40.yoda.gz/JetMETAnalysis/jet12_dR
ErrorBars=1
LineColor=green
LineStyle=dotted
Path=//eos/home-y/yiyu/monobc/Rivet/X800_Qd40.yoda.gz/JetMETAnalysis/jet12_dR
ScaledBy=1.48255274573354104e-05
Title=X800_Qd40
# xlow	 xhigh	 val	 errminus	 errplus
0.000000e+00	1.000000e-01	0.000000e+00	0.000000e+00	0.000000e+00
1.000000e-01	2.000000e-01	0.000000e+00	0.000000e+00	0.000000e+00
2.000000e-01	3.000000e-01	0.000000e+00	0.000000e+00	0.000000e+00
3.000000e-01	4.000000e-01	0.000000e+00	0.000000e+00	0.000000e+00
4.000000e-01	5.000000e-01	1.956313e+00	1.359487e-01	1.359487e-01
5.000000e-01	6.000000e-01	2.382807e+00	1.509311e-01	1.509311e-01
6.000000e-01	7.000000e-01	2.438437e+00	1.526302e-01	1.526302e-01
7.000000e-01	8.000000e-01	2.382807e+00	1.509311e-01	1.509311e-01
8.000000e-01	9.000000e-01	2.660956e+00	1.581620e-01	1.581620e-01
9.000000e-01	1.000000e+00	2.642413e+00	1.592453e-01	1.592453e-01
1.000000e+00	1.100000e+00	2.790759e+00	1.645550e-01	1.645550e-01
1.100000e+00	1.200000e+00	3.189438e+00	1.744445e-01	1.744445e-01
1.200000e+00	1.300000e+00	3.690106e+00	1.863573e-01	1.863573e-01
1.300000e+00	1.400000e+00	3.411957e+00	1.812122e-01	1.812122e-01
1.400000e+00	1.500000e+00	3.541760e+00	1.835688e-01	1.835688e-01
1.500000e+00	1.600000e+00	4.033156e+00	1.951451e-01	1.951451e-01
1.600000e+00	1.700000e+00	4.422564e+00	2.041863e-01	2.041863e-01
1.700000e+00	1.800000e+00	4.932504e+00	2.154531e-01	2.154531e-01
1.800000e+00	1.900000e+00	5.229196e+00	2.236749e-01	2.236749e-01
1.900000e+00	2.000000e+00	5.414628e+00	2.271075e-01	2.271075e-01
2.000000e+00	2.100000e+00	5.470258e+00	2.267286e-01	2.267286e-01
2.100000e+00	2.200000e+00	6.221259e+00	2.408838e-01	2.408838e-01
2.200000e+00	2.300000e+00	6.555038e+00	2.517037e-01	2.517037e-01
2.300000e+00	2.400000e+00	6.397420e+00	2.477450e-01	2.477450e-01
2.400000e+00	2.500000e+00	7.213323e+00	2.632227e-01	2.632227e-01
2.500000e+00	2.600000e+00	7.398755e+00	2.674345e-01	2.674345e-01
2.600000e+00	2.700000e+00	7.992139e+00	2.769097e-01	2.769097e-01
2.700000e+00	2.800000e+00	8.084856e+00	2.775299e-01	2.775299e-01
2.800000e+00	2.900000e+00	8.511350e+00	2.833539e-01	2.833539e-01
2.900000e+00	3.000000e+00	8.659696e+00	2.869713e-01	2.869713e-01
3.000000e+00	3.100000e+00	8.363004e+00	2.845648e-01	2.845648e-01
3.100000e+00	3.200000e+00	8.084856e+00	2.778395e-01	2.778395e-01
3.200000e+00	3.300000e+00	5.776221e+00	2.332693e-01	2.332693e-01
3.300000e+00	3.400000e+00	4.153687e+00	2.031311e-01	2.031311e-01
3.400000e+00	3.500000e+00	3.625205e+00	1.888773e-01	1.888773e-01
3.500000e+00	3.600000e+00	2.753672e+00	1.629803e-01	1.629803e-01
3.600000e+00	3.700000e+00	2.345721e+00	1.492127e-01	1.492127e-01
3.700000e+00	3.800000e+00	2.067572e+00	1.409165e-01	1.409165e-01
3.800000e+00	3.900000e+00	1.687435e+00	1.298027e-01	1.298027e-01
3.900000e+00	4.000000e+00	1.474188e+00	1.212422e-01	1.212422e-01
4.000000e+00	4.100000e+00	1.168225e+00	1.081248e-01	1.081248e-01
4.100000e+00	4.200000e+00	7.231866e-01	8.893029e-02	8.893029e-02
4.200000e+00	4.300000e+00	8.344461e-01	9.084299e-02	9.084299e-02
4.300000e+00	4.400000e+00	6.397420e-01	7.921678e-02	7.921678e-02
4.400000e+00	4.500000e+00	4.821244e-01	7.061058e-02	7.061058e-02
4.500000e+00	4.600000e+00	3.801366e-01	6.219594e-02	6.219594e-02
4.600000e+00	4.700000e+00	3.986798e-01	6.356305e-02	6.356305e-02
4.700000e+00	4.800000e+00	3.615933e-01	5.790127e-02	5.790127e-02
4.800000e+00	4.900000e+00	2.225190e-01	4.727619e-02	4.727619e-02
4.900000e+00	5.000000e+00	9.271623e-02	2.931945e-02	2.931945e-02
# END HISTO1D

