# BEGIN PLOT
Legend=1
LogY=1
LegendPlacement=manual
LegendAlign=r
LegendXPos=1.32
RightMargin=3.3
Title=Di-jet $\Delta\phi$
XLabel=$\Delta\phi_{jj}$ [rad]
YLabel=$\mathrm{d}\sigma/\mathrm{d}\Delta\phi_{jj}$ [pb/rad]
XMin=0
DrawOnly=//eos/home-y/yiyu/monobc/Rivet_New/X1000_Qd10.yoda.gz/JetMETAnalysis/jet12_dphi //eos/home-y/yiyu/monobc/Rivet_New/X1000_Qd20.yoda.gz/JetMETAnalysis/jet12_dphi //eos/home-y/yiyu/monobc/Rivet_New/X1000_Qd40.yoda.gz/JetMETAnalysis/jet12_dphi //eos/home-y/yiyu/monobc/Rivet_New/X1200_Qd10.yoda.gz/JetMETAnalysis/jet12_dphi //eos/home-y/yiyu/monobc/Rivet_New/X1200_Qd20.yoda.gz/JetMETAnalysis/jet12_dphi //eos/home-y/yiyu/monobc/Rivet_New/X1200_Qd40.yoda.gz/JetMETAnalysis/jet12_dphi //eos/home-y/yiyu/monobc/Rivet_New/X1500_Qd10.yoda.gz/JetMETAnalysis/jet12_dphi //eos/home-y/yiyu/monobc/Rivet_New/X1500_Qd20.yoda.gz/JetMETAnalysis/jet12_dphi //eos/home-y/yiyu/monobc/Rivet_New/X1500_Qd40.yoda.gz/JetMETAnalysis/jet12_dphi //eos/home-y/yiyu/monobc/Rivet_New/X2000_Qd10.yoda.gz/JetMETAnalysis/jet12_dphi //eos/home-y/yiyu/monobc/Rivet_New/X2000_Qd20.yoda.gz/JetMETAnalysis/jet12_dphi //eos/home-y/yiyu/monobc/Rivet_New/X2000_Qd40.yoda.gz/JetMETAnalysis/jet12_dphi //eos/home-y/yiyu/monobc/Rivet_New/X600_Qd10.yoda.gz/JetMETAnalysis/jet12_dphi //eos/home-y/yiyu/monobc/Rivet_New/X600_Qd20.yoda.gz/JetMETAnalysis/jet12_dphi //eos/home-y/yiyu/monobc/Rivet_New/X600_Qd40.yoda.gz/JetMETAnalysis/jet12_dphi //eos/home-y/yiyu/monobc/Rivet_New/X800_Qd10.yoda.gz/JetMETAnalysis/jet12_dphi //eos/home-y/yiyu/monobc/Rivet_New/X800_Qd20.yoda.gz/JetMETAnalysis/jet12_dphi //eos/home-y/yiyu/monobc/Rivet_New/X800_Qd40.yoda.gz/JetMETAnalysis/jet12_dphi
LegendOnly=//eos/home-y/yiyu/monobc/Rivet_New/X1000_Qd10.yoda.gz/JetMETAnalysis/jet12_dphi //eos/home-y/yiyu/monobc/Rivet_New/X1000_Qd20.yoda.gz/JetMETAnalysis/jet12_dphi //eos/home-y/yiyu/monobc/Rivet_New/X1000_Qd40.yoda.gz/JetMETAnalysis/jet12_dphi //eos/home-y/yiyu/monobc/Rivet_New/X1200_Qd10.yoda.gz/JetMETAnalysis/jet12_dphi //eos/home-y/yiyu/monobc/Rivet_New/X1200_Qd20.yoda.gz/JetMETAnalysis/jet12_dphi //eos/home-y/yiyu/monobc/Rivet_New/X1200_Qd40.yoda.gz/JetMETAnalysis/jet12_dphi //eos/home-y/yiyu/monobc/Rivet_New/X1500_Qd10.yoda.gz/JetMETAnalysis/jet12_dphi //eos/home-y/yiyu/monobc/Rivet_New/X1500_Qd20.yoda.gz/JetMETAnalysis/jet12_dphi //eos/home-y/yiyu/monobc/Rivet_New/X1500_Qd40.yoda.gz/JetMETAnalysis/jet12_dphi //eos/home-y/yiyu/monobc/Rivet_New/X2000_Qd10.yoda.gz/JetMETAnalysis/jet12_dphi //eos/home-y/yiyu/monobc/Rivet_New/X2000_Qd20.yoda.gz/JetMETAnalysis/jet12_dphi //eos/home-y/yiyu/monobc/Rivet_New/X2000_Qd40.yoda.gz/JetMETAnalysis/jet12_dphi //eos/home-y/yiyu/monobc/Rivet_New/X600_Qd10.yoda.gz/JetMETAnalysis/jet12_dphi //eos/home-y/yiyu/monobc/Rivet_New/X600_Qd20.yoda.gz/JetMETAnalysis/jet12_dphi //eos/home-y/yiyu/monobc/Rivet_New/X600_Qd40.yoda.gz/JetMETAnalysis/jet12_dphi //eos/home-y/yiyu/monobc/Rivet_New/X800_Qd10.yoda.gz/JetMETAnalysis/jet12_dphi //eos/home-y/yiyu/monobc/Rivet_New/X800_Qd20.yoda.gz/JetMETAnalysis/jet12_dphi //eos/home-y/yiyu/monobc/Rivet_New/X800_Qd40.yoda.gz/JetMETAnalysis/jet12_dphi
RatioPlot=1
RatioPlotReference=//eos/home-y/yiyu/monobc/Rivet_New/X1000_Qd10.yoda.gz/JetMETAnalysis/jet12_dphi
RatioPlotYLabel=Ratio
# END PLOT

# BEGIN HISTO1D //eos/home-y/yiyu/monobc/Rivet_New/X1000_Qd10.yoda.gz/JetMETAnalysis/jet12_dphi
ErrorBars=1
LineColor=red
LineStyle=solid
Path=//eos/home-y/yiyu/monobc/Rivet_New/X1000_Qd10.yoda.gz/JetMETAnalysis/jet12_dphi
ScaledBy=1.48694772571946690e-05
Title=X1000_Qd10
# xlow	 xhigh	 val	 errminus	 errplus
0.000000e+00	6.283185e-02	1.204091e+00	8.485134e-02	8.485134e-02
6.283185e-02	1.256637e-01	1.314558e+00	8.837363e-02	8.837363e-02
1.256637e-01	1.884956e-01	1.226183e+00	8.412913e-02	8.412913e-02
1.884956e-01	2.513274e-01	1.215138e+00	8.449110e-02	8.449110e-02
2.513274e-01	3.141593e-01	1.358743e+00	9.008306e-02	9.008306e-02
3.141593e-01	3.769911e-01	1.474736e+00	9.225823e-02	9.225823e-02
3.769911e-01	4.398230e-01	1.690145e+00	9.942025e-02	9.942025e-02
4.398230e-01	5.026548e-01	1.734334e+00	1.018457e-01	1.018457e-01
5.026548e-01	5.654867e-01	1.651481e+00	9.771799e-02	9.771799e-02
5.654867e-01	6.283185e-01	1.496829e+00	9.324498e-02	9.324498e-02
6.283185e-01	6.911504e-01	1.480257e+00	9.308110e-02	9.308110e-02
6.911504e-01	7.539822e-01	1.574156e+00	9.454463e-02	9.454463e-02
7.539822e-01	8.168141e-01	1.331127e+00	8.750628e-02	8.750628e-02
8.168141e-01	8.796459e-01	1.541016e+00	9.324498e-02	9.324498e-02
8.796459e-01	9.424778e-01	1.507874e+00	9.518764e-02	9.518764e-02
9.424778e-01	1.005310e+00	1.745369e+00	1.012441e-01	1.012441e-01
1.005310e+00	1.068142e+00	1.634909e+00	9.756161e-02	9.756161e-02
1.068142e+00	1.130973e+00	1.640458e+00	9.677825e-02	9.677825e-02
1.130973e+00	1.193805e+00	1.491301e+00	9.242313e-02	9.242313e-02
1.193805e+00	1.256637e+00	1.717758e+00	1.007915e-01	1.007915e-01
1.256637e+00	1.319469e+00	1.552058e+00	9.486646e-02	9.486646e-02
1.319469e+00	1.382301e+00	1.772991e+00	1.016954e-01	1.016954e-01
1.382301e+00	1.445133e+00	1.474731e+00	9.422109e-02	9.422109e-02
1.445133e+00	1.507964e+00	1.739880e+00	1.019966e-01	1.019966e-01
1.507964e+00	1.570796e+00	1.717758e+00	1.013950e-01	1.013950e-01
1.570796e+00	1.633628e+00	1.955262e+00	1.059560e-01	1.059560e-01
1.633628e+00	1.696460e+00	1.850318e+00	1.043604e-01	1.043604e-01
1.696460e+00	1.759292e+00	1.833749e+00	1.030365e-01	1.030365e-01
1.759292e+00	1.822124e+00	1.966309e+00	1.079527e-01	1.079527e-01
1.822124e+00	1.884956e+00	2.098868e+00	1.110177e-01	1.110177e-01
1.884956e+00	1.947787e+00	2.120996e+00	1.112940e-01	1.112940e-01
1.947787e+00	2.010619e+00	2.154101e+00	1.104668e-01	1.104668e-01
2.010619e+00	2.073451e+00	2.159626e+00	1.122475e-01	1.122475e-01
2.073451e+00	2.136283e+00	2.247999e+00	1.141341e-01	1.141341e-01
2.136283e+00	2.199115e+00	2.054682e+00	1.085164e-01	1.085164e-01
2.199115e+00	2.261947e+00	2.479978e+00	1.213878e-01	1.213878e-01
2.261947e+00	2.324779e+00	2.485503e+00	1.194881e-01	1.194881e-01
2.324779e+00	2.387610e+00	2.518682e+00	1.212641e-01	1.212641e-01
2.387610e+00	2.450442e+00	2.413698e+00	1.198704e-01	1.198704e-01
2.450442e+00	2.513274e+00	2.579399e+00	1.238756e-01	1.238756e-01
2.513274e+00	2.576106e+00	2.419223e+00	1.212621e-01	1.212621e-01
2.576106e+00	2.638938e+00	2.612540e+00	1.226380e-01	1.226380e-01
2.638938e+00	2.701770e+00	2.546258e+00	1.231345e-01	1.231345e-01
2.701770e+00	2.764602e+00	2.910799e+00	1.308227e-01	1.308227e-01
2.764602e+00	2.827433e+00	2.700955e+00	1.251029e-01	1.251029e-01
2.827433e+00	2.890265e+00	2.761669e+00	1.271568e-01	1.271568e-01
2.890265e+00	2.953097e+00	2.988125e+00	1.312883e-01	1.312883e-01
2.953097e+00	3.015929e+00	2.678820e+00	1.258303e-01	1.258303e-01
3.015929e+00	3.078761e+00	2.894229e+00	1.297691e-01	1.297691e-01
3.078761e+00	3.141593e+00	2.811380e+00	1.284696e-01	1.284696e-01
# END HISTO1D


# BEGIN HISTO1D //eos/home-y/yiyu/monobc/Rivet_New/X1000_Qd20.yoda.gz/JetMETAnalysis/jet12_dphi
ErrorBars=1
LineColor=blue
LineStyle=solid
Path=//eos/home-y/yiyu/monobc/Rivet_New/X1000_Qd20.yoda.gz/JetMETAnalysis/jet12_dphi
ScaledBy=1.50284305801539079e-05
Title=X1000_Qd20
# xlow	 xhigh	 val	 errminus	 errplus
0.000000e+00	6.283185e-02	1.261559e+00	8.647782e-02	8.647782e-02
6.283185e-02	1.256637e-01	1.306216e+00	8.683740e-02	8.683740e-02
1.256637e-01	1.884956e-01	1.283886e+00	8.647775e-02	8.647775e-02
1.884956e-01	2.513274e-01	1.300635e+00	8.808442e-02	8.808442e-02
2.513274e-01	3.141593e-01	1.496007e+00	9.340664e-02	9.340664e-02
3.141593e-01	3.769911e-01	1.456934e+00	9.155363e-02	9.155363e-02
3.769911e-01	4.398230e-01	1.590903e+00	9.555041e-02	9.555041e-02
4.398230e-01	5.026548e-01	1.585323e+00	9.732764e-02	9.732764e-02
5.026548e-01	5.654867e-01	1.830933e+00	1.029291e-01	1.029291e-01
5.654867e-01	6.283185e-01	1.462516e+00	9.340678e-02	9.340678e-02
6.283185e-01	6.911504e-01	1.540664e+00	9.668506e-02	9.668506e-02
6.911504e-01	7.539822e-01	1.724877e+00	9.938689e-02	9.938689e-02
7.539822e-01	8.168141e-01	1.562992e+00	9.571332e-02	9.571332e-02
8.168141e-01	8.796459e-01	1.607651e+00	9.668521e-02	9.668521e-02
8.796459e-01	9.424778e-01	1.529499e+00	9.340664e-02	9.340664e-02
9.424778e-01	1.005310e+00	1.479253e+00	9.357285e-02	9.357285e-02
1.005310e+00	1.068142e+00	1.490422e+00	9.223152e-02	9.223152e-02
1.068142e+00	1.130973e+00	1.641166e+00	9.954478e-02	9.954478e-02
1.130973e+00	1.193805e+00	1.680214e+00	9.844151e-02	9.844151e-02
1.193805e+00	1.256637e+00	1.590900e+00	9.780640e-02	9.780640e-02
1.256637e+00	1.319469e+00	1.663468e+00	9.954320e-02	9.954320e-02
1.319469e+00	1.382301e+00	1.830930e+00	1.041328e-01	1.041328e-01
1.382301e+00	1.445133e+00	1.858841e+00	1.039831e-01	1.039831e-01
1.445133e+00	1.507964e+00	1.669076e+00	1.015591e-01	1.015591e-01
1.507964e+00	1.570796e+00	1.853259e+00	1.041328e-01	1.041328e-01
1.570796e+00	1.633628e+00	1.814184e+00	1.036830e-01	1.036830e-01
1.633628e+00	1.696460e+00	1.936991e+00	1.060600e-01	1.060600e-01
1.696460e+00	1.759292e+00	1.948155e+00	1.075189e-01	1.075189e-01
1.759292e+00	1.822124e+00	2.043051e+00	1.096710e-01	1.096710e-01
1.822124e+00	1.884956e+00	1.981648e+00	1.089584e-01	1.089584e-01
1.884956e+00	1.947787e+00	1.931440e+00	1.082428e-01	1.082428e-01
1.947787e+00	2.010619e+00	1.981648e+00	1.083849e-01	1.083849e-01
2.010619e+00	2.073451e+00	2.054214e+00	1.093865e-01	1.093865e-01
2.073451e+00	2.136283e+00	2.238425e+00	1.153485e-01	1.153485e-01
2.136283e+00	2.199115e+00	2.271917e+00	1.156183e-01	1.156183e-01
2.199115e+00	2.261947e+00	2.322156e+00	1.162902e-01	1.162902e-01
2.261947e+00	2.324779e+00	2.327737e+00	1.166914e-01	1.166914e-01
2.324779e+00	2.387610e+00	2.489658e+00	1.217891e-01	1.217891e-01
2.387610e+00	2.450442e+00	2.417052e+00	1.182827e-01	1.182827e-01
2.450442e+00	2.513274e+00	2.478455e+00	1.217872e-01	1.217872e-01
2.513274e+00	2.576106e+00	2.595679e+00	1.231863e-01	1.231863e-01
2.576106e+00	2.638938e+00	2.657082e+00	1.260617e-01	1.260617e-01
2.638938e+00	2.701770e+00	2.645918e+00	1.263086e-01	1.263086e-01
2.701770e+00	2.764602e+00	2.729649e+00	1.271691e-01	1.271691e-01
2.764602e+00	2.827433e+00	2.863666e+00	1.307950e-01	1.307950e-01
2.827433e+00	2.890265e+00	2.852456e+00	1.295963e-01	1.295963e-01
2.890265e+00	2.953097e+00	2.807799e+00	1.286309e-01	1.286309e-01
2.953097e+00	3.015929e+00	2.852456e+00	1.310309e-01	1.310309e-01
3.015929e+00	3.078761e+00	2.874785e+00	1.329198e-01	1.329198e-01
3.078761e+00	3.141593e+00	2.802217e+00	1.301960e-01	1.301960e-01
# END HISTO1D


# BEGIN HISTO1D //eos/home-y/yiyu/monobc/Rivet_New/X1000_Qd40.yoda.gz/JetMETAnalysis/jet12_dphi
ErrorBars=1
LineColor=green
LineStyle=solid
Path=//eos/home-y/yiyu/monobc/Rivet_New/X1000_Qd40.yoda.gz/JetMETAnalysis/jet12_dphi
ScaledBy=1.48588606070521536e-05
Title=X1000_Qd40
# xlow	 xhigh	 val	 errminus	 errplus
0.000000e+00	6.283185e-02	1.183756e+00	8.347420e-02	8.347420e-02
6.283185e-02	1.256637e-01	1.216638e+00	8.347420e-02	8.347420e-02
1.256637e-01	1.884956e-01	1.381047e+00	8.802738e-02	8.802738e-02
1.884956e-01	2.513274e-01	1.413931e+00	9.005140e-02	9.005140e-02
2.513274e-01	3.141593e-01	1.397488e+00	8.954958e-02	8.954958e-02
3.141593e-01	3.769911e-01	1.468735e+00	9.170387e-02	9.170387e-02
3.769911e-01	4.398230e-01	1.539977e+00	9.476402e-02	9.476402e-02
4.398230e-01	5.026548e-01	1.550940e+00	9.444671e-02	9.444671e-02
5.026548e-01	5.654867e-01	1.578339e+00	9.649144e-02	9.649144e-02
5.654867e-01	6.283185e-01	1.655066e+00	9.680235e-02	9.680235e-02
6.283185e-01	6.911504e-01	1.622182e+00	9.711196e-02	9.711196e-02
6.911504e-01	7.539822e-01	1.496137e+00	9.251902e-02	9.251902e-02
7.539822e-01	8.168141e-01	1.676986e+00	9.680220e-02	9.680220e-02
8.168141e-01	8.796459e-01	1.649587e+00	9.818861e-02	9.818861e-02
8.796459e-01	9.424778e-01	1.386527e+00	8.819781e-02	8.819781e-02
9.424778e-01	1.005310e+00	1.616693e+00	9.757431e-02	9.757431e-02
1.005310e+00	1.068142e+00	1.550935e+00	9.412787e-02	9.412787e-02
1.068142e+00	1.130973e+00	1.441351e+00	9.055145e-02	9.055145e-02
1.130973e+00	1.193805e+00	1.693424e+00	9.788194e-02	9.788194e-02
1.193805e+00	1.256637e+00	1.627659e+00	9.910169e-02	9.910169e-02
1.256637e+00	1.319469e+00	1.813991e+00	1.032574e-01	1.032574e-01
1.319469e+00	1.382301e+00	1.550935e+00	9.539564e-02	9.539564e-02
1.382301e+00	1.445133e+00	1.622180e+00	9.711181e-02	9.711181e-02
1.445133e+00	1.507964e+00	1.835942e+00	1.023828e-01	1.023828e-01
1.507964e+00	1.570796e+00	1.803030e+00	1.014973e-01	1.014973e-01
1.570796e+00	1.633628e+00	1.901677e+00	1.055587e-01	1.055587e-01
1.633628e+00	1.696460e+00	1.764668e+00	1.001568e-01	1.001568e-01
1.696460e+00	1.759292e+00	1.885235e+00	1.051311e-01	1.051311e-01
1.759292e+00	1.822124e+00	1.901677e+00	1.052738e-01	1.052738e-01
1.822124e+00	1.884956e+00	1.967440e+00	1.072523e-01	1.072523e-01
1.884956e+00	1.947787e+00	2.071600e+00	1.093341e-01	1.093341e-01
1.947787e+00	2.010619e+00	2.104450e+00	1.104257e-01	1.104257e-01
2.010619e+00	2.073451e+00	1.967440e+00	1.075320e-01	1.075320e-01
2.073451e+00	2.136283e+00	2.230497e+00	1.132456e-01	1.132456e-01
2.136283e+00	2.199115e+00	2.449710e+00	1.186844e-01	1.186844e-01
2.199115e+00	2.261947e+00	2.219536e+00	1.132456e-01	1.132456e-01
2.261947e+00	2.324779e+00	2.504514e+00	1.209405e-01	1.209405e-01
2.324779e+00	2.387610e+00	2.279855e+00	1.154797e-01	1.154797e-01
2.387610e+00	2.450442e+00	2.301741e+00	1.185578e-01	1.185578e-01
2.450442e+00	2.513274e+00	2.575758e+00	1.220529e-01	1.220529e-01
2.513274e+00	2.576106e+00	2.679884e+00	1.246099e-01	1.246099e-01
2.576106e+00	2.638938e+00	2.652483e+00	1.244893e-01	1.244893e-01
2.638938e+00	2.701770e+00	2.751128e+00	1.266420e-01	1.266420e-01
2.701770e+00	2.764602e+00	2.701806e+00	1.236420e-01	1.236420e-01
2.764602e+00	2.827433e+00	2.592241e+00	1.238867e-01	1.238867e-01
2.827433e+00	2.890265e+00	2.400387e+00	1.205674e-01	1.205674e-01
2.890265e+00	2.953097e+00	2.745649e+00	1.284084e-01	1.284084e-01
2.953097e+00	3.015929e+00	2.822374e+00	1.284084e-01	1.284084e-01
3.015929e+00	3.078761e+00	2.745649e+00	1.250910e-01	1.250910e-01
3.078761e+00	3.141593e+00	2.800452e+00	1.286421e-01	1.286421e-01
# END HISTO1D


# BEGIN HISTO1D //eos/home-y/yiyu/monobc/Rivet_New/X1200_Qd10.yoda.gz/JetMETAnalysis/jet12_dphi
ErrorBars=1
LineColor=orange
LineStyle=solid
Path=//eos/home-y/yiyu/monobc/Rivet_New/X1200_Qd10.yoda.gz/JetMETAnalysis/jet12_dphi
ScaledBy=1.46018348861717285e-05
Title=X1200_Qd10
# xlow	 xhigh	 val	 errminus	 errplus
0.000000e+00	6.283185e-02	4.142366e-01	3.125924e-02	3.125924e-02
6.283185e-02	1.256637e-01	3.974148e-01	3.083198e-02	3.083198e-02
1.256637e-01	1.884956e-01	4.499826e-01	3.216546e-02	3.216546e-02
1.884956e-01	2.513274e-01	4.583942e-01	3.311375e-02	3.311375e-02
2.513274e-01	3.141593e-01	4.878315e-01	3.351187e-02	3.351187e-02
3.141593e-01	3.769911e-01	5.277840e-01	3.537331e-02	3.537331e-02
3.769911e-01	4.398230e-01	5.488104e-01	3.720095e-02	3.720095e-02
4.398230e-01	5.026548e-01	6.581530e-01	3.882932e-02	3.882932e-02
5.026548e-01	5.654867e-01	5.971731e-01	3.749690e-02	3.749690e-02
5.654867e-01	6.283185e-01	6.644611e-01	3.911295e-02	3.911295e-02
6.283185e-01	6.911504e-01	6.139948e-01	3.690262e-02	3.690262e-02
6.911504e-01	7.539822e-01	5.845577e-01	3.690268e-02	3.690268e-02
7.539822e-01	8.168141e-01	5.530159e-01	3.537326e-02	3.537326e-02
8.168141e-01	8.796459e-01	5.635304e-01	3.593139e-02	3.593139e-02
8.796459e-01	9.424778e-01	5.593240e-01	3.580806e-02	3.580806e-02
9.424778e-01	1.005310e+00	5.509105e-01	3.580789e-02	3.580789e-02
1.005310e+00	1.068142e+00	6.160966e-01	3.731955e-02	3.731955e-02
1.068142e+00	1.130973e+00	5.950789e-01	3.755635e-02	3.755635e-02
1.130973e+00	1.193805e+00	6.118911e-01	3.767330e-02	3.767330e-02
1.193805e+00	1.256637e+00	6.476374e-01	3.842859e-02	3.842859e-02
1.256637e+00	1.319469e+00	6.350210e-01	3.808185e-02	3.808185e-02
1.319469e+00	1.382301e+00	6.455346e-01	3.813986e-02	3.813986e-02
1.382301e+00	1.445133e+00	6.181993e-01	3.877222e-02	3.877222e-02
1.445133e+00	1.507964e+00	5.866679e-01	3.732015e-02	3.732015e-02
1.507964e+00	1.570796e+00	6.602537e-01	3.945050e-02	3.945050e-02
1.570796e+00	1.633628e+00	6.917945e-01	4.039191e-02	4.039191e-02
1.633628e+00	1.696460e+00	6.350210e-01	3.831336e-02	3.831336e-02
1.696460e+00	1.759292e+00	7.275406e-01	4.033714e-02	4.033714e-02
1.759292e+00	1.822124e+00	6.875890e-01	4.017238e-02	4.017238e-02
1.822124e+00	1.884956e+00	7.254380e-01	4.136534e-02	4.136534e-02
1.884956e+00	1.947787e+00	7.717100e-01	4.283632e-02	4.283632e-02
1.947787e+00	2.010619e+00	7.885195e-01	4.314418e-02	4.314418e-02
2.010619e+00	2.073451e+00	7.632869e-01	4.200177e-02	4.200177e-02
2.073451e+00	2.136283e+00	7.695950e-01	4.236861e-02	4.236861e-02
2.136283e+00	2.199115e+00	9.041691e-01	4.558585e-02	4.558585e-02
2.199115e+00	2.261947e+00	7.759032e-01	4.252485e-02	4.252485e-02
2.261947e+00	2.324779e+00	8.494983e-01	4.529395e-02	4.529395e-02
2.324779e+00	2.387610e+00	8.600256e-01	4.465564e-02	4.465564e-02
2.387610e+00	2.450442e+00	8.431901e-01	4.425711e-02	4.425711e-02
2.450442e+00	2.513274e+00	8.705255e-01	4.480320e-02	4.480320e-02
2.513274e+00	2.576106e+00	9.651479e-01	4.781085e-02	4.781085e-02
2.576106e+00	2.638938e+00	9.651479e-01	4.715906e-02	4.715906e-02
2.638938e+00	2.701770e+00	9.588398e-01	4.767193e-02	4.767193e-02
2.701770e+00	2.764602e+00	9.062718e-01	4.668793e-02	4.668793e-02
2.764602e+00	2.827433e+00	9.840880e-01	4.895395e-02	4.895395e-02
2.827433e+00	2.890265e+00	1.091311e+00	5.059649e-02	5.059649e-02
2.890265e+00	2.953097e+00	9.188880e-01	4.706521e-02	4.706521e-02
2.953097e+00	3.015929e+00	1.034537e+00	4.904341e-02	4.904341e-02
3.015929e+00	3.078761e+00	9.546343e-01	4.767193e-02	4.767193e-02
3.078761e+00	3.141593e+00	1.034537e+00	4.975940e-02	4.975940e-02
# END HISTO1D


# BEGIN HISTO1D //eos/home-y/yiyu/monobc/Rivet_New/X1200_Qd20.yoda.gz/JetMETAnalysis/jet12_dphi
ErrorBars=1
LineColor=lilac
LineStyle=solid
Path=//eos/home-y/yiyu/monobc/Rivet_New/X1200_Qd20.yoda.gz/JetMETAnalysis/jet12_dphi
ScaledBy=1.43873812247726069e-05
Title=X1200_Qd20
# xlow	 xhigh	 val	 errminus	 errplus
0.000000e+00	6.283185e-02	4.590430e-01	3.197682e-02	3.197682e-02
6.283185e-02	1.256637e-01	4.735827e-01	3.297322e-02	3.297322e-02
1.256637e-01	1.884956e-01	4.507341e-01	3.184159e-02	3.184159e-02
1.884956e-01	2.513274e-01	5.130485e-01	3.469473e-02	3.469473e-02
2.513274e-01	3.141593e-01	4.548884e-01	3.251201e-02	3.251201e-02
3.141593e-01	3.769911e-01	5.732849e-01	3.597676e-02	3.597676e-02
3.769911e-01	4.398230e-01	6.127493e-01	3.721459e-02	3.721459e-02
4.398230e-01	5.026548e-01	5.815934e-01	3.645330e-02	3.645330e-02
5.026548e-01	5.654867e-01	6.335204e-01	3.813078e-02	3.813078e-02
5.654867e-01	6.283185e-01	6.252129e-01	3.756084e-02	3.756084e-02
6.283185e-01	6.911504e-01	5.358959e-01	3.512722e-02	3.512722e-02
6.911504e-01	7.539822e-01	6.065188e-01	3.738815e-02	3.738815e-02
7.539822e-01	8.168141e-01	5.878239e-01	3.531097e-02	3.531097e-02
8.168141e-01	8.796459e-01	5.172028e-01	3.567570e-02	3.567570e-02
8.796459e-01	9.424778e-01	5.628985e-01	3.567564e-02	3.567564e-02
9.424778e-01	1.005310e+00	5.961294e-01	3.698182e-02	3.698182e-02
1.005310e+00	1.068142e+00	5.462806e-01	3.518852e-02	3.518852e-02
1.068142e+00	1.130973e+00	6.418381e-01	3.801801e-02	3.801801e-02
1.130973e+00	1.193805e+00	5.940543e-01	3.680653e-02	3.680653e-02
1.193805e+00	1.256637e+00	6.459820e-01	3.824370e-02	3.824370e-02
1.256637e+00	1.319469e+00	6.314423e-01	3.750325e-02	3.750325e-02
1.319469e+00	1.382301e+00	6.231338e-01	3.807410e-02	3.807410e-02
1.382301e+00	1.445133e+00	6.148254e-01	3.715652e-02	3.715652e-02
1.445133e+00	1.507964e+00	6.771495e-01	3.897071e-02	3.897071e-02
1.507964e+00	1.570796e+00	6.231338e-01	3.818725e-02	3.818725e-02
1.570796e+00	1.633628e+00	6.252109e-01	3.835635e-02	3.835635e-02
1.633628e+00	1.696460e+00	6.854472e-01	3.941044e-02	3.941044e-02
1.696460e+00	1.759292e+00	6.916784e-01	3.946514e-02	3.946514e-02
1.759292e+00	1.822124e+00	6.979098e-01	4.006190e-02	4.006190e-02
1.822124e+00	1.884956e+00	6.999869e-01	4.033023e-02	4.033023e-02
1.884956e+00	1.947787e+00	7.477724e-01	4.080944e-02	4.080944e-02
1.947787e+00	2.010619e+00	7.747630e-01	4.190417e-02	4.190417e-02
2.010619e+00	2.073451e+00	7.789173e-01	4.231400e-02	4.231400e-02
2.073451e+00	2.136283e+00	8.433077e-01	4.337139e-02	4.337139e-02
2.136283e+00	2.199115e+00	8.204595e-01	4.352034e-02	4.352034e-02
2.199115e+00	2.261947e+00	7.809944e-01	4.246667e-02	4.246667e-02
2.261947e+00	2.324779e+00	8.453848e-01	4.469414e-02	4.469414e-02
2.324779e+00	2.387610e+00	8.661697e-01	4.517493e-02	4.517493e-02
2.387610e+00	2.450442e+00	8.495391e-01	4.430633e-02	4.430633e-02
2.450442e+00	2.513274e+00	9.014669e-01	4.522194e-02	4.522194e-02
2.513274e+00	2.576106e+00	9.617031e-01	4.658478e-02	4.658478e-02
2.576106e+00	2.638938e+00	8.412306e-01	4.469414e-02	4.469414e-02
2.638938e+00	2.701770e+00	9.409320e-01	4.704557e-02	4.704557e-02
2.701770e+00	2.764602e+00	9.637802e-01	4.690781e-02	4.690781e-02
2.764602e+00	2.827433e+00	9.554871e-01	4.745721e-02	4.745721e-02
2.827433e+00	2.890265e+00	1.040633e+00	4.857958e-02	4.857958e-02
2.890265e+00	2.953097e+00	9.762430e-01	4.736546e-02	4.736546e-02
2.953097e+00	3.015929e+00	9.762430e-01	4.727428e-02	4.727428e-02
3.015929e+00	3.078761e+00	1.059327e+00	4.941608e-02	4.941608e-02
3.078761e+00	3.141593e+00	9.658574e-01	4.686180e-02	4.686180e-02
# END HISTO1D


# BEGIN HISTO1D //eos/home-y/yiyu/monobc/Rivet_New/X1200_Qd40.yoda.gz/JetMETAnalysis/jet12_dphi
ErrorBars=1
LineColor=red
LineStyle=dashed
Path=//eos/home-y/yiyu/monobc/Rivet_New/X1200_Qd40.yoda.gz/JetMETAnalysis/jet12_dphi
ScaledBy=1.45356245696508473e-05
Title=X1200_Qd40
# xlow	 xhigh	 val	 errminus	 errplus
0.000000e+00	6.283185e-02	5.090754e-01	3.428264e-02	3.428264e-02
6.283185e-02	1.256637e-01	4.151886e-01	3.115622e-02	3.115622e-02
1.256637e-01	1.884956e-01	4.277065e-01	3.087551e-02	3.087551e-02
1.884956e-01	2.513274e-01	5.153351e-01	3.396375e-02	3.396375e-02
2.513274e-01	3.141593e-01	5.007296e-01	3.351212e-02	3.351212e-02
3.141593e-01	3.769911e-01	5.215942e-01	3.453568e-02	3.453568e-02
3.769911e-01	4.398230e-01	6.509485e-01	3.778583e-02	3.778583e-02
4.398230e-01	5.026548e-01	6.822451e-01	3.942093e-02	3.942093e-02
5.026548e-01	5.654867e-01	5.278524e-01	3.583464e-02	3.583464e-02
5.654867e-01	6.283185e-01	5.862718e-01	3.631734e-02	3.631734e-02
6.283185e-01	6.911504e-01	5.758390e-01	3.649663e-02	3.649663e-02
6.911504e-01	7.539822e-01	5.132487e-01	3.415546e-02	3.415546e-02
7.539822e-01	8.168141e-01	5.904437e-01	3.667509e-02	3.667509e-02
8.168141e-01	8.796459e-01	5.111623e-01	3.522209e-02	3.522209e-02
8.796459e-01	9.424778e-01	5.862708e-01	3.595591e-02	3.595591e-02
9.424778e-01	1.005310e+00	5.987863e-01	3.702928e-02	3.702928e-02
1.005310e+00	1.068142e+00	5.612334e-01	3.655616e-02	3.655616e-02
1.068142e+00	1.130973e+00	6.467850e-01	3.813041e-02	3.813041e-02
1.130973e+00	1.193805e+00	6.029609e-01	3.772812e-02	3.772812e-02
1.193805e+00	1.256637e+00	5.946155e-01	3.655616e-02	3.655616e-02
1.256637e+00	1.319469e+00	5.299379e-01	3.478674e-02	3.478674e-02
1.319469e+00	1.382301e+00	5.841835e-01	3.625725e-02	3.625725e-02
1.382301e+00	1.445133e+00	6.655519e-01	3.908813e-02	3.908813e-02
1.445133e+00	1.507964e+00	6.634762e-01	3.824440e-02	3.824440e-02
1.507964e+00	1.570796e+00	6.926748e-01	3.958609e-02	3.958609e-02
1.570796e+00	1.633628e+00	6.738975e-01	3.908813e-02	3.908813e-02
1.633628e+00	1.696460e+00	6.864157e-01	3.986004e-02	3.986004e-02
1.696460e+00	1.759292e+00	6.655519e-01	3.908813e-02	3.908813e-02
1.759292e+00	1.822124e+00	6.217383e-01	3.869640e-02	3.869640e-02
1.822124e+00	1.884956e+00	6.885020e-01	4.002351e-02	4.002351e-02
1.884956e+00	1.947787e+00	7.657099e-01	4.301230e-02	4.301230e-02
1.947787e+00	2.010619e+00	7.218841e-01	4.151824e-02	4.151824e-02
2.010619e+00	2.073451e+00	8.095116e-01	4.224577e-02	4.224577e-02
2.073451e+00	2.136283e+00	8.366344e-01	4.361461e-02	4.361461e-02
2.136283e+00	2.199115e+00	7.823888e-01	4.291029e-02	4.291029e-02
2.199115e+00	2.261947e+00	8.262026e-01	4.326389e-02	4.326389e-02
2.261947e+00	2.324779e+00	8.867073e-01	4.527951e-02	4.527951e-02
2.324779e+00	2.387610e+00	8.283021e-01	4.381447e-02	4.381447e-02
2.387610e+00	2.450442e+00	9.013118e-01	4.513508e-02	4.513508e-02
2.450442e+00	2.513274e+00	9.409529e-01	4.716304e-02	4.716304e-02
2.513274e+00	2.576106e+00	9.743347e-01	4.707065e-02	4.707065e-02
2.576106e+00	2.638938e+00	9.242618e-01	4.613662e-02	4.613662e-02
2.638938e+00	2.701770e+00	9.639029e-01	4.674586e-02	4.674586e-02
2.701770e+00	2.764602e+00	9.910258e-01	4.807713e-02	4.807713e-02
2.764602e+00	2.827433e+00	1.007733e+00	4.852850e-02	4.852850e-02
2.827433e+00	2.890265e+00	1.045271e+00	4.843795e-02	4.843795e-02
2.890265e+00	2.953097e+00	9.993712e-01	4.816759e-02	4.816759e-02
2.953097e+00	3.015929e+00	9.597302e-01	4.775919e-02	4.775919e-02
3.015929e+00	3.078761e+00	1.045271e+00	4.959245e-02	4.959245e-02
3.078761e+00	3.141593e+00	9.326074e-01	4.651248e-02	4.651248e-02
# END HISTO1D


# BEGIN HISTO1D //eos/home-y/yiyu/monobc/Rivet_New/X1500_Qd10.yoda.gz/JetMETAnalysis/jet12_dphi
ErrorBars=1
LineColor=blue
LineStyle=dashed
Path=//eos/home-y/yiyu/monobc/Rivet_New/X1500_Qd10.yoda.gz/JetMETAnalysis/jet12_dphi
ScaledBy=1.37993475603378246e-05
Title=X1500_Qd10
# xlow	 xhigh	 val	 errminus	 errplus
0.000000e+00	6.283185e-02	9.685532e-02	7.676128e-03	7.676128e-03
6.283185e-02	1.256637e-01	1.040680e-01	8.047492e-03	8.047492e-03
1.256637e-01	1.884956e-01	1.040679e-01	8.307149e-03	8.307149e-03
1.884956e-01	2.513274e-01	1.123111e-01	8.339052e-03	8.339052e-03
2.513274e-01	3.141593e-01	1.236450e-01	8.620735e-03	8.620735e-03
3.141593e-01	3.769911e-01	1.324034e-01	8.938184e-03	8.938184e-03
3.769911e-01	4.398230e-01	1.427069e-01	9.344655e-03	9.344655e-03
4.398230e-01	5.026548e-01	1.427072e-01	9.429494e-03	9.429494e-03
5.026548e-01	5.654867e-01	1.303424e-01	9.373015e-03	9.373015e-03
5.654867e-01	6.283185e-01	1.257059e-01	8.953018e-03	8.953018e-03
6.283185e-01	6.911504e-01	1.184931e-01	8.682095e-03	8.682095e-03
6.911504e-01	7.539822e-01	1.318882e-01	9.215970e-03	9.215970e-03
7.539822e-01	8.168141e-01	1.442525e-01	9.499589e-03	9.499589e-03
8.168141e-01	8.796459e-01	1.463135e-01	9.720555e-03	9.720555e-03
8.796459e-01	9.424778e-01	1.277665e-01	9.012100e-03	9.012100e-03
9.424778e-01	1.005310e+00	1.267355e-01	8.982559e-03	8.982559e-03
1.005310e+00	1.068142e+00	1.349789e-01	9.041490e-03	9.041490e-03
1.068142e+00	1.130973e+00	1.370418e-01	9.216087e-03	9.216087e-03
1.130973e+00	1.193805e+00	1.334333e-01	9.172639e-03	9.172639e-03
1.193805e+00	1.256637e+00	1.174626e-01	8.952990e-03	8.952990e-03
1.256637e+00	1.319469e+00	1.370397e-01	9.610683e-03	9.610683e-03
1.319469e+00	1.382301e+00	1.401308e-01	9.358831e-03	9.358831e-03
1.382301e+00	1.445133e+00	1.416763e-01	9.624481e-03	9.624481e-03
1.445133e+00	1.507964e+00	1.452850e-01	9.720678e-03	9.720678e-03
1.507964e+00	1.570796e+00	1.267359e-01	9.358831e-03	9.358831e-03
1.570796e+00	1.633628e+00	1.571319e-01	1.016107e-02	1.016107e-02
1.633628e+00	1.696460e+00	1.524953e-01	9.882994e-03	9.882994e-03
1.696460e+00	1.759292e+00	1.607383e-01	9.989841e-03	9.989841e-03
1.759292e+00	1.822124e+00	1.499193e-01	9.788547e-03	9.788547e-03
1.822124e+00	1.884956e+00	1.540408e-01	1.021318e-02	1.021318e-02
1.884956e+00	1.947787e+00	1.555888e-01	9.936719e-03	9.936719e-03
1.947787e+00	2.010619e+00	1.571319e-01	1.002961e-02	1.002961e-02
2.010619e+00	2.073451e+00	1.638294e-01	1.027794e-02	1.027794e-02
2.073451e+00	2.136283e+00	1.674357e-01	1.018716e-02	1.018716e-02
2.136283e+00	2.199115e+00	1.751635e-01	1.048250e-02	1.048250e-02
2.199115e+00	2.261947e+00	1.880432e-01	1.096513e-02	1.096513e-02
2.261947e+00	2.324779e+00	1.782546e-01	1.048250e-02	1.048250e-02
2.324779e+00	2.387610e+00	1.937133e-01	1.104970e-02	1.104970e-02
2.387610e+00	2.450442e+00	1.993772e-01	1.127541e-02	1.127541e-02
2.450442e+00	2.513274e+00	1.890736e-01	1.096513e-02	1.096513e-02
2.513274e+00	2.576106e+00	1.890736e-01	1.127541e-02	1.127541e-02
2.576106e+00	2.638938e+00	1.844369e-01	1.126364e-02	1.126364e-02
2.638938e+00	2.701770e+00	2.081353e-01	1.165734e-02	1.165734e-02
2.701770e+00	2.764602e+00	1.715572e-01	1.113328e-02	1.113328e-02
2.764602e+00	2.827433e+00	2.112300e-01	1.172564e-02	1.172564e-02
2.827433e+00	2.890265e+00	1.983469e-01	1.136918e-02	1.136918e-02
2.890265e+00	2.953097e+00	2.091659e-01	1.172545e-02	1.172545e-02
2.953097e+00	3.015929e+00	1.926798e-01	1.158884e-02	1.158884e-02
3.015929e+00	3.078761e+00	1.957709e-01	1.156591e-02	1.156591e-02
3.078761e+00	3.141593e+00	2.179240e-01	1.187167e-02	1.187167e-02
# END HISTO1D


# BEGIN HISTO1D //eos/home-y/yiyu/monobc/Rivet_New/X1500_Qd20.yoda.gz/JetMETAnalysis/jet12_dphi
ErrorBars=1
LineColor=green
LineStyle=dashed
Path=//eos/home-y/yiyu/monobc/Rivet_New/X1500_Qd20.yoda.gz/JetMETAnalysis/jet12_dphi
ScaledBy=1.38426898640458111e-05
Title=X1500_Qd20
# xlow	 xhigh	 val	 errminus	 errplus
0.000000e+00	6.283185e-02	9.678618e-02	8.001487e-03	8.001487e-03
6.283185e-02	1.256637e-01	1.055849e-01	8.117817e-03	8.117817e-03
1.256637e-01	1.884956e-01	1.154187e-01	8.645169e-03	8.645169e-03
1.884956e-01	2.513274e-01	1.045499e-01	8.536042e-03	8.536042e-03
2.513274e-01	3.141593e-01	1.117957e-01	8.345609e-03	8.345609e-03
3.141593e-01	3.769911e-01	1.273231e-01	8.783515e-03	8.783515e-03
3.769911e-01	4.398230e-01	1.257702e-01	9.156797e-03	9.156797e-03
4.398230e-01	5.026548e-01	1.557896e-01	9.806619e-03	9.806619e-03
5.026548e-01	5.654867e-01	1.407798e-01	9.515458e-03	9.515458e-03
5.654867e-01	6.283185e-01	1.407800e-01	9.053840e-03	9.053840e-03
6.283185e-01	6.911504e-01	1.475082e-01	9.806603e-03	9.806603e-03
6.911504e-01	7.539822e-01	1.314637e-01	9.142172e-03	9.142172e-03
7.539822e-01	8.168141e-01	1.278405e-01	8.979551e-03	8.979551e-03
8.168141e-01	8.796459e-01	1.330164e-01	9.068621e-03	9.068621e-03
8.796459e-01	9.424778e-01	1.205944e-01	8.768238e-03	8.768238e-03
9.424778e-01	1.005310e+00	1.185236e-01	8.520281e-03	8.520281e-03
1.005310e+00	1.068142e+00	1.247348e-01	8.798722e-03	8.798722e-03
1.068142e+00	1.130973e+00	1.268071e-01	9.444952e-03	9.444952e-03
1.130973e+00	1.193805e+00	1.381917e-01	9.359325e-03	9.359325e-03
1.193805e+00	1.256637e+00	1.407796e-01	9.430609e-03	9.430609e-03
1.256637e+00	1.319469e+00	1.480256e-01	9.820237e-03	9.820237e-03
1.319469e+00	1.382301e+00	1.293930e-01	9.112794e-03	9.112794e-03
1.382301e+00	1.445133e+00	1.392268e-01	9.185990e-03	9.185990e-03
1.445133e+00	1.507964e+00	1.356060e-01	9.543707e-03	9.543707e-03
1.507964e+00	1.570796e+00	1.438850e-01	9.847477e-03	9.847477e-03
1.570796e+00	1.633628e+00	1.609648e-01	9.969139e-03	9.969139e-03
1.633628e+00	1.696460e+00	1.459553e-01	9.515443e-03	9.515443e-03
1.696460e+00	1.759292e+00	1.273227e-01	9.402161e-03	9.402161e-03
1.759292e+00	1.822124e+00	1.490607e-01	9.738057e-03	9.738057e-03
1.822124e+00	1.884956e+00	1.645878e-01	1.035144e-02	1.035144e-02
1.884956e+00	1.947787e+00	1.557916e-01	1.046741e-02	1.046741e-02
1.947787e+00	2.010619e+00	1.775272e-01	1.051830e-02	1.051830e-02
2.010619e+00	2.073451e+00	1.687285e-01	1.048003e-02	1.048003e-02
2.073451e+00	2.136283e+00	1.739042e-01	1.083198e-02	1.083198e-02
2.136283e+00	2.199115e+00	1.671758e-01	1.054374e-02	1.054374e-02
2.199115e+00	2.261947e+00	1.764921e-01	1.081960e-02	1.081960e-02
2.261947e+00	2.324779e+00	1.852908e-01	1.088133e-02	1.088133e-02
2.324779e+00	2.387610e+00	2.044441e-01	1.142200e-02	1.142200e-02
2.387610e+00	2.450442e+00	1.873611e-01	1.088133e-02	1.088133e-02
2.450442e+00	2.513274e+00	1.847732e-01	1.123262e-02	1.123262e-02
2.513274e+00	2.576106e+00	2.028882e-01	1.136303e-02	1.136303e-02
2.576106e+00	2.638938e+00	1.977125e-01	1.133943e-02	1.133943e-02
2.638938e+00	2.701770e+00	1.702812e-01	1.089363e-02	1.089363e-02
2.701770e+00	2.764602e+00	1.873611e-01	1.124454e-02	1.124454e-02
2.764602e+00	2.827433e+00	2.215242e-01	1.204973e-02	1.204973e-02
2.827433e+00	2.890265e+00	1.795975e-01	1.118482e-02	1.118482e-02
2.890265e+00	2.953097e+00	2.085815e-01	1.183645e-02	1.183645e-02
2.953097e+00	3.015929e+00	2.153099e-01	1.175697e-02	1.175697e-02
3.015929e+00	3.078761e+00	2.184153e-01	1.191540e-02	1.191540e-02
3.078761e+00	3.141593e+00	1.873611e-01	1.166548e-02	1.166548e-02
# END HISTO1D


# BEGIN HISTO1D //eos/home-y/yiyu/monobc/Rivet_New/X1500_Qd40.yoda.gz/JetMETAnalysis/jet12_dphi
ErrorBars=1
LineColor=orange
LineStyle=dashed
Path=//eos/home-y/yiyu/monobc/Rivet_New/X1500_Qd40.yoda.gz/JetMETAnalysis/jet12_dphi
ScaledBy=1.37232214922587963e-05
Title=X1500_Qd40
# xlow	 xhigh	 val	 errminus	 errplus
0.000000e+00	6.283185e-02	1.001823e-01	7.649956e-03	7.649956e-03
6.283185e-02	1.256637e-01	9.660435e-02	8.162157e-03	8.162157e-03
1.256637e-01	1.884956e-01	9.967107e-02	8.130080e-03	8.130080e-03
1.884956e-01	2.513274e-01	1.144941e-01	8.460782e-03	8.460782e-03
2.513274e-01	3.141593e-01	1.242055e-01	8.689273e-03	8.689273e-03
3.141593e-01	3.769911e-01	1.323839e-01	8.897266e-03	8.897266e-03
3.769911e-01	4.398230e-01	1.385172e-01	9.355284e-03	9.355284e-03
4.398230e-01	5.026548e-01	1.323839e-01	9.410985e-03	9.410985e-03
5.026548e-01	5.654867e-01	1.533401e-01	9.452520e-03	9.452520e-03
5.654867e-01	6.283185e-01	1.098939e-01	8.689287e-03	8.689287e-03
6.283185e-01	6.911504e-01	1.385172e-01	9.157714e-03	9.157714e-03
6.911504e-01	7.539822e-01	1.400509e-01	9.257040e-03	9.257040e-03
7.539822e-01	8.168141e-01	1.150051e-01	8.838329e-03	8.838329e-03
8.168141e-01	8.796459e-01	1.185832e-01	8.552917e-03	8.552917e-03
8.796459e-01	9.424778e-01	1.293168e-01	8.867839e-03	8.867839e-03
9.424778e-01	1.005310e+00	1.226715e-01	8.823495e-03	8.823495e-03
1.005310e+00	1.068142e+00	1.349391e-01	9.228745e-03	9.228745e-03
1.068142e+00	1.130973e+00	1.262519e-01	8.719413e-03	8.719413e-03
1.130973e+00	1.193805e+00	1.267610e-01	8.882543e-03	8.882543e-03
1.193805e+00	1.256637e+00	1.262498e-01	8.955772e-03	8.955772e-03
1.256637e+00	1.319469e+00	1.252276e-01	8.984896e-03	8.984896e-03
1.319469e+00	1.382301e+00	1.415838e-01	9.493872e-03	9.493872e-03
1.382301e+00	1.445133e+00	1.461840e-01	9.778549e-03	9.778549e-03
1.445133e+00	1.507964e+00	1.436306e-01	9.765336e-03	9.765336e-03
1.507964e+00	1.570796e+00	1.431172e-01	9.424825e-03	9.424825e-03
1.570796e+00	1.633628e+00	1.681627e-01	9.976916e-03	9.976916e-03
1.633628e+00	1.696460e+00	1.451617e-01	9.858375e-03	9.858375e-03
1.696460e+00	1.759292e+00	1.497620e-01	1.010700e-02	1.010700e-02
1.759292e+00	1.822124e+00	1.369836e-01	9.589704e-03	9.589704e-03
1.822124e+00	1.884956e+00	1.620291e-01	1.026092e-02	1.026092e-02
1.884956e+00	1.947787e+00	1.543646e-01	9.990160e-03	9.990160e-03
1.947787e+00	2.010619e+00	1.553844e-01	1.004217e-02	1.004217e-02
2.010619e+00	2.073451e+00	1.656070e-01	1.011992e-02	1.011992e-02
2.073451e+00	2.136283e+00	1.650960e-01	1.058675e-02	1.058675e-02
2.136283e+00	2.199115e+00	1.967862e-01	1.127972e-02	1.127972e-02
2.199115e+00	2.261947e+00	1.860523e-01	1.081864e-02	1.081864e-02
2.261947e+00	2.324779e+00	1.758297e-01	1.069722e-02	1.069722e-02
2.324779e+00	2.387610e+00	1.840108e-01	1.052504e-02	1.052504e-02
2.387610e+00	2.450442e+00	1.783854e-01	1.092677e-02	1.092677e-02
2.450442e+00	2.513274e+00	1.983196e-01	1.108110e-02	1.108110e-02
2.513274e+00	2.576106e+00	2.075199e-01	1.126813e-02	1.126813e-02
2.576106e+00	2.638938e+00	1.896303e-01	1.121002e-02	1.121002e-02
2.638938e+00	2.701770e+00	1.983196e-01	1.147491e-02	1.147491e-02
2.701770e+00	2.764602e+00	2.013864e-01	1.170037e-02	1.170037e-02
2.764602e+00	2.827433e+00	1.891222e-01	1.101032e-02	1.101032e-02
2.827433e+00	2.890265e+00	1.926972e-01	1.146352e-02	1.146352e-02
2.890265e+00	2.953097e+00	2.090533e-01	1.150901e-02	1.150901e-02
2.953097e+00	3.015929e+00	2.090533e-01	1.171153e-02	1.171153e-02
3.015929e+00	3.078761e+00	1.978084e-01	1.159945e-02	1.159945e-02
3.078761e+00	3.141593e+00	1.916748e-01	1.102200e-02	1.102200e-02
# END HISTO1D


# BEGIN HISTO1D //eos/home-y/yiyu/monobc/Rivet_New/X2000_Qd10.yoda.gz/JetMETAnalysis/jet12_dphi
ErrorBars=1
LineColor=lilac
LineStyle=dashed
Path=//eos/home-y/yiyu/monobc/Rivet_New/X2000_Qd10.yoda.gz/JetMETAnalysis/jet12_dphi
ScaledBy=1.30500356200092094e-05
Title=X2000_Qd10
# xlow	 xhigh	 val	 errminus	 errplus
0.000000e+00	6.283185e-02	8.086604e-03	1.003020e-03	1.003020e-03
6.283185e-02	1.256637e-01	6.842512e-03	9.556060e-04	9.556060e-04
1.256637e-01	1.884956e-01	7.837780e-03	9.913782e-04	9.913782e-04
1.884956e-01	2.513274e-01	8.708657e-03	1.025906e-03	1.025906e-03
2.513274e-01	3.141593e-01	9.330690e-03	9.952736e-04	9.952736e-04
3.141593e-01	3.769911e-01	1.038818e-02	1.114489e-03	1.114489e-03
3.769911e-01	4.398230e-01	1.175667e-02	1.198145e-03	1.198145e-03
4.398230e-01	5.026548e-01	1.256535e-02	1.225290e-03	1.225290e-03
5.026548e-01	5.654867e-01	1.076140e-02	1.191669e-03	1.191669e-03
5.654867e-01	6.283185e-01	1.057480e-02	1.143619e-03	1.143619e-03
6.283185e-01	6.911504e-01	9.579508e-03	1.126573e-03	1.126573e-03
6.911504e-01	7.539822e-01	9.517319e-03	1.100513e-03	1.100513e-03
7.539822e-01	8.168141e-01	9.392894e-03	1.138531e-03	1.138531e-03
8.168141e-01	8.796459e-01	8.957477e-03	1.084576e-03	1.084576e-03
8.796459e-01	9.424778e-01	9.206281e-03	1.116222e-03	1.116222e-03
9.424778e-01	1.005310e+00	1.007710e-02	1.098747e-03	1.098747e-03
1.005310e+00	1.068142e+00	1.001492e-02	1.093455e-03	1.093455e-03
1.068142e+00	1.130973e+00	1.051273e-02	1.114503e-03	1.114503e-03
1.130973e+00	1.193805e+00	8.459812e-03	1.109265e-03	1.109265e-03
1.193805e+00	1.256637e+00	9.144062e-03	1.114485e-03	1.114485e-03
1.256637e+00	1.319469e+00	7.588950e-03	1.150363e-03	1.150363e-03
1.319469e+00	1.382301e+00	9.268470e-03	1.128287e-03	1.128287e-03
1.382301e+00	1.445133e+00	9.455083e-03	1.133420e-03	1.133420e-03
1.445133e+00	1.507964e+00	8.148920e-03	1.079225e-03	1.079225e-03
1.507964e+00	1.570796e+00	1.088579e-02	1.175319e-03	1.175319e-03
1.570796e+00	1.633628e+00	1.188106e-02	1.233156e-03	1.233156e-03
1.633628e+00	1.696460e+00	9.268470e-03	1.191667e-03	1.191667e-03
1.696460e+00	1.759292e+00	1.169445e-02	1.237854e-03	1.237854e-03
1.759292e+00	1.822124e+00	1.020154e-02	1.240976e-03	1.240976e-03
1.822124e+00	1.884956e+00	1.013933e-02	1.248747e-03	1.248747e-03
1.884956e+00	1.947787e+00	9.517440e-03	1.198162e-03	1.198162e-03
1.947787e+00	2.010619e+00	1.094799e-02	1.193289e-03	1.193289e-03
2.010619e+00	2.073451e+00	8.895243e-03	1.236290e-03	1.236290e-03
2.073451e+00	2.136283e+00	9.766106e-03	1.239416e-03	1.239416e-03
2.136283e+00	2.199115e+00	1.094799e-02	1.228441e-03	1.228441e-03
2.199115e+00	2.261947e+00	1.144563e-02	1.325408e-03	1.325408e-03
2.261947e+00	2.324779e+00	1.125901e-02	1.214183e-03	1.214183e-03
2.324779e+00	2.387610e+00	1.119699e-02	1.277865e-03	1.277865e-03
2.387610e+00	2.450442e+00	1.051256e-02	1.285392e-03	1.285392e-03
2.450442e+00	2.513274e+00	1.013933e-02	1.291399e-03	1.291399e-03
2.513274e+00	2.576106e+00	1.237870e-02	1.309253e-03	1.309253e-03
2.576106e+00	2.638938e+00	1.157004e-02	1.328325e-03	1.328325e-03
2.638938e+00	2.701770e+00	1.132122e-02	1.316621e-03	1.316621e-03
2.701770e+00	2.764602e+00	1.256531e-02	1.316621e-03	1.316621e-03
2.764602e+00	2.827433e+00	1.237889e-02	1.279378e-03	1.279378e-03
2.827433e+00	2.890265e+00	1.225429e-02	1.378360e-03	1.378360e-03
2.890265e+00	2.953097e+00	1.051256e-02	1.306295e-03	1.306295e-03
2.953097e+00	3.015929e+00	1.318735e-02	1.359990e-03	1.359990e-03
3.015929e+00	3.078761e+00	1.312515e-02	1.332687e-03	1.332687e-03
3.078761e+00	3.141593e+00	1.468026e-02	1.339926e-03	1.339926e-03
# END HISTO1D


# BEGIN HISTO1D //eos/home-y/yiyu/monobc/Rivet_New/X2000_Qd20.yoda.gz/JetMETAnalysis/jet12_dphi
ErrorBars=1
LineColor=red
LineStyle=dashdotted
Path=//eos/home-y/yiyu/monobc/Rivet_New/X2000_Qd20.yoda.gz/JetMETAnalysis/jet12_dphi
ScaledBy=1.28778935784660911e-05
Title=X2000_Qd20
# xlow	 xhigh	 val	 errminus	 errplus
0.000000e+00	6.283185e-02	6.952905e-03	9.657306e-04	9.657306e-04
6.283185e-02	1.256637e-01	1.005688e-02	9.815632e-04	9.815632e-04
1.256637e-01	1.884956e-01	5.959629e-03	1.027598e-03	1.027598e-03
1.884956e-01	2.513274e-01	5.897558e-03	9.516617e-04	9.516617e-04
2.513274e-01	3.141593e-01	1.018103e-02	1.096542e-03	1.096542e-03
3.141593e-01	3.769911e-01	7.635786e-03	1.051694e-03	1.051694e-03
3.769911e-01	4.398230e-01	1.061559e-02	1.186026e-03	1.186026e-03
4.398230e-01	5.026548e-01	1.359542e-02	1.182774e-03	1.182774e-03
5.026548e-01	5.654867e-01	8.504885e-03	1.136241e-03	1.136241e-03
5.654867e-01	6.283185e-01	1.179512e-02	1.154746e-03	1.154746e-03
6.283185e-01	6.911504e-01	9.436078e-03	1.085947e-03	1.085947e-03
6.911504e-01	7.539822e-01	9.436093e-03	1.089492e-03	1.089492e-03
7.539822e-01	8.168141e-01	8.691125e-03	1.127729e-03	1.127729e-03
8.168141e-01	8.796459e-01	8.504899e-03	1.122593e-03	1.122593e-03
8.796459e-01	9.424778e-01	7.822012e-03	1.093022e-03	1.093022e-03
9.424778e-01	1.005310e+00	8.691084e-03	1.031337e-03	1.031337e-03
1.005310e+00	1.068142e+00	9.498143e-03	1.132842e-03	1.132842e-03
1.068142e+00	1.130973e+00	1.080198e-02	1.127746e-03	1.127746e-03
1.130973e+00	1.193805e+00	7.822000e-03	1.089488e-03	1.089488e-03
1.193805e+00	1.256637e+00	9.622301e-03	1.159738e-03	1.159738e-03
1.256637e+00	1.319469e+00	1.042933e-02	1.177873e-03	1.177873e-03
1.319469e+00	1.382301e+00	9.870618e-03	1.122590e-03	1.122590e-03
1.382301e+00	1.445133e+00	1.105013e-02	1.194120e-03	1.194120e-03
1.445133e+00	1.507964e+00	1.024326e-02	1.132860e-03	1.132860e-03
1.507964e+00	1.570796e+00	1.105013e-02	1.177873e-03	1.177873e-03
1.570796e+00	1.633628e+00	1.055349e-02	1.181140e-03	1.181140e-03
1.633628e+00	1.696460e+00	1.198132e-02	1.211741e-03	1.211741e-03
1.696460e+00	1.759292e+00	1.030517e-02	1.203763e-03	1.203763e-03
1.759292e+00	1.822124e+00	1.210547e-02	1.221245e-03	1.221245e-03
1.822124e+00	1.884956e+00	9.249825e-03	1.149726e-03	1.149726e-03
1.884956e+00	1.947787e+00	1.098822e-02	1.227559e-03	1.227559e-03
1.947787e+00	2.010619e+00	1.024309e-02	1.224396e-03	1.224396e-03
2.010619e+00	2.073451e+00	9.870618e-03	1.211741e-03	1.211741e-03
2.073451e+00	2.136283e+00	1.117429e-02	1.287305e-03	1.287305e-03
2.136283e+00	2.199115e+00	9.311905e-03	1.238479e-03	1.238479e-03
2.199115e+00	2.261947e+00	1.061557e-02	1.236922e-03	1.236922e-03
2.261947e+00	2.324779e+00	9.870618e-03	1.249323e-03	1.249323e-03
2.324779e+00	2.387610e+00	1.235399e-02	1.285828e-03	1.285828e-03
2.387610e+00	2.450442e+00	1.303667e-02	1.287305e-03	1.287305e-03
2.450442e+00	2.513274e+00	1.409202e-02	1.347279e-03	1.347279e-03
2.513274e+00	2.576106e+00	1.098805e-02	1.279799e-03	1.279799e-03
2.576106e+00	2.638938e+00	1.260211e-02	1.285807e-03	1.285807e-03
2.638938e+00	2.701770e+00	1.415409e-02	1.374185e-03	1.374185e-03
2.701770e+00	2.764602e+00	1.061557e-02	1.321285e-03	1.321285e-03
2.764602e+00	2.827433e+00	1.142278e-02	1.340131e-03	1.340131e-03
2.827433e+00	2.890265e+00	1.309874e-02	1.309566e-03	1.309566e-03
2.890265e+00	2.953097e+00	1.210547e-02	1.306619e-03	1.306619e-03
2.953097e+00	3.015929e+00	1.328498e-02	1.340109e-03	1.340109e-03
3.015929e+00	3.078761e+00	1.328498e-02	1.302188e-03	1.302188e-03
3.078761e+00	3.141593e+00	1.365746e-02	1.325652e-03	1.325652e-03
# END HISTO1D


# BEGIN HISTO1D //eos/home-y/yiyu/monobc/Rivet_New/X2000_Qd40.yoda.gz/JetMETAnalysis/jet12_dphi
ErrorBars=1
LineColor=blue
LineStyle=dashdotted
Path=//eos/home-y/yiyu/monobc/Rivet_New/X2000_Qd40.yoda.gz/JetMETAnalysis/jet12_dphi
ScaledBy=1.29234116102562412e-05
Title=X2000_Qd40
# xlow	 xhigh	 val	 errminus	 errplus
0.000000e+00	6.283185e-02	8.213677e-03	9.587260e-04	9.587260e-04
6.283185e-02	1.256637e-01	8.831247e-03	1.009117e-03	1.009117e-03
1.256637e-01	1.884956e-01	8.460698e-03	9.977135e-04	9.977135e-04
1.884956e-01	2.513274e-01	7.472600e-03	1.020393e-03	1.020393e-03
2.513274e-01	3.141593e-01	8.337184e-03	1.053494e-03	1.053494e-03
3.141593e-01	3.769911e-01	8.645982e-03	1.040748e-03	1.040748e-03
3.769911e-01	4.398230e-01	1.179557e-02	1.183092e-03	1.183092e-03
4.398230e-01	5.026548e-01	1.494520e-02	1.228949e-03	1.228949e-03
5.026548e-01	5.654867e-01	1.056043e-02	1.074996e-03	1.074996e-03
5.654867e-01	6.283185e-01	9.572338e-03	1.143756e-03	1.143756e-03
6.283185e-01	6.911504e-01	9.263538e-03	1.148745e-03	1.148745e-03
6.911504e-01	7.539822e-01	9.510581e-03	1.115052e-03	1.115052e-03
7.539822e-01	8.168141e-01	9.881107e-03	1.118465e-03	1.118465e-03
8.168141e-01	8.796459e-01	1.012815e-02	1.058912e-03	1.058912e-03
8.796459e-01	9.424778e-01	7.904886e-03	1.055303e-03	1.055303e-03
9.424778e-01	1.005310e+00	1.142498e-02	1.106461e-03	1.106461e-03
1.005310e+00	1.068142e+00	9.140010e-03	1.080303e-03	1.080303e-03
1.068142e+00	1.130973e+00	8.893124e-03	1.111640e-03	1.111640e-03
1.130973e+00	1.193805e+00	8.831226e-03	1.103012e-03	1.103012e-03
1.193805e+00	1.256637e+00	9.695821e-03	1.123567e-03	1.123567e-03
1.256637e+00	1.319469e+00	8.151900e-03	1.066088e-03	1.066088e-03
1.319469e+00	1.382301e+00	8.522441e-03	1.158661e-03	1.158661e-03
1.382301e+00	1.445133e+00	9.819334e-03	1.143752e-03	1.143752e-03
1.445133e+00	1.507964e+00	9.634217e-03	1.148762e-03	1.148762e-03
1.507964e+00	1.570796e+00	1.000460e-02	1.175004e-03	1.175004e-03
1.570796e+00	1.633628e+00	9.016496e-03	1.145418e-03	1.145418e-03
1.633628e+00	1.696460e+00	9.634064e-03	1.235136e-03	1.235136e-03
1.696460e+00	1.759292e+00	9.016496e-03	1.191122e-03	1.191122e-03
1.759292e+00	1.822124e+00	1.093096e-02	1.140413e-03	1.140413e-03
1.822124e+00	1.884956e+00	1.173380e-02	1.216468e-03	1.216468e-03
1.884956e+00	1.947787e+00	1.463660e-02	1.199120e-03	1.199120e-03
1.947787e+00	2.010619e+00	9.016496e-03	1.145418e-03	1.145418e-03
2.010619e+00	2.073451e+00	1.018988e-02	1.221162e-03	1.221162e-03
2.073451e+00	2.136283e+00	1.185731e-02	1.244365e-03	1.244365e-03
2.136283e+00	2.199115e+00	9.942848e-03	1.267144e-03	1.267144e-03
2.199115e+00	2.261947e+00	9.634064e-03	1.253527e-03	1.253527e-03
2.261947e+00	2.324779e+00	1.117798e-02	1.258082e-03	1.258082e-03
2.324779e+00	2.387610e+00	1.062234e-02	1.280637e-03	1.280637e-03
2.387610e+00	2.450442e+00	9.942848e-03	1.248954e-03	1.248954e-03
2.450442e+00	2.513274e+00	1.327772e-02	1.288041e-03	1.288041e-03
2.513274e+00	2.576106e+00	1.371001e-02	1.259597e-03	1.259597e-03
2.576106e+00	2.638938e+00	1.142501e-02	1.308604e-03	1.308604e-03
2.638938e+00	2.701770e+00	1.358650e-02	1.347375e-03	1.347375e-03
2.701770e+00	2.764602e+00	1.340123e-02	1.362854e-03	1.362854e-03
2.764602e+00	2.827433e+00	1.247508e-02	1.301318e-03	1.301318e-03
2.827433e+00	2.890265e+00	1.241312e-02	1.325975e-03	1.325975e-03
2.890265e+00	2.953097e+00	1.198082e-02	1.315870e-03	1.315870e-03
2.953097e+00	3.015929e+00	1.123974e-02	1.256565e-03	1.256565e-03
3.015929e+00	3.078761e+00	1.290718e-02	1.320210e-03	1.320210e-03
3.078761e+00	3.141593e+00	1.327772e-02	1.379543e-03	1.379543e-03
# END HISTO1D


# BEGIN HISTO1D //eos/home-y/yiyu/monobc/Rivet_New/X600_Qd10.yoda.gz/JetMETAnalysis/jet12_dphi
ErrorBars=1
LineColor=green
LineStyle=dashdotted
Path=//eos/home-y/yiyu/monobc/Rivet_New/X600_Qd10.yoda.gz/JetMETAnalysis/jet12_dphi
ScaledBy=1.71220725998958688e-05
Title=X600_Qd10
# xlow	 xhigh	 val	 errminus	 errplus
0.000000e+00	6.283185e-02	1.121255e+01	7.627912e-01	7.627912e-01
6.283185e-02	1.256637e-01	1.090675e+01	7.525059e-01	7.525059e-01
1.256637e-01	1.884956e-01	1.090674e+01	7.455696e-01	7.455696e-01
1.884956e-01	2.513274e-01	1.218091e+01	7.944841e-01	7.944841e-01
2.513274e-01	3.141593e-01	1.284346e+01	8.249583e-01	8.249583e-01
3.141593e-01	3.769911e-01	1.228285e+01	8.009962e-01	8.009962e-01
3.769911e-01	4.398230e-01	1.528983e+01	8.827587e-01	8.827587e-01
4.398230e-01	5.026548e-01	1.544275e+01	8.871629e-01	8.871629e-01
5.026548e-01	5.654867e-01	1.615625e+01	9.102835e-01	9.102835e-01
5.654867e-01	6.283185e-01	1.325121e+01	8.312332e-01	8.312332e-01
6.283185e-01	6.911504e-01	1.478017e+01	8.679213e-01	8.679213e-01
6.911504e-01	7.539822e-01	1.421956e+01	8.573838e-01	8.573838e-01
7.539822e-01	8.168141e-01	1.416857e+01	8.497745e-01	8.497745e-01
8.168141e-01	8.796459e-01	1.279251e+01	8.202230e-01	8.202230e-01
8.796459e-01	9.424778e-01	1.325118e+01	8.312318e-01	8.312318e-01
9.424778e-01	1.005310e+00	1.233373e+01	8.026110e-01	8.026110e-01
1.005310e+00	1.068142e+00	1.437242e+01	8.649219e-01	8.649219e-01
1.068142e+00	1.130973e+00	1.371007e+01	8.513138e-01	8.513138e-01
1.130973e+00	1.193805e+00	1.462725e+01	8.664222e-01	8.664222e-01
1.193805e+00	1.256637e+00	1.360792e+01	8.482434e-01	8.482434e-01
1.256637e+00	1.319469e+00	1.483111e+01	8.723976e-01	8.723976e-01
1.319469e+00	1.382301e+00	1.447435e+01	8.709076e-01	8.709076e-01
1.382301e+00	1.445133e+00	1.478014e+01	8.798097e-01	8.798097e-01
1.445133e+00	1.507964e+00	1.498425e+01	8.798237e-01	8.798237e-01
1.507964e+00	1.570796e+00	1.651299e+01	9.286449e-01	9.286449e-01
1.570796e+00	1.633628e+00	1.544270e+01	8.987953e-01	8.987953e-01
1.633628e+00	1.696460e+00	1.671685e+01	9.314379e-01	9.314379e-01
1.696460e+00	1.759292e+00	1.636009e+01	9.188028e-01	9.188028e-01
1.759292e+00	1.822124e+00	1.885743e+01	9.935105e-01	9.935105e-01
1.822124e+00	1.884956e+00	1.809293e+01	9.629745e-01	9.629745e-01
1.884956e+00	1.947787e+00	1.982609e+01	1.020610e+00	1.020610e+00
1.947787e+00	2.010619e+00	1.906129e+01	9.961215e-01	9.961215e-01
2.010619e+00	2.073451e+00	2.135476e+01	1.048216e+00	1.048216e+00
2.073451e+00	2.136283e+00	1.992771e+01	1.018045e+00	1.018045e+00
2.136283e+00	2.199115e+00	2.094703e+01	1.040755e+00	1.040755e+00
2.199115e+00	2.261947e+00	2.242504e+01	1.076336e+00	1.076336e+00
2.261947e+00	2.324779e+00	2.023351e+01	1.020594e+00	1.020594e+00
2.324779e+00	2.387610e+00	2.222153e+01	1.073938e+00	1.073938e+00
2.387610e+00	2.450442e+00	2.538108e+01	1.146452e+00	1.146452e+00
2.450442e+00	2.513274e+00	2.334244e+01	1.114281e+00	1.114281e+00
2.513274e+00	2.576106e+00	2.640040e+01	1.164437e+00	1.164437e+00
2.576106e+00	2.638938e+00	2.563590e+01	1.156603e+00	1.156603e+00
2.638938e+00	2.701770e+00	2.665522e+01	1.174432e+00	1.174432e+00
2.701770e+00	2.764602e+00	2.777648e+01	1.202841e+00	1.202841e+00
2.764602e+00	2.827433e+00	2.767499e+01	1.200699e+00	1.200699e+00
2.827433e+00	2.890265e+00	2.792937e+01	1.199597e+00	1.199597e+00
2.890265e+00	2.953097e+00	2.935643e+01	1.231649e+00	1.231649e+00
2.953097e+00	3.015929e+00	2.899967e+01	1.226366e+00	1.226366e+00
3.015929e+00	3.078761e+00	2.772551e+01	1.199597e+00	1.199597e+00
3.078761e+00	3.141593e+00	2.869387e+01	1.222122e+00	1.222122e+00
# END HISTO1D


# BEGIN HISTO1D //eos/home-y/yiyu/monobc/Rivet_New/X600_Qd20.yoda.gz/JetMETAnalysis/jet12_dphi
ErrorBars=1
LineColor=orange
LineStyle=dashdotted
Path=//eos/home-y/yiyu/monobc/Rivet_New/X600_Qd20.yoda.gz/JetMETAnalysis/jet12_dphi
ScaledBy=1.70311001244983462e-05
Title=X600_Qd20
# xlow	 xhigh	 val	 errminus	 errplus
0.000000e+00	6.283185e-02	1.119940e+01	7.583960e-01	7.583960e-01
6.283185e-02	1.256637e-01	1.014000e+01	7.258167e-01	7.258167e-01
1.256637e-01	1.884956e-01	1.074536e+01	7.397086e-01	7.397086e-01
1.884956e-01	2.513274e-01	1.180478e+01	7.815338e-01	7.815338e-01
2.513274e-01	3.141593e-01	1.241014e+01	7.976483e-01	7.976483e-01
3.141593e-01	3.769911e-01	1.205702e+01	7.831602e-01	7.831602e-01
3.769911e-01	4.398230e-01	1.619372e+01	9.094590e-01	9.094590e-01
4.398230e-01	5.026548e-01	1.644597e+01	9.136483e-01	9.136483e-01
5.026548e-01	5.654867e-01	1.457939e+01	8.605734e-01	8.605734e-01
5.654867e-01	6.283185e-01	1.316687e+01	8.243236e-01	8.243236e-01
6.283185e-01	6.911504e-01	1.291461e+01	8.165676e-01	8.165676e-01
6.911504e-01	7.539822e-01	1.498299e+01	8.752364e-01	8.752364e-01
7.539822e-01	8.168141e-01	1.377222e+01	8.396172e-01	8.396172e-01
8.168141e-01	8.796459e-01	1.306598e+01	8.181257e-01	8.181257e-01
8.796459e-01	9.424778e-01	1.402446e+01	8.531481e-01	8.531481e-01
9.424778e-01	1.005310e+00	1.377216e+01	8.335289e-01	8.335289e-01
1.005310e+00	1.068142e+00	1.321728e+01	8.258633e-01	8.258633e-01
1.068142e+00	1.130973e+00	1.402466e+01	8.441636e-01	8.441636e-01
1.130973e+00	1.193805e+00	1.513429e+01	8.824731e-01	8.824731e-01
1.193805e+00	1.256637e+00	1.402444e+01	8.441502e-01	8.441502e-01
1.256637e+00	1.319469e+00	1.417578e+01	8.546371e-01	8.546371e-01
1.319469e+00	1.382301e+00	1.457936e+01	8.723210e-01	8.723210e-01
1.382301e+00	1.445133e+00	1.689996e+01	9.343031e-01	9.343031e-01
1.445133e+00	1.507964e+00	1.579036e+01	8.953708e-01	8.953708e-01
1.507964e+00	1.570796e+00	1.745488e+01	9.410883e-01	9.410883e-01
1.570796e+00	1.633628e+00	1.579011e+01	8.925097e-01	8.925097e-01
1.633628e+00	1.696460e+00	1.785846e+01	9.518439e-01	9.518439e-01
1.696460e+00	1.759292e+00	1.609279e+01	9.066549e-01	9.066549e-01
1.759292e+00	1.822124e+00	1.891786e+01	9.821105e-01	9.821105e-01
1.822124e+00	1.884956e+00	1.735399e+01	9.437888e-01	9.437888e-01
1.884956e+00	1.947787e+00	1.917041e+01	9.860056e-01	9.860056e-01
1.947787e+00	2.010619e+00	1.634503e+01	9.164266e-01	9.164266e-01
2.010619e+00	2.073451e+00	1.846382e+01	9.782158e-01	9.782158e-01
2.073451e+00	2.136283e+00	2.022950e+01	1.017743e+00	1.017743e+00
2.136283e+00	2.199115e+00	2.002771e+01	1.012729e+00	1.012729e+00
2.199115e+00	2.261947e+00	2.249963e+01	1.081981e+00	1.081981e+00
2.261947e+00	2.324779e+00	2.234829e+01	1.061800e+00	1.061800e+00
2.324779e+00	2.387610e+00	2.179372e+01	1.055807e+00	1.055807e+00
2.387610e+00	2.450442e+00	2.441665e+01	1.112139e+00	1.112139e+00
2.450442e+00	2.513274e+00	2.582918e+01	1.148168e+00	1.148168e+00
2.513274e+00	2.576106e+00	2.305456e+01	1.085503e+00	1.085503e+00
2.576106e+00	2.638938e+00	2.416441e+01	1.122389e+00	1.122389e+00
2.638938e+00	2.701770e+00	2.769574e+01	1.182026e+00	1.182026e+00
2.701770e+00	2.764602e+00	2.688859e+01	1.171211e+00	1.171211e+00
2.764602e+00	2.827433e+00	2.593050e+01	1.163599e+00	1.163599e+00
2.827433e+00	2.890265e+00	2.643456e+01	1.167947e+00	1.167947e+00
2.890265e+00	2.953097e+00	2.905784e+01	1.217033e+00	1.217033e+00
2.953097e+00	3.015929e+00	2.910829e+01	1.215987e+00	1.215987e+00
3.015929e+00	3.078761e+00	2.794799e+01	1.195939e+00	1.195939e+00
3.078761e+00	3.141593e+00	2.703993e+01	1.185251e+00	1.185251e+00
# END HISTO1D


# BEGIN HISTO1D //eos/home-y/yiyu/monobc/Rivet_New/X600_Qd40.yoda.gz/JetMETAnalysis/jet12_dphi
ErrorBars=1
LineColor=lilac
LineStyle=dashdotted
Path=//eos/home-y/yiyu/monobc/Rivet_New/X600_Qd40.yoda.gz/JetMETAnalysis/jet12_dphi
ScaledBy=1.70842788242092056e-05
Title=X600_Qd40
# xlow	 xhigh	 val	 errminus	 errplus
0.000000e+00	6.283185e-02	1.063484e+01	7.371034e-01	7.371034e-01
6.283185e-02	1.256637e-01	1.123118e+01	7.470871e-01	7.470871e-01
1.256637e-01	1.884956e-01	1.073422e+01	7.337446e-01	7.337446e-01
1.884956e-01	2.513274e-01	1.247358e+01	7.935741e-01	7.935741e-01
2.513274e-01	3.141593e-01	1.262265e+01	8.013152e-01	8.013152e-01
3.141593e-01	3.769911e-01	1.177784e+01	7.810267e-01	7.810267e-01
3.769911e-01	4.398230e-01	1.446138e+01	8.506493e-01	8.506493e-01
4.398230e-01	5.026548e-01	1.495836e+01	8.707363e-01	8.707363e-01
5.026548e-01	5.654867e-01	1.515712e+01	8.678939e-01	8.678939e-01
5.654867e-01	6.283185e-01	1.366627e+01	8.330491e-01	8.330491e-01
6.283185e-01	6.911504e-01	1.421290e+01	8.433599e-01	8.433599e-01
6.911504e-01	7.539822e-01	1.326871e+01	8.241074e-01	8.241074e-01
7.539822e-01	8.168141e-01	1.252326e+01	7.920154e-01	7.920154e-01
8.168141e-01	8.796459e-01	1.426262e+01	8.477425e-01	8.477425e-01
8.796459e-01	9.424778e-01	1.292082e+01	8.043914e-01	8.043914e-01
9.424778e-01	1.005310e+00	1.366619e+01	8.360031e-01	8.360031e-01
1.005310e+00	1.068142e+00	1.446136e+01	8.477398e-01	8.477398e-01
1.068142e+00	1.130973e+00	1.431250e+01	8.550054e-01	8.550054e-01
1.130973e+00	1.193805e+00	1.341775e+01	8.226050e-01	8.226050e-01
1.193805e+00	1.256637e+00	1.386501e+01	8.360058e-01	8.360058e-01
1.256637e+00	1.319469e+00	1.366623e+01	8.330464e-01	8.330464e-01
1.319469e+00	1.382301e+00	1.615101e+01	8.958963e-01	8.958963e-01
1.382301e+00	1.445133e+00	1.605161e+01	9.041282e-01	9.041282e-01
1.445133e+00	1.507964e+00	1.446159e+01	8.535599e-01	8.535599e-01
1.507964e+00	1.570796e+00	1.500801e+01	8.721505e-01	8.721505e-01
1.570796e+00	1.633628e+00	1.649887e+01	9.054930e-01	9.054930e-01
1.633628e+00	1.696460e+00	1.754246e+01	9.363327e-01	9.363327e-01
1.696460e+00	1.759292e+00	1.838729e+01	9.636292e-01	9.636292e-01
1.759292e+00	1.822124e+00	1.774125e+01	9.494290e-01	9.494290e-01
1.822124e+00	1.884956e+00	1.659826e+01	9.136385e-01	9.136385e-01
1.884956e+00	1.947787e+00	1.903363e+01	9.725734e-01	9.725734e-01
1.947787e+00	2.010619e+00	1.943090e+01	9.901735e-01	9.901735e-01
2.010619e+00	2.073451e+00	1.992786e+01	1.002567e+00	1.002567e+00
2.073451e+00	2.136283e+00	2.092176e+01	1.026904e+00	1.026904e+00
2.136283e+00	2.199115e+00	1.863577e+01	9.700152e-01	9.700152e-01
2.199115e+00	2.261947e+00	2.236292e+01	1.063528e+00	1.063528e+00
2.261947e+00	2.324779e+00	2.395318e+01	1.106769e+00	1.106769e+00
2.324779e+00	2.387610e+00	2.226388e+01	1.058890e+00	1.058890e+00
2.387610e+00	2.450442e+00	2.325743e+01	1.079660e+00	1.079660e+00
2.450442e+00	2.513274e+00	2.216414e+01	1.056538e+00	1.056538e+00
2.513274e+00	2.576106e+00	2.484769e+01	1.111223e+00	1.111223e+00
2.576106e+00	2.638938e+00	2.549373e+01	1.138664e+00	1.138664e+00
2.638938e+00	2.701770e+00	2.420165e+01	1.101176e+00	1.101176e+00
2.701770e+00	2.764602e+00	2.584159e+01	1.144074e+00	1.144074e+00
2.764602e+00	2.827433e+00	2.643837e+01	1.156971e+00	1.156971e+00
2.827433e+00	2.890265e+00	2.539434e+01	1.129955e+00	1.129955e+00
2.890265e+00	2.953097e+00	2.559312e+01	1.132139e+00	1.132139e+00
2.953097e+00	3.015929e+00	2.733246e+01	1.186461e+00	1.186461e+00
3.015929e+00	3.078761e+00	2.693489e+01	1.178106e+00	1.178106e+00
3.078761e+00	3.141593e+00	2.688520e+01	1.166519e+00	1.166519e+00
# END HISTO1D


# BEGIN HISTO1D //eos/home-y/yiyu/monobc/Rivet_New/X800_Qd10.yoda.gz/JetMETAnalysis/jet12_dphi
ErrorBars=1
LineColor=red
LineStyle=dotted
Path=//eos/home-y/yiyu/monobc/Rivet_New/X800_Qd10.yoda.gz/JetMETAnalysis/jet12_dphi
ScaledBy=1.56684599038943828e-05
Title=X800_Qd10
# xlow	 xhigh	 val	 errminus	 errplus
0.000000e+00	6.283185e-02	3.536264e+00	2.383768e-01	2.383768e-01
6.283185e-02	1.256637e-01	3.441541e+00	2.404587e-01	2.404587e-01
1.256637e-01	1.884956e-01	3.709916e+00	2.450782e-01	2.450782e-01
1.884956e-01	2.513274e-01	3.883578e+00	2.496128e-01	2.496128e-01
2.513274e-01	3.141593e-01	3.946720e+00	2.525900e-01	2.525900e-01
3.141593e-01	3.769911e-01	4.341397e+00	2.693044e-01	2.693044e-01
3.769911e-01	4.398230e-01	4.483473e+00	2.697663e-01	2.697663e-01
4.398230e-01	5.026548e-01	4.830793e+00	2.806341e-01	2.806341e-01
5.026548e-01	5.654867e-01	4.957079e+00	2.815203e-01	2.815203e-01
5.654867e-01	6.283185e-01	4.783431e+00	2.775084e-01	2.775084e-01
6.283185e-01	6.911504e-01	4.736062e+00	2.779566e-01	2.779566e-01
6.911504e-01	7.539822e-01	4.546628e+00	2.697667e-01	2.697667e-01
7.539822e-01	8.168141e-01	4.120375e+00	2.579597e-01	2.579597e-01
8.168141e-01	8.796459e-01	4.309824e+00	2.655768e-01	2.655768e-01
8.796459e-01	9.424778e-01	4.546620e+00	2.688408e-01	2.688408e-01
9.424778e-01	1.005310e+00	4.562385e+00	2.720648e-01	2.720648e-01
1.005310e+00	1.068142e+00	4.483465e+00	2.669799e-01	2.669799e-01
1.068142e+00	1.130973e+00	4.783492e+00	2.766124e-01	2.766124e-01
1.130973e+00	1.193805e+00	4.246663e+00	2.636924e-01	2.636924e-01
1.193805e+00	1.256637e+00	4.436106e+00	2.693035e-01	2.693035e-01
1.256637e+00	1.319469e+00	5.509611e+00	2.966080e-01	2.966080e-01
1.319469e+00	1.382301e+00	4.578186e+00	2.716072e-01	2.716072e-01
1.382301e+00	1.445133e+00	5.462250e+00	2.970278e-01	2.970278e-01
1.445133e+00	1.507964e+00	5.241319e+00	2.885198e-01	2.885198e-01
1.507964e+00	1.570796e+00	4.925498e+00	2.806332e-01	2.806332e-01
1.570796e+00	1.633628e+00	5.635905e+00	3.024325e-01	3.024325e-01
1.633628e+00	1.696460e+00	5.399104e+00	2.936524e-01	2.936524e-01
1.696460e+00	1.759292e+00	5.746414e+00	3.053032e-01	3.053032e-01
1.759292e+00	1.822124e+00	5.651693e+00	3.028443e-01	3.028443e-01
1.822124e+00	1.884956e+00	6.456823e+00	3.208267e-01	3.208267e-01
1.884956e+00	1.947787e+00	5.809654e+00	3.101673e-01	3.101673e-01
1.947787e+00	2.010619e+00	6.093725e+00	3.141544e-01	3.141544e-01
2.010619e+00	2.073451e+00	6.646265e+00	3.277435e-01	3.277435e-01
2.073451e+00	2.136283e+00	6.693624e+00	3.296391e-01	3.296391e-01
2.136283e+00	2.199115e+00	6.188445e+00	3.165254e-01	3.165254e-01
2.199115e+00	2.261947e+00	7.072509e+00	3.400592e-01	3.400592e-01
2.261947e+00	2.324779e+00	7.025150e+00	3.367450e-01	3.367450e-01
2.324779e+00	2.387610e+00	6.662157e+00	3.296444e-01	3.296444e-01
2.387610e+00	2.450442e+00	6.930427e+00	3.374843e-01	3.374843e-01
2.450442e+00	2.513274e+00	7.561902e+00	3.505250e-01	3.505250e-01
2.513274e+00	2.576106e+00	7.293526e+00	3.444284e-01	3.444284e-01
2.576106e+00	2.638938e+00	7.988146e+00	3.613775e-01	3.613775e-01
2.638938e+00	2.701770e+00	6.930427e+00	3.360041e-01	3.360041e-01
2.701770e+00	2.764602e+00	7.261951e+00	3.494569e-01	3.494569e-01
2.764602e+00	2.827433e+00	8.161933e+00	3.624163e-01	3.624163e-01
2.827433e+00	2.890265e+00	8.682768e+00	3.735851e-01	3.735851e-01
2.890265e+00	2.953097e+00	8.603834e+00	3.719136e-01	3.719136e-01
2.953097e+00	3.015929e+00	8.509113e+00	3.719136e-01	3.719136e-01
3.015929e+00	3.078761e+00	8.682768e+00	3.742516e-01	3.742516e-01
3.078761e+00	3.141593e+00	8.114442e+00	3.668533e-01	3.668533e-01
# END HISTO1D


# BEGIN HISTO1D //eos/home-y/yiyu/monobc/Rivet_New/X800_Qd20.yoda.gz/JetMETAnalysis/jet12_dphi
ErrorBars=1
LineColor=blue
LineStyle=dotted
Path=//eos/home-y/yiyu/monobc/Rivet_New/X800_Qd20.yoda.gz/JetMETAnalysis/jet12_dphi
ScaledBy=1.57483171942090689e-05
Title=X800_Qd20
# xlow	 xhigh	 val	 errminus	 errplus
0.000000e+00	6.283185e-02	3.597757e+00	2.419267e-01	2.419267e-01
6.283185e-02	1.256637e-01	3.613605e+00	2.414070e-01	2.414070e-01
1.256637e-01	1.884956e-01	3.423412e+00	2.350806e-01	2.350806e-01
1.884956e-01	2.513274e-01	3.613608e+00	2.434794e-01	2.434794e-01
2.513274e-01	3.141593e-01	3.613602e+00	2.414068e-01	2.414068e-01
3.141593e-01	3.769911e-01	3.914742e+00	2.540813e-01	2.540813e-01
3.769911e-01	4.398230e-01	4.580399e+00	2.712935e-01	2.712935e-01
4.398230e-01	5.026548e-01	4.897390e+00	2.848442e-01	2.848442e-01
5.026548e-01	5.654867e-01	5.087572e+00	2.848438e-01	2.848438e-01
5.654867e-01	6.283185e-01	4.929088e+00	2.821863e-01	2.821863e-01
6.283185e-01	6.911504e-01	4.802287e+00	2.767932e-01	2.767932e-01
6.911504e-01	7.539822e-01	4.723049e+00	2.781516e-01	2.781516e-01
7.539822e-01	8.168141e-01	4.326813e+00	2.675642e-01	2.675642e-01
8.168141e-01	8.796459e-01	4.738898e+00	2.767937e-01	2.767937e-01
8.796459e-01	9.424778e-01	4.009831e+00	2.580052e-01	2.580052e-01
9.424778e-01	1.005310e+00	4.089056e+00	2.584903e-01	2.584903e-01
1.005310e+00	1.068142e+00	4.564544e+00	2.699006e-01	2.699006e-01
1.068142e+00	1.130973e+00	5.198590e+00	2.896576e-01	2.896576e-01
1.130973e+00	1.193805e+00	4.326806e+00	2.647323e-01	2.647323e-01
1.193805e+00	1.256637e+00	4.770582e+00	2.803994e-01	2.803994e-01
1.256637e+00	1.319469e+00	4.596241e+00	2.763386e-01	2.763386e-01
1.319469e+00	1.382301e+00	4.897374e+00	2.803994e-01	2.803994e-01
1.382301e+00	1.445133e+00	4.786430e+00	2.808469e-01	2.808469e-01
1.445133e+00	1.507964e+00	4.754809e+00	2.763430e-01	2.763430e-01
1.507964e+00	1.570796e+00	5.246055e+00	2.900863e-01	2.900863e-01
1.570796e+00	1.633628e+00	5.103412e+00	2.879133e-01	2.879133e-01
1.633628e+00	1.696460e+00	5.547188e+00	3.032113e-01	3.032113e-01
1.696460e+00	1.759292e+00	5.452093e+00	2.973556e-01	2.973556e-01
1.759292e+00	1.822124e+00	5.547188e+00	3.015499e-01	3.015499e-01
1.822124e+00	1.884956e+00	5.943416e+00	3.101731e-01	3.101731e-01
1.884956e+00	1.947787e+00	5.531427e+00	2.977824e-01	2.977824e-01
1.947787e+00	2.010619e+00	6.355492e+00	3.213111e-01	3.213111e-01
2.010619e+00	2.073451e+00	6.672474e+00	3.328313e-01	3.328313e-01
2.073451e+00	2.136283e+00	6.609078e+00	3.313184e-01	3.313184e-01
2.136283e+00	2.199115e+00	6.292096e+00	3.220919e-01	3.220919e-01
2.199115e+00	2.261947e+00	6.862664e+00	3.365837e-01	3.365837e-01
2.261947e+00	2.324779e+00	7.068702e+00	3.384444e-01	3.384444e-01
2.324779e+00	2.387610e+00	7.369953e+00	3.461552e-01	3.461552e-01
2.387610e+00	2.450442e+00	7.068702e+00	3.384444e-01	3.384444e-01
2.450442e+00	2.513274e+00	7.369835e+00	3.446953e-01	3.446953e-01
2.513274e+00	2.576106e+00	8.384178e+00	3.700011e-01	3.700011e-01
2.576106e+00	2.638938e+00	8.083045e+00	3.634944e-01	3.634944e-01
2.638938e+00	2.701770e+00	7.734365e+00	3.529764e-01	3.529764e-01
2.701770e+00	2.764602e+00	8.130593e+00	3.645295e-01	3.645295e-01
2.764602e+00	2.827433e+00	7.940529e+00	3.568747e-01	3.568747e-01
2.827433e+00	2.890265e+00	8.051346e+00	3.628027e-01	3.628027e-01
2.890265e+00	2.953097e+00	7.987950e+00	3.628027e-01	3.628027e-01
2.953097e+00	3.015929e+00	8.701160e+00	3.807086e-01	3.807086e-01
3.015929e+00	3.078761e+00	8.558518e+00	3.783923e-01	3.783923e-01
3.078761e+00	3.141593e+00	8.241536e+00	3.662482e-01	3.662482e-01
# END HISTO1D


# BEGIN HISTO1D //eos/home-y/yiyu/monobc/Rivet_New/X800_Qd40.yoda.gz/JetMETAnalysis/jet12_dphi
ErrorBars=1
LineColor=green
LineStyle=dotted
Path=//eos/home-y/yiyu/monobc/Rivet_New/X800_Qd40.yoda.gz/JetMETAnalysis/jet12_dphi
ScaledBy=1.58014923868270171e-05
Title=X800_Qd40
# xlow	 xhigh	 val	 errminus	 errplus
0.000000e+00	6.283185e-02	3.617360e+00	2.446649e-01	2.446649e-01
6.283185e-02	1.256637e-01	3.287080e+00	2.316828e-01	2.316828e-01
1.256637e-01	1.884956e-01	3.460080e+00	2.364382e-01	2.364382e-01
1.884956e-01	2.513274e-01	3.349993e+00	2.338086e-01	2.338086e-01
2.513274e-01	3.141593e-01	3.979093e+00	2.511502e-01	2.511502e-01
3.141593e-01	3.769911e-01	4.277925e+00	2.641124e-01	2.641124e-01
3.769911e-01	4.398230e-01	4.419467e+00	2.664431e-01	2.664431e-01
4.398230e-01	5.026548e-01	4.545296e+00	2.746718e-01	2.746718e-01
5.026548e-01	5.654867e-01	4.922751e+00	2.826603e-01	2.826603e-01
5.654867e-01	6.283185e-01	4.608206e+00	2.719567e-01	2.719567e-01
6.283185e-01	6.911504e-01	4.844113e+00	2.786945e-01	2.786945e-01
6.911504e-01	7.539822e-01	4.403746e+00	2.650473e-01	2.650473e-01
7.539822e-01	8.168141e-01	4.073458e+00	2.560274e-01	2.560274e-01
8.168141e-01	8.796459e-01	4.419474e+00	2.692142e-01	2.692142e-01
8.796459e-01	9.424778e-01	4.403739e+00	2.696729e-01	2.696729e-01
9.424778e-01	1.005310e+00	4.419446e+00	2.682922e-01	2.682922e-01
1.005310e+00	1.068142e+00	4.623919e+00	2.742203e-01	2.742203e-01
1.068142e+00	1.130973e+00	4.340891e+00	2.687579e-01	2.687579e-01
1.130973e+00	1.193805e+00	4.718284e+00	2.751209e-01	2.751209e-01
1.193805e+00	1.256637e+00	4.592464e+00	2.724103e-01	2.724103e-01
1.256637e+00	1.319469e+00	4.356549e+00	2.682930e-01	2.682930e-01
1.319469e+00	1.382301e+00	4.592464e+00	2.715007e-01	2.715007e-01
1.382301e+00	1.445133e+00	4.639647e+00	2.746710e-01	2.746710e-01
1.445133e+00	1.507964e+00	4.702631e+00	2.764706e-01	2.764706e-01
1.507964e+00	1.570796e+00	5.614758e+00	2.996513e-01	2.996513e-01
1.570796e+00	1.633628e+00	5.237296e+00	2.887206e-01	2.887206e-01
1.633628e+00	1.696460e+00	5.834946e+00	3.061840e-01	3.061840e-01
1.696460e+00	1.759292e+00	5.237296e+00	2.904291e-01	2.904291e-01
1.759292e+00	1.822124e+00	5.897855e+00	3.085981e-01	3.085981e-01
1.822124e+00	1.884956e+00	5.441754e+00	2.984105e-01	2.984105e-01
1.884956e+00	1.947787e+00	5.992316e+00	3.094035e-01	3.094035e-01
1.947787e+00	2.010619e+00	6.762874e+00	3.306541e-01	3.306541e-01
2.010619e+00	2.073451e+00	6.039403e+00	3.137649e-01	3.137649e-01
2.073451e+00	2.136283e+00	6.212408e+00	3.203959e-01	3.203959e-01
2.136283e+00	2.199115e+00	6.448323e+00	3.223202e-01	3.223202e-01
2.199115e+00	2.261947e+00	6.416867e+00	3.253754e-01	3.253754e-01
2.261947e+00	2.324779e+00	6.778602e+00	3.332622e-01	3.332622e-01
2.324779e+00	2.387610e+00	6.888805e+00	3.358553e-01	3.358553e-01
2.387610e+00	2.450442e+00	7.171791e+00	3.365857e-01	3.365857e-01
2.450442e+00	2.513274e+00	7.596438e+00	3.527336e-01	3.527336e-01
2.513274e+00	2.576106e+00	7.612166e+00	3.502706e-01	3.502706e-01
2.576106e+00	2.638938e+00	7.486345e+00	3.502706e-01	3.502706e-01
2.638938e+00	2.701770e+00	7.942445e+00	3.562227e-01	3.562227e-01
2.701770e+00	2.764602e+00	8.477184e+00	3.685098e-01	3.685098e-01
2.764602e+00	2.827433e+00	8.036939e+00	3.637866e-01	3.637866e-01
2.827433e+00	2.890265e+00	8.697371e+00	3.764785e-01	3.764785e-01
2.890265e+00	2.953097e+00	8.319909e+00	3.698498e-01	3.698498e-01
2.953097e+00	3.015929e+00	8.587277e+00	3.754916e-01	3.754916e-01
3.015929e+00	3.078761e+00	8.382818e+00	3.691804e-01	3.691804e-01
3.078761e+00	3.141593e+00	9.027650e+00	3.800750e-01	3.800750e-01
# END HISTO1D

