# BEGIN PLOT
Legend=1
LogY=1
LegendPlacement=manual
LegendAlign=r
LegendXPos=1.32
RightMargin=3.3
Title=Jet $\phi$ distribution
XLabel=$\phi^\mathrm{jet}$ [rad]
YLabel=$\mathrm{d}\sigma/\mathrm{d}\phi^\mathrm{jet}$ [pb/rad]
XMin=0
DrawOnly=//eos/home-y/yiyu/monobc/Rivet_New/X1000_Qd10.yoda.gz/JetMETAnalysis/jet_phi //eos/home-y/yiyu/monobc/Rivet_New/X1000_Qd20.yoda.gz/JetMETAnalysis/jet_phi //eos/home-y/yiyu/monobc/Rivet_New/X1000_Qd40.yoda.gz/JetMETAnalysis/jet_phi //eos/home-y/yiyu/monobc/Rivet_New/X1200_Qd10.yoda.gz/JetMETAnalysis/jet_phi //eos/home-y/yiyu/monobc/Rivet_New/X1200_Qd20.yoda.gz/JetMETAnalysis/jet_phi //eos/home-y/yiyu/monobc/Rivet_New/X1200_Qd40.yoda.gz/JetMETAnalysis/jet_phi //eos/home-y/yiyu/monobc/Rivet_New/X1500_Qd10.yoda.gz/JetMETAnalysis/jet_phi //eos/home-y/yiyu/monobc/Rivet_New/X1500_Qd20.yoda.gz/JetMETAnalysis/jet_phi //eos/home-y/yiyu/monobc/Rivet_New/X1500_Qd40.yoda.gz/JetMETAnalysis/jet_phi //eos/home-y/yiyu/monobc/Rivet_New/X2000_Qd10.yoda.gz/JetMETAnalysis/jet_phi //eos/home-y/yiyu/monobc/Rivet_New/X2000_Qd20.yoda.gz/JetMETAnalysis/jet_phi //eos/home-y/yiyu/monobc/Rivet_New/X2000_Qd40.yoda.gz/JetMETAnalysis/jet_phi //eos/home-y/yiyu/monobc/Rivet_New/X600_Qd10.yoda.gz/JetMETAnalysis/jet_phi //eos/home-y/yiyu/monobc/Rivet_New/X600_Qd20.yoda.gz/JetMETAnalysis/jet_phi //eos/home-y/yiyu/monobc/Rivet_New/X600_Qd40.yoda.gz/JetMETAnalysis/jet_phi //eos/home-y/yiyu/monobc/Rivet_New/X800_Qd10.yoda.gz/JetMETAnalysis/jet_phi //eos/home-y/yiyu/monobc/Rivet_New/X800_Qd20.yoda.gz/JetMETAnalysis/jet_phi //eos/home-y/yiyu/monobc/Rivet_New/X800_Qd40.yoda.gz/JetMETAnalysis/jet_phi
LegendOnly=//eos/home-y/yiyu/monobc/Rivet_New/X1000_Qd10.yoda.gz/JetMETAnalysis/jet_phi //eos/home-y/yiyu/monobc/Rivet_New/X1000_Qd20.yoda.gz/JetMETAnalysis/jet_phi //eos/home-y/yiyu/monobc/Rivet_New/X1000_Qd40.yoda.gz/JetMETAnalysis/jet_phi //eos/home-y/yiyu/monobc/Rivet_New/X1200_Qd10.yoda.gz/JetMETAnalysis/jet_phi //eos/home-y/yiyu/monobc/Rivet_New/X1200_Qd20.yoda.gz/JetMETAnalysis/jet_phi //eos/home-y/yiyu/monobc/Rivet_New/X1200_Qd40.yoda.gz/JetMETAnalysis/jet_phi //eos/home-y/yiyu/monobc/Rivet_New/X1500_Qd10.yoda.gz/JetMETAnalysis/jet_phi //eos/home-y/yiyu/monobc/Rivet_New/X1500_Qd20.yoda.gz/JetMETAnalysis/jet_phi //eos/home-y/yiyu/monobc/Rivet_New/X1500_Qd40.yoda.gz/JetMETAnalysis/jet_phi //eos/home-y/yiyu/monobc/Rivet_New/X2000_Qd10.yoda.gz/JetMETAnalysis/jet_phi //eos/home-y/yiyu/monobc/Rivet_New/X2000_Qd20.yoda.gz/JetMETAnalysis/jet_phi //eos/home-y/yiyu/monobc/Rivet_New/X2000_Qd40.yoda.gz/JetMETAnalysis/jet_phi //eos/home-y/yiyu/monobc/Rivet_New/X600_Qd10.yoda.gz/JetMETAnalysis/jet_phi //eos/home-y/yiyu/monobc/Rivet_New/X600_Qd20.yoda.gz/JetMETAnalysis/jet_phi //eos/home-y/yiyu/monobc/Rivet_New/X600_Qd40.yoda.gz/JetMETAnalysis/jet_phi //eos/home-y/yiyu/monobc/Rivet_New/X800_Qd10.yoda.gz/JetMETAnalysis/jet_phi //eos/home-y/yiyu/monobc/Rivet_New/X800_Qd20.yoda.gz/JetMETAnalysis/jet_phi //eos/home-y/yiyu/monobc/Rivet_New/X800_Qd40.yoda.gz/JetMETAnalysis/jet_phi
RatioPlot=1
RatioPlotReference=//eos/home-y/yiyu/monobc/Rivet_New/X1000_Qd10.yoda.gz/JetMETAnalysis/jet_phi
RatioPlotYLabel=Ratio
# END PLOT

# BEGIN HISTO1D //eos/home-y/yiyu/monobc/Rivet_New/X1000_Qd10.yoda.gz/JetMETAnalysis/jet_phi
ErrorBars=1
LineColor=red
LineStyle=solid
Path=//eos/home-y/yiyu/monobc/Rivet_New/X1000_Qd10.yoda.gz/JetMETAnalysis/jet_phi
ScaledBy=5.48322731914258780e-06
Title=X1000_Qd10
# xlow	 xhigh	 val	 errminus	 errplus
-3.141593e+00	-3.015929e+00	0.000000e+00	0.000000e+00	0.000000e+00
-3.015929e+00	-2.890265e+00	0.000000e+00	0.000000e+00	0.000000e+00
-2.890265e+00	-2.764602e+00	0.000000e+00	0.000000e+00	0.000000e+00
-2.764602e+00	-2.638938e+00	0.000000e+00	0.000000e+00	0.000000e+00
-2.638938e+00	-2.513274e+00	0.000000e+00	0.000000e+00	0.000000e+00
-2.513274e+00	-2.387610e+00	0.000000e+00	0.000000e+00	0.000000e+00
-2.387610e+00	-2.261947e+00	0.000000e+00	0.000000e+00	0.000000e+00
-2.261947e+00	-2.136283e+00	0.000000e+00	0.000000e+00	0.000000e+00
-2.136283e+00	-2.010619e+00	0.000000e+00	0.000000e+00	0.000000e+00
-2.010619e+00	-1.884956e+00	0.000000e+00	0.000000e+00	0.000000e+00
-1.884956e+00	-1.759292e+00	0.000000e+00	0.000000e+00	0.000000e+00
-1.759292e+00	-1.633628e+00	0.000000e+00	0.000000e+00	0.000000e+00
-1.633628e+00	-1.507964e+00	0.000000e+00	0.000000e+00	0.000000e+00
-1.507964e+00	-1.382301e+00	0.000000e+00	0.000000e+00	0.000000e+00
-1.382301e+00	-1.256637e+00	0.000000e+00	0.000000e+00	0.000000e+00
-1.256637e+00	-1.130973e+00	0.000000e+00	0.000000e+00	0.000000e+00
-1.130973e+00	-1.005310e+00	0.000000e+00	0.000000e+00	0.000000e+00
-1.005310e+00	-8.796459e-01	0.000000e+00	0.000000e+00	0.000000e+00
-8.796459e-01	-7.539822e-01	0.000000e+00	0.000000e+00	0.000000e+00
-7.539822e-01	-6.283185e-01	0.000000e+00	0.000000e+00	0.000000e+00
-6.283185e-01	-5.026548e-01	0.000000e+00	0.000000e+00	0.000000e+00
-5.026548e-01	-3.769911e-01	0.000000e+00	0.000000e+00	0.000000e+00
-3.769911e-01	-2.513274e-01	0.000000e+00	0.000000e+00	0.000000e+00
-2.513274e-01	-1.256637e-01	0.000000e+00	0.000000e+00	0.000000e+00
-1.256637e-01	4.440892e-16	0.000000e+00	0.000000e+00	0.000000e+00
4.440892e-16	1.256637e-01	1.001075e+00	3.298382e-02	3.298382e-02
1.256637e-01	2.513274e-01	9.715423e-01	3.242890e-02	3.242890e-02
2.513274e-01	3.769911e-01	9.898730e-01	3.277880e-02	3.277880e-02
3.769911e-01	5.026548e-01	9.970015e-01	3.250876e-02	3.250876e-02
5.026548e-01	6.283185e-01	9.562666e-01	3.225253e-02	3.225253e-02
6.283185e-01	7.539822e-01	9.562666e-01	3.209134e-02	3.209134e-02
7.539822e-01	8.796459e-01	9.847808e-01	3.273131e-02	3.273131e-02
8.796459e-01	1.005310e+00	1.013293e+00	3.285770e-02	3.285770e-02
1.005310e+00	1.130973e+00	1.007191e+00	3.288955e-02	3.288955e-02
1.130973e+00	1.256637e+00	1.013293e+00	3.329669e-02	3.329669e-02
1.256637e+00	1.382301e+00	9.969991e-01	3.266780e-02	3.266780e-02
1.382301e+00	1.507964e+00	9.949707e-01	3.260450e-02	3.260450e-02
1.507964e+00	1.633628e+00	1.014312e+00	3.328111e-02	3.328111e-02
1.633628e+00	1.759292e+00	9.745950e-01	3.241283e-02	3.241283e-02
1.759292e+00	1.884956e+00	9.623743e-01	3.205893e-02	3.205893e-02
1.884956e+00	2.010619e+00	1.003118e+00	3.285799e-02	3.285799e-02
2.010619e+00	2.136283e+00	9.868156e-01	3.276291e-02	3.276291e-02
2.136283e+00	2.261947e+00	1.031625e+00	3.329669e-02	3.329669e-02
2.261947e+00	2.387610e+00	9.858049e-01	3.262041e-02	3.262041e-02
2.387610e+00	2.513274e+00	9.511722e-01	3.207511e-02	3.207511e-02
2.513274e+00	2.638938e+00	9.684850e-01	3.215583e-02	3.215583e-02
2.638938e+00	2.764602e+00	1.055048e+00	3.368379e-02	3.368379e-02
2.764602e+00	2.890265e+00	1.012284e+00	3.303113e-02	3.303113e-02
2.890265e+00	3.015929e+00	9.949628e-01	3.301518e-02	3.301518e-02
3.015929e+00	3.141593e+00	9.847785e-01	3.254056e-02	3.254056e-02
# END HISTO1D


# BEGIN HISTO1D //eos/home-y/yiyu/monobc/Rivet_New/X1000_Qd20.yoda.gz/JetMETAnalysis/jet_phi
ErrorBars=1
LineColor=blue
LineStyle=solid
Path=//eos/home-y/yiyu/monobc/Rivet_New/X1000_Qd20.yoda.gz/JetMETAnalysis/jet_phi
ScaledBy=5.52862103139360398e-06
Title=X1000_Qd20
# xlow	 xhigh	 val	 errminus	 errplus
-3.141593e+00	-3.015929e+00	0.000000e+00	0.000000e+00	0.000000e+00
-3.015929e+00	-2.890265e+00	0.000000e+00	0.000000e+00	0.000000e+00
-2.890265e+00	-2.764602e+00	0.000000e+00	0.000000e+00	0.000000e+00
-2.764602e+00	-2.638938e+00	0.000000e+00	0.000000e+00	0.000000e+00
-2.638938e+00	-2.513274e+00	0.000000e+00	0.000000e+00	0.000000e+00
-2.513274e+00	-2.387610e+00	0.000000e+00	0.000000e+00	0.000000e+00
-2.387610e+00	-2.261947e+00	0.000000e+00	0.000000e+00	0.000000e+00
-2.261947e+00	-2.136283e+00	0.000000e+00	0.000000e+00	0.000000e+00
-2.136283e+00	-2.010619e+00	0.000000e+00	0.000000e+00	0.000000e+00
-2.010619e+00	-1.884956e+00	0.000000e+00	0.000000e+00	0.000000e+00
-1.884956e+00	-1.759292e+00	0.000000e+00	0.000000e+00	0.000000e+00
-1.759292e+00	-1.633628e+00	0.000000e+00	0.000000e+00	0.000000e+00
-1.633628e+00	-1.507964e+00	0.000000e+00	0.000000e+00	0.000000e+00
-1.507964e+00	-1.382301e+00	0.000000e+00	0.000000e+00	0.000000e+00
-1.382301e+00	-1.256637e+00	0.000000e+00	0.000000e+00	0.000000e+00
-1.256637e+00	-1.130973e+00	0.000000e+00	0.000000e+00	0.000000e+00
-1.130973e+00	-1.005310e+00	0.000000e+00	0.000000e+00	0.000000e+00
-1.005310e+00	-8.796459e-01	0.000000e+00	0.000000e+00	0.000000e+00
-8.796459e-01	-7.539822e-01	0.000000e+00	0.000000e+00	0.000000e+00
-7.539822e-01	-6.283185e-01	0.000000e+00	0.000000e+00	0.000000e+00
-6.283185e-01	-5.026548e-01	0.000000e+00	0.000000e+00	0.000000e+00
-5.026548e-01	-3.769911e-01	0.000000e+00	0.000000e+00	0.000000e+00
-3.769911e-01	-2.513274e-01	0.000000e+00	0.000000e+00	0.000000e+00
-2.513274e-01	-1.256637e-01	0.000000e+00	0.000000e+00	0.000000e+00
-1.256637e-01	4.440892e-16	0.000000e+00	0.000000e+00	0.000000e+00
4.440892e-16	1.256637e-01	9.969920e-01	3.293669e-02	3.293669e-02
1.256637e-01	2.513274e-01	1.009313e+00	3.287262e-02	3.287262e-02
2.513274e-01	3.769911e-01	1.024714e+00	3.320765e-02	3.320765e-02
3.769911e-01	5.026548e-01	9.754297e-01	3.250171e-02	3.250171e-02
5.026548e-01	6.283185e-01	1.005206e+00	3.296868e-02	3.296868e-02
6.283185e-01	7.539822e-01	9.918576e-01	3.285657e-02	3.285657e-02
7.539822e-01	8.796459e-01	9.507869e-01	3.217570e-02	3.217570e-02
8.796459e-01	1.005310e+00	9.323021e-01	3.194542e-02	3.194542e-02
1.005310e+00	1.130973e+00	9.949436e-01	3.277644e-02	3.277644e-02
1.130973e+00	1.256637e+00	9.969896e-01	3.280833e-02	3.280833e-02
1.256637e+00	1.382301e+00	1.003150e+00	3.312811e-02	3.312811e-02
1.382301e+00	1.507964e+00	1.019587e+00	3.309653e-02	3.309653e-02
1.507964e+00	1.633628e+00	9.672134e-01	3.272789e-02	3.272789e-02
1.633628e+00	1.759292e+00	1.018551e+00	3.342906e-02	3.342906e-02
1.759292e+00	1.884956e+00	9.292224e-01	3.153022e-02	3.153022e-02
1.884956e+00	2.010619e+00	1.013426e+00	3.316018e-02	3.316018e-02
2.010619e+00	2.136283e+00	1.033952e+00	3.341329e-02	3.341329e-02
2.136283e+00	2.261947e+00	9.856952e-01	3.269567e-02	3.269567e-02
2.261947e+00	2.387610e+00	9.302571e-01	3.171384e-02	3.171384e-02
2.387610e+00	2.513274e+00	1.019578e+00	3.322344e-02	3.322344e-02
2.513274e+00	2.638938e+00	9.980161e-01	3.288856e-02	3.288856e-02
2.638938e+00	2.764602e+00	9.589986e-01	3.233904e-02	3.233904e-02
2.764602e+00	2.890265e+00	1.021640e+00	3.322370e-02	3.322370e-02
2.890265e+00	3.015929e+00	9.435972e-01	3.225744e-02	3.225744e-02
3.015929e+00	3.141593e+00	1.025738e+00	3.331850e-02	3.331850e-02
# END HISTO1D


# BEGIN HISTO1D //eos/home-y/yiyu/monobc/Rivet_New/X1000_Qd40.yoda.gz/JetMETAnalysis/jet_phi
ErrorBars=1
LineColor=green
LineStyle=solid
Path=//eos/home-y/yiyu/monobc/Rivet_New/X1000_Qd40.yoda.gz/JetMETAnalysis/jet_phi
ScaledBy=5.48005515723495775e-06
Title=X1000_Qd40
# xlow	 xhigh	 val	 errminus	 errplus
-3.141593e+00	-3.015929e+00	0.000000e+00	0.000000e+00	0.000000e+00
-3.015929e+00	-2.890265e+00	0.000000e+00	0.000000e+00	0.000000e+00
-2.890265e+00	-2.764602e+00	0.000000e+00	0.000000e+00	0.000000e+00
-2.764602e+00	-2.638938e+00	0.000000e+00	0.000000e+00	0.000000e+00
-2.638938e+00	-2.513274e+00	0.000000e+00	0.000000e+00	0.000000e+00
-2.513274e+00	-2.387610e+00	0.000000e+00	0.000000e+00	0.000000e+00
-2.387610e+00	-2.261947e+00	0.000000e+00	0.000000e+00	0.000000e+00
-2.261947e+00	-2.136283e+00	0.000000e+00	0.000000e+00	0.000000e+00
-2.136283e+00	-2.010619e+00	0.000000e+00	0.000000e+00	0.000000e+00
-2.010619e+00	-1.884956e+00	0.000000e+00	0.000000e+00	0.000000e+00
-1.884956e+00	-1.759292e+00	0.000000e+00	0.000000e+00	0.000000e+00
-1.759292e+00	-1.633628e+00	0.000000e+00	0.000000e+00	0.000000e+00
-1.633628e+00	-1.507964e+00	0.000000e+00	0.000000e+00	0.000000e+00
-1.507964e+00	-1.382301e+00	0.000000e+00	0.000000e+00	0.000000e+00
-1.382301e+00	-1.256637e+00	0.000000e+00	0.000000e+00	0.000000e+00
-1.256637e+00	-1.130973e+00	0.000000e+00	0.000000e+00	0.000000e+00
-1.130973e+00	-1.005310e+00	0.000000e+00	0.000000e+00	0.000000e+00
-1.005310e+00	-8.796459e-01	0.000000e+00	0.000000e+00	0.000000e+00
-8.796459e-01	-7.539822e-01	0.000000e+00	0.000000e+00	0.000000e+00
-7.539822e-01	-6.283185e-01	0.000000e+00	0.000000e+00	0.000000e+00
-6.283185e-01	-5.026548e-01	0.000000e+00	0.000000e+00	0.000000e+00
-5.026548e-01	-3.769911e-01	0.000000e+00	0.000000e+00	0.000000e+00
-3.769911e-01	-2.513274e-01	0.000000e+00	0.000000e+00	0.000000e+00
-2.513274e-01	-1.256637e-01	0.000000e+00	0.000000e+00	0.000000e+00
-1.256637e-01	4.440892e-16	0.000000e+00	0.000000e+00	0.000000e+00
4.440892e-16	1.256637e-01	1.014638e+00	3.287158e-02	3.287158e-02
1.256637e-01	2.513274e-01	9.580452e-01	3.224420e-02	3.224420e-02
2.513274e-01	3.769911e-01	9.438971e-01	3.224420e-02	3.224420e-02
3.769911e-01	5.026548e-01	9.519814e-01	3.179767e-02	3.179767e-02
5.026548e-01	6.283185e-01	9.853315e-01	3.219665e-02	3.219665e-02
6.283185e-01	7.539822e-01	9.883634e-01	3.280938e-02	3.280938e-02
7.539822e-01	8.796459e-01	9.529920e-01	3.187787e-02	3.187787e-02
8.796459e-01	1.005310e+00	1.016656e+00	3.262196e-02	3.262196e-02
1.005310e+00	1.130973e+00	1.006560e+00	3.280956e-02	3.280956e-02
1.130973e+00	1.256637e+00	1.054050e+00	3.365445e-02	3.365445e-02
1.256637e+00	1.382301e+00	9.327779e-01	3.162044e-02	3.162044e-02
1.382301e+00	1.507964e+00	9.994851e-01	3.270042e-02	3.270042e-02
1.507964e+00	1.633628e+00	9.873504e-01	3.294908e-02	3.294908e-02
1.633628e+00	1.759292e+00	1.037880e+00	3.328829e-02	3.328829e-02
1.759292e+00	1.884956e+00	9.479374e-01	3.179759e-02	3.179759e-02
1.884956e+00	2.010619e+00	9.267223e-01	3.136124e-02	3.136124e-02
2.010619e+00	2.136283e+00	9.893717e-01	3.225996e-02	3.225996e-02
2.136283e+00	2.261947e+00	1.002509e+00	3.284041e-02	3.284041e-02
2.261947e+00	2.387610e+00	1.031825e+00	3.331923e-02	3.331923e-02
2.387610e+00	2.513274e+00	9.580429e-01	3.218071e-02	3.218071e-02
2.513274e+00	2.638938e+00	9.489480e-01	3.184573e-02	3.184573e-02
2.638938e+00	2.764602e+00	9.540004e-01	3.179759e-02	3.179759e-02
2.764602e+00	2.890265e+00	9.368279e-01	3.162069e-02	3.162069e-02
2.890265e+00	3.015929e+00	9.590535e-01	3.229160e-02	3.229160e-02
3.015929e+00	3.141593e+00	9.449055e-01	3.197375e-02	3.197375e-02
# END HISTO1D


# BEGIN HISTO1D //eos/home-y/yiyu/monobc/Rivet_New/X1200_Qd10.yoda.gz/JetMETAnalysis/jet_phi
ErrorBars=1
LineColor=orange
LineStyle=solid
Path=//eos/home-y/yiyu/monobc/Rivet_New/X1200_Qd10.yoda.gz/JetMETAnalysis/jet_phi
ScaledBy=5.27103186964924430e-06
Title=X1200_Qd10
# xlow	 xhigh	 val	 errminus	 errplus
-3.141593e+00	-3.015929e+00	0.000000e+00	0.000000e+00	0.000000e+00
-3.015929e+00	-2.890265e+00	0.000000e+00	0.000000e+00	0.000000e+00
-2.890265e+00	-2.764602e+00	0.000000e+00	0.000000e+00	0.000000e+00
-2.764602e+00	-2.638938e+00	0.000000e+00	0.000000e+00	0.000000e+00
-2.638938e+00	-2.513274e+00	0.000000e+00	0.000000e+00	0.000000e+00
-2.513274e+00	-2.387610e+00	0.000000e+00	0.000000e+00	0.000000e+00
-2.387610e+00	-2.261947e+00	0.000000e+00	0.000000e+00	0.000000e+00
-2.261947e+00	-2.136283e+00	0.000000e+00	0.000000e+00	0.000000e+00
-2.136283e+00	-2.010619e+00	0.000000e+00	0.000000e+00	0.000000e+00
-2.010619e+00	-1.884956e+00	0.000000e+00	0.000000e+00	0.000000e+00
-1.884956e+00	-1.759292e+00	0.000000e+00	0.000000e+00	0.000000e+00
-1.759292e+00	-1.633628e+00	0.000000e+00	0.000000e+00	0.000000e+00
-1.633628e+00	-1.507964e+00	0.000000e+00	0.000000e+00	0.000000e+00
-1.507964e+00	-1.382301e+00	0.000000e+00	0.000000e+00	0.000000e+00
-1.382301e+00	-1.256637e+00	0.000000e+00	0.000000e+00	0.000000e+00
-1.256637e+00	-1.130973e+00	0.000000e+00	0.000000e+00	0.000000e+00
-1.130973e+00	-1.005310e+00	0.000000e+00	0.000000e+00	0.000000e+00
-1.005310e+00	-8.796459e-01	0.000000e+00	0.000000e+00	0.000000e+00
-8.796459e-01	-7.539822e-01	0.000000e+00	0.000000e+00	0.000000e+00
-7.539822e-01	-6.283185e-01	0.000000e+00	0.000000e+00	0.000000e+00
-6.283185e-01	-5.026548e-01	0.000000e+00	0.000000e+00	0.000000e+00
-5.026548e-01	-3.769911e-01	0.000000e+00	0.000000e+00	0.000000e+00
-3.769911e-01	-2.513274e-01	0.000000e+00	0.000000e+00	0.000000e+00
-2.513274e-01	-1.256637e-01	0.000000e+00	0.000000e+00	0.000000e+00
-1.256637e-01	4.440892e-16	0.000000e+00	0.000000e+00	0.000000e+00
4.440892e-16	1.256637e-01	3.525787e-01	1.215073e-02	1.215073e-02
1.256637e-01	2.513274e-01	3.381568e-01	1.192337e-02	1.192337e-02
2.513274e-01	3.769911e-01	3.457473e-01	1.203160e-02	1.203160e-02
3.769911e-01	5.026548e-01	3.833202e-01	1.257597e-02	1.257597e-02
5.026548e-01	6.283185e-01	3.586511e-01	1.243198e-02	1.243198e-02
6.283185e-01	7.539822e-01	3.453678e-01	1.233310e-02	1.233310e-02
7.539822e-01	8.796459e-01	3.673802e-01	1.257597e-02	1.257597e-02
8.796459e-01	1.005310e+00	3.742105e-01	1.244931e-02	1.244931e-02
1.005310e+00	1.130973e+00	3.734547e-01	1.250713e-02	1.250713e-02
1.130973e+00	1.256637e+00	3.506803e-01	1.226280e-02	1.226280e-02
1.256637e+00	1.382301e+00	3.453669e-01	1.206146e-02	1.206146e-02
1.382301e+00	1.507964e+00	3.670028e-01	1.243205e-02	1.243205e-02
1.507964e+00	1.633628e+00	3.700360e-01	1.229213e-02	1.229213e-02
1.633628e+00	1.759292e+00	3.685180e-01	1.254728e-02	1.254728e-02
1.759292e+00	1.884956e+00	3.506803e-01	1.212103e-02	1.212103e-02
1.884956e+00	2.010619e+00	3.651051e-01	1.235651e-02	1.235651e-02
2.010619e+00	2.136283e+00	3.833193e-01	1.289265e-02	1.289265e-02
2.136283e+00	2.261947e+00	3.487826e-01	1.212697e-02	1.212697e-02
2.261947e+00	2.387610e+00	3.457492e-01	1.213894e-02	1.213894e-02
2.387610e+00	2.513274e+00	3.666203e-01	1.258739e-02	1.258739e-02
2.513274e+00	2.638938e+00	3.404331e-01	1.209128e-02	1.209128e-02
2.638938e+00	2.764602e+00	3.658613e-01	1.233308e-02	1.233308e-02
2.764602e+00	2.890265e+00	3.468878e-01	1.222761e-02	1.222761e-02
2.890265e+00	3.015929e+00	3.651022e-01	1.246088e-02	1.246088e-02
3.015929e+00	3.141593e+00	3.575117e-01	1.215663e-02	1.215663e-02
# END HISTO1D


# BEGIN HISTO1D //eos/home-y/yiyu/monobc/Rivet_New/X1200_Qd20.yoda.gz/JetMETAnalysis/jet_phi
ErrorBars=1
LineColor=lilac
LineStyle=solid
Path=//eos/home-y/yiyu/monobc/Rivet_New/X1200_Qd20.yoda.gz/JetMETAnalysis/jet_phi
ScaledBy=5.19290666962896709e-06
Title=X1200_Qd20
# xlow	 xhigh	 val	 errminus	 errplus
-3.141593e+00	-3.015929e+00	0.000000e+00	0.000000e+00	0.000000e+00
-3.015929e+00	-2.890265e+00	0.000000e+00	0.000000e+00	0.000000e+00
-2.890265e+00	-2.764602e+00	0.000000e+00	0.000000e+00	0.000000e+00
-2.764602e+00	-2.638938e+00	0.000000e+00	0.000000e+00	0.000000e+00
-2.638938e+00	-2.513274e+00	0.000000e+00	0.000000e+00	0.000000e+00
-2.513274e+00	-2.387610e+00	0.000000e+00	0.000000e+00	0.000000e+00
-2.387610e+00	-2.261947e+00	0.000000e+00	0.000000e+00	0.000000e+00
-2.261947e+00	-2.136283e+00	0.000000e+00	0.000000e+00	0.000000e+00
-2.136283e+00	-2.010619e+00	0.000000e+00	0.000000e+00	0.000000e+00
-2.010619e+00	-1.884956e+00	0.000000e+00	0.000000e+00	0.000000e+00
-1.884956e+00	-1.759292e+00	0.000000e+00	0.000000e+00	0.000000e+00
-1.759292e+00	-1.633628e+00	0.000000e+00	0.000000e+00	0.000000e+00
-1.633628e+00	-1.507964e+00	0.000000e+00	0.000000e+00	0.000000e+00
-1.507964e+00	-1.382301e+00	0.000000e+00	0.000000e+00	0.000000e+00
-1.382301e+00	-1.256637e+00	0.000000e+00	0.000000e+00	0.000000e+00
-1.256637e+00	-1.130973e+00	0.000000e+00	0.000000e+00	0.000000e+00
-1.130973e+00	-1.005310e+00	0.000000e+00	0.000000e+00	0.000000e+00
-1.005310e+00	-8.796459e-01	0.000000e+00	0.000000e+00	0.000000e+00
-8.796459e-01	-7.539822e-01	0.000000e+00	0.000000e+00	0.000000e+00
-7.539822e-01	-6.283185e-01	0.000000e+00	0.000000e+00	0.000000e+00
-6.283185e-01	-5.026548e-01	0.000000e+00	0.000000e+00	0.000000e+00
-5.026548e-01	-3.769911e-01	0.000000e+00	0.000000e+00	0.000000e+00
-3.769911e-01	-2.513274e-01	0.000000e+00	0.000000e+00	0.000000e+00
-2.513274e-01	-1.256637e-01	0.000000e+00	0.000000e+00	0.000000e+00
-1.256637e-01	4.440892e-16	0.000000e+00	0.000000e+00	0.000000e+00
4.440892e-16	1.256637e-01	3.373668e-01	1.188937e-02	1.188937e-02
1.256637e-01	2.513274e-01	3.388662e-01	1.190118e-02	1.190118e-02
2.513274e-01	3.769911e-01	3.643561e-01	1.227318e-02	1.227318e-02
3.769911e-01	5.026548e-01	3.594831e-01	1.214081e-02	1.214081e-02
5.026548e-01	6.283185e-01	3.407405e-01	1.191888e-02	1.191888e-02
6.283185e-01	7.539822e-01	3.516112e-01	1.199526e-02	1.199526e-02
7.539822e-01	8.796459e-01	3.557346e-01	1.214081e-02	1.214081e-02
8.796459e-01	1.005310e+00	3.576077e-01	1.218121e-02	1.218121e-02
1.005310e+00	1.130973e+00	3.793524e-01	1.238721e-02	1.238721e-02
1.130973e+00	1.256637e+00	3.594823e-01	1.209440e-02	1.209440e-02
1.256637e+00	1.382301e+00	3.579828e-01	1.218699e-02	1.218699e-02
1.382301e+00	1.507964e+00	3.294967e-01	1.157201e-02	1.157201e-02
1.507964e+00	1.633628e+00	3.426140e-01	1.186568e-02	1.186568e-02
1.633628e+00	1.759292e+00	3.519852e-01	1.196592e-02	1.196592e-02
1.759292e+00	1.884956e+00	3.587326e-01	1.234735e-02	1.234735e-02
1.884956e+00	2.010619e+00	3.681068e-01	1.229613e-02	1.229613e-02
2.010619e+00	2.136283e+00	3.549840e-01	1.202449e-02	1.202449e-02
2.136283e+00	2.261947e+00	3.493612e-01	1.194829e-02	1.194829e-02
2.261947e+00	2.387610e+00	3.816015e-01	1.254502e-02	1.254502e-02
2.387610e+00	2.513274e+00	3.853470e-01	1.253371e-02	1.253371e-02
2.513274e+00	2.638938e+00	3.624811e-01	1.219851e-02	1.219851e-02
2.638938e+00	2.764602e+00	3.534846e-01	1.191885e-02	1.191885e-02
2.764602e+00	2.890265e+00	3.459904e-01	1.203626e-02	1.203626e-02
2.890265e+00	3.015929e+00	3.504858e-01	1.203617e-02	1.203617e-02
3.015929e+00	3.141593e+00	3.579828e-01	1.215235e-02	1.215235e-02
# END HISTO1D


# BEGIN HISTO1D //eos/home-y/yiyu/monobc/Rivet_New/X1200_Qd40.yoda.gz/JetMETAnalysis/jet_phi
ErrorBars=1
LineColor=red
LineStyle=dashed
Path=//eos/home-y/yiyu/monobc/Rivet_New/X1200_Qd40.yoda.gz/JetMETAnalysis/jet_phi
ScaledBy=5.22283476701891235e-06
Title=X1200_Qd40
# xlow	 xhigh	 val	 errminus	 errplus
-3.141593e+00	-3.015929e+00	0.000000e+00	0.000000e+00	0.000000e+00
-3.015929e+00	-2.890265e+00	0.000000e+00	0.000000e+00	0.000000e+00
-2.890265e+00	-2.764602e+00	0.000000e+00	0.000000e+00	0.000000e+00
-2.764602e+00	-2.638938e+00	0.000000e+00	0.000000e+00	0.000000e+00
-2.638938e+00	-2.513274e+00	0.000000e+00	0.000000e+00	0.000000e+00
-2.513274e+00	-2.387610e+00	0.000000e+00	0.000000e+00	0.000000e+00
-2.387610e+00	-2.261947e+00	0.000000e+00	0.000000e+00	0.000000e+00
-2.261947e+00	-2.136283e+00	0.000000e+00	0.000000e+00	0.000000e+00
-2.136283e+00	-2.010619e+00	0.000000e+00	0.000000e+00	0.000000e+00
-2.010619e+00	-1.884956e+00	0.000000e+00	0.000000e+00	0.000000e+00
-1.884956e+00	-1.759292e+00	0.000000e+00	0.000000e+00	0.000000e+00
-1.759292e+00	-1.633628e+00	0.000000e+00	0.000000e+00	0.000000e+00
-1.633628e+00	-1.507964e+00	0.000000e+00	0.000000e+00	0.000000e+00
-1.507964e+00	-1.382301e+00	0.000000e+00	0.000000e+00	0.000000e+00
-1.382301e+00	-1.256637e+00	0.000000e+00	0.000000e+00	0.000000e+00
-1.256637e+00	-1.130973e+00	0.000000e+00	0.000000e+00	0.000000e+00
-1.130973e+00	-1.005310e+00	0.000000e+00	0.000000e+00	0.000000e+00
-1.005310e+00	-8.796459e-01	0.000000e+00	0.000000e+00	0.000000e+00
-8.796459e-01	-7.539822e-01	0.000000e+00	0.000000e+00	0.000000e+00
-7.539822e-01	-6.283185e-01	0.000000e+00	0.000000e+00	0.000000e+00
-6.283185e-01	-5.026548e-01	0.000000e+00	0.000000e+00	0.000000e+00
-5.026548e-01	-3.769911e-01	0.000000e+00	0.000000e+00	0.000000e+00
-3.769911e-01	-2.513274e-01	0.000000e+00	0.000000e+00	0.000000e+00
-2.513274e-01	-1.256637e-01	0.000000e+00	0.000000e+00	0.000000e+00
-1.256637e-01	4.440892e-16	0.000000e+00	0.000000e+00	0.000000e+00
4.440892e-16	1.256637e-01	3.677087e-01	1.218632e-02	1.218632e-02
1.256637e-01	2.513274e-01	3.429699e-01	1.203550e-02	1.203550e-02
2.513274e-01	3.769911e-01	3.575883e-01	1.202967e-02	1.202967e-02
3.769911e-01	5.026548e-01	3.549645e-01	1.202382e-02	1.202382e-02
5.026548e-01	6.283185e-01	3.609618e-01	1.208211e-02	1.208211e-02
6.283185e-01	7.539822e-01	3.673339e-01	1.235236e-02	1.235236e-02
7.539822e-01	8.796459e-01	3.489672e-01	1.195351e-02	1.195351e-02
8.796459e-01	1.005310e+00	3.564627e-01	1.188274e-02	1.188274e-02
1.005310e+00	1.130973e+00	3.650869e-01	1.227255e-02	1.227255e-02
1.130973e+00	1.256637e+00	3.542140e-01	1.204714e-02	1.204714e-02
1.256637e+00	1.382301e+00	3.422195e-01	1.185908e-02	1.185908e-02
1.382301e+00	1.507964e+00	3.553413e-01	1.222667e-02	1.222667e-02
1.507964e+00	1.633628e+00	3.234780e-01	1.166798e-02	1.166798e-02
1.633628e+00	1.759292e+00	3.871990e-01	1.249370e-02	1.249370e-02
1.759292e+00	1.884956e+00	3.842004e-01	1.247119e-02	1.247119e-02
1.884956e+00	2.010619e+00	3.718340e-01	1.236380e-02	1.236380e-02
2.010619e+00	2.136283e+00	3.680827e-01	1.223806e-02	1.223806e-02
2.136283e+00	2.261947e+00	3.669582e-01	1.217475e-02	1.217475e-02
2.261947e+00	2.387610e+00	3.388487e-01	1.198292e-02	1.198292e-02
2.387610e+00	2.513274e+00	3.560881e-01	1.215743e-02	1.215743e-02
2.513274e+00	2.638938e+00	3.628351e-01	1.231816e-02	1.231816e-02
2.638938e+00	2.764602e+00	3.658337e-01	1.224953e-02	1.224953e-02
2.764602e+00	2.890265e+00	3.673360e-01	1.214597e-02	1.214597e-02
2.890265e+00	3.015929e+00	3.437188e-01	1.204714e-02	1.204714e-02
3.015929e+00	3.141593e+00	3.665833e-01	1.222657e-02	1.222657e-02
# END HISTO1D


# BEGIN HISTO1D //eos/home-y/yiyu/monobc/Rivet_New/X1500_Qd10.yoda.gz/JetMETAnalysis/jet_phi
ErrorBars=1
LineColor=blue
LineStyle=dashed
Path=//eos/home-y/yiyu/monobc/Rivet_New/X1500_Qd10.yoda.gz/JetMETAnalysis/jet_phi
ScaledBy=4.85368164651075189e-06
Title=X1500_Qd10
# xlow	 xhigh	 val	 errminus	 errplus
-3.141593e+00	-3.015929e+00	0.000000e+00	0.000000e+00	0.000000e+00
-3.015929e+00	-2.890265e+00	0.000000e+00	0.000000e+00	0.000000e+00
-2.890265e+00	-2.764602e+00	0.000000e+00	0.000000e+00	0.000000e+00
-2.764602e+00	-2.638938e+00	0.000000e+00	0.000000e+00	0.000000e+00
-2.638938e+00	-2.513274e+00	0.000000e+00	0.000000e+00	0.000000e+00
-2.513274e+00	-2.387610e+00	0.000000e+00	0.000000e+00	0.000000e+00
-2.387610e+00	-2.261947e+00	0.000000e+00	0.000000e+00	0.000000e+00
-2.261947e+00	-2.136283e+00	0.000000e+00	0.000000e+00	0.000000e+00
-2.136283e+00	-2.010619e+00	0.000000e+00	0.000000e+00	0.000000e+00
-2.010619e+00	-1.884956e+00	0.000000e+00	0.000000e+00	0.000000e+00
-1.884956e+00	-1.759292e+00	0.000000e+00	0.000000e+00	0.000000e+00
-1.759292e+00	-1.633628e+00	0.000000e+00	0.000000e+00	0.000000e+00
-1.633628e+00	-1.507964e+00	0.000000e+00	0.000000e+00	0.000000e+00
-1.507964e+00	-1.382301e+00	0.000000e+00	0.000000e+00	0.000000e+00
-1.382301e+00	-1.256637e+00	0.000000e+00	0.000000e+00	0.000000e+00
-1.256637e+00	-1.130973e+00	0.000000e+00	0.000000e+00	0.000000e+00
-1.130973e+00	-1.005310e+00	0.000000e+00	0.000000e+00	0.000000e+00
-1.005310e+00	-8.796459e-01	0.000000e+00	0.000000e+00	0.000000e+00
-8.796459e-01	-7.539822e-01	0.000000e+00	0.000000e+00	0.000000e+00
-7.539822e-01	-6.283185e-01	0.000000e+00	0.000000e+00	0.000000e+00
-6.283185e-01	-5.026548e-01	0.000000e+00	0.000000e+00	0.000000e+00
-5.026548e-01	-3.769911e-01	0.000000e+00	0.000000e+00	0.000000e+00
-3.769911e-01	-2.513274e-01	0.000000e+00	0.000000e+00	0.000000e+00
-2.513274e-01	-1.256637e-01	0.000000e+00	0.000000e+00	0.000000e+00
-1.256637e-01	4.440892e-16	0.000000e+00	0.000000e+00	0.000000e+00
4.440892e-16	1.256637e-01	8.045657e-02	3.024064e-03	3.024064e-03
1.256637e-01	2.513274e-01	7.791963e-02	2.972039e-03	2.972039e-03
2.513274e-01	3.769911e-01	8.118136e-02	2.963741e-03	2.963741e-03
3.769911e-01	5.026548e-01	8.127200e-02	2.989939e-03	2.989939e-03
5.026548e-01	6.283185e-01	7.864446e-02	3.005002e-03	3.005002e-03
6.283185e-01	7.539822e-01	7.864446e-02	2.955420e-03	2.955420e-03
7.539822e-01	8.796459e-01	7.982234e-02	2.989939e-03	2.989939e-03
8.796459e-01	1.005310e+00	7.873481e-02	2.951241e-03	2.951241e-03
1.005310e+00	1.130973e+00	7.710462e-02	2.928930e-03	2.928930e-03
1.130973e+00	1.256637e+00	8.090941e-02	2.998157e-03	2.998157e-03
1.256637e+00	1.382301e+00	7.945971e-02	2.981683e-03	2.981683e-03
1.382301e+00	1.507964e+00	7.628918e-02	2.930331e-03	2.930331e-03
1.507964e+00	1.633628e+00	8.081877e-02	2.977551e-03	2.977551e-03
1.633628e+00	1.759292e+00	7.502011e-02	2.955413e-03	2.955413e-03
1.759292e+00	1.884956e+00	7.991270e-02	3.026770e-03	3.026770e-03
1.884956e+00	2.010619e+00	7.837309e-02	2.940119e-03	2.940119e-03
2.010619e+00	2.136283e+00	7.945971e-02	2.962349e-03	2.962349e-03
2.136283e+00	2.261947e+00	7.918790e-02	2.977551e-03	2.977551e-03
2.261947e+00	2.387610e+00	6.931261e-02	2.811667e-03	2.811667e-03
2.387610e+00	2.513274e+00	7.601676e-02	2.923295e-03	2.923295e-03
2.513274e+00	2.638938e+00	7.737582e-02	2.977551e-03	2.977551e-03
2.638938e+00	2.764602e+00	7.347984e-02	2.875160e-03	2.875160e-03
2.764602e+00	2.890265e+00	8.308452e-02	3.057825e-03	3.057825e-03
2.890265e+00	3.015929e+00	7.601676e-02	2.923295e-03	2.923295e-03
3.015929e+00	3.141593e+00	7.293622e-02	2.883713e-03	2.883713e-03
# END HISTO1D


# BEGIN HISTO1D //eos/home-y/yiyu/monobc/Rivet_New/X1500_Qd20.yoda.gz/JetMETAnalysis/jet_phi
ErrorBars=1
LineColor=green
LineStyle=dashed
Path=//eos/home-y/yiyu/monobc/Rivet_New/X1500_Qd20.yoda.gz/JetMETAnalysis/jet_phi
ScaledBy=4.86419222989020836e-06
Title=X1500_Qd20
# xlow	 xhigh	 val	 errminus	 errplus
-3.141593e+00	-3.015929e+00	0.000000e+00	0.000000e+00	0.000000e+00
-3.015929e+00	-2.890265e+00	0.000000e+00	0.000000e+00	0.000000e+00
-2.890265e+00	-2.764602e+00	0.000000e+00	0.000000e+00	0.000000e+00
-2.764602e+00	-2.638938e+00	0.000000e+00	0.000000e+00	0.000000e+00
-2.638938e+00	-2.513274e+00	0.000000e+00	0.000000e+00	0.000000e+00
-2.513274e+00	-2.387610e+00	0.000000e+00	0.000000e+00	0.000000e+00
-2.387610e+00	-2.261947e+00	0.000000e+00	0.000000e+00	0.000000e+00
-2.261947e+00	-2.136283e+00	0.000000e+00	0.000000e+00	0.000000e+00
-2.136283e+00	-2.010619e+00	0.000000e+00	0.000000e+00	0.000000e+00
-2.010619e+00	-1.884956e+00	0.000000e+00	0.000000e+00	0.000000e+00
-1.884956e+00	-1.759292e+00	0.000000e+00	0.000000e+00	0.000000e+00
-1.759292e+00	-1.633628e+00	0.000000e+00	0.000000e+00	0.000000e+00
-1.633628e+00	-1.507964e+00	0.000000e+00	0.000000e+00	0.000000e+00
-1.507964e+00	-1.382301e+00	0.000000e+00	0.000000e+00	0.000000e+00
-1.382301e+00	-1.256637e+00	0.000000e+00	0.000000e+00	0.000000e+00
-1.256637e+00	-1.130973e+00	0.000000e+00	0.000000e+00	0.000000e+00
-1.130973e+00	-1.005310e+00	0.000000e+00	0.000000e+00	0.000000e+00
-1.005310e+00	-8.796459e-01	0.000000e+00	0.000000e+00	0.000000e+00
-8.796459e-01	-7.539822e-01	0.000000e+00	0.000000e+00	0.000000e+00
-7.539822e-01	-6.283185e-01	0.000000e+00	0.000000e+00	0.000000e+00
-6.283185e-01	-5.026548e-01	0.000000e+00	0.000000e+00	0.000000e+00
-5.026548e-01	-3.769911e-01	0.000000e+00	0.000000e+00	0.000000e+00
-3.769911e-01	-2.513274e-01	0.000000e+00	0.000000e+00	0.000000e+00
-2.513274e-01	-1.256637e-01	0.000000e+00	0.000000e+00	0.000000e+00
-1.256637e-01	4.440892e-16	0.000000e+00	0.000000e+00	0.000000e+00
4.440892e-16	1.256637e-01	7.902268e-02	3.033749e-03	3.033749e-03
1.256637e-01	2.513274e-01	8.120515e-02	3.033749e-03	3.033749e-03
2.513274e-01	3.769911e-01	7.147506e-02	2.898537e-03	2.898537e-03
3.769911e-01	5.026548e-01	7.274815e-02	2.898537e-03	2.898537e-03
5.026548e-01	6.283185e-01	7.674930e-02	2.918439e-03	2.918439e-03
6.283185e-01	7.539822e-01	7.456686e-02	2.909926e-03	2.909926e-03
7.539822e-01	8.796459e-01	7.465779e-02	2.917022e-03	2.917022e-03
8.796459e-01	1.005310e+00	8.020461e-02	2.966206e-03	2.966206e-03
1.005310e+00	1.130973e+00	7.993244e-02	2.953661e-03	2.953661e-03
1.130973e+00	1.256637e+00	8.475140e-02	3.051407e-03	3.051407e-03
1.256637e+00	1.382301e+00	7.474854e-02	2.915597e-03	2.915597e-03
1.382301e+00	1.507964e+00	7.702254e-02	2.998121e-03	2.998121e-03
1.507964e+00	1.633628e+00	8.520611e-02	3.011857e-03	3.011857e-03
1.633628e+00	1.759292e+00	7.838594e-02	3.015972e-03	3.015972e-03
1.759292e+00	1.884956e+00	8.047746e-02	3.000854e-03	3.000854e-03
1.884956e+00	2.010619e+00	7.856844e-02	2.982912e-03	2.982912e-03
2.010619e+00	2.136283e+00	7.874968e-02	3.013228e-03	3.013228e-03
2.136283e+00	2.261947e+00	7.974997e-02	2.995338e-03	2.995338e-03
2.261947e+00	2.387610e+00	8.238774e-02	3.010507e-03	3.010507e-03
2.387610e+00	2.513274e+00	7.756753e-02	2.984274e-03	2.984274e-03
2.513274e+00	2.638938e+00	7.774940e-02	3.006360e-03	3.006360e-03
2.638938e+00	2.764602e+00	7.438480e-02	2.926919e-03	2.926919e-03
2.764602e+00	2.890265e+00	7.274856e-02	2.869883e-03	2.869883e-03
2.890265e+00	3.015929e+00	7.956810e-02	3.050052e-03	3.050052e-03
3.015929e+00	3.141593e+00	7.538509e-02	2.911339e-03	2.911339e-03
# END HISTO1D


# BEGIN HISTO1D //eos/home-y/yiyu/monobc/Rivet_New/X1500_Qd40.yoda.gz/JetMETAnalysis/jet_phi
ErrorBars=1
LineColor=orange
LineStyle=dashed
Path=//eos/home-y/yiyu/monobc/Rivet_New/X1500_Qd40.yoda.gz/JetMETAnalysis/jet_phi
ScaledBy=4.80517214044239802e-06
Title=X1500_Qd40
# xlow	 xhigh	 val	 errminus	 errplus
-3.141593e+00	-3.015929e+00	0.000000e+00	0.000000e+00	0.000000e+00
-3.015929e+00	-2.890265e+00	0.000000e+00	0.000000e+00	0.000000e+00
-2.890265e+00	-2.764602e+00	0.000000e+00	0.000000e+00	0.000000e+00
-2.764602e+00	-2.638938e+00	0.000000e+00	0.000000e+00	0.000000e+00
-2.638938e+00	-2.513274e+00	0.000000e+00	0.000000e+00	0.000000e+00
-2.513274e+00	-2.387610e+00	0.000000e+00	0.000000e+00	0.000000e+00
-2.387610e+00	-2.261947e+00	0.000000e+00	0.000000e+00	0.000000e+00
-2.261947e+00	-2.136283e+00	0.000000e+00	0.000000e+00	0.000000e+00
-2.136283e+00	-2.010619e+00	0.000000e+00	0.000000e+00	0.000000e+00
-2.010619e+00	-1.884956e+00	0.000000e+00	0.000000e+00	0.000000e+00
-1.884956e+00	-1.759292e+00	0.000000e+00	0.000000e+00	0.000000e+00
-1.759292e+00	-1.633628e+00	0.000000e+00	0.000000e+00	0.000000e+00
-1.633628e+00	-1.507964e+00	0.000000e+00	0.000000e+00	0.000000e+00
-1.507964e+00	-1.382301e+00	0.000000e+00	0.000000e+00	0.000000e+00
-1.382301e+00	-1.256637e+00	0.000000e+00	0.000000e+00	0.000000e+00
-1.256637e+00	-1.130973e+00	0.000000e+00	0.000000e+00	0.000000e+00
-1.130973e+00	-1.005310e+00	0.000000e+00	0.000000e+00	0.000000e+00
-1.005310e+00	-8.796459e-01	0.000000e+00	0.000000e+00	0.000000e+00
-8.796459e-01	-7.539822e-01	0.000000e+00	0.000000e+00	0.000000e+00
-7.539822e-01	-6.283185e-01	0.000000e+00	0.000000e+00	0.000000e+00
-6.283185e-01	-5.026548e-01	0.000000e+00	0.000000e+00	0.000000e+00
-5.026548e-01	-3.769911e-01	0.000000e+00	0.000000e+00	0.000000e+00
-3.769911e-01	-2.513274e-01	0.000000e+00	0.000000e+00	0.000000e+00
-2.513274e-01	-1.256637e-01	0.000000e+00	0.000000e+00	0.000000e+00
-1.256637e-01	4.440892e-16	0.000000e+00	0.000000e+00	0.000000e+00
4.440892e-16	1.256637e-01	7.525819e-02	2.928549e-03	2.928549e-03
1.256637e-01	2.513274e-01	8.107481e-02	3.021413e-03	3.021413e-03
2.513274e-01	3.769911e-01	7.874817e-02	2.948986e-03	2.948986e-03
3.769911e-01	5.026548e-01	7.731638e-02	2.959827e-03	2.959827e-03
5.026548e-01	6.283185e-01	8.411737e-02	2.992117e-03	2.992117e-03
6.283185e-01	7.539822e-01	7.749535e-02	2.946269e-03	2.946269e-03
7.539822e-01	8.796459e-01	8.232759e-02	2.984078e-03	2.984078e-03
8.796459e-01	1.005310e+00	7.212593e-02	2.841101e-03	2.841101e-03
1.005310e+00	1.130973e+00	7.579553e-02	2.848164e-03	2.848164e-03
1.130973e+00	1.256637e+00	7.481058e-02	2.855162e-03	2.855162e-03
1.256637e+00	1.382301e+00	7.588441e-02	2.905206e-03	2.905206e-03
1.382301e+00	1.507964e+00	8.331243e-02	2.977378e-03	2.977378e-03
1.507964e+00	1.633628e+00	7.865849e-02	2.963876e-03	2.963876e-03
1.633628e+00	1.759292e+00	7.856901e-02	2.929909e-03	2.929909e-03
1.759292e+00	1.884956e+00	7.660031e-02	2.938097e-03	2.938097e-03
1.884956e+00	2.010619e+00	8.295449e-02	2.985436e-03	2.985436e-03
2.010619e+00	2.136283e+00	7.597390e-02	2.961173e-03	2.961173e-03
2.136283e+00	2.261947e+00	7.221548e-02	2.848141e-03	2.848141e-03
2.261947e+00	2.387610e+00	7.919604e-02	3.014798e-03	3.014798e-03
2.387610e+00	2.513274e+00	7.284188e-02	2.880293e-03	2.880293e-03
2.513274e+00	2.638938e+00	7.230496e-02	2.896926e-03	2.896926e-03
2.638938e+00	2.764602e+00	7.660031e-02	2.954405e-03	2.954405e-03
2.764602e+00	2.890265e+00	7.328989e-02	2.878925e-03	2.878925e-03
2.890265e+00	3.015929e+00	7.731620e-02	2.921698e-03	2.921698e-03
3.015929e+00	3.141593e+00	7.132061e-02	2.914838e-03	2.914838e-03
# END HISTO1D


# BEGIN HISTO1D //eos/home-y/yiyu/monobc/Rivet_New/X2000_Qd10.yoda.gz/JetMETAnalysis/jet_phi
ErrorBars=1
LineColor=lilac
LineStyle=dashed
Path=//eos/home-y/yiyu/monobc/Rivet_New/X2000_Qd10.yoda.gz/JetMETAnalysis/jet_phi
ScaledBy=4.38258836037093129e-06
Title=X2000_Qd10
# xlow	 xhigh	 val	 errminus	 errplus
-3.141593e+00	-3.015929e+00	0.000000e+00	0.000000e+00	0.000000e+00
-3.015929e+00	-2.890265e+00	0.000000e+00	0.000000e+00	0.000000e+00
-2.890265e+00	-2.764602e+00	0.000000e+00	0.000000e+00	0.000000e+00
-2.764602e+00	-2.638938e+00	0.000000e+00	0.000000e+00	0.000000e+00
-2.638938e+00	-2.513274e+00	0.000000e+00	0.000000e+00	0.000000e+00
-2.513274e+00	-2.387610e+00	0.000000e+00	0.000000e+00	0.000000e+00
-2.387610e+00	-2.261947e+00	0.000000e+00	0.000000e+00	0.000000e+00
-2.261947e+00	-2.136283e+00	0.000000e+00	0.000000e+00	0.000000e+00
-2.136283e+00	-2.010619e+00	0.000000e+00	0.000000e+00	0.000000e+00
-2.010619e+00	-1.884956e+00	0.000000e+00	0.000000e+00	0.000000e+00
-1.884956e+00	-1.759292e+00	0.000000e+00	0.000000e+00	0.000000e+00
-1.759292e+00	-1.633628e+00	0.000000e+00	0.000000e+00	0.000000e+00
-1.633628e+00	-1.507964e+00	0.000000e+00	0.000000e+00	0.000000e+00
-1.507964e+00	-1.382301e+00	0.000000e+00	0.000000e+00	0.000000e+00
-1.382301e+00	-1.256637e+00	0.000000e+00	0.000000e+00	0.000000e+00
-1.256637e+00	-1.130973e+00	0.000000e+00	0.000000e+00	0.000000e+00
-1.130973e+00	-1.005310e+00	0.000000e+00	0.000000e+00	0.000000e+00
-1.005310e+00	-8.796459e-01	0.000000e+00	0.000000e+00	0.000000e+00
-8.796459e-01	-7.539822e-01	0.000000e+00	0.000000e+00	0.000000e+00
-7.539822e-01	-6.283185e-01	0.000000e+00	0.000000e+00	0.000000e+00
-6.283185e-01	-5.026548e-01	0.000000e+00	0.000000e+00	0.000000e+00
-5.026548e-01	-3.769911e-01	0.000000e+00	0.000000e+00	0.000000e+00
-3.769911e-01	-2.513274e-01	0.000000e+00	0.000000e+00	0.000000e+00
-2.513274e-01	-1.256637e-01	0.000000e+00	0.000000e+00	0.000000e+00
-1.256637e-01	4.440892e-16	0.000000e+00	0.000000e+00	0.000000e+00
4.440892e-16	1.256637e-01	4.909189e-03	3.413480e-04	3.413480e-04
1.256637e-01	2.513274e-01	5.149425e-03	3.506500e-04	3.506500e-04
2.513274e-01	3.769911e-01	5.170316e-03	3.497153e-04	3.497153e-04
3.769911e-01	5.026548e-01	4.909189e-03	3.355457e-04	3.355457e-04
5.026548e-01	6.283185e-01	5.379217e-03	3.443710e-04	3.443710e-04
6.283185e-01	7.539822e-01	4.846518e-03	3.470534e-04	3.470534e-04
7.539822e-01	8.796459e-01	5.212095e-03	3.555933e-04	3.555933e-04
8.796459e-01	1.005310e+00	5.838782e-03	3.531292e-04	3.531292e-04
1.005310e+00	1.130973e+00	4.480965e-03	3.450060e-04	3.450060e-04
1.130973e+00	1.256637e+00	5.128523e-03	3.434184e-04	3.434184e-04
1.256637e+00	1.382301e+00	4.794281e-03	3.443702e-04	3.443702e-04
1.382301e+00	1.507964e+00	5.389692e-03	3.520492e-04	3.520492e-04
1.507964e+00	1.633628e+00	5.995463e-03	3.520464e-04	3.520464e-04
1.633628e+00	1.759292e+00	5.107633e-03	3.327697e-04	3.327697e-04
1.759292e+00	1.884956e+00	5.577660e-03	3.448451e-04	3.448451e-04
1.884956e+00	2.010619e+00	5.253905e-03	3.494052e-04	3.494052e-04
2.010619e+00	2.136283e+00	5.306088e-03	3.454772e-04	3.454772e-04
2.136283e+00	2.261947e+00	5.149413e-03	3.415070e-04	3.415070e-04
2.261947e+00	2.387610e+00	5.285241e-03	3.445313e-04	3.445313e-04
2.387610e+00	2.513274e+00	4.668940e-03	3.360323e-04	3.360323e-04
2.513274e+00	2.638938e+00	5.462765e-03	3.468955e-04	3.468955e-04
2.638938e+00	2.764602e+00	5.410539e-03	3.448451e-04	3.448451e-04
2.764602e+00	2.890265e+00	5.327021e-03	3.423074e-04	3.423074e-04
2.890265e+00	3.015929e+00	5.400094e-03	3.503379e-04	3.503379e-04
3.015929e+00	3.141593e+00	4.292918e-03	3.350569e-04	3.350569e-04
# END HISTO1D


# BEGIN HISTO1D //eos/home-y/yiyu/monobc/Rivet_New/X2000_Qd20.yoda.gz/JetMETAnalysis/jet_phi
ErrorBars=1
LineColor=red
LineStyle=dashdotted
Path=//eos/home-y/yiyu/monobc/Rivet_New/X2000_Qd20.yoda.gz/JetMETAnalysis/jet_phi
ScaledBy=4.29652527333790935e-06
Title=X2000_Qd20
# xlow	 xhigh	 val	 errminus	 errplus
-3.141593e+00	-3.015929e+00	0.000000e+00	0.000000e+00	0.000000e+00
-3.015929e+00	-2.890265e+00	0.000000e+00	0.000000e+00	0.000000e+00
-2.890265e+00	-2.764602e+00	0.000000e+00	0.000000e+00	0.000000e+00
-2.764602e+00	-2.638938e+00	0.000000e+00	0.000000e+00	0.000000e+00
-2.638938e+00	-2.513274e+00	0.000000e+00	0.000000e+00	0.000000e+00
-2.513274e+00	-2.387610e+00	0.000000e+00	0.000000e+00	0.000000e+00
-2.387610e+00	-2.261947e+00	0.000000e+00	0.000000e+00	0.000000e+00
-2.261947e+00	-2.136283e+00	0.000000e+00	0.000000e+00	0.000000e+00
-2.136283e+00	-2.010619e+00	0.000000e+00	0.000000e+00	0.000000e+00
-2.010619e+00	-1.884956e+00	0.000000e+00	0.000000e+00	0.000000e+00
-1.884956e+00	-1.759292e+00	0.000000e+00	0.000000e+00	0.000000e+00
-1.759292e+00	-1.633628e+00	0.000000e+00	0.000000e+00	0.000000e+00
-1.633628e+00	-1.507964e+00	0.000000e+00	0.000000e+00	0.000000e+00
-1.507964e+00	-1.382301e+00	0.000000e+00	0.000000e+00	0.000000e+00
-1.382301e+00	-1.256637e+00	0.000000e+00	0.000000e+00	0.000000e+00
-1.256637e+00	-1.130973e+00	0.000000e+00	0.000000e+00	0.000000e+00
-1.130973e+00	-1.005310e+00	0.000000e+00	0.000000e+00	0.000000e+00
-1.005310e+00	-8.796459e-01	0.000000e+00	0.000000e+00	0.000000e+00
-8.796459e-01	-7.539822e-01	0.000000e+00	0.000000e+00	0.000000e+00
-7.539822e-01	-6.283185e-01	0.000000e+00	0.000000e+00	0.000000e+00
-6.283185e-01	-5.026548e-01	0.000000e+00	0.000000e+00	0.000000e+00
-5.026548e-01	-3.769911e-01	0.000000e+00	0.000000e+00	0.000000e+00
-3.769911e-01	-2.513274e-01	0.000000e+00	0.000000e+00	0.000000e+00
-2.513274e-01	-1.256637e-01	0.000000e+00	0.000000e+00	0.000000e+00
-1.256637e-01	4.440892e-16	0.000000e+00	0.000000e+00	0.000000e+00
4.440892e-16	1.256637e-01	4.970866e-03	3.346117e-04	3.346117e-04
1.256637e-01	2.513274e-01	5.115850e-03	3.384359e-04	3.384359e-04
2.513274e-01	3.769911e-01	5.447241e-03	3.453371e-04	3.453371e-04
3.769911e-01	5.026548e-01	4.960510e-03	3.385943e-04	3.385943e-04
5.026548e-01	6.283185e-01	5.012290e-03	3.323605e-04	3.323605e-04
6.283185e-01	7.539822e-01	5.157274e-03	3.384359e-04	3.384359e-04
7.539822e-01	8.796459e-01	4.297728e-03	3.366885e-04	3.366885e-04
8.796459e-01	1.005310e+00	5.395444e-03	3.436237e-04	3.436237e-04
1.005310e+00	1.130973e+00	6.006497e-03	3.362122e-04	3.362122e-04
1.130973e+00	1.256637e+00	5.633635e-03	3.422167e-04	3.422167e-04
1.256637e+00	1.382301e+00	4.929430e-03	3.419030e-04	3.419030e-04
1.382301e+00	1.507964e+00	5.219438e-03	3.358931e-04	3.358931e-04
1.507964e+00	1.633628e+00	5.830398e-03	3.476576e-04	3.476576e-04
1.633628e+00	1.759292e+00	5.115837e-03	3.387518e-04	3.387518e-04
1.759292e+00	1.884956e+00	4.825871e-03	3.390683e-04	3.390683e-04
1.884956e+00	2.010619e+00	5.250507e-03	3.516478e-04	3.516478e-04
2.010619e+00	2.136283e+00	5.695770e-03	3.371652e-04	3.371652e-04
2.136283e+00	2.261947e+00	5.436871e-03	3.464215e-04	3.464215e-04
2.261947e+00	2.387610e+00	4.774129e-03	3.363717e-04	3.363717e-04
2.387610e+00	2.513274e+00	5.177973e-03	3.403311e-04	3.403311e-04
2.513274e+00	2.638938e+00	5.322956e-03	3.444033e-04	3.444033e-04
2.638938e+00	2.764602e+00	5.571499e-03	3.484279e-04	3.484279e-04
2.764602e+00	2.890265e+00	4.960537e-03	3.470429e-04	3.470429e-04
2.890265e+00	3.015929e+00	5.405804e-03	3.465762e-04	3.465762e-04
3.015929e+00	3.141593e+00	5.064057e-03	3.392264e-04	3.392264e-04
# END HISTO1D


# BEGIN HISTO1D //eos/home-y/yiyu/monobc/Rivet_New/X2000_Qd40.yoda.gz/JetMETAnalysis/jet_phi
ErrorBars=1
LineColor=blue
LineStyle=dashdotted
Path=//eos/home-y/yiyu/monobc/Rivet_New/X2000_Qd40.yoda.gz/JetMETAnalysis/jet_phi
ScaledBy=4.30324534747154071e-06
Title=X2000_Qd40
# xlow	 xhigh	 val	 errminus	 errplus
-3.141593e+00	-3.015929e+00	0.000000e+00	0.000000e+00	0.000000e+00
-3.015929e+00	-2.890265e+00	0.000000e+00	0.000000e+00	0.000000e+00
-2.890265e+00	-2.764602e+00	0.000000e+00	0.000000e+00	0.000000e+00
-2.764602e+00	-2.638938e+00	0.000000e+00	0.000000e+00	0.000000e+00
-2.638938e+00	-2.513274e+00	0.000000e+00	0.000000e+00	0.000000e+00
-2.513274e+00	-2.387610e+00	0.000000e+00	0.000000e+00	0.000000e+00
-2.387610e+00	-2.261947e+00	0.000000e+00	0.000000e+00	0.000000e+00
-2.261947e+00	-2.136283e+00	0.000000e+00	0.000000e+00	0.000000e+00
-2.136283e+00	-2.010619e+00	0.000000e+00	0.000000e+00	0.000000e+00
-2.010619e+00	-1.884956e+00	0.000000e+00	0.000000e+00	0.000000e+00
-1.884956e+00	-1.759292e+00	0.000000e+00	0.000000e+00	0.000000e+00
-1.759292e+00	-1.633628e+00	0.000000e+00	0.000000e+00	0.000000e+00
-1.633628e+00	-1.507964e+00	0.000000e+00	0.000000e+00	0.000000e+00
-1.507964e+00	-1.382301e+00	0.000000e+00	0.000000e+00	0.000000e+00
-1.382301e+00	-1.256637e+00	0.000000e+00	0.000000e+00	0.000000e+00
-1.256637e+00	-1.130973e+00	0.000000e+00	0.000000e+00	0.000000e+00
-1.130973e+00	-1.005310e+00	0.000000e+00	0.000000e+00	0.000000e+00
-1.005310e+00	-8.796459e-01	0.000000e+00	0.000000e+00	0.000000e+00
-8.796459e-01	-7.539822e-01	0.000000e+00	0.000000e+00	0.000000e+00
-7.539822e-01	-6.283185e-01	0.000000e+00	0.000000e+00	0.000000e+00
-6.283185e-01	-5.026548e-01	0.000000e+00	0.000000e+00	0.000000e+00
-5.026548e-01	-3.769911e-01	0.000000e+00	0.000000e+00	0.000000e+00
-3.769911e-01	-2.513274e-01	0.000000e+00	0.000000e+00	0.000000e+00
-2.513274e-01	-1.256637e-01	0.000000e+00	0.000000e+00	0.000000e+00
-1.256637e-01	4.440892e-16	0.000000e+00	0.000000e+00	0.000000e+00
4.440892e-16	1.256637e-01	5.480272e-03	3.349134e-04	3.349134e-04
1.256637e-01	2.513274e-01	5.377453e-03	3.479186e-04	3.479186e-04
2.513274e-01	3.769911e-01	4.894202e-03	3.410132e-04	3.410132e-04
3.769911e-01	5.026548e-01	5.223224e-03	3.366451e-04	3.366451e-04
5.026548e-01	6.283185e-01	5.295197e-03	3.320604e-04	3.320604e-04
6.283185e-01	7.539822e-01	5.305479e-03	3.434844e-04	3.434844e-04
7.539822e-01	8.796459e-01	5.984087e-03	3.434844e-04	3.434844e-04
8.796459e-01	1.005310e+00	5.058696e-03	3.357006e-04	3.357006e-04
1.005310e+00	1.130973e+00	5.233535e-03	3.433324e-04	3.433324e-04
1.130973e+00	1.256637e+00	5.490541e-03	3.459370e-04	3.459370e-04
1.256637e+00	1.382301e+00	5.398003e-03	3.430216e-04	3.430216e-04
1.382301e+00	1.507964e+00	4.904511e-03	3.301464e-04	3.301464e-04
1.507964e+00	1.633628e+00	4.955882e-03	3.357009e-04	3.357009e-04
1.633628e+00	1.759292e+00	5.665334e-03	3.389914e-04	3.389914e-04
1.759292e+00	1.884956e+00	5.387722e-03	3.331720e-04	3.331720e-04
1.884956e+00	2.010619e+00	4.945639e-03	3.304665e-04	3.304665e-04
2.010619e+00	2.136283e+00	5.901818e-03	3.422502e-04	3.422502e-04
2.136283e+00	2.261947e+00	5.398003e-03	3.320596e-04	3.320596e-04
2.261947e+00	2.387610e+00	5.202689e-03	3.400838e-04	3.400838e-04
2.387610e+00	2.513274e+00	5.511105e-03	3.375851e-04	3.375851e-04
2.513274e+00	2.638938e+00	5.778435e-03	3.450191e-04	3.450191e-04
2.638938e+00	2.764602e+00	4.493195e-03	3.355434e-04	3.355434e-04
2.764602e+00	2.890265e+00	5.089586e-03	3.414799e-04	3.414799e-04
2.890265e+00	3.015929e+00	5.151237e-03	3.364873e-04	3.364873e-04
3.015929e+00	3.141593e+00	4.678270e-03	3.368013e-04	3.368013e-04
# END HISTO1D


# BEGIN HISTO1D //eos/home-y/yiyu/monobc/Rivet_New/X600_Qd10.yoda.gz/JetMETAnalysis/jet_phi
ErrorBars=1
LineColor=green
LineStyle=dashdotted
Path=//eos/home-y/yiyu/monobc/Rivet_New/X600_Qd10.yoda.gz/JetMETAnalysis/jet_phi
ScaledBy=6.57841154703519003e-06
Title=X600_Qd10
# xlow	 xhigh	 val	 errminus	 errplus
-3.141593e+00	-3.015929e+00	0.000000e+00	0.000000e+00	0.000000e+00
-3.015929e+00	-2.890265e+00	0.000000e+00	0.000000e+00	0.000000e+00
-2.890265e+00	-2.764602e+00	0.000000e+00	0.000000e+00	0.000000e+00
-2.764602e+00	-2.638938e+00	0.000000e+00	0.000000e+00	0.000000e+00
-2.638938e+00	-2.513274e+00	0.000000e+00	0.000000e+00	0.000000e+00
-2.513274e+00	-2.387610e+00	0.000000e+00	0.000000e+00	0.000000e+00
-2.387610e+00	-2.261947e+00	0.000000e+00	0.000000e+00	0.000000e+00
-2.261947e+00	-2.136283e+00	0.000000e+00	0.000000e+00	0.000000e+00
-2.136283e+00	-2.010619e+00	0.000000e+00	0.000000e+00	0.000000e+00
-2.010619e+00	-1.884956e+00	0.000000e+00	0.000000e+00	0.000000e+00
-1.884956e+00	-1.759292e+00	0.000000e+00	0.000000e+00	0.000000e+00
-1.759292e+00	-1.633628e+00	0.000000e+00	0.000000e+00	0.000000e+00
-1.633628e+00	-1.507964e+00	0.000000e+00	0.000000e+00	0.000000e+00
-1.507964e+00	-1.382301e+00	0.000000e+00	0.000000e+00	0.000000e+00
-1.382301e+00	-1.256637e+00	0.000000e+00	0.000000e+00	0.000000e+00
-1.256637e+00	-1.130973e+00	0.000000e+00	0.000000e+00	0.000000e+00
-1.130973e+00	-1.005310e+00	0.000000e+00	0.000000e+00	0.000000e+00
-1.005310e+00	-8.796459e-01	0.000000e+00	0.000000e+00	0.000000e+00
-8.796459e-01	-7.539822e-01	0.000000e+00	0.000000e+00	0.000000e+00
-7.539822e-01	-6.283185e-01	0.000000e+00	0.000000e+00	0.000000e+00
-6.283185e-01	-5.026548e-01	0.000000e+00	0.000000e+00	0.000000e+00
-5.026548e-01	-3.769911e-01	0.000000e+00	0.000000e+00	0.000000e+00
-3.769911e-01	-2.513274e-01	0.000000e+00	0.000000e+00	0.000000e+00
-2.513274e-01	-1.256637e-01	0.000000e+00	0.000000e+00	0.000000e+00
-1.256637e-01	4.440892e-16	0.000000e+00	0.000000e+00	0.000000e+00
4.440892e-16	1.256637e-01	9.183734e+00	3.020889e-01	3.020889e-01
1.256637e-01	2.513274e-01	9.810343e+00	3.120781e-01	3.120781e-01
2.513274e-01	3.769911e-01	9.448082e+00	3.079034e-01	3.079034e-01
3.769911e-01	5.026548e-01	9.418710e+00	3.068119e-01	3.068119e-01
5.026548e-01	6.283185e-01	9.213106e+00	3.041445e-01	3.041445e-01
6.283185e-01	7.539822e-01	9.262062e+00	3.033556e-01	3.033556e-01
7.539822e-01	8.796459e-01	9.555783e+00	3.071241e-01	3.071241e-01
8.796459e-01	1.005310e+00	9.115165e+00	3.022466e-01	3.022466e-01
1.005310e+00	1.130973e+00	9.085873e+00	3.011372e-01	3.011372e-01
1.130973e+00	1.256637e+00	9.095596e+00	3.016119e-01	3.016119e-01
1.256637e+00	1.382301e+00	8.762708e+00	2.964831e-01	2.964831e-01
1.382301e+00	1.507964e+00	8.850895e+00	2.963239e-01	2.963239e-01
1.507964e+00	1.633628e+00	8.958524e+00	2.984167e-01	2.984167e-01
1.633628e+00	1.759292e+00	9.369732e+00	3.047735e-01	3.047735e-01
1.759292e+00	1.884956e+00	9.115172e+00	3.025639e-01	3.025639e-01
1.884956e+00	2.010619e+00	9.271902e+00	3.031993e-01	3.031993e-01
2.010619e+00	2.136283e+00	9.634088e+00	3.102289e-01	3.102289e-01
2.136283e+00	2.261947e+00	8.919364e+00	2.984167e-01	2.984167e-01
2.261947e+00	2.387610e+00	9.085873e+00	3.024078e-01	3.024078e-01
2.387610e+00	2.513274e+00	9.467644e+00	3.069673e-01	3.069673e-01
2.513274e+00	2.638938e+00	8.987896e+00	2.995389e-01	2.995389e-01
2.638938e+00	2.764602e+00	9.183712e+00	3.030387e-01	3.030387e-01
2.764602e+00	2.890265e+00	9.232742e+00	3.031993e-01	3.031993e-01
2.890265e+00	3.015929e+00	9.232668e+00	3.044589e-01	3.044589e-01
3.015929e+00	3.141593e+00	9.399104e+00	3.068112e-01	3.068112e-01
# END HISTO1D


# BEGIN HISTO1D //eos/home-y/yiyu/monobc/Rivet_New/X600_Qd20.yoda.gz/JetMETAnalysis/jet_phi
ErrorBars=1
LineColor=orange
LineStyle=dashdotted
Path=//eos/home-y/yiyu/monobc/Rivet_New/X600_Qd20.yoda.gz/JetMETAnalysis/jet_phi
ScaledBy=6.52338672156337484e-06
Title=X600_Qd20
# xlow	 xhigh	 val	 errminus	 errplus
-3.141593e+00	-3.015929e+00	0.000000e+00	0.000000e+00	0.000000e+00
-3.015929e+00	-2.890265e+00	0.000000e+00	0.000000e+00	0.000000e+00
-2.890265e+00	-2.764602e+00	0.000000e+00	0.000000e+00	0.000000e+00
-2.764602e+00	-2.638938e+00	0.000000e+00	0.000000e+00	0.000000e+00
-2.638938e+00	-2.513274e+00	0.000000e+00	0.000000e+00	0.000000e+00
-2.513274e+00	-2.387610e+00	0.000000e+00	0.000000e+00	0.000000e+00
-2.387610e+00	-2.261947e+00	0.000000e+00	0.000000e+00	0.000000e+00
-2.261947e+00	-2.136283e+00	0.000000e+00	0.000000e+00	0.000000e+00
-2.136283e+00	-2.010619e+00	0.000000e+00	0.000000e+00	0.000000e+00
-2.010619e+00	-1.884956e+00	0.000000e+00	0.000000e+00	0.000000e+00
-1.884956e+00	-1.759292e+00	0.000000e+00	0.000000e+00	0.000000e+00
-1.759292e+00	-1.633628e+00	0.000000e+00	0.000000e+00	0.000000e+00
-1.633628e+00	-1.507964e+00	0.000000e+00	0.000000e+00	0.000000e+00
-1.507964e+00	-1.382301e+00	0.000000e+00	0.000000e+00	0.000000e+00
-1.382301e+00	-1.256637e+00	0.000000e+00	0.000000e+00	0.000000e+00
-1.256637e+00	-1.130973e+00	0.000000e+00	0.000000e+00	0.000000e+00
-1.130973e+00	-1.005310e+00	0.000000e+00	0.000000e+00	0.000000e+00
-1.005310e+00	-8.796459e-01	0.000000e+00	0.000000e+00	0.000000e+00
-8.796459e-01	-7.539822e-01	0.000000e+00	0.000000e+00	0.000000e+00
-7.539822e-01	-6.283185e-01	0.000000e+00	0.000000e+00	0.000000e+00
-6.283185e-01	-5.026548e-01	0.000000e+00	0.000000e+00	0.000000e+00
-5.026548e-01	-3.769911e-01	0.000000e+00	0.000000e+00	0.000000e+00
-3.769911e-01	-2.513274e-01	0.000000e+00	0.000000e+00	0.000000e+00
-2.513274e-01	-1.256637e-01	0.000000e+00	0.000000e+00	0.000000e+00
-1.256637e-01	4.440892e-16	0.000000e+00	0.000000e+00	0.000000e+00
4.440892e-16	1.256637e-01	9.072103e+00	2.979425e-01	2.979425e-01
1.256637e-01	2.513274e-01	8.898194e+00	2.944761e-01	2.944761e-01
2.513274e-01	3.769911e-01	8.849883e+00	2.936826e-01	2.936826e-01
3.769911e-01	5.026548e-01	9.207361e+00	2.991931e-01	2.991931e-01
5.026548e-01	6.283185e-01	8.956158e+00	2.982556e-01	2.982556e-01
6.283185e-01	7.539822e-01	9.014131e+00	2.976290e-01	2.976290e-01
7.539822e-01	8.796459e-01	9.294315e+00	3.021424e-01	3.021424e-01
8.796459e-01	1.005310e+00	8.695276e+00	2.917683e-01	2.917683e-01
1.005310e+00	1.130973e+00	9.265376e+00	3.001293e-01	3.001293e-01
1.130973e+00	1.256637e+00	8.907834e+00	2.949505e-01	2.949505e-01
1.256637e+00	1.382301e+00	9.023770e+00	2.987240e-01	2.987240e-01
1.382301e+00	1.507964e+00	9.033502e+00	2.973169e-01	2.973169e-01
1.507964e+00	1.633628e+00	9.342596e+00	3.022961e-01	3.022961e-01
1.633628e+00	1.759292e+00	8.434420e+00	2.890365e-01	2.890365e-01
1.759292e+00	1.884956e+00	9.381247e+00	3.032210e-01	3.032210e-01
1.884956e+00	2.010619e+00	8.666370e+00	2.912906e-01	2.912906e-01
2.010619e+00	2.136283e+00	9.110724e+00	2.982549e-01	2.982549e-01
2.136283e+00	2.261947e+00	9.651762e+00	3.090146e-01	3.090146e-01
2.261947e+00	2.387610e+00	9.275045e+00	3.021441e-01	3.021441e-01
2.387610e+00	2.513274e+00	9.216999e+00	3.002823e-01	3.002823e-01
2.513274e+00	2.638938e+00	9.448872e+00	3.046031e-01	3.046031e-01
2.638938e+00	2.764602e+00	8.463410e+00	2.885517e-01	2.885517e-01
2.764602e+00	2.890265e+00	8.946548e+00	2.974738e-01	2.974738e-01
2.890265e+00	3.015929e+00	9.323275e+00	3.022961e-01	3.022961e-01
3.015929e+00	3.141593e+00	9.526165e+00	3.046031e-01	3.046031e-01
# END HISTO1D


# BEGIN HISTO1D //eos/home-y/yiyu/monobc/Rivet_New/X600_Qd40.yoda.gz/JetMETAnalysis/jet_phi
ErrorBars=1
LineColor=lilac
LineStyle=dashdotted
Path=//eos/home-y/yiyu/monobc/Rivet_New/X600_Qd40.yoda.gz/JetMETAnalysis/jet_phi
ScaledBy=6.57574907629954826e-06
Title=X600_Qd40
# xlow	 xhigh	 val	 errminus	 errplus
-3.141593e+00	-3.015929e+00	0.000000e+00	0.000000e+00	0.000000e+00
-3.015929e+00	-2.890265e+00	0.000000e+00	0.000000e+00	0.000000e+00
-2.890265e+00	-2.764602e+00	0.000000e+00	0.000000e+00	0.000000e+00
-2.764602e+00	-2.638938e+00	0.000000e+00	0.000000e+00	0.000000e+00
-2.638938e+00	-2.513274e+00	0.000000e+00	0.000000e+00	0.000000e+00
-2.513274e+00	-2.387610e+00	0.000000e+00	0.000000e+00	0.000000e+00
-2.387610e+00	-2.261947e+00	0.000000e+00	0.000000e+00	0.000000e+00
-2.261947e+00	-2.136283e+00	0.000000e+00	0.000000e+00	0.000000e+00
-2.136283e+00	-2.010619e+00	0.000000e+00	0.000000e+00	0.000000e+00
-2.010619e+00	-1.884956e+00	0.000000e+00	0.000000e+00	0.000000e+00
-1.884956e+00	-1.759292e+00	0.000000e+00	0.000000e+00	0.000000e+00
-1.759292e+00	-1.633628e+00	0.000000e+00	0.000000e+00	0.000000e+00
-1.633628e+00	-1.507964e+00	0.000000e+00	0.000000e+00	0.000000e+00
-1.507964e+00	-1.382301e+00	0.000000e+00	0.000000e+00	0.000000e+00
-1.382301e+00	-1.256637e+00	0.000000e+00	0.000000e+00	0.000000e+00
-1.256637e+00	-1.130973e+00	0.000000e+00	0.000000e+00	0.000000e+00
-1.130973e+00	-1.005310e+00	0.000000e+00	0.000000e+00	0.000000e+00
-1.005310e+00	-8.796459e-01	0.000000e+00	0.000000e+00	0.000000e+00
-8.796459e-01	-7.539822e-01	0.000000e+00	0.000000e+00	0.000000e+00
-7.539822e-01	-6.283185e-01	0.000000e+00	0.000000e+00	0.000000e+00
-6.283185e-01	-5.026548e-01	0.000000e+00	0.000000e+00	0.000000e+00
-5.026548e-01	-3.769911e-01	0.000000e+00	0.000000e+00	0.000000e+00
-3.769911e-01	-2.513274e-01	0.000000e+00	0.000000e+00	0.000000e+00
-2.513274e-01	-1.256637e-01	0.000000e+00	0.000000e+00	0.000000e+00
-1.256637e-01	4.440892e-16	0.000000e+00	0.000000e+00	0.000000e+00
4.440892e-16	1.256637e-01	9.028335e+00	2.966355e-01	2.966355e-01
1.256637e-01	2.513274e-01	9.430018e+00	3.015288e-01	3.015288e-01
2.513274e-01	3.769911e-01	9.009205e+00	2.957091e-01	2.957091e-01
3.769911e-01	5.026548e-01	9.143102e+00	2.978664e-01	2.978664e-01
5.026548e-01	6.283185e-01	8.865750e+00	2.927558e-01	2.927558e-01
6.283185e-01	7.539822e-01	9.210050e+00	2.980199e-01	2.980199e-01
7.539822e-01	8.796459e-01	9.123971e+00	2.981733e-01	2.981733e-01
8.796459e-01	1.005310e+00	8.846592e+00	2.927549e-01	2.927549e-01
1.005310e+00	1.130973e+00	8.617135e+00	2.896162e-01	2.896162e-01
1.130973e+00	1.256637e+00	8.865729e+00	2.946238e-01	2.946238e-01
1.256637e+00	1.382301e+00	8.464047e+00	2.880303e-01	2.880303e-01
1.382301e+00	1.507964e+00	8.588439e+00	2.881914e-01	2.881914e-01
1.507964e+00	1.633628e+00	9.076132e+00	2.964807e-01	2.964807e-01
1.633628e+00	1.759292e+00	9.477814e+00	3.028901e-01	3.028901e-01
1.759292e+00	1.884956e+00	8.837034e+00	2.919730e-01	2.919730e-01
1.884956e+00	2.010619e+00	8.884922e+00	2.946261e-01	2.946261e-01
2.010619e+00	2.136283e+00	9.219594e+00	2.993972e-01	2.993972e-01
2.136283e+00	2.261947e+00	8.731833e+00	2.905598e-01	2.905598e-01
2.261947e+00	2.387610e+00	8.990132e+00	2.954012e-01	2.954012e-01
2.387610e+00	2.513274e+00	8.760528e+00	2.907171e-01	2.907171e-01
2.513274e+00	2.638938e+00	9.114392e+00	2.977121e-01	2.977121e-01
2.638938e+00	2.764602e+00	8.980496e+00	2.961720e-01	2.961720e-01
2.764602e+00	2.890265e+00	9.506585e+00	3.039476e-01	3.039476e-01
2.890265e+00	3.015929e+00	8.875294e+00	2.960174e-01	2.960174e-01
3.015929e+00	3.141593e+00	9.114392e+00	2.989385e-01	2.989385e-01
# END HISTO1D


# BEGIN HISTO1D //eos/home-y/yiyu/monobc/Rivet_New/X800_Qd10.yoda.gz/JetMETAnalysis/jet_phi
ErrorBars=1
LineColor=red
LineStyle=dotted
Path=//eos/home-y/yiyu/monobc/Rivet_New/X800_Qd10.yoda.gz/JetMETAnalysis/jet_phi
ScaledBy=5.89172819784968200e-06
Title=X800_Qd10
# xlow	 xhigh	 val	 errminus	 errplus
-3.141593e+00	-3.015929e+00	0.000000e+00	0.000000e+00	0.000000e+00
-3.015929e+00	-2.890265e+00	0.000000e+00	0.000000e+00	0.000000e+00
-2.890265e+00	-2.764602e+00	0.000000e+00	0.000000e+00	0.000000e+00
-2.764602e+00	-2.638938e+00	0.000000e+00	0.000000e+00	0.000000e+00
-2.638938e+00	-2.513274e+00	0.000000e+00	0.000000e+00	0.000000e+00
-2.513274e+00	-2.387610e+00	0.000000e+00	0.000000e+00	0.000000e+00
-2.387610e+00	-2.261947e+00	0.000000e+00	0.000000e+00	0.000000e+00
-2.261947e+00	-2.136283e+00	0.000000e+00	0.000000e+00	0.000000e+00
-2.136283e+00	-2.010619e+00	0.000000e+00	0.000000e+00	0.000000e+00
-2.010619e+00	-1.884956e+00	0.000000e+00	0.000000e+00	0.000000e+00
-1.884956e+00	-1.759292e+00	0.000000e+00	0.000000e+00	0.000000e+00
-1.759292e+00	-1.633628e+00	0.000000e+00	0.000000e+00	0.000000e+00
-1.633628e+00	-1.507964e+00	0.000000e+00	0.000000e+00	0.000000e+00
-1.507964e+00	-1.382301e+00	0.000000e+00	0.000000e+00	0.000000e+00
-1.382301e+00	-1.256637e+00	0.000000e+00	0.000000e+00	0.000000e+00
-1.256637e+00	-1.130973e+00	0.000000e+00	0.000000e+00	0.000000e+00
-1.130973e+00	-1.005310e+00	0.000000e+00	0.000000e+00	0.000000e+00
-1.005310e+00	-8.796459e-01	0.000000e+00	0.000000e+00	0.000000e+00
-8.796459e-01	-7.539822e-01	0.000000e+00	0.000000e+00	0.000000e+00
-7.539822e-01	-6.283185e-01	0.000000e+00	0.000000e+00	0.000000e+00
-6.283185e-01	-5.026548e-01	0.000000e+00	0.000000e+00	0.000000e+00
-5.026548e-01	-3.769911e-01	0.000000e+00	0.000000e+00	0.000000e+00
-3.769911e-01	-2.513274e-01	0.000000e+00	0.000000e+00	0.000000e+00
-2.513274e-01	-1.256637e-01	0.000000e+00	0.000000e+00	0.000000e+00
-1.256637e-01	4.440892e-16	0.000000e+00	0.000000e+00	0.000000e+00
4.440892e-16	1.256637e-01	2.879086e+00	9.339002e-02	9.339002e-02
1.256637e-01	2.513274e-01	2.760361e+00	9.215556e-02	9.215556e-02
2.513274e-01	3.769911e-01	2.834564e+00	9.258472e-02	9.258472e-02
3.769911e-01	5.026548e-01	2.982971e+00	9.567331e-02	9.567331e-02
5.026548e-01	6.283185e-01	2.861277e+00	9.310660e-02	9.310660e-02
6.283185e-01	7.539822e-01	2.793010e+00	9.267985e-02	9.267985e-02
7.539822e-01	8.796459e-01	2.899863e+00	9.371963e-02	9.371963e-02
8.796459e-01	1.005310e+00	2.950312e+00	9.507257e-02	9.507257e-02
1.005310e+00	1.130973e+00	2.879102e+00	9.291771e-02	9.291771e-02
1.130973e+00	1.256637e+00	3.051230e+00	9.636119e-02	9.636119e-02
1.256637e+00	1.382301e+00	2.879079e+00	9.367240e-02	9.367240e-02
1.382301e+00	1.507964e+00	2.991892e+00	9.553560e-02	9.553560e-02
1.507964e+00	1.633628e+00	2.932506e+00	9.442179e-02	9.442179e-02
1.633628e+00	1.759292e+00	3.009677e+00	9.553484e-02	9.553484e-02
1.759292e+00	1.884956e+00	2.742546e+00	9.186807e-02	9.186807e-02
1.884956e+00	2.010619e+00	2.864262e+00	9.353195e-02	9.353195e-02
2.010619e+00	2.136283e+00	2.873143e+00	9.376639e-02	9.376639e-02
2.136283e+00	2.261947e+00	2.941410e+00	9.381335e-02	9.381335e-02
2.261947e+00	2.387610e+00	2.896912e+00	9.348485e-02	9.348485e-02
2.387610e+00	2.513274e+00	2.956251e+00	9.507265e-02	9.507265e-02
2.513274e+00	2.638938e+00	2.858302e+00	9.343698e-02	9.343698e-02
2.638938e+00	2.764602e+00	2.813780e+00	9.291697e-02	9.291697e-02
2.764602e+00	2.890265e+00	3.134363e+00	9.763354e-02	9.763354e-02
2.890265e+00	3.015929e+00	2.763323e+00	9.210750e-02	9.210750e-02
3.015929e+00	3.141593e+00	2.807845e+00	9.253692e-02	9.253692e-02
# END HISTO1D


# BEGIN HISTO1D //eos/home-y/yiyu/monobc/Rivet_New/X800_Qd20.yoda.gz/JetMETAnalysis/jet_phi
ErrorBars=1
LineColor=blue
LineStyle=dotted
Path=//eos/home-y/yiyu/monobc/Rivet_New/X800_Qd20.yoda.gz/JetMETAnalysis/jet_phi
ScaledBy=5.92385258763758055e-06
Title=X800_Qd20
# xlow	 xhigh	 val	 errminus	 errplus
-3.141593e+00	-3.015929e+00	0.000000e+00	0.000000e+00	0.000000e+00
-3.015929e+00	-2.890265e+00	0.000000e+00	0.000000e+00	0.000000e+00
-2.890265e+00	-2.764602e+00	0.000000e+00	0.000000e+00	0.000000e+00
-2.764602e+00	-2.638938e+00	0.000000e+00	0.000000e+00	0.000000e+00
-2.638938e+00	-2.513274e+00	0.000000e+00	0.000000e+00	0.000000e+00
-2.513274e+00	-2.387610e+00	0.000000e+00	0.000000e+00	0.000000e+00
-2.387610e+00	-2.261947e+00	0.000000e+00	0.000000e+00	0.000000e+00
-2.261947e+00	-2.136283e+00	0.000000e+00	0.000000e+00	0.000000e+00
-2.136283e+00	-2.010619e+00	0.000000e+00	0.000000e+00	0.000000e+00
-2.010619e+00	-1.884956e+00	0.000000e+00	0.000000e+00	0.000000e+00
-1.884956e+00	-1.759292e+00	0.000000e+00	0.000000e+00	0.000000e+00
-1.759292e+00	-1.633628e+00	0.000000e+00	0.000000e+00	0.000000e+00
-1.633628e+00	-1.507964e+00	0.000000e+00	0.000000e+00	0.000000e+00
-1.507964e+00	-1.382301e+00	0.000000e+00	0.000000e+00	0.000000e+00
-1.382301e+00	-1.256637e+00	0.000000e+00	0.000000e+00	0.000000e+00
-1.256637e+00	-1.130973e+00	0.000000e+00	0.000000e+00	0.000000e+00
-1.130973e+00	-1.005310e+00	0.000000e+00	0.000000e+00	0.000000e+00
-1.005310e+00	-8.796459e-01	0.000000e+00	0.000000e+00	0.000000e+00
-8.796459e-01	-7.539822e-01	0.000000e+00	0.000000e+00	0.000000e+00
-7.539822e-01	-6.283185e-01	0.000000e+00	0.000000e+00	0.000000e+00
-6.283185e-01	-5.026548e-01	0.000000e+00	0.000000e+00	0.000000e+00
-5.026548e-01	-3.769911e-01	0.000000e+00	0.000000e+00	0.000000e+00
-3.769911e-01	-2.513274e-01	0.000000e+00	0.000000e+00	0.000000e+00
-2.513274e-01	-1.256637e-01	0.000000e+00	0.000000e+00	0.000000e+00
-1.256637e-01	4.440892e-16	0.000000e+00	0.000000e+00	0.000000e+00
4.440892e-16	1.256637e-01	2.918291e+00	9.440532e-02	9.440532e-02
1.256637e-01	2.513274e-01	2.819922e+00	9.293494e-02	9.293494e-02
2.513274e-01	3.769911e-01	2.837808e+00	9.303053e-02	9.303053e-02
3.769911e-01	5.026548e-01	2.730495e+00	9.129507e-02	9.129507e-02
5.026548e-01	6.283185e-01	2.781171e+00	9.250371e-02	9.250371e-02
6.283185e-01	7.539822e-01	2.816941e+00	9.269563e-02	9.269563e-02
7.539822e-01	8.796459e-01	2.813961e+00	9.264766e-02	9.264766e-02
8.796459e-01	1.005310e+00	2.805009e+00	9.269534e-02	9.269534e-02
1.005310e+00	1.130973e+00	2.825899e+00	9.341231e-02	9.341231e-02
1.130973e+00	1.256637e+00	3.085214e+00	9.746164e-02	9.746164e-02
1.256637e+00	1.382301e+00	2.763278e+00	9.182860e-02	9.182860e-02
1.382301e+00	1.507964e+00	2.822918e+00	9.269615e-02	9.269615e-02
1.507964e+00	1.633628e+00	2.840782e+00	9.355416e-02	9.355416e-02
1.633628e+00	1.759292e+00	2.876552e+00	9.317345e-02	9.317345e-02
1.759292e+00	1.884956e+00	3.097138e+00	9.755279e-02	9.755279e-02
1.884956e+00	2.010619e+00	2.927251e+00	9.473470e-02	9.473470e-02
2.010619e+00	2.136283e+00	2.852705e+00	9.393329e-02	9.393329e-02
2.136283e+00	2.261947e+00	2.936169e+00	9.515510e-02	9.515510e-02
2.261947e+00	2.387610e+00	2.888499e+00	9.468779e-02	9.468779e-02
2.387610e+00	2.513274e+00	2.816934e+00	9.336400e-02	9.336400e-02
2.513274e+00	2.638938e+00	2.965978e+00	9.552788e-02	9.552788e-02
2.638938e+00	2.764602e+00	3.058386e+00	9.668359e-02	9.668359e-02
2.764602e+00	2.890265e+00	2.775224e+00	9.288765e-02	9.288765e-02
2.890265e+00	3.015929e+00	2.858667e+00	9.326879e-02	9.326879e-02
3.015929e+00	3.141593e+00	2.724527e+00	9.090471e-02	9.090471e-02
# END HISTO1D


# BEGIN HISTO1D //eos/home-y/yiyu/monobc/Rivet_New/X800_Qd40.yoda.gz/JetMETAnalysis/jet_phi
ErrorBars=1
LineColor=green
LineStyle=dotted
Path=//eos/home-y/yiyu/monobc/Rivet_New/X800_Qd40.yoda.gz/JetMETAnalysis/jet_phi
ScaledBy=5.92250353152406759e-06
Title=X800_Qd40
# xlow	 xhigh	 val	 errminus	 errplus
-3.141593e+00	-3.015929e+00	0.000000e+00	0.000000e+00	0.000000e+00
-3.015929e+00	-2.890265e+00	0.000000e+00	0.000000e+00	0.000000e+00
-2.890265e+00	-2.764602e+00	0.000000e+00	0.000000e+00	0.000000e+00
-2.764602e+00	-2.638938e+00	0.000000e+00	0.000000e+00	0.000000e+00
-2.638938e+00	-2.513274e+00	0.000000e+00	0.000000e+00	0.000000e+00
-2.513274e+00	-2.387610e+00	0.000000e+00	0.000000e+00	0.000000e+00
-2.387610e+00	-2.261947e+00	0.000000e+00	0.000000e+00	0.000000e+00
-2.261947e+00	-2.136283e+00	0.000000e+00	0.000000e+00	0.000000e+00
-2.136283e+00	-2.010619e+00	0.000000e+00	0.000000e+00	0.000000e+00
-2.010619e+00	-1.884956e+00	0.000000e+00	0.000000e+00	0.000000e+00
-1.884956e+00	-1.759292e+00	0.000000e+00	0.000000e+00	0.000000e+00
-1.759292e+00	-1.633628e+00	0.000000e+00	0.000000e+00	0.000000e+00
-1.633628e+00	-1.507964e+00	0.000000e+00	0.000000e+00	0.000000e+00
-1.507964e+00	-1.382301e+00	0.000000e+00	0.000000e+00	0.000000e+00
-1.382301e+00	-1.256637e+00	0.000000e+00	0.000000e+00	0.000000e+00
-1.256637e+00	-1.130973e+00	0.000000e+00	0.000000e+00	0.000000e+00
-1.130973e+00	-1.005310e+00	0.000000e+00	0.000000e+00	0.000000e+00
-1.005310e+00	-8.796459e-01	0.000000e+00	0.000000e+00	0.000000e+00
-8.796459e-01	-7.539822e-01	0.000000e+00	0.000000e+00	0.000000e+00
-7.539822e-01	-6.283185e-01	0.000000e+00	0.000000e+00	0.000000e+00
-6.283185e-01	-5.026548e-01	0.000000e+00	0.000000e+00	0.000000e+00
-5.026548e-01	-3.769911e-01	0.000000e+00	0.000000e+00	0.000000e+00
-3.769911e-01	-2.513274e-01	0.000000e+00	0.000000e+00	0.000000e+00
-2.513274e-01	-1.256637e-01	0.000000e+00	0.000000e+00	0.000000e+00
-1.256637e-01	4.440892e-16	0.000000e+00	0.000000e+00	0.000000e+00
4.440892e-16	1.256637e-01	2.897308e+00	9.399431e-02	9.399431e-02
1.256637e-01	2.513274e-01	2.767622e+00	9.212731e-02	9.212731e-02
2.513274e-01	3.769911e-01	2.797096e+00	9.353106e-02	9.353106e-02
3.769911e-01	5.026548e-01	3.032889e+00	9.672726e-02	9.672726e-02
5.026548e-01	6.283185e-01	2.723410e+00	9.065394e-02	9.065394e-02
6.283185e-01	7.539822e-01	2.864886e+00	9.292537e-02	9.292537e-02
7.539822e-01	8.796459e-01	2.758779e+00	9.151233e-02	9.151233e-02
8.796459e-01	1.005310e+00	2.688033e+00	9.065365e-02	9.065365e-02
1.005310e+00	1.130973e+00	3.029958e+00	9.605187e-02	9.605187e-02
1.130973e+00	1.256637e+00	2.885511e+00	9.315856e-02	9.315856e-02
1.256637e+00	1.382301e+00	2.944459e+00	9.454699e-02	9.454699e-02
1.382301e+00	1.507964e+00	2.897324e+00	9.343864e-02	9.343864e-02
1.507964e+00	1.633628e+00	2.767615e+00	9.155957e-02	9.155957e-02
1.633628e+00	1.759292e+00	2.773510e+00	9.155957e-02	9.155957e-02
1.759292e+00	1.884956e+00	2.926775e+00	9.427094e-02	9.427094e-02
1.884956e+00	2.010619e+00	2.832481e+00	9.306603e-02	9.306603e-02
2.010619e+00	2.136283e+00	3.062356e+00	9.654725e-02	9.654725e-02
2.136283e+00	2.261947e+00	2.968039e+00	9.482224e-02	9.482224e-02
2.261947e+00	2.387610e+00	2.844270e+00	9.241028e-02	9.241028e-02
2.387610e+00	2.513274e+00	2.891406e+00	9.371640e-02	9.371640e-02
2.513274e+00	2.638938e+00	2.761720e+00	9.174912e-02	9.174912e-02
2.638938e+00	2.764602e+00	2.858984e+00	9.376274e-02	9.376274e-02
2.764602e+00	2.890265e+00	2.735216e+00	9.198626e-02	9.198626e-02
2.890265e+00	3.015929e+00	2.897301e+00	9.334490e-02	9.334490e-02
3.015929e+00	3.141593e+00	2.838353e+00	9.334490e-02	9.334490e-02
# END HISTO1D

