# BEGIN PLOT
Legend=1
LogY=1
LegendPlacement=manual
LegendAlign=r
LegendXPos=1.32
RightMargin=3.3
Title=Jet $\eta$ distribution
XLabel=$\eta^\mathrm{jet}$
YLabel=$\mathrm{d}\sigma/\mathrm{d}\eta^\mathrm{jet}$ [pb]
DrawOnly=//eos/home-y/yiyu/monobc/Rivet/X1000_Qd10.yoda.gz/JetMETAnalysis/jet_eta //eos/home-y/yiyu/monobc/Rivet/X1000_Qd20.yoda.gz/JetMETAnalysis/jet_eta //eos/home-y/yiyu/monobc/Rivet/X1000_Qd40.yoda.gz/JetMETAnalysis/jet_eta //eos/home-y/yiyu/monobc/Rivet/X1200_Qd10.yoda.gz/JetMETAnalysis/jet_eta //eos/home-y/yiyu/monobc/Rivet/X1200_Qd20.yoda.gz/JetMETAnalysis/jet_eta //eos/home-y/yiyu/monobc/Rivet/X1200_Qd40.yoda.gz/JetMETAnalysis/jet_eta //eos/home-y/yiyu/monobc/Rivet/X1500_Qd10.yoda.gz/JetMETAnalysis/jet_eta //eos/home-y/yiyu/monobc/Rivet/X1500_Qd20.yoda.gz/JetMETAnalysis/jet_eta //eos/home-y/yiyu/monobc/Rivet/X1500_Qd40.yoda.gz/JetMETAnalysis/jet_eta //eos/home-y/yiyu/monobc/Rivet/X2000_Qd10.yoda.gz/JetMETAnalysis/jet_eta //eos/home-y/yiyu/monobc/Rivet/X2000_Qd20.yoda.gz/JetMETAnalysis/jet_eta //eos/home-y/yiyu/monobc/Rivet/X2000_Qd40.yoda.gz/JetMETAnalysis/jet_eta //eos/home-y/yiyu/monobc/Rivet/X600_Qd10.yoda.gz/JetMETAnalysis/jet_eta //eos/home-y/yiyu/monobc/Rivet/X600_Qd20.yoda.gz/JetMETAnalysis/jet_eta //eos/home-y/yiyu/monobc/Rivet/X600_Qd40.yoda.gz/JetMETAnalysis/jet_eta //eos/home-y/yiyu/monobc/Rivet/X800_Qd10.yoda.gz/JetMETAnalysis/jet_eta //eos/home-y/yiyu/monobc/Rivet/X800_Qd20.yoda.gz/JetMETAnalysis/jet_eta //eos/home-y/yiyu/monobc/Rivet/X800_Qd40.yoda.gz/JetMETAnalysis/jet_eta
LegendOnly=//eos/home-y/yiyu/monobc/Rivet/X1000_Qd10.yoda.gz/JetMETAnalysis/jet_eta //eos/home-y/yiyu/monobc/Rivet/X1000_Qd20.yoda.gz/JetMETAnalysis/jet_eta //eos/home-y/yiyu/monobc/Rivet/X1000_Qd40.yoda.gz/JetMETAnalysis/jet_eta //eos/home-y/yiyu/monobc/Rivet/X1200_Qd10.yoda.gz/JetMETAnalysis/jet_eta //eos/home-y/yiyu/monobc/Rivet/X1200_Qd20.yoda.gz/JetMETAnalysis/jet_eta //eos/home-y/yiyu/monobc/Rivet/X1200_Qd40.yoda.gz/JetMETAnalysis/jet_eta //eos/home-y/yiyu/monobc/Rivet/X1500_Qd10.yoda.gz/JetMETAnalysis/jet_eta //eos/home-y/yiyu/monobc/Rivet/X1500_Qd20.yoda.gz/JetMETAnalysis/jet_eta //eos/home-y/yiyu/monobc/Rivet/X1500_Qd40.yoda.gz/JetMETAnalysis/jet_eta //eos/home-y/yiyu/monobc/Rivet/X2000_Qd10.yoda.gz/JetMETAnalysis/jet_eta //eos/home-y/yiyu/monobc/Rivet/X2000_Qd20.yoda.gz/JetMETAnalysis/jet_eta //eos/home-y/yiyu/monobc/Rivet/X2000_Qd40.yoda.gz/JetMETAnalysis/jet_eta //eos/home-y/yiyu/monobc/Rivet/X600_Qd10.yoda.gz/JetMETAnalysis/jet_eta //eos/home-y/yiyu/monobc/Rivet/X600_Qd20.yoda.gz/JetMETAnalysis/jet_eta //eos/home-y/yiyu/monobc/Rivet/X600_Qd40.yoda.gz/JetMETAnalysis/jet_eta //eos/home-y/yiyu/monobc/Rivet/X800_Qd10.yoda.gz/JetMETAnalysis/jet_eta //eos/home-y/yiyu/monobc/Rivet/X800_Qd20.yoda.gz/JetMETAnalysis/jet_eta //eos/home-y/yiyu/monobc/Rivet/X800_Qd40.yoda.gz/JetMETAnalysis/jet_eta
RatioPlot=1
RatioPlotReference=//eos/home-y/yiyu/monobc/Rivet/X1000_Qd10.yoda.gz/JetMETAnalysis/jet_eta
RatioPlotYLabel=Ratio
# END PLOT

# BEGIN HISTO1D //eos/home-y/yiyu/monobc/Rivet/X1000_Qd10.yoda.gz/JetMETAnalysis/jet_eta
ErrorBars=1
LineColor=red
LineStyle=solid
Path=//eos/home-y/yiyu/monobc/Rivet/X1000_Qd10.yoda.gz/JetMETAnalysis/jet_eta
ScaledBy=1.40377119385635185e-05
Title=X1000_Qd10
# xlow	 xhigh	 val	 errminus	 errplus
-2.500000e+00	-2.400000e+00	4.128133e-01	4.039290e-02	4.039290e-02
-2.400000e+00	-2.300000e+00	5.962859e-01	4.610157e-02	4.610157e-02
-2.300000e+00	-2.200000e+00	7.011274e-01	5.200960e-02	5.200960e-02
-2.200000e+00	-2.100000e+00	8.223504e-01	5.608116e-02	5.608116e-02
-2.100000e+00	-2.000000e+00	9.009815e-01	5.721806e-02	5.721806e-02
-2.000000e+00	-1.900000e+00	1.189296e+00	6.544397e-02	6.544397e-02
-1.900000e+00	-1.800000e+00	1.356387e+00	6.996254e-02	6.996254e-02
-1.800000e+00	-1.700000e+00	1.621767e+00	7.563917e-02	7.563917e-02
-1.700000e+00	-1.600000e+00	2.001817e+00	8.448780e-02	8.448780e-02
-1.600000e+00	-1.500000e+00	2.005093e+00	8.442425e-02	8.442425e-02
-1.500000e+00	-1.400000e+00	2.437564e+00	9.185323e-02	9.185323e-02
-1.400000e+00	-1.300000e+00	2.752089e+00	9.719065e-02	9.719065e-02
-1.300000e+00	-1.200000e+00	3.007640e+00	1.023548e-01	1.023548e-01
-1.200000e+00	-1.100000e+00	3.279573e+00	1.080185e-01	1.080185e-01
-1.100000e+00	-1.000000e+00	3.692386e+00	1.128778e-01	1.128778e-01
-1.000000e+00	-9.000000e-01	4.046226e+00	1.180831e-01	1.180831e-01
-9.000000e-01	-8.000000e-01	4.151067e+00	1.202450e-01	1.202450e-01
-8.000000e-01	-7.000000e-01	4.560604e+00	1.252728e-01	1.252728e-01
-7.000000e-01	-6.000000e-01	4.380408e+00	1.234168e-01	1.234168e-01
-6.000000e-01	-5.000000e-01	4.812879e+00	1.290295e-01	1.290295e-01
-5.000000e-01	-4.000000e-01	5.111022e+00	1.325180e-01	1.325180e-01
-4.000000e-01	-3.000000e-01	5.281390e+00	1.339681e-01	1.339681e-01
-3.000000e-01	-2.000000e-01	5.474691e+00	1.370181e-01	1.370181e-01
-2.000000e-01	-1.000000e-01	5.533664e+00	1.374874e-01	1.374874e-01
-1.000000e-01	0.000000e+00	5.684374e+00	1.396563e-01	1.396563e-01
0.000000e+00	1.000000e-01	5.386231e+00	1.355611e-01	1.355611e-01
1.000000e-01	2.000000e-01	5.671269e+00	1.388856e-01	1.388856e-01
2.000000e-01	3.000000e-01	5.379678e+00	1.350852e-01	1.350852e-01
3.000000e-01	4.000000e-01	5.317429e+00	1.345677e-01	1.345677e-01
4.000000e-01	5.000000e-01	5.346916e+00	1.357194e-01	1.357194e-01
5.000000e-01	6.000000e-01	4.950484e+00	1.307649e-01	1.307649e-01
6.000000e-01	7.000000e-01	4.714590e+00	1.270172e-01	1.270172e-01
7.000000e-01	8.000000e-01	4.521289e+00	1.248437e-01	1.248437e-01
8.000000e-01	9.000000e-01	3.990529e+00	1.168495e-01	1.168495e-01
9.000000e-01	1.000000e+00	3.748083e+00	1.139661e-01	1.139661e-01
1.000000e+00	1.100000e+00	3.892240e+00	1.158346e-01	1.158346e-01
1.100000e+00	1.200000e+00	3.256638e+00	1.067690e-01	1.067690e-01
1.200000e+00	1.300000e+00	3.092824e+00	1.040192e-01	1.040192e-01
1.300000e+00	1.400000e+00	2.584998e+00	9.467306e-02	9.467306e-02
1.400000e+00	1.500000e+00	2.431012e+00	9.243569e-02	9.243569e-02
1.500000e+00	1.600000e+00	2.077172e+00	8.655873e-02	8.655873e-02
1.600000e+00	1.700000e+00	1.667635e+00	7.690578e-02	7.690578e-02
1.700000e+00	1.800000e+00	1.533307e+00	7.369846e-02	7.369846e-02
1.800000e+00	1.900000e+00	1.421913e+00	7.026873e-02	7.026873e-02
1.900000e+00	2.000000e+00	1.310519e+00	6.825399e-02	6.825399e-02
2.000000e+00	2.100000e+00	9.370207e-01	5.805612e-02	5.805612e-02
2.100000e+00	2.200000e+00	7.699296e-01	5.231826e-02	5.231826e-02
2.200000e+00	2.300000e+00	7.011274e-01	5.033142e-02	5.033142e-02
2.300000e+00	2.400000e+00	5.176548e-01	4.371125e-02	4.371125e-02
2.400000e+00	2.500000e+00	5.602467e-01	4.407806e-02	4.407806e-02
# END HISTO1D


# BEGIN HISTO1D //eos/home-y/yiyu/monobc/Rivet/X1000_Qd20.yoda.gz/JetMETAnalysis/jet_eta
ErrorBars=1
LineColor=blue
LineStyle=solid
Path=//eos/home-y/yiyu/monobc/Rivet/X1000_Qd20.yoda.gz/JetMETAnalysis/jet_eta
ScaledBy=1.41645627920069503e-05
Title=X1000_Qd20
# xlow	 xhigh	 val	 errminus	 errplus
-2.500000e+00	-2.400000e+00	5.289181e-01	4.385558e-02	4.385558e-02
-2.400000e+00	-2.300000e+00	5.851157e-01	4.756130e-02	4.756130e-02
-2.300000e+00	-2.200000e+00	7.008165e-01	5.035150e-02	5.035150e-02
-2.200000e+00	-2.100000e+00	8.396576e-01	5.511767e-02	5.511767e-02
-2.100000e+00	-2.000000e+00	1.001639e+00	6.086510e-02	6.086510e-02
-2.000000e+00	-1.900000e+00	1.130563e+00	6.358714e-02	6.358714e-02
-1.900000e+00	-1.800000e+00	1.398327e+00	7.159042e-02	7.159042e-02
-1.800000e+00	-1.700000e+00	1.504111e+00	7.384460e-02	7.384460e-02
-1.700000e+00	-1.600000e+00	1.752041e+00	8.097372e-02	8.097372e-02
-1.600000e+00	-1.500000e+00	2.330546e+00	9.119286e-02	9.119286e-02
-1.500000e+00	-1.400000e+00	2.370214e+00	9.226505e-02	9.226505e-02
-1.400000e+00	-1.300000e+00	2.677648e+00	9.828667e-02	9.828667e-02
-1.300000e+00	-1.200000e+00	2.918967e+00	1.021575e-01	1.021575e-01
-1.200000e+00	-1.100000e+00	3.259458e+00	1.068117e-01	1.068117e-01
-1.100000e+00	-1.000000e+00	3.662758e+00	1.131703e-01	1.131703e-01
-1.000000e+00	-9.000000e-01	4.033001e+00	1.188228e-01	1.188228e-01
-9.000000e-01	-8.000000e-01	4.118950e+00	1.204668e-01	1.204668e-01
-8.000000e-01	-7.000000e-01	4.350352e+00	1.228027e-01	1.228027e-01
-7.000000e-01	-6.000000e-01	4.753652e+00	1.279453e-01	1.279453e-01
-6.000000e-01	-5.000000e-01	4.859435e+00	1.296423e-01	1.296423e-01
-5.000000e-01	-4.000000e-01	5.295793e+00	1.354143e-01	1.354143e-01
-4.000000e-01	-3.000000e-01	5.418105e+00	1.361788e-01	1.361788e-01
-3.000000e-01	-2.000000e-01	5.570169e+00	1.381704e-01	1.381704e-01
-2.000000e-01	-1.000000e-01	5.623061e+00	1.388803e-01	1.388803e-01
-1.000000e-01	0.000000e+00	5.791654e+00	1.404063e-01	1.404063e-01
0.000000e+00	1.000000e-01	5.685870e+00	1.400166e-01	1.400166e-01
1.000000e-01	2.000000e-01	5.785042e+00	1.406396e-01	1.406396e-01
2.000000e-01	3.000000e-01	5.434634e+00	1.370188e-01	1.370188e-01
3.000000e-01	4.000000e-01	5.269347e+00	1.346860e-01	1.346860e-01
4.000000e-01	5.000000e-01	5.219761e+00	1.337497e-01	1.337497e-01
5.000000e-01	6.000000e-01	4.912327e+00	1.313173e-01	1.313173e-01
6.000000e-01	7.000000e-01	4.790015e+00	1.290085e-01	1.290085e-01
7.000000e-01	8.000000e-01	4.522250e+00	1.246575e-01	1.246575e-01
8.000000e-01	9.000000e-01	4.231345e+00	1.206481e-01	1.206481e-01
9.000000e-01	1.000000e+00	3.904077e+00	1.157953e-01	1.157953e-01
1.000000e+00	1.100000e+00	3.547057e+00	1.114676e-01	1.114676e-01
1.100000e+00	1.200000e+00	3.219789e+00	1.054733e-01	1.054733e-01
1.200000e+00	1.300000e+00	2.909050e+00	1.015674e-01	1.015674e-01
1.300000e+00	1.400000e+00	2.614839e+00	9.699962e-02	9.699962e-02
1.400000e+00	1.500000e+00	2.297488e+00	9.083264e-02	9.083264e-02
1.500000e+00	1.600000e+00	1.999972e+00	8.537514e-02	8.537514e-02
1.600000e+00	1.700000e+00	1.781793e+00	7.968133e-02	7.968133e-02
1.700000e+00	1.800000e+00	1.609895e+00	7.674726e-02	7.674726e-02
1.800000e+00	1.900000e+00	1.514028e+00	7.406625e-02	7.406625e-02
1.900000e+00	2.000000e+00	1.196677e+00	6.578336e-02	6.578336e-02
2.000000e+00	2.100000e+00	9.421354e-01	5.941140e-02	5.941140e-02
2.100000e+00	2.200000e+00	8.694092e-01	5.658513e-02	5.658513e-02
2.200000e+00	2.300000e+00	7.239567e-01	5.045990e-02	5.045990e-02
2.300000e+00	2.400000e+00	6.545362e-01	4.947576e-02	4.947576e-02
2.400000e+00	2.500000e+00	4.826378e-01	4.335435e-02	4.335435e-02
# END HISTO1D


# BEGIN HISTO1D //eos/home-y/yiyu/monobc/Rivet/X1000_Qd40.yoda.gz/JetMETAnalysis/jet_eta
ErrorBars=1
LineColor=green
LineStyle=solid
Path=//eos/home-y/yiyu/monobc/Rivet/X1000_Qd40.yoda.gz/JetMETAnalysis/jet_eta
ScaledBy=1.40867871996726164e-05
Title=X1000_Qd40
# xlow	 xhigh	 val	 errminus	 errplus
-2.500000e+00	-2.400000e+00	4.896726e-01	4.129282e-02	4.129282e-02
-2.400000e+00	-2.300000e+00	6.888061e-01	4.874914e-02	4.874914e-02
-2.300000e+00	-2.200000e+00	6.888061e-01	4.940061e-02	4.940061e-02
-2.200000e+00	-2.100000e+00	8.193855e-01	5.452764e-02	5.452764e-02
-2.100000e+00	-2.000000e+00	1.074015e+00	6.236788e-02	6.236788e-02
-2.000000e+00	-1.900000e+00	1.129511e+00	6.430288e-02	6.430288e-02
-1.900000e+00	-1.800000e+00	1.416786e+00	7.152126e-02	7.152126e-02
-1.800000e+00	-1.700000e+00	1.622449e+00	7.536646e-02	7.536646e-02
-1.700000e+00	-1.600000e+00	1.779144e+00	7.949538e-02	7.949538e-02
-1.600000e+00	-1.500000e+00	2.033774e+00	8.556436e-02	8.556436e-02
-1.500000e+00	-1.400000e+00	2.314519e+00	9.076205e-02	9.076205e-02
-1.400000e+00	-1.300000e+00	2.647497e+00	9.578911e-02	9.578911e-02
-1.300000e+00	-1.200000e+00	2.800927e+00	9.933906e-02	9.933906e-02
-1.200000e+00	-1.100000e+00	3.319980e+00	1.077280e-01	1.077280e-01
-1.100000e+00	-1.000000e+00	3.502791e+00	1.101733e-01	1.101733e-01
-1.000000e+00	-9.000000e-01	3.633371e+00	1.125655e-01	1.125655e-01
-9.000000e-01	-8.000000e-01	4.198126e+00	1.202111e-01	1.202111e-01
-8.000000e-01	-7.000000e-01	4.514781e+00	1.247785e-01	1.247785e-01
-7.000000e-01	-6.000000e-01	4.788998e+00	1.278995e-01	1.278995e-01
-6.000000e-01	-5.000000e-01	4.922842e+00	1.306609e-01	1.306609e-01
-5.000000e-01	-4.000000e-01	5.066479e+00	1.319595e-01	1.319595e-01
-4.000000e-01	-3.000000e-01	5.337431e+00	1.349540e-01	1.349540e-01
-3.000000e-01	-2.000000e-01	5.438630e+00	1.364851e-01	1.364851e-01
-2.000000e-01	-1.000000e-01	5.784666e+00	1.405625e-01	1.405625e-01
-1.000000e-01	0.000000e+00	5.526771e+00	1.372249e-01	1.372249e-01
0.000000e+00	1.000000e-01	5.516978e+00	1.370306e-01	1.370306e-01
1.000000e-01	2.000000e-01	5.353754e+00	1.349145e-01	1.349145e-01
2.000000e-01	3.000000e-01	5.530036e+00	1.365632e-01	1.365632e-01
3.000000e-01	4.000000e-01	5.461482e+00	1.366802e-01	1.366802e-01
4.000000e-01	5.000000e-01	5.311316e+00	1.341620e-01	1.341620e-01
5.000000e-01	6.000000e-01	5.141562e+00	1.323224e-01	1.323224e-01
6.000000e-01	7.000000e-01	4.593129e+00	1.252899e-01	1.252899e-01
7.000000e-01	8.000000e-01	4.341764e+00	1.226682e-01	1.226682e-01
8.000000e-01	9.000000e-01	4.034902e+00	1.178836e-01	1.178836e-01
9.000000e-01	1.000000e+00	3.884736e+00	1.156015e-01	1.156015e-01
1.000000e+00	1.100000e+00	3.280806e+00	1.074308e-01	1.074308e-01
1.100000e+00	1.200000e+00	3.261220e+00	1.069337e-01	1.069337e-01
1.200000e+00	1.300000e+00	3.042499e+00	1.024029e-01	1.024029e-01
1.300000e+00	1.400000e+00	2.582207e+00	9.523121e-02	9.523121e-02
1.400000e+00	1.500000e+00	2.356957e+00	9.035016e-02	9.035016e-02
1.500000e+00	1.600000e+00	2.131708e+00	8.667805e-02	8.667805e-02
1.600000e+00	1.700000e+00	1.818318e+00	7.989654e-02	7.989654e-02
1.700000e+00	1.800000e+00	1.488605e+00	7.270351e-02	7.270351e-02
1.800000e+00	1.900000e+00	1.406993e+00	7.099784e-02	7.099784e-02
1.900000e+00	2.000000e+00	1.175214e+00	6.463349e-02	6.463349e-02
2.000000e+00	2.100000e+00	9.956676e-01	6.098560e-02	6.098560e-02
2.100000e+00	2.200000e+00	8.455014e-01	5.433184e-02	5.433184e-02
2.200000e+00	2.300000e+00	6.365744e-01	4.853004e-02	4.853004e-02
2.300000e+00	2.400000e+00	5.745492e-01	4.616677e-02	4.616677e-02
2.400000e+00	2.500000e+00	5.027305e-01	4.306150e-02	4.306150e-02
# END HISTO1D


# BEGIN HISTO1D //eos/home-y/yiyu/monobc/Rivet/X1200_Qd10.yoda.gz/JetMETAnalysis/jet_eta
ErrorBars=1
LineColor=orange
LineStyle=solid
Path=//eos/home-y/yiyu/monobc/Rivet/X1200_Qd10.yoda.gz/JetMETAnalysis/jet_eta
ScaledBy=1.38077798553465733e-05
Title=X1200_Qd10
# xlow	 xhigh	 val	 errminus	 errplus
-2.500000e+00	-2.400000e+00	1.361774e-01	1.462308e-02	1.462308e-02
-2.400000e+00	-2.300000e+00	2.248801e-01	1.784406e-02	1.784406e-02
-2.300000e+00	-2.200000e+00	2.248801e-01	1.810457e-02	1.810457e-02
-2.200000e+00	-2.100000e+00	2.698561e-01	1.943507e-02	1.943507e-02
-2.100000e+00	-2.000000e+00	3.223281e-01	2.185441e-02	2.185441e-02
-2.000000e+00	-1.900000e+00	3.960388e-01	2.373734e-02	2.373734e-02
-1.900000e+00	-1.800000e+00	5.034815e-01	2.647291e-02	2.647291e-02
-1.800000e+00	-1.700000e+00	6.021789e-01	2.924615e-02	2.924615e-02
-1.700000e+00	-1.600000e+00	6.371602e-01	3.085627e-02	3.085627e-02
-1.600000e+00	-1.500000e+00	6.933802e-01	3.158122e-02	3.158122e-02
-1.500000e+00	-1.400000e+00	8.158149e-01	3.423722e-02	3.423722e-02
-1.400000e+00	-1.300000e+00	9.469950e-01	3.706123e-02	3.706123e-02
-1.300000e+00	-1.200000e+00	1.125650e+00	3.972410e-02	3.972410e-02
-1.200000e+00	-1.100000e+00	1.219350e+00	4.086677e-02	4.086677e-02
-1.100000e+00	-1.000000e+00	1.320546e+00	4.267896e-02	4.267896e-02
-1.000000e+00	-9.000000e-01	1.477962e+00	4.461013e-02	4.461013e-02
-9.000000e-01	-8.000000e-01	1.569163e+00	4.661204e-02	4.661204e-02
-8.000000e-01	-7.000000e-01	1.676606e+00	4.848316e-02	4.848316e-02
-7.000000e-01	-6.000000e-01	1.802789e+00	5.020705e-02	5.020705e-02
-6.000000e-01	-5.000000e-01	1.860258e+00	5.030023e-02	5.030023e-02
-5.000000e-01	-4.000000e-01	1.967701e+00	5.170793e-02	5.170793e-02
-4.000000e-01	-3.000000e-01	2.033915e+00	5.291633e-02	5.291633e-02
-3.000000e-01	-2.000000e-01	2.048907e+00	5.291633e-02	5.291633e-02
-2.000000e-01	-1.000000e-01	2.150103e+00	5.415542e-02	5.415542e-02
-1.000000e-01	0.000000e+00	2.126366e+00	5.350300e-02	5.350300e-02
0.000000e+00	1.000000e-01	2.142607e+00	5.377943e-02	5.377943e-02
1.000000e-01	2.000000e-01	2.183835e+00	5.439984e-02	5.439984e-02
2.000000e-01	3.000000e-01	2.111374e+00	5.364866e-02	5.364866e-02
3.000000e-01	4.000000e-01	2.056403e+00	5.297529e-02	5.297529e-02
4.000000e-01	5.000000e-01	1.981443e+00	5.211385e-02	5.211385e-02
5.000000e-01	6.000000e-01	1.911481e+00	5.120744e-02	5.120744e-02
6.000000e-01	7.000000e-01	1.800290e+00	5.014484e-02	5.014484e-02
7.000000e-01	8.000000e-01	1.641625e+00	4.731001e-02	4.731001e-02
8.000000e-01	9.000000e-01	1.621635e+00	4.704534e-02	4.704534e-02
9.000000e-01	1.000000e+00	1.381763e+00	4.427649e-02	4.427649e-02
1.000000e+00	1.100000e+00	1.224347e+00	4.173598e-02	4.173598e-02
1.100000e+00	1.200000e+00	1.110658e+00	3.976338e-02	3.976338e-02
1.200000e+00	1.300000e+00	1.041944e+00	3.858803e-02	3.858803e-02
1.300000e+00	1.400000e+00	9.270056e-01	3.655236e-02	3.655236e-02
1.400000e+00	1.500000e+00	8.645389e-01	3.498134e-02	3.498134e-02
1.500000e+00	1.600000e+00	6.983776e-01	3.236232e-02	3.236232e-02
1.600000e+00	1.700000e+00	6.084255e-01	3.016565e-02	3.016565e-02
1.700000e+00	1.800000e+00	5.497068e-01	2.843435e-02	2.843435e-02
1.800000e+00	1.900000e+00	4.360175e-01	2.520436e-02	2.520436e-02
1.900000e+00	2.000000e+00	4.122801e-01	2.492413e-02	2.492413e-02
2.000000e+00	2.100000e+00	3.185801e-01	2.138515e-02	2.138515e-02
2.100000e+00	2.200000e+00	2.586121e-01	1.979317e-02	1.979317e-02
2.200000e+00	2.300000e+00	2.711054e-01	1.923325e-02	1.923325e-02
2.300000e+00	2.400000e+00	1.724081e-01	1.638486e-02	1.638486e-02
2.400000e+00	2.500000e+00	1.574161e-01	1.580296e-02	1.580296e-02
# END HISTO1D


# BEGIN HISTO1D //eos/home-y/yiyu/monobc/Rivet/X1200_Qd20.yoda.gz/JetMETAnalysis/jet_eta
ErrorBars=1
LineColor=lilac
LineStyle=solid
Path=//eos/home-y/yiyu/monobc/Rivet/X1200_Qd20.yoda.gz/JetMETAnalysis/jet_eta
ScaledBy=1.36137126806748303e-05
Title=X1200_Qd20
# xlow	 xhigh	 val	 errminus	 errplus
-2.500000e+00	-2.400000e+00	1.704178e-01	1.581458e-02	1.581458e-02
-2.400000e+00	-2.300000e+00	1.630083e-01	1.581458e-02	1.581458e-02
-2.300000e+00	-2.200000e+00	2.259888e-01	1.802294e-02	1.802294e-02
-2.200000e+00	-2.100000e+00	2.630361e-01	1.971995e-02	1.971995e-02
-2.100000e+00	-2.000000e+00	2.951438e-01	2.070089e-02	2.070089e-02
-2.000000e+00	-1.900000e+00	3.605941e-01	2.310308e-02	2.310308e-02
-1.900000e+00	-1.800000e+00	4.976693e-01	2.662945e-02	2.662945e-02
-1.800000e+00	-1.700000e+00	5.581799e-01	2.837610e-02	2.837610e-02
-1.700000e+00	-1.600000e+00	6.223953e-01	3.004669e-02	3.004669e-02
-1.600000e+00	-1.500000e+00	7.150137e-01	3.170140e-02	3.170140e-02
-1.500000e+00	-1.400000e+00	7.520610e-01	3.297467e-02	3.297467e-02
-1.400000e+00	-1.300000e+00	1.001513e+00	3.690298e-02	3.690298e-02
-1.300000e+00	-1.200000e+00	1.133649e+00	3.909036e-02	3.909036e-02
-1.200000e+00	-1.100000e+00	1.190455e+00	4.039500e-02	4.039500e-02
-1.100000e+00	-1.000000e+00	1.271959e+00	4.154885e-02	4.154885e-02
-1.000000e+00	-9.000000e-01	1.464605e+00	4.442249e-02	4.442249e-02
-9.000000e-01	-8.000000e-01	1.507827e+00	4.491751e-02	4.491751e-02
-8.000000e-01	-7.000000e-01	1.679479e+00	4.741159e-02	4.741159e-02
-7.000000e-01	-6.000000e-01	1.754809e+00	4.866553e-02	4.866553e-02
-6.000000e-01	-5.000000e-01	1.844958e+00	4.942732e-02	4.942732e-02
-5.000000e-01	-4.000000e-01	1.947455e+00	5.114083e-02	5.114083e-02
-4.000000e-01	-3.000000e-01	2.043778e+00	5.220331e-02	5.220331e-02
-3.000000e-01	-2.000000e-01	2.162330e+00	5.364407e-02	5.364407e-02
-2.000000e-01	-1.000000e-01	2.187028e+00	5.418151e-02	5.418151e-02
-1.000000e-01	0.000000e+00	2.115403e+00	5.324459e-02	5.324459e-02
0.000000e+00	1.000000e-01	2.124047e+00	5.337332e-02	5.337332e-02
1.000000e-01	2.000000e-01	2.172209e+00	5.341616e-02	5.341616e-02
2.000000e-01	3.000000e-01	2.164800e+00	5.361563e-02	5.361563e-02
3.000000e-01	4.000000e-01	2.028959e+00	5.205705e-02	5.205705e-02
4.000000e-01	5.000000e-01	1.949925e+00	5.123022e-02	5.123022e-02
5.000000e-01	6.000000e-01	1.849897e+00	4.967353e-02	4.967353e-02
6.000000e-01	7.000000e-01	1.832608e+00	4.976555e-02	4.976555e-02
7.000000e-01	8.000000e-01	1.642432e+00	4.728276e-02	4.728276e-02
8.000000e-01	9.000000e-01	1.607855e+00	4.633798e-02	4.633798e-02
9.000000e-01	1.000000e+00	1.437437e+00	4.462800e-02	4.462800e-02
1.000000e+00	1.100000e+00	1.410269e+00	4.373050e-02	4.373050e-02
1.100000e+00	1.200000e+00	1.201569e+00	4.056453e-02	4.056453e-02
1.200000e+00	1.300000e+00	1.096601e+00	3.901225e-02	3.901225e-02
1.300000e+00	1.400000e+00	9.694054e-01	3.673731e-02	3.673731e-02
1.400000e+00	1.500000e+00	8.273906e-01	3.408893e-02	3.408893e-02
1.500000e+00	1.600000e+00	7.187184e-01	3.148418e-02	3.148418e-02
1.600000e+00	1.700000e+00	6.149858e-01	2.963787e-02	2.963787e-02
1.700000e+00	1.800000e+00	5.557101e-01	2.842979e-02	2.842979e-02
1.800000e+00	1.900000e+00	4.680314e-01	2.634156e-02	2.634156e-02
1.900000e+00	2.000000e+00	3.988764e-01	2.391395e-02	2.391395e-02
2.000000e+00	2.100000e+00	3.766480e-01	2.212525e-02	2.212525e-02
2.100000e+00	2.200000e+00	2.778550e-01	1.995060e-02	1.995060e-02
2.200000e+00	2.300000e+00	2.383379e-01	1.819138e-02	1.819138e-02
2.300000e+00	2.400000e+00	1.864716e-01	1.642943e-02	1.642943e-02
2.400000e+00	2.500000e+00	1.741225e-01	1.547339e-02	1.547339e-02
# END HISTO1D


# BEGIN HISTO1D //eos/home-y/yiyu/monobc/Rivet/X1200_Qd40.yoda.gz/JetMETAnalysis/jet_eta
ErrorBars=1
LineColor=red
LineStyle=dashed
Path=//eos/home-y/yiyu/monobc/Rivet/X1200_Qd40.yoda.gz/JetMETAnalysis/jet_eta
ScaledBy=1.37239052924151090e-05
Title=X1200_Qd40
# xlow	 xhigh	 val	 errminus	 errplus
-2.500000e+00	-2.400000e+00	1.769914e-01	1.540927e-02	1.540927e-02
-2.400000e+00	-2.300000e+00	2.240241e-01	1.772120e-02	1.772120e-02
-2.300000e+00	-2.200000e+00	2.512536e-01	1.848284e-02	1.848284e-02
-2.200000e+00	-2.100000e+00	3.032371e-01	2.133018e-02	2.133018e-02
-2.100000e+00	-2.000000e+00	3.218026e-01	2.200188e-02	2.200188e-02
-2.000000e+00	-1.900000e+00	3.874008e-01	2.390400e-02	2.390400e-02
-1.900000e+00	-1.800000e+00	4.245319e-01	2.496971e-02	2.496971e-02
-1.800000e+00	-1.700000e+00	5.557284e-01	2.797865e-02	2.797865e-02
-1.700000e+00	-1.600000e+00	5.792447e-01	2.854776e-02	2.854776e-02
-1.600000e+00	-1.500000e+00	7.525230e-01	3.222783e-02	3.222783e-02
-1.500000e+00	-1.400000e+00	8.738179e-01	3.487598e-02	3.487598e-02
-1.400000e+00	-1.300000e+00	8.899080e-01	3.489794e-02	3.489794e-02
-1.300000e+00	-1.200000e+00	9.876865e-01	3.774485e-02	3.774485e-02
-1.200000e+00	-1.100000e+00	1.152301e+00	3.997223e-02	3.997223e-02
-1.100000e+00	-1.000000e+00	1.349096e+00	4.294666e-02	4.294666e-02
-1.000000e+00	-9.000000e-01	1.412218e+00	4.367178e-02	4.367178e-02
-9.000000e-01	-8.000000e-01	1.569407e+00	4.611168e-02	4.611168e-02
-8.000000e-01	-7.000000e-01	1.691939e+00	4.734110e-02	4.734110e-02
-7.000000e-01	-6.000000e-01	1.772390e+00	4.882262e-02	4.882262e-02
-6.000000e-01	-5.000000e-01	1.912250e+00	5.074580e-02	5.074580e-02
-5.000000e-01	-4.000000e-01	2.044684e+00	5.221872e-02	5.221872e-02
-4.000000e-01	-3.000000e-01	2.018693e+00	5.208654e-02	5.208654e-02
-3.000000e-01	-2.000000e-01	2.168455e+00	5.389338e-02	5.389338e-02
-2.000000e-01	-1.000000e-01	2.257569e+00	5.473947e-02	5.473947e-02
-1.000000e-01	0.000000e+00	2.292225e+00	5.532405e-02	5.532405e-02
0.000000e+00	1.000000e-01	2.010029e+00	5.233593e-02	5.233593e-02
1.000000e-01	2.000000e-01	2.133799e+00	5.320680e-02	5.320680e-02
2.000000e-01	3.000000e-01	2.107807e+00	5.342231e-02	5.342231e-02
3.000000e-01	4.000000e-01	2.055824e+00	5.261327e-02	5.261327e-02
4.000000e-01	5.000000e-01	1.954332e+00	5.140564e-02	5.140564e-02
5.000000e-01	6.000000e-01	2.018693e+00	5.193927e-02	5.193927e-02
6.000000e-01	7.000000e-01	1.802095e+00	4.901051e-02	4.901051e-02
7.000000e-01	8.000000e-01	1.699365e+00	4.782402e-02	4.782402e-02
8.000000e-01	9.000000e-01	1.497620e+00	4.517189e-02	4.517189e-02
9.000000e-01	1.000000e+00	1.438210e+00	4.452289e-02	4.452289e-02
1.000000e+00	1.100000e+00	1.289686e+00	4.164275e-02	4.164275e-02
1.100000e+00	1.200000e+00	1.196858e+00	4.031567e-02	4.031567e-02
1.200000e+00	1.300000e+00	1.096604e+00	3.886464e-02	3.886464e-02
1.300000e+00	1.400000e+00	9.468423e-01	3.635981e-02	3.635981e-02
1.400000e+00	1.500000e+00	8.094573e-01	3.371461e-02	3.371461e-02
1.500000e+00	1.600000e+00	7.290067e-01	3.196532e-02	3.196532e-02
1.600000e+00	1.700000e+00	5.940971e-01	2.870829e-02	2.870829e-02
1.700000e+00	1.800000e+00	5.705808e-01	2.786892e-02	2.786892e-02
1.800000e+00	1.900000e+00	4.715646e-01	2.557586e-02	2.557586e-02
1.900000e+00	2.000000e+00	4.158680e-01	2.425391e-02	2.425391e-02
2.000000e+00	2.100000e+00	3.329419e-01	2.196704e-02	2.196704e-02
2.100000e+00	2.200000e+00	2.760076e-01	2.029983e-02	2.029983e-02
2.200000e+00	2.300000e+00	2.203110e-01	1.810602e-02	1.810602e-02
2.300000e+00	2.400000e+00	1.868931e-01	1.646656e-02	1.646656e-02
2.400000e+00	2.500000e+00	1.485243e-01	1.495521e-02	1.495521e-02
# END HISTO1D


# BEGIN HISTO1D //eos/home-y/yiyu/monobc/Rivet/X1500_Qd10.yoda.gz/JetMETAnalysis/jet_eta
ErrorBars=1
LineColor=blue
LineStyle=dashed
Path=//eos/home-y/yiyu/monobc/Rivet/X1500_Qd10.yoda.gz/JetMETAnalysis/jet_eta
ScaledBy=1.29112282165450971e-05
Title=X1500_Qd10
# xlow	 xhigh	 val	 errminus	 errplus
-2.500000e+00	-2.400000e+00	3.422417e-02	3.570770e-03	3.570770e-03
-2.400000e+00	-2.300000e+00	4.209876e-02	4.097133e-03	4.097133e-03
-2.300000e+00	-2.200000e+00	5.088196e-02	4.492270e-03	4.492270e-03
-2.200000e+00	-2.100000e+00	5.815081e-02	4.921035e-03	4.921035e-03
-2.100000e+00	-2.000000e+00	6.541966e-02	5.175425e-03	5.175425e-03
-2.000000e+00	-1.900000e+00	8.177457e-02	5.649944e-03	5.649944e-03
-1.900000e+00	-1.800000e+00	9.812949e-02	6.102637e-03	6.102637e-03
-1.800000e+00	-1.700000e+00	1.017639e-01	6.523993e-03	6.523993e-03
-1.700000e+00	-1.600000e+00	1.241762e-01	7.115806e-03	7.115806e-03
-1.600000e+00	-1.500000e+00	1.559774e-01	7.607977e-03	7.607977e-03
-1.500000e+00	-1.400000e+00	1.717266e-01	8.211041e-03	8.211041e-03
-1.400000e+00	-1.300000e+00	1.929274e-01	8.824871e-03	8.824871e-03
-1.300000e+00	-1.200000e+00	2.438094e-01	9.611015e-03	9.611015e-03
-1.200000e+00	-1.100000e+00	2.544098e-01	9.869991e-03	9.869991e-03
-1.100000e+00	-1.000000e+00	2.768221e-01	1.025290e-02	1.025290e-02
-1.000000e+00	-9.000000e-01	3.234639e-01	1.102043e-02	1.102043e-02
-9.000000e-01	-8.000000e-01	3.328528e-01	1.134445e-02	1.134445e-02
-8.000000e-01	-7.000000e-01	3.779802e-01	1.188543e-02	1.188543e-02
-7.000000e-01	-6.000000e-01	3.928208e-01	1.217141e-02	1.217141e-02
-6.000000e-01	-5.000000e-01	4.103872e-01	1.232121e-02	1.232121e-02
-5.000000e-01	-4.000000e-01	4.352225e-01	1.260094e-02	1.260094e-02
-4.000000e-01	-3.000000e-01	4.700524e-01	1.313906e-02	1.313906e-02
-3.000000e-01	-2.000000e-01	4.918589e-01	1.333999e-02	1.333999e-02
-2.000000e-01	-1.000000e-01	5.003392e-01	1.359203e-02	1.359203e-02
-1.000000e-01	0.000000e+00	5.103339e-01	1.352776e-02	1.352776e-02
0.000000e+00	1.000000e-01	5.039737e-01	1.349042e-02	1.349042e-02
1.000000e-01	2.000000e-01	4.951905e-01	1.349382e-02	1.349382e-02
2.000000e-01	3.000000e-01	4.915560e-01	1.343249e-02	1.343249e-02
3.000000e-01	4.000000e-01	4.673265e-01	1.317740e-02	1.317740e-02
4.000000e-01	5.000000e-01	4.500630e-01	1.290662e-02	1.290662e-02
5.000000e-01	6.000000e-01	4.109929e-01	1.240284e-02	1.240284e-02
6.000000e-01	7.000000e-01	4.019069e-01	1.223905e-02	1.223905e-02
7.000000e-01	8.000000e-01	3.804032e-01	1.180800e-02	1.180800e-02
8.000000e-01	9.000000e-01	3.513278e-01	1.150104e-02	1.150104e-02
9.000000e-01	1.000000e+00	3.040803e-01	1.075078e-02	1.075078e-02
1.000000e+00	1.100000e+00	2.910569e-01	1.061770e-02	1.061770e-02
1.100000e+00	1.200000e+00	2.450209e-01	9.893199e-03	9.893199e-03
1.200000e+00	1.300000e+00	2.189741e-01	9.280840e-03	9.280840e-03
1.300000e+00	1.400000e+00	1.844471e-01	8.646361e-03	8.646361e-03
1.400000e+00	1.500000e+00	1.702123e-01	8.349516e-03	8.349516e-03
1.500000e+00	1.600000e+00	1.453770e-01	7.614004e-03	7.614004e-03
1.600000e+00	1.700000e+00	1.317479e-01	7.160781e-03	7.160781e-03
1.700000e+00	1.800000e+00	1.093356e-01	6.559050e-03	6.559050e-03
1.800000e+00	1.900000e+00	1.023697e-01	6.221724e-03	6.221724e-03
1.900000e+00	2.000000e+00	8.934629e-02	5.958131e-03	5.958131e-03
2.000000e+00	2.100000e+00	7.268851e-02	5.280698e-03	5.280698e-03
2.100000e+00	2.200000e+00	6.572253e-02	4.779189e-03	4.779189e-03
2.200000e+00	2.300000e+00	4.512745e-02	4.420224e-03	4.420224e-03
2.300000e+00	2.400000e+00	3.422417e-02	3.842974e-03	3.842974e-03
2.400000e+00	2.500000e+00	2.786393e-02	3.479697e-03	3.479697e-03
# END HISTO1D


# BEGIN HISTO1D //eos/home-y/yiyu/monobc/Rivet/X1500_Qd20.yoda.gz/JetMETAnalysis/jet_eta
ErrorBars=1
LineColor=green
LineStyle=dashed
Path=//eos/home-y/yiyu/monobc/Rivet/X1500_Qd20.yoda.gz/JetMETAnalysis/jet_eta
ScaledBy=1.29605322047913924e-05
Title=X1500_Qd20
# xlow	 xhigh	 val	 errminus	 errplus
-2.500000e+00	-2.400000e+00	3.531929e-02	3.753839e-03	3.753839e-03
-2.400000e+00	-2.300000e+00	4.079986e-02	4.016322e-03	4.016322e-03
-2.300000e+00	-2.200000e+00	4.567149e-02	4.474874e-03	4.474874e-03
-2.200000e+00	-2.100000e+00	5.176102e-02	4.756076e-03	4.756076e-03
-2.100000e+00	-2.000000e+00	5.754608e-02	4.993787e-03	4.993787e-03
-2.000000e+00	-1.900000e+00	6.911619e-02	5.438126e-03	5.438126e-03
-1.900000e+00	-1.800000e+00	9.347432e-02	6.291698e-03	6.291698e-03
-1.800000e+00	-1.700000e+00	1.111340e-01	6.607914e-03	6.607914e-03
-1.700000e+00	-1.600000e+00	1.412771e-01	7.307439e-03	7.307439e-03
-1.600000e+00	-1.500000e+00	1.531517e-01	7.792460e-03	7.792460e-03
-1.500000e+00	-1.400000e+00	1.796412e-01	8.293844e-03	8.293844e-03
-1.400000e+00	-1.300000e+00	2.100889e-01	9.083410e-03	9.083410e-03
-1.300000e+00	-1.200000e+00	2.189187e-01	9.270300e-03	9.270300e-03
-1.200000e+00	-1.100000e+00	2.408410e-01	9.776497e-03	9.776497e-03
-1.100000e+00	-1.000000e+00	2.993005e-01	1.055177e-02	1.055177e-02
-1.000000e+00	-9.000000e-01	3.172646e-01	1.104541e-02	1.104541e-02
-9.000000e-01	-8.000000e-01	3.474078e-01	1.156611e-02	1.156611e-02
-8.000000e-01	-7.000000e-01	3.705480e-01	1.182765e-02	1.182765e-02
-7.000000e-01	-6.000000e-01	4.137837e-01	1.252802e-02	1.252802e-02
-6.000000e-01	-5.000000e-01	4.369239e-01	1.272625e-02	1.272625e-02
-5.000000e-01	-4.000000e-01	4.612820e-01	1.323335e-02	1.323335e-02
-4.000000e-01	-3.000000e-01	4.825954e-01	1.314902e-02	1.314902e-02
-3.000000e-01	-2.000000e-01	4.923387e-01	1.358593e-02	1.358593e-02
-2.000000e-01	-1.000000e-01	4.548880e-01	1.315959e-02	1.315959e-02
-1.000000e-01	0.000000e+00	4.832044e-01	1.347632e-02	1.347632e-02
0.000000e+00	1.000000e-01	4.877715e-01	1.347976e-02	1.347976e-02
1.000000e-01	2.000000e-01	5.148699e-01	1.368791e-02	1.368791e-02
2.000000e-01	3.000000e-01	4.576283e-01	1.314902e-02	1.314902e-02
3.000000e-01	4.000000e-01	4.880760e-01	1.325435e-02	1.325435e-02
4.000000e-01	5.000000e-01	4.551925e-01	1.297156e-02	1.297156e-02
5.000000e-01	6.000000e-01	4.003867e-01	1.228894e-02	1.228894e-02
6.000000e-01	7.000000e-01	4.229180e-01	1.255020e-02	1.255020e-02
7.000000e-01	8.000000e-01	3.662853e-01	1.168571e-02	1.168571e-02
8.000000e-01	9.000000e-01	3.486257e-01	1.154203e-02	1.154203e-02
9.000000e-01	1.000000e+00	3.026497e-01	1.091029e-02	1.091029e-02
1.000000e+00	1.100000e+00	2.877304e-01	1.043693e-02	1.043693e-02
1.100000e+00	1.200000e+00	2.569782e-01	9.856769e-03	9.856769e-03
1.200000e+00	1.300000e+00	2.207455e-01	9.477980e-03	9.477980e-03
1.300000e+00	1.400000e+00	2.128291e-01	9.179856e-03	9.179856e-03
1.400000e+00	1.500000e+00	1.817725e-01	8.343992e-03	8.343992e-03
1.500000e+00	1.600000e+00	1.504114e-01	7.786509e-03	7.786509e-03
1.600000e+00	1.700000e+00	1.324473e-01	7.250124e-03	7.250124e-03
1.700000e+00	1.800000e+00	1.077847e-01	6.670748e-03	6.670748e-03
1.800000e+00	1.900000e+00	9.743251e-02	6.225039e-03	6.225039e-03
1.900000e+00	2.000000e+00	8.708031e-02	5.696236e-03	5.696236e-03
2.000000e+00	2.100000e+00	6.272218e-02	5.113031e-03	5.113031e-03
2.100000e+00	2.200000e+00	6.180875e-02	5.085761e-03	5.085761e-03
2.200000e+00	2.300000e+00	3.836405e-02	4.240868e-03	4.240868e-03
2.300000e+00	2.400000e+00	4.475806e-02	4.207951e-03	4.207951e-03
2.400000e+00	2.500000e+00	2.770737e-02	3.349243e-03	3.349243e-03
# END HISTO1D


# BEGIN HISTO1D //eos/home-y/yiyu/monobc/Rivet/X1500_Qd40.yoda.gz/JetMETAnalysis/jet_eta
ErrorBars=1
LineColor=orange
LineStyle=dashed
Path=//eos/home-y/yiyu/monobc/Rivet/X1500_Qd40.yoda.gz/JetMETAnalysis/jet_eta
ScaledBy=1.28797563000789208e-05
Title=X1500_Qd40
# xlow	 xhigh	 val	 errminus	 errplus
-2.500000e+00	-2.400000e+00	3.466284e-02	3.579117e-03	3.579117e-03
-2.400000e+00	-2.300000e+00	4.189683e-02	3.895153e-03	3.895153e-03
-2.300000e+00	-2.200000e+00	5.033647e-02	4.541291e-03	4.541291e-03
-2.200000e+00	-2.100000e+00	5.817329e-02	4.794315e-03	4.794315e-03
-2.100000e+00	-2.000000e+00	6.781860e-02	5.332593e-03	5.332593e-03
-2.000000e+00	-1.900000e+00	8.379365e-02	5.655066e-03	5.655066e-03
-1.900000e+00	-1.800000e+00	8.921914e-02	6.147704e-03	6.147704e-03
-1.800000e+00	-1.700000e+00	1.018786e-01	6.379774e-03	6.379774e-03
-1.700000e+00	-1.600000e+00	1.262933e-01	7.139170e-03	7.139170e-03
-1.600000e+00	-1.500000e+00	1.476938e-01	7.553463e-03	7.553463e-03
-1.500000e+00	-1.400000e+00	1.706015e-01	8.276601e-03	8.276601e-03
-1.400000e+00	-1.300000e+00	2.094841e-01	8.813520e-03	8.813520e-03
-1.300000e+00	-1.200000e+00	2.049629e-01	9.072572e-03	9.072572e-03
-1.200000e+00	-1.100000e+00	2.513810e-01	9.785581e-03	9.785581e-03
-1.100000e+00	-1.000000e+00	2.827282e-01	1.047610e-02	1.047610e-02
-1.000000e+00	-9.000000e-01	2.959905e-01	1.085935e-02	1.085935e-02
-9.000000e-01	-8.000000e-01	3.511497e-01	1.155253e-02	1.155253e-02
-8.000000e-01	-7.000000e-01	3.761672e-01	1.185144e-02	1.185144e-02
-7.000000e-01	-6.000000e-01	4.008833e-01	1.220642e-02	1.220642e-02
-6.000000e-01	-5.000000e-01	4.295178e-01	1.259833e-02	1.259833e-02
-5.000000e-01	-4.000000e-01	4.364504e-01	1.265947e-02	1.265947e-02
-4.000000e-01	-3.000000e-01	4.807585e-01	1.319018e-02	1.319018e-02
-3.000000e-01	-2.000000e-01	4.753330e-01	1.323831e-02	1.323831e-02
-2.000000e-01	-1.000000e-01	5.145171e-01	1.369039e-02	1.369039e-02
-1.000000e-01	0.000000e+00	5.030633e-01	1.355032e-02	1.355032e-02
0.000000e+00	1.000000e-01	5.133115e-01	1.355032e-02	1.355032e-02
1.000000e-01	2.000000e-01	4.931166e-01	1.326915e-02	1.326915e-02
2.000000e-01	3.000000e-01	4.882939e-01	1.342571e-02	1.342571e-02
3.000000e-01	4.000000e-01	4.587552e-01	1.295037e-02	1.295037e-02
4.000000e-01	5.000000e-01	4.611665e-01	1.296439e-02	1.296439e-02
5.000000e-01	6.000000e-01	4.165569e-01	1.242770e-02	1.242770e-02
6.000000e-01	7.000000e-01	4.011847e-01	1.223244e-02	1.223244e-02
7.000000e-01	8.000000e-01	3.843054e-01	1.197726e-02	1.197726e-02
8.000000e-01	9.000000e-01	3.598907e-01	1.169712e-02	1.169712e-02
9.000000e-01	1.000000e+00	3.237208e-01	1.114832e-02	1.114832e-02
1.000000e+00	1.100000e+00	2.848381e-01	1.034959e-02	1.034959e-02
1.100000e+00	1.200000e+00	2.537923e-01	9.748374e-03	9.748374e-03
1.200000e+00	1.300000e+00	2.242535e-01	9.191953e-03	9.191953e-03
1.300000e+00	1.400000e+00	2.013459e-01	8.910910e-03	8.910910e-03
1.400000e+00	1.500000e+00	1.754241e-01	8.461151e-03	8.461151e-03
1.500000e+00	1.600000e+00	1.504066e-01	7.702344e-03	7.702344e-03
1.600000e+00	1.700000e+00	1.290061e-01	7.145531e-03	7.145531e-03
1.700000e+00	1.800000e+00	1.208678e-01	6.866731e-03	6.866731e-03
1.800000e+00	1.900000e+00	8.620498e-02	5.906524e-03	5.906524e-03
1.900000e+00	2.000000e+00	8.077949e-02	5.782161e-03	5.782161e-03
2.000000e+00	2.100000e+00	6.751719e-02	5.097407e-03	5.097407e-03
2.100000e+00	2.200000e+00	5.515913e-02	4.679235e-03	4.679235e-03
2.200000e+00	2.300000e+00	4.069116e-02	4.121802e-03	4.121802e-03
2.300000e+00	2.400000e+00	3.164868e-02	3.776731e-03	3.776731e-03
2.400000e+00	2.500000e+00	2.953877e-02	3.383386e-03	3.383386e-03
# END HISTO1D


# BEGIN HISTO1D //eos/home-y/yiyu/monobc/Rivet/X2000_Qd10.yoda.gz/JetMETAnalysis/jet_eta
ErrorBars=1
LineColor=lilac
LineStyle=dashed
Path=//eos/home-y/yiyu/monobc/Rivet/X2000_Qd10.yoda.gz/JetMETAnalysis/jet_eta
ScaledBy=1.12518448528534510e-05
Title=X2000_Qd10
# xlow	 xhigh	 val	 errminus	 errplus
-2.500000e+00	-2.400000e+00	1.887134e-03	3.987299e-04	3.987299e-04
-2.400000e+00	-2.300000e+00	2.021929e-03	4.315556e-04	4.315556e-04
-2.300000e+00	-2.200000e+00	3.538376e-03	4.777632e-04	4.777632e-04
-2.200000e+00	-2.100000e+00	2.898099e-03	5.198801e-04	5.198801e-04
-2.100000e+00	-2.000000e+00	3.774268e-03	5.797765e-04	5.797765e-04
-2.000000e+00	-1.900000e+00	5.998390e-03	6.009361e-04	6.009361e-04
-1.900000e+00	-1.800000e+00	5.661402e-03	6.806829e-04	6.806829e-04
-1.800000e+00	-1.700000e+00	7.514838e-03	7.497515e-04	7.497515e-04
-1.700000e+00	-1.600000e+00	8.020320e-03	7.859849e-04	7.859849e-04
-1.600000e+00	-1.500000e+00	9.064983e-03	8.343436e-04	8.343436e-04
-1.500000e+00	-1.400000e+00	1.199678e-02	9.179450e-04	9.179450e-04
-1.400000e+00	-1.300000e+00	1.118801e-02	9.708537e-04	9.708537e-04
-1.300000e+00	-1.200000e+00	1.489488e-02	1.038667e-03	1.038667e-03
-1.200000e+00	-1.100000e+00	1.364802e-02	1.072555e-03	1.072555e-03
-1.100000e+00	-1.000000e+00	1.883764e-02	1.178496e-03	1.178496e-03
-1.000000e+00	-9.000000e-01	2.089327e-02	1.244577e-03	1.244577e-03
-9.000000e-01	-8.000000e-01	2.220752e-02	1.261345e-03	1.261345e-03
-8.000000e-01	-7.000000e-01	2.203903e-02	1.328435e-03	1.328435e-03
-7.000000e-01	-6.000000e-01	2.668947e-02	1.365530e-03	1.365530e-03
-6.000000e-01	-5.000000e-01	2.749824e-02	1.420956e-03	1.420956e-03
-5.000000e-01	-4.000000e-01	3.073333e-02	1.459591e-03	1.459591e-03
-4.000000e-01	-3.000000e-01	3.258676e-02	1.508187e-03	1.508187e-03
-3.000000e-01	-2.000000e-01	3.127251e-02	1.510068e-03	1.510068e-03
-2.000000e-01	-1.000000e-01	3.268786e-02	1.519813e-03	1.519813e-03
-1.000000e-01	0.000000e+00	3.278895e-02	1.535794e-03	1.535794e-03
0.000000e+00	1.000000e-01	3.133991e-02	1.514574e-03	1.514574e-03
1.000000e-01	2.000000e-01	3.484458e-02	1.497229e-03	1.497229e-03
2.000000e-01	3.000000e-01	3.346293e-02	1.543171e-03	1.543171e-03
3.000000e-01	4.000000e-01	2.982346e-02	1.494572e-03	1.494572e-03
4.000000e-01	5.000000e-01	2.955387e-02	1.456865e-03	1.456865e-03
5.000000e-01	6.000000e-01	2.668947e-02	1.399212e-03	1.399212e-03
6.000000e-01	7.000000e-01	2.524042e-02	1.359279e-03	1.359279e-03
7.000000e-01	8.000000e-01	2.490343e-02	1.309927e-03	1.309927e-03
8.000000e-01	9.000000e-01	1.903984e-02	1.270316e-03	1.270316e-03
9.000000e-01	1.000000e+00	1.887134e-02	1.236338e-03	1.236338e-03
1.000000e+00	1.100000e+00	1.883764e-02	1.191910e-03	1.191910e-03
1.100000e+00	1.200000e+00	1.587215e-02	1.125258e-03	1.125258e-03
1.200000e+00	1.300000e+00	1.509707e-02	1.063517e-03	1.063517e-03
1.300000e+00	1.400000e+00	1.273816e-02	9.905390e-04	9.905390e-04
1.400000e+00	1.500000e+00	9.401972e-03	9.061162e-04	9.061162e-04
1.500000e+00	1.600000e+00	9.536767e-03	8.571698e-04	8.571698e-04
1.600000e+00	1.700000e+00	9.435670e-03	8.101747e-04	8.101747e-04
1.700000e+00	1.800000e+00	5.930993e-03	7.132697e-04	7.132697e-04
1.800000e+00	1.900000e+00	5.492908e-03	6.420488e-04	6.420488e-04
1.900000e+00	2.000000e+00	5.964692e-03	6.367205e-04	6.367205e-04
2.000000e+00	2.100000e+00	4.111256e-03	5.618717e-04	5.618717e-04
2.100000e+00	2.200000e+00	4.818932e-03	5.253127e-04	5.253127e-04
2.200000e+00	2.300000e+00	2.830701e-03	4.765733e-04	4.765733e-04
2.300000e+00	2.400000e+00	1.347953e-03	4.015678e-04	4.015678e-04
2.400000e+00	2.500000e+00	2.662207e-03	4.140981e-04	4.140981e-04
# END HISTO1D


# BEGIN HISTO1D //eos/home-y/yiyu/monobc/Rivet/X2000_Qd20.yoda.gz/JetMETAnalysis/jet_eta
ErrorBars=1
LineColor=red
LineStyle=dashdotted
Path=//eos/home-y/yiyu/monobc/Rivet/X2000_Qd20.yoda.gz/JetMETAnalysis/jet_eta
ScaledBy=1.11430136845594263e-05
Title=X2000_Qd20
# xlow	 xhigh	 val	 errminus	 errplus
-2.500000e+00	-2.400000e+00	2.868830e-03	3.979178e-04	3.979178e-04
-2.400000e+00	-2.300000e+00	2.868830e-03	4.439244e-04	4.439244e-04
-2.300000e+00	-2.200000e+00	3.813857e-03	4.832400e-04	4.832400e-04
-2.200000e+00	-2.100000e+00	4.320121e-03	5.421205e-04	5.421205e-04
-2.100000e+00	-2.000000e+00	4.657631e-03	5.442177e-04	5.442177e-04
-2.000000e+00	-1.900000e+00	4.826385e-03	6.084539e-04	6.084539e-04
-1.900000e+00	-1.800000e+00	6.885193e-03	6.883870e-04	6.883870e-04
-1.800000e+00	-1.700000e+00	6.615185e-03	7.111766e-04	7.111766e-04
-1.700000e+00	-1.600000e+00	8.235231e-03	7.900894e-04	7.900894e-04
-1.600000e+00	-1.500000e+00	1.019279e-02	8.657627e-04	8.657627e-04
-1.500000e+00	-1.400000e+00	1.188033e-02	9.462311e-04	9.462311e-04
-1.400000e+00	-1.300000e+00	1.356788e-02	1.004622e-03	1.004622e-03
-1.300000e+00	-1.200000e+00	1.572794e-02	1.039179e-03	1.039179e-03
-1.200000e+00	-1.100000e+00	1.734799e-02	1.105053e-03	1.105053e-03
-1.100000e+00	-1.000000e+00	1.620045e-02	1.166241e-03	1.166241e-03
-1.000000e+00	-9.000000e-01	1.987931e-02	1.196613e-03	1.196613e-03
-9.000000e-01	-8.000000e-01	2.247813e-02	1.282536e-03	1.282536e-03
-8.000000e-01	-7.000000e-01	2.612323e-02	1.347504e-03	1.347504e-03
-7.000000e-01	-6.000000e-01	2.895831e-02	1.397306e-03	1.397306e-03
-6.000000e-01	-5.000000e-01	2.784453e-02	1.407459e-03	1.407459e-03
-5.000000e-01	-4.000000e-01	3.152338e-02	1.464962e-03	1.464962e-03
-4.000000e-01	-3.000000e-01	2.973458e-02	1.450505e-03	1.450505e-03
-3.000000e-01	-2.000000e-01	3.202965e-02	1.518042e-03	1.518042e-03
-2.000000e-01	-1.000000e-01	3.398720e-02	1.526274e-03	1.526274e-03
-1.000000e-01	0.000000e+00	3.331218e-02	1.523286e-03	1.523286e-03
0.000000e+00	1.000000e-01	3.121963e-02	1.539650e-03	1.539650e-03
1.000000e-01	2.000000e-01	3.216465e-02	1.547031e-03	1.547031e-03
2.000000e-01	3.000000e-01	3.175964e-02	1.515038e-03	1.515038e-03
3.000000e-01	4.000000e-01	3.341344e-02	1.508633e-03	1.508633e-03
4.000000e-01	5.000000e-01	2.895831e-02	1.453252e-03	1.453252e-03
5.000000e-01	6.000000e-01	2.662950e-02	1.402594e-03	1.402594e-03
6.000000e-01	7.000000e-01	2.656199e-02	1.371385e-03	1.371385e-03
7.000000e-01	8.000000e-01	2.359191e-02	1.341149e-03	1.341149e-03
8.000000e-01	9.000000e-01	2.119559e-02	1.261943e-03	1.261943e-03
9.000000e-01	1.000000e+00	1.856302e-02	1.210337e-03	1.210337e-03
1.000000e+00	1.100000e+00	1.879928e-02	1.166729e-03	1.166729e-03
1.100000e+00	1.200000e+00	1.485042e-02	1.078975e-03	1.078975e-03
1.200000e+00	1.300000e+00	1.522168e-02	1.024273e-03	1.024273e-03
1.300000e+00	1.400000e+00	1.343288e-02	9.770301e-04	9.770301e-04
1.400000e+00	1.500000e+00	1.144157e-02	9.347245e-04	9.347245e-04
1.500000e+00	1.600000e+00	1.164408e-02	8.910506e-04	8.910506e-04
1.600000e+00	1.700000e+00	7.695216e-03	7.843011e-04	7.843011e-04
1.700000e+00	1.800000e+00	7.222702e-03	7.562020e-04	7.562020e-04
1.800000e+00	1.900000e+00	5.501404e-03	6.518390e-04	6.518390e-04
1.900000e+00	2.000000e+00	6.075170e-03	6.421555e-04	6.421555e-04
2.000000e+00	2.100000e+00	4.455125e-03	5.767364e-04	5.767364e-04
2.100000e+00	2.200000e+00	4.522627e-03	5.379016e-04	5.379016e-04
2.200000e+00	2.300000e+00	2.092559e-03	4.676669e-04	4.676669e-04
2.300000e+00	2.400000e+00	1.890053e-03	4.242429e-04	4.242429e-04
2.400000e+00	2.500000e+00	1.788800e-03	3.619385e-04	3.619385e-04
# END HISTO1D


# BEGIN HISTO1D //eos/home-y/yiyu/monobc/Rivet/X2000_Qd40.yoda.gz/JetMETAnalysis/jet_eta
ErrorBars=1
LineColor=blue
LineStyle=dashdotted
Path=//eos/home-y/yiyu/monobc/Rivet/X2000_Qd40.yoda.gz/JetMETAnalysis/jet_eta
ScaledBy=1.10839193459253869e-05
Title=X2000_Qd40
# xlow	 xhigh	 val	 errminus	 errplus
-2.500000e+00	-2.400000e+00	2.063354e-03	4.021225e-04	4.021225e-04
-2.400000e+00	-2.300000e+00	1.963514e-03	4.169959e-04	4.169959e-04
-2.300000e+00	-2.200000e+00	3.228150e-03	4.623392e-04	4.623392e-04
-2.200000e+00	-2.100000e+00	4.925425e-03	5.386822e-04	5.386822e-04
-2.100000e+00	-2.000000e+00	4.426227e-03	5.657583e-04	5.657583e-04
-2.000000e+00	-1.900000e+00	5.191664e-03	6.154532e-04	6.154532e-04
-1.900000e+00	-1.800000e+00	6.655980e-03	6.738666e-04	6.738666e-04
-1.800000e+00	-1.700000e+00	7.587817e-03	7.396827e-04	7.396827e-04
-1.700000e+00	-1.600000e+00	8.319975e-03	7.917539e-04	7.917539e-04
-1.600000e+00	-1.500000e+00	9.418211e-03	8.465140e-04	8.465140e-04
-1.500000e+00	-1.400000e+00	1.091581e-02	8.991733e-04	8.991733e-04
-1.400000e+00	-1.300000e+00	1.384444e-02	9.564715e-04	9.564715e-04
-1.300000e+00	-1.200000e+00	1.401084e-02	1.024134e-03	1.024134e-03
-1.200000e+00	-1.100000e+00	1.650683e-02	1.129557e-03	1.129557e-03
-1.100000e+00	-1.000000e+00	1.747195e-02	1.153330e-03	1.153330e-03
-1.000000e+00	-9.000000e-01	2.023418e-02	1.199924e-03	1.199924e-03
-9.000000e-01	-8.000000e-01	2.096634e-02	1.262006e-03	1.262006e-03
-8.000000e-01	-7.000000e-01	2.625784e-02	1.319077e-03	1.319077e-03
-7.000000e-01	-6.000000e-01	2.708984e-02	1.377000e-03	1.377000e-03
-6.000000e-01	-5.000000e-01	2.802167e-02	1.380213e-03	1.380213e-03
-5.000000e-01	-4.000000e-01	3.001847e-02	1.426773e-03	1.426773e-03
-4.000000e-01	-3.000000e-01	3.018487e-02	1.453307e-03	1.453307e-03
-3.000000e-01	-2.000000e-01	2.978551e-02	1.468470e-03	1.468470e-03
-2.000000e-01	-1.000000e-01	3.580917e-02	1.492039e-03	1.492039e-03
-1.000000e-01	0.000000e+00	3.547637e-02	1.520713e-03	1.520713e-03
0.000000e+00	1.000000e-01	3.208182e-02	1.497965e-03	1.497965e-03
1.000000e-01	2.000000e-01	3.188214e-02	1.483851e-03	1.483851e-03
2.000000e-01	3.000000e-01	3.298038e-02	1.484970e-03	1.484970e-03
3.000000e-01	4.000000e-01	2.875383e-02	1.462045e-03	1.462045e-03
4.000000e-01	5.000000e-01	2.875383e-02	1.400131e-03	1.400131e-03
5.000000e-01	6.000000e-01	2.905335e-02	1.398152e-03	1.398152e-03
6.000000e-01	7.000000e-01	2.582520e-02	1.387417e-03	1.387417e-03
7.000000e-01	8.000000e-01	2.472696e-02	1.310654e-03	1.310654e-03
8.000000e-01	9.000000e-01	2.129914e-02	1.265512e-03	1.265512e-03
9.000000e-01	1.000000e+00	2.133242e-02	1.242103e-03	1.242103e-03
1.000000e+00	1.100000e+00	1.807099e-02	1.156207e-03	1.156207e-03
1.100000e+00	1.200000e+00	1.747195e-02	1.086068e-03	1.086068e-03
1.200000e+00	1.300000e+00	1.477628e-02	1.002825e-03	1.002825e-03
1.300000e+00	1.400000e+00	1.394428e-02	9.956198e-04	9.956198e-04
1.400000e+00	1.500000e+00	1.084925e-02	9.318372e-04	9.318372e-04
1.500000e+00	1.600000e+00	8.220135e-03	8.021767e-04	8.021767e-04
1.600000e+00	1.700000e+00	7.121898e-03	7.676050e-04	7.676050e-04
1.700000e+00	1.800000e+00	6.888939e-03	6.957012e-04	6.957012e-04
1.800000e+00	1.900000e+00	4.925425e-03	6.771458e-04	6.771458e-04
1.900000e+00	2.000000e+00	5.025265e-03	6.163523e-04	6.163523e-04
2.000000e+00	2.100000e+00	3.760629e-03	5.293492e-04	5.293492e-04
2.100000e+00	2.200000e+00	3.694069e-03	5.014122e-04	5.014122e-04
2.200000e+00	2.300000e+00	2.961911e-03	5.014122e-04	5.014122e-04
2.300000e+00	2.400000e+00	2.296313e-03	4.169959e-04	4.169959e-04
2.400000e+00	2.500000e+00	2.063354e-03	4.048674e-04	4.048674e-04
# END HISTO1D


# BEGIN HISTO1D //eos/home-y/yiyu/monobc/Rivet/X600_Qd10.yoda.gz/JetMETAnalysis/jet_eta
ErrorBars=1
LineColor=green
LineStyle=dashdotted
Path=//eos/home-y/yiyu/monobc/Rivet/X600_Qd10.yoda.gz/JetMETAnalysis/jet_eta
ScaledBy=1.57533529470536090e-05
Title=X600_Qd10
# xlow	 xhigh	 val	 errminus	 errplus
-2.500000e+00	-2.400000e+00	6.098858e+00	4.380002e-01	4.380002e-01
-2.400000e+00	-2.300000e+00	7.012214e+00	4.695643e-01	4.695643e-01
-2.300000e+00	-2.200000e+00	9.163019e+00	5.262275e-01	5.262275e-01
-2.200000e+00	-2.100000e+00	9.604965e+00	5.464588e-01	5.464588e-01
-2.100000e+00	-2.000000e+00	1.057725e+01	5.720696e-01	5.720696e-01
-2.000000e+00	-1.900000e+00	1.296376e+01	6.373840e-01	6.373840e-01
-1.900000e+00	-1.800000e+00	1.532080e+01	6.833911e-01	6.833911e-01
-1.800000e+00	-1.700000e+00	1.561543e+01	6.871913e-01	6.871913e-01
-1.700000e+00	-1.600000e+00	1.744215e+01	7.252947e-01	7.252947e-01
-1.600000e+00	-1.500000e+00	2.147859e+01	8.041857e-01	8.041857e-01
-1.500000e+00	-1.400000e+00	2.315798e+01	8.426648e-01	8.426648e-01
-1.400000e+00	-1.300000e+00	2.480792e+01	8.630220e-01	8.630220e-01
-1.300000e+00	-1.200000e+00	2.737120e+01	9.047613e-01	9.047613e-01
-1.200000e+00	-1.100000e+00	2.946308e+01	9.418975e-01	9.418975e-01
-1.100000e+00	-1.000000e+00	3.087731e+01	9.646629e-01	9.646629e-01
-1.000000e+00	-9.000000e-01	3.276295e+01	9.939152e-01	9.939152e-01
-9.000000e-01	-8.000000e-01	3.479590e+01	1.022755e+00	1.022755e+00
-8.000000e-01	-7.000000e-01	3.800738e+01	1.065570e+00	1.065570e+00
-7.000000e-01	-6.000000e-01	3.786006e+01	1.063531e+00	1.063531e+00
-6.000000e-01	-5.000000e-01	3.995194e+01	1.090532e+00	1.090532e+00
-5.000000e-01	-4.000000e-01	4.204382e+01	1.123081e+00	1.123081e+00
-4.000000e-01	-3.000000e-01	4.163134e+01	1.115325e+00	1.115325e+00
-3.000000e-01	-2.000000e-01	4.389999e+01	1.142621e+00	1.142621e+00
-2.000000e-01	-1.000000e-01	4.292771e+01	1.129248e+00	1.129248e+00
-1.000000e-01	0.000000e+00	4.348751e+01	1.140339e+00	1.140339e+00
0.000000e+00	1.000000e-01	4.501959e+01	1.153960e+00	1.153960e+00
1.000000e-01	2.000000e-01	4.339912e+01	1.136145e+00	1.136145e+00
2.000000e-01	3.000000e-01	4.018765e+01	1.092918e+00	1.092918e+00
3.000000e-01	4.000000e-01	4.425355e+01	1.150193e+00	1.150193e+00
4.000000e-01	5.000000e-01	3.812523e+01	1.062306e+00	1.062306e+00
5.000000e-01	6.000000e-01	4.033496e+01	1.096486e+00	1.096486e+00
6.000000e-01	7.000000e-01	4.077691e+01	1.101620e+00	1.101620e+00
7.000000e-01	8.000000e-01	3.788953e+01	1.063940e+00	1.063940e+00
8.000000e-01	9.000000e-01	3.544409e+01	1.028679e+00	1.028679e+00
9.000000e-01	1.000000e+00	3.285134e+01	9.917293e-01	9.917293e-01
1.000000e+00	1.100000e+00	3.137818e+01	9.695996e-01	9.695996e-01
1.100000e+00	1.200000e+00	2.916845e+01	9.363514e-01	9.363514e-01
1.200000e+00	1.300000e+00	2.731228e+01	9.076351e-01	9.076351e-01
1.300000e+00	1.400000e+00	2.519094e+01	8.695354e-01	8.695354e-01
1.400000e+00	1.500000e+00	2.289282e+01	8.380163e-01	8.380163e-01
1.500000e+00	1.600000e+00	2.094825e+01	7.911263e-01	7.911263e-01
1.600000e+00	1.700000e+00	1.862067e+01	7.488493e-01	7.488493e-01
1.700000e+00	1.800000e+00	1.723590e+01	7.210935e-01	7.210935e-01
1.800000e+00	1.900000e+00	1.540919e+01	6.789307e-01	6.789307e-01
1.900000e+00	2.000000e+00	1.328785e+01	6.312255e-01	6.312255e-01
2.000000e+00	2.100000e+00	1.075403e+01	5.766039e-01	5.766039e-01
2.100000e+00	2.200000e+00	9.811207e+00	5.504158e-01	5.504158e-01
2.200000e+00	2.300000e+00	7.837180e+00	4.859176e-01	4.859176e-01
2.300000e+00	2.400000e+00	7.277382e+00	4.741635e-01	4.741635e-01
2.400000e+00	2.500000e+00	5.097113e+00	4.050504e-01	4.050504e-01
# END HISTO1D


# BEGIN HISTO1D //eos/home-y/yiyu/monobc/Rivet/X600_Qd20.yoda.gz/JetMETAnalysis/jet_eta
ErrorBars=1
LineColor=orange
LineStyle=dashdotted
Path=//eos/home-y/yiyu/monobc/Rivet/X600_Qd20.yoda.gz/JetMETAnalysis/jet_eta
ScaledBy=1.56410006686483217e-05
Title=X600_Qd20
# xlow	 xhigh	 val	 errminus	 errplus
-2.500000e+00	-2.400000e+00	6.171338e+00	4.298052e-01	4.298052e-01
-2.400000e+00	-2.300000e+00	6.375108e+00	4.443461e-01	4.443461e-01
-2.300000e+00	-2.200000e+00	7.452182e+00	4.729829e-01	4.729829e-01
-2.200000e+00	-2.100000e+00	9.315227e+00	5.304110e-01	5.304110e-01
-2.100000e+00	-2.000000e+00	1.173136e+01	5.972890e-01	5.972890e-01
-2.000000e+00	-1.900000e+00	1.391462e+01	6.417436e-01	6.417436e-01
-1.900000e+00	-1.800000e+00	1.414750e+01	6.561080e-01	6.561080e-01
-1.800000e+00	-1.700000e+00	1.641809e+01	6.998539e-01	6.998539e-01
-1.700000e+00	-1.600000e+00	1.842668e+01	7.438751e-01	7.438751e-01
-1.600000e+00	-1.500000e+00	1.970753e+01	7.674248e-01	7.674248e-01
-1.500000e+00	-1.400000e+00	2.154146e+01	8.003950e-01	8.003950e-01
-1.400000e+00	-1.300000e+00	2.486001e+01	8.615798e-01	8.615798e-01
-1.300000e+00	-1.200000e+00	2.689772e+01	8.905973e-01	8.905973e-01
-1.200000e+00	-1.100000e+00	2.911008e+01	9.251330e-01	9.251330e-01
-1.100000e+00	-1.000000e+00	3.196287e+01	9.663496e-01	9.663496e-01
-1.000000e+00	-9.000000e-01	3.493210e+01	1.015103e+00	1.015103e+00
-9.000000e-01	-8.000000e-01	3.493210e+01	1.015103e+00	1.015103e+00
-8.000000e-01	-7.000000e-01	3.615472e+01	1.032485e+00	1.032485e+00
-7.000000e-01	-6.000000e-01	3.903662e+01	1.071552e+00	1.071552e+00
-6.000000e-01	-5.000000e-01	3.944416e+01	1.079431e+00	1.079431e+00
-5.000000e-01	-4.000000e-01	4.116166e+01	1.100038e+00	1.100038e+00
-4.000000e-01	-3.000000e-01	4.055035e+01	1.089588e+00	1.089588e+00
-3.000000e-01	-2.000000e-01	4.191852e+01	1.111533e+00	1.111533e+00
-2.000000e-01	-1.000000e-01	4.427644e+01	1.142733e+00	1.142733e+00
-1.000000e-01	0.000000e+00	4.258805e+01	1.121022e+00	1.121022e+00
0.000000e+00	1.000000e-01	4.532440e+01	1.151597e+00	1.151597e+00
1.000000e-01	2.000000e-01	4.290826e+01	1.127429e+00	1.127429e+00
2.000000e-01	3.000000e-01	4.290826e+01	1.123665e+00	1.123665e+00
3.000000e-01	4.000000e-01	4.322847e+01	1.127053e+00	1.127053e+00
4.000000e-01	5.000000e-01	3.993904e+01	1.082958e+00	1.082958e+00
5.000000e-01	6.000000e-01	4.043391e+01	1.089588e+00	1.089588e+00
6.000000e-01	7.000000e-01	3.787222e+01	1.054814e+00	1.054814e+00
7.000000e-01	8.000000e-01	3.531053e+01	1.020515e+00	1.020515e+00
8.000000e-01	9.000000e-01	3.464100e+01	1.010082e+00	1.010082e+00
9.000000e-01	1.000000e+00	3.315639e+01	9.893147e-01	9.893147e-01
1.000000e+00	1.100000e+00	2.957585e+01	9.315227e-01	9.315227e-01
1.100000e+00	1.200000e+00	2.960496e+01	9.310677e-01	9.310677e-01
1.200000e+00	1.300000e+00	2.695594e+01	8.915483e-01	8.915483e-01
1.300000e+00	1.400000e+00	2.465624e+01	8.561533e-01	8.561533e-01
1.400000e+00	1.500000e+00	2.180345e+01	8.009242e-01	8.009242e-01
1.500000e+00	1.600000e+00	2.002774e+01	7.712799e-01	7.712799e-01
1.600000e+00	1.700000e+00	1.836846e+01	7.404498e-01	7.404498e-01
1.700000e+00	1.800000e+00	1.653453e+01	7.022714e-01	7.022714e-01
1.800000e+00	1.900000e+00	1.458415e+01	6.567535e-01	6.567535e-01
1.900000e+00	2.000000e+00	1.333242e+01	6.284004e-01	6.284004e-01
2.000000e+00	2.100000e+00	1.196424e+01	5.972890e-01	5.972890e-01
2.100000e+00	2.200000e+00	9.460777e+00	5.328020e-01	5.328020e-01
2.200000e+00	2.300000e+00	8.296374e+00	5.033604e-01	5.033604e-01
2.300000e+00	2.400000e+00	7.102861e+00	4.657613e-01	4.657613e-01
2.400000e+00	2.500000e+00	6.054898e+00	4.317723e-01	4.317723e-01
# END HISTO1D


# BEGIN HISTO1D //eos/home-y/yiyu/monobc/Rivet/X600_Qd40.yoda.gz/JetMETAnalysis/jet_eta
ErrorBars=1
LineColor=lilac
LineStyle=dashdotted
Path=//eos/home-y/yiyu/monobc/Rivet/X600_Qd40.yoda.gz/JetMETAnalysis/jet_eta
ScaledBy=1.56869321066331316e-05
Title=X600_Qd40
# xlow	 xhigh	 val	 errminus	 errplus
-2.500000e+00	-2.400000e+00	5.992176e+00	4.242876e-01	4.242876e-01
-2.400000e+00	-2.300000e+00	7.683748e+00	4.797525e-01	4.797525e-01
-2.300000e+00	-2.200000e+00	8.228491e+00	4.924355e-01	4.924355e-01
-2.200000e+00	-2.100000e+00	9.977404e+00	5.379100e-01	5.379100e-01
-2.100000e+00	-2.000000e+00	9.862721e+00	5.394360e-01	5.394360e-01
-2.000000e+00	-1.900000e+00	1.270112e+01	6.129095e-01	6.129095e-01
-1.900000e+00	-1.800000e+00	1.356124e+01	6.365929e-01	6.365929e-01
-1.800000e+00	-1.700000e+00	1.591224e+01	6.814948e-01	6.814948e-01
-1.700000e+00	-1.600000e+00	1.751780e+01	7.201998e-01	7.201998e-01
-1.600000e+00	-1.500000e+00	1.920937e+01	7.552975e-01	7.552975e-01
-1.500000e+00	-1.400000e+00	2.181840e+01	8.012422e-01	8.012422e-01
-1.400000e+00	-1.300000e+00	2.465680e+01	8.485752e-01	8.485752e-01
-1.300000e+00	-1.200000e+00	2.637704e+01	8.752785e-01	8.752785e-01
-1.200000e+00	-1.100000e+00	2.815463e+01	9.030133e-01	9.030133e-01
-1.100000e+00	-1.000000e+00	3.150910e+01	9.530582e-01	9.530582e-01
-1.000000e+00	-9.000000e-01	3.256992e+01	9.714249e-01	9.714249e-01
-9.000000e-01	-8.000000e-01	3.368807e+01	9.894508e-01	9.894508e-01
-8.000000e-01	-7.000000e-01	3.601040e+01	1.020129e+00	1.020129e+00
-7.000000e-01	-6.000000e-01	3.833273e+01	1.054599e+00	1.054599e+00
-6.000000e-01	-5.000000e-01	3.973759e+01	1.074291e+00	1.074291e+00
-5.000000e-01	-4.000000e-01	4.117113e+01	1.094004e+00	1.094004e+00
-4.000000e-01	-3.000000e-01	4.131448e+01	1.093628e+00	1.093628e+00
-3.000000e-01	-2.000000e-01	4.119980e+01	1.094380e+00	1.094380e+00
-2.000000e-01	-1.000000e-01	4.102777e+01	1.090618e+00	1.090618e+00
-1.000000e-01	0.000000e+00	4.383750e+01	1.127674e+00	1.127674e+00
0.000000e+00	1.000000e-01	4.171587e+01	1.098877e+00	1.098877e+00
1.000000e-01	2.000000e-01	4.266200e+01	1.110412e+00	1.110412e+00
2.000000e-01	3.000000e-01	4.165853e+01	1.097380e+00	1.097380e+00
3.000000e-01	4.000000e-01	4.065505e+01	1.086464e+00	1.086464e+00
4.000000e-01	5.000000e-01	3.939354e+01	1.068921e+00	1.068921e+00
5.000000e-01	6.000000e-01	3.618242e+01	1.023347e+00	1.023347e+00
6.000000e-01	7.000000e-01	3.836140e+01	1.052648e+00	1.052648e+00
7.000000e-01	8.000000e-01	3.712856e+01	1.039684e+00	1.039684e+00
8.000000e-01	9.000000e-01	3.394611e+01	9.898661e-01	9.898661e-01
9.000000e-01	1.000000e+00	3.219720e+01	9.642055e-01	9.642055e-01
1.000000e+00	1.100000e+00	3.213985e+01	9.667597e-01	9.667597e-01
1.100000e+00	1.200000e+00	2.967417e+01	9.277087e-01	9.277087e-01
1.200000e+00	1.300000e+00	2.646306e+01	8.766860e-01	8.766860e-01
1.300000e+00	1.400000e+00	2.302257e+01	8.184970e-01	8.184970e-01
1.400000e+00	1.500000e+00	2.236315e+01	8.068650e-01	8.068650e-01
1.500000e+00	1.600000e+00	2.084360e+01	7.815067e-01	7.815067e-01
1.600000e+00	1.700000e+00	1.705907e+01	7.133187e-01	7.133187e-01
1.700000e+00	1.800000e+00	1.539617e+01	6.754369e-01	6.754369e-01
1.800000e+00	1.900000e+00	1.525281e+01	6.723875e-01	6.723875e-01
1.900000e+00	2.000000e+00	1.178366e+01	5.910616e-01	5.910616e-01
2.000000e+00	2.100000e+00	1.212771e+01	5.952192e-01	5.952192e-01
2.100000e+00	2.200000e+00	9.260636e+00	5.294385e-01	5.294385e-01
2.200000e+00	2.300000e+00	8.486527e+00	5.128771e-01	5.128771e-01
2.300000e+00	2.400000e+00	6.594261e+00	4.441646e-01	4.441646e-01
2.400000e+00	2.500000e+00	5.762811e+00	4.084946e-01	4.084946e-01
# END HISTO1D


# BEGIN HISTO1D //eos/home-y/yiyu/monobc/Rivet/X800_Qd10.yoda.gz/JetMETAnalysis/jet_eta
ErrorBars=1
LineColor=red
LineStyle=dotted
Path=//eos/home-y/yiyu/monobc/Rivet/X800_Qd10.yoda.gz/JetMETAnalysis/jet_eta
ScaledBy=1.47308375736674233e-05
Title=X800_Qd10
# xlow	 xhigh	 val	 errminus	 errplus
-2.500000e+00	-2.400000e+00	1.809170e+00	1.325419e-01	1.325419e-01
-2.400000e+00	-2.300000e+00	2.060961e+00	1.423494e-01	1.423494e-01
-2.300000e+00	-2.200000e+00	2.415335e+00	1.529515e-01	1.529515e-01
-2.200000e+00	-2.100000e+00	2.583196e+00	1.617934e-01	1.617934e-01
-2.100000e+00	-2.000000e+00	3.263966e+00	1.793818e-01	1.793818e-01
-2.000000e+00	-1.900000e+00	3.646316e+00	1.895189e-01	1.895189e-01
-1.900000e+00	-1.800000e+00	4.466970e+00	2.066418e-01	2.066418e-01
-1.800000e+00	-1.700000e+00	4.914600e+00	2.185062e-01	2.185062e-01
-1.700000e+00	-1.600000e+00	5.781882e+00	2.366576e-01	2.366576e-01
-1.600000e+00	-1.500000e+00	6.145581e+00	2.437182e-01	2.437182e-01
-1.500000e+00	-1.400000e+00	7.022189e+00	2.619486e-01	2.619486e-01
-1.400000e+00	-1.300000e+00	7.749587e+00	2.736397e-01	2.736397e-01
-1.300000e+00	-1.200000e+00	8.514288e+00	2.857658e-01	2.857658e-01
-1.200000e+00	-1.100000e+00	9.540105e+00	3.020406e-01	3.020406e-01
-1.100000e+00	-1.000000e+00	1.078041e+01	3.206167e-01	3.206167e-01
-1.000000e+00	-9.000000e-01	1.147051e+01	3.297103e-01	3.297103e-01
-9.000000e-01	-8.000000e-01	1.172230e+01	3.355926e-01	3.355926e-01
-8.000000e-01	-7.000000e-01	1.269216e+01	3.470584e-01	3.470584e-01
-7.000000e-01	-6.000000e-01	1.334496e+01	3.562092e-01	3.562092e-01
-6.000000e-01	-5.000000e-01	1.350349e+01	3.590060e-01	3.590060e-01
-5.000000e-01	-4.000000e-01	1.397910e+01	3.656070e-01	3.656070e-01
-4.000000e-01	-3.000000e-01	1.422156e+01	3.693933e-01	3.693933e-01
-3.000000e-01	-2.000000e-01	1.601208e+01	3.900071e-01	3.900071e-01
-2.000000e-01	-1.000000e-01	1.548985e+01	3.828049e-01	3.828049e-01
-1.000000e-01	0.000000e+00	1.474380e+01	3.743047e-01	3.743047e-01
0.000000e+00	1.000000e-01	1.507952e+01	3.800689e-01	3.800689e-01
1.000000e-01	2.000000e-01	1.521941e+01	3.804120e-01	3.804120e-01
2.000000e-01	3.000000e-01	1.510750e+01	3.801832e-01	3.801832e-01
3.000000e-01	4.000000e-01	1.507952e+01	3.800689e-01	3.800689e-01
4.000000e-01	5.000000e-01	1.424022e+01	3.658448e-01	3.658448e-01
5.000000e-01	6.000000e-01	1.400708e+01	3.645350e-01	3.645350e-01
6.000000e-01	7.000000e-01	1.287868e+01	3.505489e-01	3.505489e-01
7.000000e-01	8.000000e-01	1.252430e+01	3.460545e-01	3.460545e-01
8.000000e-01	9.000000e-01	1.127467e+01	3.271949e-01	3.271949e-01
9.000000e-01	1.000000e+00	1.084569e+01	3.207524e-01	3.207524e-01
1.000000e+00	1.100000e+00	9.969084e+00	3.080278e-01	3.080278e-01
1.100000e+00	1.200000e+00	9.624036e+00	3.039064e-01	3.039064e-01
1.200000e+00	1.300000e+00	8.700800e+00	2.869806e-01	2.869806e-01
1.300000e+00	1.400000e+00	7.507121e+00	2.704429e-01	2.704429e-01
1.400000e+00	1.500000e+00	7.208701e+00	2.636034e-01	2.636034e-01
1.500000e+00	1.600000e+00	5.847161e+00	2.383055e-01	2.383055e-01
1.600000e+00	1.700000e+00	5.548742e+00	2.323932e-01	2.323932e-01
1.700000e+00	1.800000e+00	4.653482e+00	2.124522e-01	2.124522e-01
1.800000e+00	1.900000e+00	4.075294e+00	2.002295e-01	2.002295e-01
1.900000e+00	2.000000e+00	3.674293e+00	1.902060e-01	1.902060e-01
2.000000e+00	2.100000e+00	3.002848e+00	1.714494e-01	1.714494e-01
2.100000e+00	2.200000e+00	2.592521e+00	1.620619e-01	1.620619e-01
2.200000e+00	2.300000e+00	2.200845e+00	1.497916e-01	1.497916e-01
2.300000e+00	2.400000e+00	2.042310e+00	1.417371e-01	1.417371e-01
2.400000e+00	2.500000e+00	1.743890e+00	1.282060e-01	1.282060e-01
# END HISTO1D


# BEGIN HISTO1D //eos/home-y/yiyu/monobc/Rivet/X800_Qd20.yoda.gz/JetMETAnalysis/jet_eta
ErrorBars=1
LineColor=blue
LineStyle=dotted
Path=//eos/home-y/yiyu/monobc/Rivet/X800_Qd20.yoda.gz/JetMETAnalysis/jet_eta
ScaledBy=1.47466832779571235e-05
Title=X800_Qd20
# xlow	 xhigh	 val	 errminus	 errplus
-2.500000e+00	-2.400000e+00	1.678489e+00	1.312135e-01	1.312135e-01
-2.400000e+00	-2.300000e+00	1.911612e+00	1.392510e-01	1.392510e-01
-2.300000e+00	-2.200000e+00	2.237985e+00	1.486150e-01	1.486150e-01
-2.200000e+00	-2.100000e+00	2.685582e+00	1.604323e-01	1.604323e-01
-2.100000e+00	-2.000000e+00	3.067904e+00	1.747026e-01	1.747026e-01
-2.000000e+00	-1.900000e+00	3.907149e+00	1.958237e-01	1.958237e-01
-1.900000e+00	-1.800000e+00	4.494620e+00	2.101734e-01	2.101734e-01
-1.800000e+00	-1.700000e+00	4.970192e+00	2.228250e-01	2.228250e-01
-1.700000e+00	-1.600000e+00	5.772136e+00	2.353508e-01	2.353508e-01
-1.600000e+00	-1.500000e+00	6.145134e+00	2.461854e-01	2.461854e-01
-1.500000e+00	-1.400000e+00	7.245476e+00	2.652285e-01	2.652285e-01
-1.400000e+00	-1.300000e+00	7.898222e+00	2.748880e-01	2.748880e-01
-1.300000e+00	-1.200000e+00	8.429743e+00	2.858972e-01	2.858972e-01
-1.200000e+00	-1.100000e+00	9.408862e+00	3.011536e-01	3.011536e-01
-1.100000e+00	-1.000000e+00	9.828484e+00	3.075816e-01	3.075816e-01
-1.000000e+00	-9.000000e-01	1.104073e+01	3.254389e-01	3.254389e-01
-9.000000e-01	-8.000000e-01	1.173077e+01	3.351794e-01	3.351794e-01
-8.000000e-01	-7.000000e-01	1.280314e+01	3.485332e-01	3.485332e-01
-7.000000e-01	-6.000000e-01	1.348386e+01	3.572801e-01	3.572801e-01
-6.000000e-01	-5.000000e-01	1.405268e+01	3.660557e-01	3.660557e-01
-5.000000e-01	-4.000000e-01	1.387551e+01	3.637921e-01	3.637921e-01
-4.000000e-01	-3.000000e-01	1.475205e+01	3.741613e-01	3.741613e-01
-3.000000e-01	-2.000000e-01	1.426715e+01	3.683054e-01	3.683054e-01
-2.000000e-01	-1.000000e-01	1.460285e+01	3.729975e-01	3.729975e-01
-1.000000e-01	0.000000e+00	1.534885e+01	3.810694e-01	3.810694e-01
0.000000e+00	1.000000e-01	1.538615e+01	3.831176e-01	3.831176e-01
1.000000e-01	2.000000e-01	1.503180e+01	3.785511e-01	3.785511e-01
2.000000e-01	3.000000e-01	1.435108e+01	3.686595e-01	3.686595e-01
3.000000e-01	4.000000e-01	1.495720e+01	3.767090e-01	3.767090e-01
4.000000e-01	5.000000e-01	1.369833e+01	3.598266e-01	3.598266e-01
5.000000e-01	6.000000e-01	1.309221e+01	3.526257e-01	3.526257e-01
6.000000e-01	7.000000e-01	1.338128e+01	3.574019e-01	3.574019e-01
7.000000e-01	8.000000e-01	1.274719e+01	3.472835e-01	3.472835e-01
8.000000e-01	9.000000e-01	1.148832e+01	3.330974e-01	3.330974e-01
9.000000e-01	1.000000e+00	1.050920e+01	3.177327e-01	3.177327e-01
1.000000e+00	1.100000e+00	1.035068e+01	3.156736e-01	3.156736e-01
1.100000e+00	1.200000e+00	9.632660e+00	3.054540e-01	3.054540e-01
1.200000e+00	1.300000e+00	8.728141e+00	2.883201e-01	2.883201e-01
1.300000e+00	1.400000e+00	7.767673e+00	2.755199e-01	2.755199e-01
1.400000e+00	1.500000e+00	6.863154e+00	2.597627e-01	2.597627e-01
1.500000e+00	1.600000e+00	6.089184e+00	2.451235e-01	2.451235e-01
1.600000e+00	1.700000e+00	5.520363e+00	2.314388e-01	2.314388e-01
1.700000e+00	1.800000e+00	4.839642e+00	2.156864e-01	2.156864e-01
1.800000e+00	1.900000e+00	4.196222e+00	2.034461e-01	2.034461e-01
1.900000e+00	2.000000e+00	3.832549e+00	1.917856e-01	1.917856e-01
2.000000e+00	2.100000e+00	2.983980e+00	1.704195e-01	1.704195e-01
2.100000e+00	2.200000e+00	2.583008e+00	1.579745e-01	1.579745e-01
2.200000e+00	2.300000e+00	2.331234e+00	1.543552e-01	1.543552e-01
2.300000e+00	2.400000e+00	2.172710e+00	1.459584e-01	1.459584e-01
2.400000e+00	2.500000e+00	1.510640e+00	1.258003e-01	1.258003e-01
# END HISTO1D


# BEGIN HISTO1D //eos/home-y/yiyu/monobc/Rivet/X800_Qd40.yoda.gz/JetMETAnalysis/jet_eta
ErrorBars=1
LineColor=green
LineStyle=dotted
Path=//eos/home-y/yiyu/monobc/Rivet/X800_Qd40.yoda.gz/JetMETAnalysis/jet_eta
ScaledBy=1.48255274573354104e-05
Title=X800_Qd40
# xlow	 xhigh	 val	 errminus	 errplus
-2.500000e+00	-2.400000e+00	1.576176e+00	1.257664e-01	1.257664e-01
-2.400000e+00	-2.300000e+00	1.817238e+00	1.393831e-01	1.393831e-01
-2.300000e+00	-2.200000e+00	2.113930e+00	1.460097e-01	1.460097e-01
-2.200000e+00	-2.100000e+00	2.494067e+00	1.581620e-01	1.581620e-01
-2.100000e+00	-2.000000e+00	3.124537e+00	1.766482e-01	1.766482e-01
-2.000000e+00	-1.900000e+00	3.838452e+00	1.940407e-01	1.940407e-01
-1.900000e+00	-1.800000e+00	4.227860e+00	2.039757e-01	2.039757e-01
-1.800000e+00	-1.700000e+00	5.090121e+00	2.219387e-01	2.219387e-01
-1.700000e+00	-1.600000e+00	5.423900e+00	2.295546e-01	2.295546e-01
-1.600000e+00	-1.500000e+00	6.601396e+00	2.518744e-01	2.518744e-01
-1.500000e+00	-1.400000e+00	6.666297e+00	2.544212e-01	2.544212e-01
-1.400000e+00	-1.300000e+00	7.806707e+00	2.728442e-01	2.728442e-01
-1.300000e+00	-1.200000e+00	8.733869e+00	2.893578e-01	2.893578e-01
-1.200000e+00	-1.100000e+00	9.494142e+00	3.021468e-01	3.021468e-01
-1.100000e+00	-1.000000e+00	1.004117e+01	3.093167e-01	3.093167e-01
-1.000000e+00	-9.000000e-01	1.096833e+01	3.231795e-01	3.231795e-01
-9.000000e-01	-8.000000e-01	1.181205e+01	3.348071e-01	3.348071e-01
-8.000000e-01	-7.000000e-01	1.284120e+01	3.497503e-01	3.497503e-01
-7.000000e-01	-6.000000e-01	1.307299e+01	3.518333e-01	3.518333e-01
-6.000000e-01	-5.000000e-01	1.323988e+01	3.574087e-01	3.574087e-01
-5.000000e-01	-4.000000e-01	1.417631e+01	3.667862e-01	3.667862e-01
-4.000000e-01	-3.000000e-01	1.446373e+01	3.685397e-01	3.685397e-01
-3.000000e-01	-2.000000e-01	1.481605e+01	3.761583e-01	3.761583e-01
-2.000000e-01	-1.000000e-01	1.463062e+01	3.720220e-01	3.720220e-01
-1.000000e-01	0.000000e+00	1.537235e+01	3.827284e-01	3.827284e-01
0.000000e+00	1.000000e-01	1.577103e+01	3.864165e-01	3.864165e-01
1.000000e-01	2.000000e-01	1.463989e+01	3.735209e-01	3.735209e-01
2.000000e-01	3.000000e-01	1.460281e+01	3.725992e-01	3.725992e-01
3.000000e-01	4.000000e-01	1.476042e+01	3.740960e-01	3.740960e-01
4.000000e-01	5.000000e-01	1.470479e+01	3.722531e-01	3.722531e-01
5.000000e-01	6.000000e-01	1.306372e+01	3.517112e-01	3.517112e-01
6.000000e-01	7.000000e-01	1.306372e+01	3.521997e-01	3.521997e-01
7.000000e-01	8.000000e-01	1.225709e+01	3.419206e-01	3.419206e-01
8.000000e-01	9.000000e-01	1.225709e+01	3.388902e-01	3.388902e-01
9.000000e-01	1.000000e+00	1.089416e+01	3.213123e-01	3.213123e-01
1.000000e+00	1.100000e+00	9.484871e+00	3.005780e-01	3.005780e-01
1.100000e+00	1.200000e+00	9.225265e+00	2.956761e-01	2.956761e-01
1.200000e+00	1.300000e+00	8.631881e+00	2.859210e-01	2.859210e-01
1.300000e+00	1.400000e+00	7.713991e+00	2.744150e-01	2.744150e-01
1.400000e+00	1.500000e+00	7.445114e+00	2.656607e-01	2.656607e-01
1.500000e+00	1.600000e+00	6.063642e+00	2.435456e-01	2.435456e-01
1.600000e+00	1.700000e+00	5.720592e+00	2.332693e-01	2.332693e-01
1.700000e+00	1.800000e+00	4.951047e+00	2.205789e-01	2.205789e-01
1.800000e+00	1.900000e+00	4.237132e+00	2.041863e-01	2.041863e-01
1.900000e+00	2.000000e+00	3.634476e+00	1.881934e-01	1.881934e-01
2.000000e+00	2.100000e+00	3.207982e+00	1.778606e-01	1.778606e-01
2.100000e+00	2.200000e+00	2.503338e+00	1.567974e-01	1.567974e-01
2.200000e+00	2.300000e+00	2.429165e+00	1.534727e-01	1.534727e-01
2.300000e+00	2.400000e+00	1.984127e+00	1.399984e-01	1.399984e-01
2.400000e+00	2.500000e+00	1.928498e+00	1.368939e-01	1.368939e-01
# END HISTO1D

