# BEGIN PLOT
Legend=1
LogY=1
LegendPlacement=manual
LegendAlign=r
LegendXPos=1.32
RightMargin=3.3
Title=MET $\phi$ distribution
XLabel=$\phi^\mathrm{miss}$ [rad]
YLabel=$\mathrm{d}\sigma/\mathrm{d}\phi^\mathrm{miss}$ [pb/rad]
XMin=0
DrawOnly=//eos/home-y/yiyu/monobc/Rivet_New/X1000_Qd10.yoda.gz/JetMETAnalysis/met_phi //eos/home-y/yiyu/monobc/Rivet_New/X1000_Qd20.yoda.gz/JetMETAnalysis/met_phi //eos/home-y/yiyu/monobc/Rivet_New/X1000_Qd40.yoda.gz/JetMETAnalysis/met_phi //eos/home-y/yiyu/monobc/Rivet_New/X1200_Qd10.yoda.gz/JetMETAnalysis/met_phi //eos/home-y/yiyu/monobc/Rivet_New/X1200_Qd20.yoda.gz/JetMETAnalysis/met_phi //eos/home-y/yiyu/monobc/Rivet_New/X1200_Qd40.yoda.gz/JetMETAnalysis/met_phi //eos/home-y/yiyu/monobc/Rivet_New/X1500_Qd10.yoda.gz/JetMETAnalysis/met_phi //eos/home-y/yiyu/monobc/Rivet_New/X1500_Qd20.yoda.gz/JetMETAnalysis/met_phi //eos/home-y/yiyu/monobc/Rivet_New/X1500_Qd40.yoda.gz/JetMETAnalysis/met_phi //eos/home-y/yiyu/monobc/Rivet_New/X2000_Qd10.yoda.gz/JetMETAnalysis/met_phi //eos/home-y/yiyu/monobc/Rivet_New/X2000_Qd20.yoda.gz/JetMETAnalysis/met_phi //eos/home-y/yiyu/monobc/Rivet_New/X2000_Qd40.yoda.gz/JetMETAnalysis/met_phi //eos/home-y/yiyu/monobc/Rivet_New/X600_Qd10.yoda.gz/JetMETAnalysis/met_phi //eos/home-y/yiyu/monobc/Rivet_New/X600_Qd20.yoda.gz/JetMETAnalysis/met_phi //eos/home-y/yiyu/monobc/Rivet_New/X600_Qd40.yoda.gz/JetMETAnalysis/met_phi //eos/home-y/yiyu/monobc/Rivet_New/X800_Qd10.yoda.gz/JetMETAnalysis/met_phi //eos/home-y/yiyu/monobc/Rivet_New/X800_Qd20.yoda.gz/JetMETAnalysis/met_phi //eos/home-y/yiyu/monobc/Rivet_New/X800_Qd40.yoda.gz/JetMETAnalysis/met_phi
LegendOnly=//eos/home-y/yiyu/monobc/Rivet_New/X1000_Qd10.yoda.gz/JetMETAnalysis/met_phi //eos/home-y/yiyu/monobc/Rivet_New/X1000_Qd20.yoda.gz/JetMETAnalysis/met_phi //eos/home-y/yiyu/monobc/Rivet_New/X1000_Qd40.yoda.gz/JetMETAnalysis/met_phi //eos/home-y/yiyu/monobc/Rivet_New/X1200_Qd10.yoda.gz/JetMETAnalysis/met_phi //eos/home-y/yiyu/monobc/Rivet_New/X1200_Qd20.yoda.gz/JetMETAnalysis/met_phi //eos/home-y/yiyu/monobc/Rivet_New/X1200_Qd40.yoda.gz/JetMETAnalysis/met_phi //eos/home-y/yiyu/monobc/Rivet_New/X1500_Qd10.yoda.gz/JetMETAnalysis/met_phi //eos/home-y/yiyu/monobc/Rivet_New/X1500_Qd20.yoda.gz/JetMETAnalysis/met_phi //eos/home-y/yiyu/monobc/Rivet_New/X1500_Qd40.yoda.gz/JetMETAnalysis/met_phi //eos/home-y/yiyu/monobc/Rivet_New/X2000_Qd10.yoda.gz/JetMETAnalysis/met_phi //eos/home-y/yiyu/monobc/Rivet_New/X2000_Qd20.yoda.gz/JetMETAnalysis/met_phi //eos/home-y/yiyu/monobc/Rivet_New/X2000_Qd40.yoda.gz/JetMETAnalysis/met_phi //eos/home-y/yiyu/monobc/Rivet_New/X600_Qd10.yoda.gz/JetMETAnalysis/met_phi //eos/home-y/yiyu/monobc/Rivet_New/X600_Qd20.yoda.gz/JetMETAnalysis/met_phi //eos/home-y/yiyu/monobc/Rivet_New/X600_Qd40.yoda.gz/JetMETAnalysis/met_phi //eos/home-y/yiyu/monobc/Rivet_New/X800_Qd10.yoda.gz/JetMETAnalysis/met_phi //eos/home-y/yiyu/monobc/Rivet_New/X800_Qd20.yoda.gz/JetMETAnalysis/met_phi //eos/home-y/yiyu/monobc/Rivet_New/X800_Qd40.yoda.gz/JetMETAnalysis/met_phi
RatioPlot=1
RatioPlotReference=//eos/home-y/yiyu/monobc/Rivet_New/X1000_Qd10.yoda.gz/JetMETAnalysis/met_phi
RatioPlotYLabel=Ratio
# END PLOT

# BEGIN HISTO1D //eos/home-y/yiyu/monobc/Rivet_New/X1000_Qd10.yoda.gz/JetMETAnalysis/met_phi
ErrorBars=1
LineColor=red
LineStyle=solid
Path=//eos/home-y/yiyu/monobc/Rivet_New/X1000_Qd10.yoda.gz/JetMETAnalysis/met_phi
ScaledBy=1.40377119385635185e-05
Title=X1000_Qd10
# xlow	 xhigh	 val	 errminus	 errplus
-3.141593e+00	-3.015929e+00	0.000000e+00	0.000000e+00	0.000000e+00
-3.015929e+00	-2.890265e+00	0.000000e+00	0.000000e+00	0.000000e+00
-2.890265e+00	-2.764602e+00	0.000000e+00	0.000000e+00	0.000000e+00
-2.764602e+00	-2.638938e+00	0.000000e+00	0.000000e+00	0.000000e+00
-2.638938e+00	-2.513274e+00	0.000000e+00	0.000000e+00	0.000000e+00
-2.513274e+00	-2.387610e+00	0.000000e+00	0.000000e+00	0.000000e+00
-2.387610e+00	-2.261947e+00	0.000000e+00	0.000000e+00	0.000000e+00
-2.261947e+00	-2.136283e+00	0.000000e+00	0.000000e+00	0.000000e+00
-2.136283e+00	-2.010619e+00	0.000000e+00	0.000000e+00	0.000000e+00
-2.010619e+00	-1.884956e+00	0.000000e+00	0.000000e+00	0.000000e+00
-1.884956e+00	-1.759292e+00	0.000000e+00	0.000000e+00	0.000000e+00
-1.759292e+00	-1.633628e+00	0.000000e+00	0.000000e+00	0.000000e+00
-1.633628e+00	-1.507964e+00	0.000000e+00	0.000000e+00	0.000000e+00
-1.507964e+00	-1.382301e+00	0.000000e+00	0.000000e+00	0.000000e+00
-1.382301e+00	-1.256637e+00	0.000000e+00	0.000000e+00	0.000000e+00
-1.256637e+00	-1.130973e+00	0.000000e+00	0.000000e+00	0.000000e+00
-1.130973e+00	-1.005310e+00	0.000000e+00	0.000000e+00	0.000000e+00
-1.005310e+00	-8.796459e-01	0.000000e+00	0.000000e+00	0.000000e+00
-8.796459e-01	-7.539822e-01	0.000000e+00	0.000000e+00	0.000000e+00
-7.539822e-01	-6.283185e-01	0.000000e+00	0.000000e+00	0.000000e+00
-6.283185e-01	-5.026548e-01	0.000000e+00	0.000000e+00	0.000000e+00
-5.026548e-01	-3.769911e-01	0.000000e+00	0.000000e+00	0.000000e+00
-3.769911e-01	-2.513274e-01	0.000000e+00	0.000000e+00	0.000000e+00
-2.513274e-01	-1.256637e-01	0.000000e+00	0.000000e+00	0.000000e+00
-1.256637e-01	4.440892e-16	0.000000e+00	0.000000e+00	0.000000e+00
4.440892e-16	1.256637e-01	1.029842e+00	5.349514e-02	5.349514e-02
1.256637e-01	2.513274e-01	9.229467e-01	5.068964e-02	5.068964e-02
2.513274e-01	3.769911e-01	1.024627e+00	5.298444e-02	5.298444e-02
3.769911e-01	5.026548e-01	1.019413e+00	5.259816e-02	5.259816e-02
5.026548e-01	6.283185e-01	9.177320e-01	5.109036e-02	5.109036e-02
6.283185e-01	7.539822e-01	1.016806e+00	5.304855e-02	5.304855e-02
7.539822e-01	8.796459e-01	9.724837e-01	5.246876e-02	5.246876e-02
8.796459e-01	1.005310e+00	9.490157e-01	5.175115e-02	5.175115e-02
1.005310e+00	1.130973e+00	1.006382e+00	5.253380e-02	5.253380e-02
1.130973e+00	1.256637e+00	9.490164e-01	5.109023e-02	5.109023e-02
1.256637e+00	1.382301e+00	9.307662e-01	5.075652e-02	5.075652e-02
1.382301e+00	1.507964e+00	9.020945e-01	4.987883e-02	4.987883e-02
1.507964e+00	1.633628e+00	9.776953e-01	5.194785e-02	5.194785e-02
1.633628e+00	1.759292e+00	1.045482e+00	5.362194e-02	5.362194e-02
1.759292e+00	1.884956e+00	1.042875e+00	5.368528e-02	5.368528e-02
1.884956e+00	2.010619e+00	1.110671e+00	5.481342e-02	5.481342e-02
2.010619e+00	2.136283e+00	9.620520e-01	5.155380e-02	5.155380e-02
2.136283e+00	2.261947e+00	9.411948e-01	5.102367e-02	5.102367e-02
2.261947e+00	2.387610e+00	9.594527e-01	5.148824e-02	5.148824e-02
2.387610e+00	2.513274e+00	1.102840e+00	5.450207e-02	5.450207e-02
2.513274e+00	2.638938e+00	1.066340e+00	5.425206e-02	5.425206e-02
2.638938e+00	2.764602e+00	9.646597e-01	5.135564e-02	5.135564e-02
2.764602e+00	2.890265e+00	9.959535e-01	5.253380e-02	5.253380e-02
2.890265e+00	3.015929e+00	9.933386e-01	5.220889e-02	5.220889e-02
3.015929e+00	3.141593e+00	1.006374e+00	5.317640e-02	5.317640e-02
# END HISTO1D


# BEGIN HISTO1D //eos/home-y/yiyu/monobc/Rivet_New/X1000_Qd20.yoda.gz/JetMETAnalysis/met_phi
ErrorBars=1
LineColor=blue
LineStyle=solid
Path=//eos/home-y/yiyu/monobc/Rivet_New/X1000_Qd20.yoda.gz/JetMETAnalysis/met_phi
ScaledBy=1.41645627920069503e-05
Title=X1000_Qd20
# xlow	 xhigh	 val	 errminus	 errplus
-3.141593e+00	-3.015929e+00	0.000000e+00	0.000000e+00	0.000000e+00
-3.015929e+00	-2.890265e+00	0.000000e+00	0.000000e+00	0.000000e+00
-2.890265e+00	-2.764602e+00	0.000000e+00	0.000000e+00	0.000000e+00
-2.764602e+00	-2.638938e+00	0.000000e+00	0.000000e+00	0.000000e+00
-2.638938e+00	-2.513274e+00	0.000000e+00	0.000000e+00	0.000000e+00
-2.513274e+00	-2.387610e+00	0.000000e+00	0.000000e+00	0.000000e+00
-2.387610e+00	-2.261947e+00	0.000000e+00	0.000000e+00	0.000000e+00
-2.261947e+00	-2.136283e+00	0.000000e+00	0.000000e+00	0.000000e+00
-2.136283e+00	-2.010619e+00	0.000000e+00	0.000000e+00	0.000000e+00
-2.010619e+00	-1.884956e+00	0.000000e+00	0.000000e+00	0.000000e+00
-1.884956e+00	-1.759292e+00	0.000000e+00	0.000000e+00	0.000000e+00
-1.759292e+00	-1.633628e+00	0.000000e+00	0.000000e+00	0.000000e+00
-1.633628e+00	-1.507964e+00	0.000000e+00	0.000000e+00	0.000000e+00
-1.507964e+00	-1.382301e+00	0.000000e+00	0.000000e+00	0.000000e+00
-1.382301e+00	-1.256637e+00	0.000000e+00	0.000000e+00	0.000000e+00
-1.256637e+00	-1.130973e+00	0.000000e+00	0.000000e+00	0.000000e+00
-1.130973e+00	-1.005310e+00	0.000000e+00	0.000000e+00	0.000000e+00
-1.005310e+00	-8.796459e-01	0.000000e+00	0.000000e+00	0.000000e+00
-8.796459e-01	-7.539822e-01	0.000000e+00	0.000000e+00	0.000000e+00
-7.539822e-01	-6.283185e-01	0.000000e+00	0.000000e+00	0.000000e+00
-6.283185e-01	-5.026548e-01	0.000000e+00	0.000000e+00	0.000000e+00
-5.026548e-01	-3.769911e-01	0.000000e+00	0.000000e+00	0.000000e+00
-3.769911e-01	-2.513274e-01	0.000000e+00	0.000000e+00	0.000000e+00
-2.513274e-01	-1.256637e-01	0.000000e+00	0.000000e+00	0.000000e+00
-1.256637e-01	4.440892e-16	0.000000e+00	0.000000e+00	0.000000e+00
4.440892e-16	1.256637e-01	9.023035e-01	5.053262e-02	5.053262e-02
1.256637e-01	2.513274e-01	1.018051e+00	5.333098e-02	5.333098e-02
2.513274e-01	3.769911e-01	9.154569e-01	5.018909e-02	5.018909e-02
3.769911e-01	5.026548e-01	1.039096e+00	5.371885e-02	5.371885e-02
5.026548e-01	6.283185e-01	9.812221e-01	5.254666e-02	5.254666e-02
6.283185e-01	7.539822e-01	9.628079e-01	5.195065e-02	5.195065e-02
7.539822e-01	8.796459e-01	9.970063e-01	5.280939e-02	5.280939e-02
8.796459e-01	1.005310e+00	9.680665e-01	5.221621e-02	5.221621e-02
1.005310e+00	1.130973e+00	9.838584e-01	5.141534e-02	5.141534e-02
1.130973e+00	1.256637e+00	9.785897e-01	5.274370e-02	5.274370e-02
1.256637e+00	1.382301e+00	9.417606e-01	5.128016e-02	5.128016e-02
1.382301e+00	1.507964e+00	9.601832e-01	5.161684e-02	5.161684e-02
1.507964e+00	1.633628e+00	1.060139e+00	5.461303e-02	5.461303e-02
1.633628e+00	1.759292e+00	9.864814e-01	5.175033e-02	5.175033e-02
1.759292e+00	1.884956e+00	1.065400e+00	5.423156e-02	5.423156e-02
1.884956e+00	2.010619e+00	1.020688e+00	5.404024e-02	5.404024e-02
2.010619e+00	2.136283e+00	1.010157e+00	5.248064e-02	5.248064e-02
2.136283e+00	2.261947e+00	1.015418e+00	5.300546e-02	5.300546e-02
2.261947e+00	2.387610e+00	9.154620e-01	5.032707e-02	5.032707e-02
2.387610e+00	2.513274e+00	1.010157e+00	5.274370e-02	5.274370e-02
2.513274e+00	2.638938e+00	9.443914e-01	5.134759e-02	5.134759e-02
2.638938e+00	2.764602e+00	1.023310e+00	5.307070e-02	5.307070e-02
2.764602e+00	2.890265e+00	9.496606e-01	5.241509e-02	5.241509e-02
2.890265e+00	3.015929e+00	9.812198e-01	5.228248e-02	5.228248e-02
3.015929e+00	3.141593e+00	9.917423e-01	5.241467e-02	5.241467e-02
# END HISTO1D


# BEGIN HISTO1D //eos/home-y/yiyu/monobc/Rivet_New/X1000_Qd40.yoda.gz/JetMETAnalysis/met_phi
ErrorBars=1
LineColor=green
LineStyle=solid
Path=//eos/home-y/yiyu/monobc/Rivet_New/X1000_Qd40.yoda.gz/JetMETAnalysis/met_phi
ScaledBy=1.40867871996726164e-05
Title=X1000_Qd40
# xlow	 xhigh	 val	 errminus	 errplus
-3.141593e+00	-3.015929e+00	0.000000e+00	0.000000e+00	0.000000e+00
-3.015929e+00	-2.890265e+00	0.000000e+00	0.000000e+00	0.000000e+00
-2.890265e+00	-2.764602e+00	0.000000e+00	0.000000e+00	0.000000e+00
-2.764602e+00	-2.638938e+00	0.000000e+00	0.000000e+00	0.000000e+00
-2.638938e+00	-2.513274e+00	0.000000e+00	0.000000e+00	0.000000e+00
-2.513274e+00	-2.387610e+00	0.000000e+00	0.000000e+00	0.000000e+00
-2.387610e+00	-2.261947e+00	0.000000e+00	0.000000e+00	0.000000e+00
-2.261947e+00	-2.136283e+00	0.000000e+00	0.000000e+00	0.000000e+00
-2.136283e+00	-2.010619e+00	0.000000e+00	0.000000e+00	0.000000e+00
-2.010619e+00	-1.884956e+00	0.000000e+00	0.000000e+00	0.000000e+00
-1.884956e+00	-1.759292e+00	0.000000e+00	0.000000e+00	0.000000e+00
-1.759292e+00	-1.633628e+00	0.000000e+00	0.000000e+00	0.000000e+00
-1.633628e+00	-1.507964e+00	0.000000e+00	0.000000e+00	0.000000e+00
-1.507964e+00	-1.382301e+00	0.000000e+00	0.000000e+00	0.000000e+00
-1.382301e+00	-1.256637e+00	0.000000e+00	0.000000e+00	0.000000e+00
-1.256637e+00	-1.130973e+00	0.000000e+00	0.000000e+00	0.000000e+00
-1.130973e+00	-1.005310e+00	0.000000e+00	0.000000e+00	0.000000e+00
-1.005310e+00	-8.796459e-01	0.000000e+00	0.000000e+00	0.000000e+00
-8.796459e-01	-7.539822e-01	0.000000e+00	0.000000e+00	0.000000e+00
-7.539822e-01	-6.283185e-01	0.000000e+00	0.000000e+00	0.000000e+00
-6.283185e-01	-5.026548e-01	0.000000e+00	0.000000e+00	0.000000e+00
-5.026548e-01	-3.769911e-01	0.000000e+00	0.000000e+00	0.000000e+00
-3.769911e-01	-2.513274e-01	0.000000e+00	0.000000e+00	0.000000e+00
-2.513274e-01	-1.256637e-01	0.000000e+00	0.000000e+00	0.000000e+00
-1.256637e-01	4.440892e-16	0.000000e+00	0.000000e+00	0.000000e+00
4.440892e-16	1.256637e-01	9.559881e-01	5.117061e-02	5.117061e-02
1.256637e-01	2.513274e-01	1.039118e+00	5.323894e-02	5.323894e-02
2.513274e-01	3.769911e-01	9.481951e-01	5.110462e-02	5.110462e-02
3.769911e-01	5.026548e-01	1.010542e+00	5.253713e-02	5.253713e-02
5.026548e-01	6.283185e-01	9.975530e-01	5.272946e-02	5.272946e-02
6.283185e-01	7.539822e-01	9.196188e-01	5.050689e-02	5.050689e-02
7.539822e-01	8.796459e-01	9.923574e-01	5.143370e-02	5.143370e-02
8.796459e-01	1.005310e+00	9.481920e-01	5.097224e-02	5.097224e-02
1.005310e+00	1.130973e+00	1.031330e+00	5.330257e-02	5.330257e-02
1.130973e+00	1.256637e+00	9.611814e-01	5.169532e-02	5.169532e-02
1.256637e+00	1.382301e+00	9.533884e-01	5.123638e-02	5.123638e-02
1.382301e+00	1.507964e+00	9.689829e-01	5.176097e-02	5.176097e-02
1.507964e+00	1.633628e+00	9.481928e-01	5.123638e-02	5.123638e-02
1.633628e+00	1.759292e+00	1.044311e+00	5.386887e-02	5.386887e-02
1.759292e+00	1.884956e+00	8.936394e-01	5.010431e-02	5.010431e-02
1.884956e+00	2.010619e+00	9.585916e-01	5.136834e-02	5.136834e-02
2.010619e+00	2.136283e+00	9.611814e-01	5.182571e-02	5.182571e-02
2.136283e+00	2.261947e+00	9.923550e-01	5.260119e-02	5.260119e-02
2.261947e+00	2.387610e+00	9.845690e-01	5.176097e-02	5.176097e-02
2.387610e+00	2.513274e+00	1.039115e+00	5.399401e-02	5.399401e-02
2.513274e+00	2.638938e+00	1.002746e+00	5.221489e-02	5.221489e-02
2.638938e+00	2.764602e+00	9.975506e-01	5.247274e-02	5.247274e-02
2.764602e+00	2.890265e+00	9.274178e-01	5.097269e-02	5.097269e-02
2.890265e+00	3.015929e+00	9.897568e-01	5.189077e-02	5.189077e-02
3.015929e+00	3.141593e+00	9.170192e-01	5.083971e-02	5.083971e-02
# END HISTO1D


# BEGIN HISTO1D //eos/home-y/yiyu/monobc/Rivet_New/X1200_Qd10.yoda.gz/JetMETAnalysis/met_phi
ErrorBars=1
LineColor=orange
LineStyle=solid
Path=//eos/home-y/yiyu/monobc/Rivet_New/X1200_Qd10.yoda.gz/JetMETAnalysis/met_phi
ScaledBy=1.38077798553465733e-05
Title=X1200_Qd10
# xlow	 xhigh	 val	 errminus	 errplus
-3.141593e+00	-3.015929e+00	0.000000e+00	0.000000e+00	0.000000e+00
-3.015929e+00	-2.890265e+00	0.000000e+00	0.000000e+00	0.000000e+00
-2.890265e+00	-2.764602e+00	0.000000e+00	0.000000e+00	0.000000e+00
-2.764602e+00	-2.638938e+00	0.000000e+00	0.000000e+00	0.000000e+00
-2.638938e+00	-2.513274e+00	0.000000e+00	0.000000e+00	0.000000e+00
-2.513274e+00	-2.387610e+00	0.000000e+00	0.000000e+00	0.000000e+00
-2.387610e+00	-2.261947e+00	0.000000e+00	0.000000e+00	0.000000e+00
-2.261947e+00	-2.136283e+00	0.000000e+00	0.000000e+00	0.000000e+00
-2.136283e+00	-2.010619e+00	0.000000e+00	0.000000e+00	0.000000e+00
-2.010619e+00	-1.884956e+00	0.000000e+00	0.000000e+00	0.000000e+00
-1.884956e+00	-1.759292e+00	0.000000e+00	0.000000e+00	0.000000e+00
-1.759292e+00	-1.633628e+00	0.000000e+00	0.000000e+00	0.000000e+00
-1.633628e+00	-1.507964e+00	0.000000e+00	0.000000e+00	0.000000e+00
-1.507964e+00	-1.382301e+00	0.000000e+00	0.000000e+00	0.000000e+00
-1.382301e+00	-1.256637e+00	0.000000e+00	0.000000e+00	0.000000e+00
-1.256637e+00	-1.130973e+00	0.000000e+00	0.000000e+00	0.000000e+00
-1.130973e+00	-1.005310e+00	0.000000e+00	0.000000e+00	0.000000e+00
-1.005310e+00	-8.796459e-01	0.000000e+00	0.000000e+00	0.000000e+00
-8.796459e-01	-7.539822e-01	0.000000e+00	0.000000e+00	0.000000e+00
-7.539822e-01	-6.283185e-01	0.000000e+00	0.000000e+00	0.000000e+00
-6.283185e-01	-5.026548e-01	0.000000e+00	0.000000e+00	0.000000e+00
-5.026548e-01	-3.769911e-01	0.000000e+00	0.000000e+00	0.000000e+00
-3.769911e-01	-2.513274e-01	0.000000e+00	0.000000e+00	0.000000e+00
-2.513274e-01	-1.256637e-01	0.000000e+00	0.000000e+00	0.000000e+00
-1.256637e-01	4.440892e-16	0.000000e+00	0.000000e+00	0.000000e+00
4.440892e-16	1.256637e-01	3.260938e-01	1.896790e-02	1.896790e-02
1.256637e-01	2.513274e-01	3.579077e-01	1.978410e-02	1.978410e-02
2.513274e-01	3.769911e-01	3.698380e-01	2.008162e-02	2.008162e-02
3.769911e-01	5.026548e-01	3.340472e-01	1.886340e-02	1.886340e-02
5.026548e-01	6.283185e-01	3.479659e-01	1.953270e-02	1.953270e-02
6.283185e-01	7.539822e-01	3.748090e-01	2.035053e-02	2.035053e-02
7.539822e-01	8.796459e-01	3.738148e-01	2.022874e-02	2.022874e-02
8.796459e-01	1.005310e+00	3.479648e-01	1.953264e-02	1.953264e-02
1.005310e+00	1.130973e+00	3.708343e-01	2.030201e-02	2.030201e-02
1.130973e+00	1.256637e+00	3.499534e-01	2.003229e-02	2.003229e-02
1.256637e+00	1.382301e+00	3.598953e-01	1.988372e-02	1.988372e-02
1.382301e+00	1.507964e+00	3.161536e-01	1.881103e-02	1.881103e-02
1.507964e+00	1.633628e+00	3.608894e-01	1.980901e-02	1.980901e-02
1.633628e+00	1.759292e+00	3.549243e-01	1.960841e-02	1.960841e-02
1.759292e+00	1.884956e+00	3.678488e-01	1.998289e-02	1.998289e-02
1.884956e+00	2.010619e+00	3.937008e-01	2.094896e-02	2.094896e-02
2.010619e+00	2.136283e+00	3.370290e-01	1.990856e-02	1.990856e-02
2.136283e+00	2.261947e+00	3.569127e-01	2.000760e-02	2.000760e-02
2.261947e+00	2.387610e+00	3.618866e-01	2.003245e-02	2.003245e-02
2.387610e+00	2.513274e+00	3.310639e-01	1.909769e-02	1.909769e-02
2.513274e+00	2.638938e+00	3.708313e-01	1.995814e-02	1.995814e-02
2.638938e+00	2.764602e+00	3.499534e-01	2.003229e-02	2.003229e-02
2.764602e+00	2.890265e+00	3.837588e-01	2.051993e-02	2.051993e-02
2.890265e+00	3.015929e+00	3.390174e-01	1.950734e-02	1.950734e-02
3.015929e+00	3.141593e+00	3.310639e-01	1.920092e-02	1.920092e-02
# END HISTO1D


# BEGIN HISTO1D //eos/home-y/yiyu/monobc/Rivet_New/X1200_Qd20.yoda.gz/JetMETAnalysis/met_phi
ErrorBars=1
LineColor=lilac
LineStyle=solid
Path=//eos/home-y/yiyu/monobc/Rivet_New/X1200_Qd20.yoda.gz/JetMETAnalysis/met_phi
ScaledBy=1.36137126806748303e-05
Title=X1200_Qd20
# xlow	 xhigh	 val	 errminus	 errplus
-3.141593e+00	-3.015929e+00	0.000000e+00	0.000000e+00	0.000000e+00
-3.015929e+00	-2.890265e+00	0.000000e+00	0.000000e+00	0.000000e+00
-2.890265e+00	-2.764602e+00	0.000000e+00	0.000000e+00	0.000000e+00
-2.764602e+00	-2.638938e+00	0.000000e+00	0.000000e+00	0.000000e+00
-2.638938e+00	-2.513274e+00	0.000000e+00	0.000000e+00	0.000000e+00
-2.513274e+00	-2.387610e+00	0.000000e+00	0.000000e+00	0.000000e+00
-2.387610e+00	-2.261947e+00	0.000000e+00	0.000000e+00	0.000000e+00
-2.261947e+00	-2.136283e+00	0.000000e+00	0.000000e+00	0.000000e+00
-2.136283e+00	-2.010619e+00	0.000000e+00	0.000000e+00	0.000000e+00
-2.010619e+00	-1.884956e+00	0.000000e+00	0.000000e+00	0.000000e+00
-1.884956e+00	-1.759292e+00	0.000000e+00	0.000000e+00	0.000000e+00
-1.759292e+00	-1.633628e+00	0.000000e+00	0.000000e+00	0.000000e+00
-1.633628e+00	-1.507964e+00	0.000000e+00	0.000000e+00	0.000000e+00
-1.507964e+00	-1.382301e+00	0.000000e+00	0.000000e+00	0.000000e+00
-1.382301e+00	-1.256637e+00	0.000000e+00	0.000000e+00	0.000000e+00
-1.256637e+00	-1.130973e+00	0.000000e+00	0.000000e+00	0.000000e+00
-1.130973e+00	-1.005310e+00	0.000000e+00	0.000000e+00	0.000000e+00
-1.005310e+00	-8.796459e-01	0.000000e+00	0.000000e+00	0.000000e+00
-8.796459e-01	-7.539822e-01	0.000000e+00	0.000000e+00	0.000000e+00
-7.539822e-01	-6.283185e-01	0.000000e+00	0.000000e+00	0.000000e+00
-6.283185e-01	-5.026548e-01	0.000000e+00	0.000000e+00	0.000000e+00
-5.026548e-01	-3.769911e-01	0.000000e+00	0.000000e+00	0.000000e+00
-3.769911e-01	-2.513274e-01	0.000000e+00	0.000000e+00	0.000000e+00
-2.513274e-01	-1.256637e-01	0.000000e+00	0.000000e+00	0.000000e+00
-1.256637e-01	4.440892e-16	0.000000e+00	0.000000e+00	0.000000e+00
4.440892e-16	1.256637e-01	3.586896e-01	1.948149e-02	1.948149e-02
1.256637e-01	2.513274e-01	3.449317e-01	1.967878e-02	1.967878e-02
2.513274e-01	3.769911e-01	3.282256e-01	1.920692e-02	1.920692e-02
3.769911e-01	5.026548e-01	3.272429e-01	1.918176e-02	1.918176e-02
5.026548e-01	6.283185e-01	3.606551e-01	1.987410e-02	1.987410e-02
6.283185e-01	7.539822e-01	3.410008e-01	1.923204e-02	1.923204e-02
7.539822e-01	8.796459e-01	4.107733e-01	2.089273e-02	2.089273e-02
8.796459e-01	1.005310e+00	3.685155e-01	2.025905e-02	2.025905e-02
1.005310e+00	1.130973e+00	3.410027e-01	1.953111e-02	1.953111e-02
1.130973e+00	1.256637e+00	3.577060e-01	1.940695e-02	1.940695e-02
1.256637e+00	1.382301e+00	3.803084e-01	1.972774e-02	1.972774e-02
1.382301e+00	1.507964e+00	3.134866e-01	1.846357e-02	1.846357e-02
1.507964e+00	1.633628e+00	3.596714e-01	1.984975e-02	1.984975e-02
1.633628e+00	1.759292e+00	3.557406e-01	1.935712e-02	1.935712e-02
1.759292e+00	1.884956e+00	3.577060e-01	1.935712e-02	1.935712e-02
1.884956e+00	2.010619e+00	3.498471e-01	1.945680e-02	1.945680e-02
2.010619e+00	2.136283e+00	3.704813e-01	1.992259e-02	1.992259e-02
2.136283e+00	2.261947e+00	3.822738e-01	1.977663e-02	1.977663e-02
2.261947e+00	2.387610e+00	3.282274e-01	1.890293e-02	1.890293e-02
2.387610e+00	2.513274e+00	3.567233e-01	1.948144e-02	1.948144e-02
2.513274e+00	2.638938e+00	3.773602e-01	1.994681e-02	1.994681e-02
2.638938e+00	2.764602e+00	3.410000e-01	1.948144e-02	1.948144e-02
2.764602e+00	2.890265e+00	3.822768e-01	2.016366e-02	2.016366e-02
2.890265e+00	3.015929e+00	3.400173e-01	1.910604e-02	1.910604e-02
3.015929e+00	3.141593e+00	3.744121e-01	2.011555e-02	2.011555e-02
# END HISTO1D


# BEGIN HISTO1D //eos/home-y/yiyu/monobc/Rivet_New/X1200_Qd40.yoda.gz/JetMETAnalysis/met_phi
ErrorBars=1
LineColor=red
LineStyle=dashed
Path=//eos/home-y/yiyu/monobc/Rivet_New/X1200_Qd40.yoda.gz/JetMETAnalysis/met_phi
ScaledBy=1.37239052924151090e-05
Title=X1200_Qd40
# xlow	 xhigh	 val	 errminus	 errplus
-3.141593e+00	-3.015929e+00	0.000000e+00	0.000000e+00	0.000000e+00
-3.015929e+00	-2.890265e+00	0.000000e+00	0.000000e+00	0.000000e+00
-2.890265e+00	-2.764602e+00	0.000000e+00	0.000000e+00	0.000000e+00
-2.764602e+00	-2.638938e+00	0.000000e+00	0.000000e+00	0.000000e+00
-2.638938e+00	-2.513274e+00	0.000000e+00	0.000000e+00	0.000000e+00
-2.513274e+00	-2.387610e+00	0.000000e+00	0.000000e+00	0.000000e+00
-2.387610e+00	-2.261947e+00	0.000000e+00	0.000000e+00	0.000000e+00
-2.261947e+00	-2.136283e+00	0.000000e+00	0.000000e+00	0.000000e+00
-2.136283e+00	-2.010619e+00	0.000000e+00	0.000000e+00	0.000000e+00
-2.010619e+00	-1.884956e+00	0.000000e+00	0.000000e+00	0.000000e+00
-1.884956e+00	-1.759292e+00	0.000000e+00	0.000000e+00	0.000000e+00
-1.759292e+00	-1.633628e+00	0.000000e+00	0.000000e+00	0.000000e+00
-1.633628e+00	-1.507964e+00	0.000000e+00	0.000000e+00	0.000000e+00
-1.507964e+00	-1.382301e+00	0.000000e+00	0.000000e+00	0.000000e+00
-1.382301e+00	-1.256637e+00	0.000000e+00	0.000000e+00	0.000000e+00
-1.256637e+00	-1.130973e+00	0.000000e+00	0.000000e+00	0.000000e+00
-1.130973e+00	-1.005310e+00	0.000000e+00	0.000000e+00	0.000000e+00
-1.005310e+00	-8.796459e-01	0.000000e+00	0.000000e+00	0.000000e+00
-8.796459e-01	-7.539822e-01	0.000000e+00	0.000000e+00	0.000000e+00
-7.539822e-01	-6.283185e-01	0.000000e+00	0.000000e+00	0.000000e+00
-6.283185e-01	-5.026548e-01	0.000000e+00	0.000000e+00	0.000000e+00
-5.026548e-01	-3.769911e-01	0.000000e+00	0.000000e+00	0.000000e+00
-3.769911e-01	-2.513274e-01	0.000000e+00	0.000000e+00	0.000000e+00
-2.513274e-01	-1.256637e-01	0.000000e+00	0.000000e+00	0.000000e+00
-1.256637e-01	4.440892e-16	0.000000e+00	0.000000e+00	0.000000e+00
4.440892e-16	1.256637e-01	3.516208e-01	1.917459e-02	1.917459e-02
1.256637e-01	2.513274e-01	3.535907e-01	1.982138e-02	1.982138e-02
2.513274e-01	3.769911e-01	3.831386e-01	1.996766e-02	1.996766e-02
3.769911e-01	5.026548e-01	3.663948e-01	1.959990e-02	1.959990e-02
5.026548e-01	6.283185e-01	3.752592e-01	2.025707e-02	2.025707e-02
6.283185e-01	7.539822e-01	3.870784e-01	2.020912e-02	2.020912e-02
7.539822e-01	8.796459e-01	3.693496e-01	2.011289e-02	2.011289e-02
8.796459e-01	1.005310e+00	3.683635e-01	2.008869e-02	2.008869e-02
1.005310e+00	1.130973e+00	3.466981e-01	1.935096e-02	1.935096e-02
1.130973e+00	1.256637e+00	3.476802e-01	1.957510e-02	1.957510e-02
1.256637e+00	1.382301e+00	3.703337e-01	1.989461e-02	1.989461e-02
1.382301e+00	1.507964e+00	3.220747e-01	1.876559e-02	1.876559e-02
1.507964e+00	1.633628e+00	3.880624e-01	2.028095e-02	2.028095e-02
1.633628e+00	1.759292e+00	3.407857e-01	1.904764e-02	1.904764e-02
1.759292e+00	1.884956e+00	3.427556e-01	1.925028e-02	1.925028e-02
1.884956e+00	2.010619e+00	3.506378e-01	1.960001e-02	1.960001e-02
2.010619e+00	2.136283e+00	4.057912e-01	2.037639e-02	2.037639e-02
2.136283e+00	2.261947e+00	3.900322e-01	2.037639e-02	2.037639e-02
2.261947e+00	2.387610e+00	3.595023e-01	1.991913e-02	1.991913e-02
2.387610e+00	2.513274e+00	3.713186e-01	1.982133e-02	1.982133e-02
2.513274e+00	2.638938e+00	3.723035e-01	2.018506e-02	2.018506e-02
2.638938e+00	2.764602e+00	3.545748e-01	1.979685e-02	1.979685e-02
2.764602e+00	2.890265e+00	3.821558e-01	2.056610e-02	2.056610e-02
2.890265e+00	3.015929e+00	3.141927e-01	1.891989e-02	1.891989e-02
3.015929e+00	3.141593e+00	3.535898e-01	1.952548e-02	1.952548e-02
# END HISTO1D


# BEGIN HISTO1D //eos/home-y/yiyu/monobc/Rivet_New/X1500_Qd10.yoda.gz/JetMETAnalysis/met_phi
ErrorBars=1
LineColor=blue
LineStyle=dashed
Path=//eos/home-y/yiyu/monobc/Rivet_New/X1500_Qd10.yoda.gz/JetMETAnalysis/met_phi
ScaledBy=1.29112282165450971e-05
Title=X1500_Qd10
# xlow	 xhigh	 val	 errminus	 errplus
-3.141593e+00	-3.015929e+00	0.000000e+00	0.000000e+00	0.000000e+00
-3.015929e+00	-2.890265e+00	0.000000e+00	0.000000e+00	0.000000e+00
-2.890265e+00	-2.764602e+00	0.000000e+00	0.000000e+00	0.000000e+00
-2.764602e+00	-2.638938e+00	0.000000e+00	0.000000e+00	0.000000e+00
-2.638938e+00	-2.513274e+00	0.000000e+00	0.000000e+00	0.000000e+00
-2.513274e+00	-2.387610e+00	0.000000e+00	0.000000e+00	0.000000e+00
-2.387610e+00	-2.261947e+00	0.000000e+00	0.000000e+00	0.000000e+00
-2.261947e+00	-2.136283e+00	0.000000e+00	0.000000e+00	0.000000e+00
-2.136283e+00	-2.010619e+00	0.000000e+00	0.000000e+00	0.000000e+00
-2.010619e+00	-1.884956e+00	0.000000e+00	0.000000e+00	0.000000e+00
-1.884956e+00	-1.759292e+00	0.000000e+00	0.000000e+00	0.000000e+00
-1.759292e+00	-1.633628e+00	0.000000e+00	0.000000e+00	0.000000e+00
-1.633628e+00	-1.507964e+00	0.000000e+00	0.000000e+00	0.000000e+00
-1.507964e+00	-1.382301e+00	0.000000e+00	0.000000e+00	0.000000e+00
-1.382301e+00	-1.256637e+00	0.000000e+00	0.000000e+00	0.000000e+00
-1.256637e+00	-1.130973e+00	0.000000e+00	0.000000e+00	0.000000e+00
-1.130973e+00	-1.005310e+00	0.000000e+00	0.000000e+00	0.000000e+00
-1.005310e+00	-8.796459e-01	0.000000e+00	0.000000e+00	0.000000e+00
-8.796459e-01	-7.539822e-01	0.000000e+00	0.000000e+00	0.000000e+00
-7.539822e-01	-6.283185e-01	0.000000e+00	0.000000e+00	0.000000e+00
-6.283185e-01	-5.026548e-01	0.000000e+00	0.000000e+00	0.000000e+00
-5.026548e-01	-3.769911e-01	0.000000e+00	0.000000e+00	0.000000e+00
-3.769911e-01	-2.513274e-01	0.000000e+00	0.000000e+00	0.000000e+00
-2.513274e-01	-1.256637e-01	0.000000e+00	0.000000e+00	0.000000e+00
-1.256637e-01	4.440892e-16	0.000000e+00	0.000000e+00	0.000000e+00
4.440892e-16	1.256637e-01	7.495577e-02	4.654779e-03	4.654779e-03
1.256637e-01	2.513274e-01	7.326866e-02	4.722917e-03	4.722917e-03
2.513274e-01	3.769911e-01	7.182257e-02	4.844348e-03	4.844348e-03
3.769911e-01	5.026548e-01	7.857100e-02	4.844348e-03	4.844348e-03
5.026548e-01	6.283185e-01	7.326866e-02	4.844348e-03	4.844348e-03
6.283185e-01	7.539822e-01	8.098114e-02	4.856325e-03	4.856325e-03
7.539822e-01	8.796459e-01	7.736592e-02	4.814277e-03	4.814277e-03
8.796459e-01	1.005310e+00	8.001681e-02	4.820291e-03	4.820291e-03
1.005310e+00	1.130973e+00	7.688432e-02	4.945249e-03	4.945249e-03
1.130973e+00	1.256637e+00	8.893446e-02	5.072774e-03	5.072774e-03
1.256637e+00	1.382301e+00	8.387311e-02	4.868260e-03	4.868260e-03
1.382301e+00	1.507964e+00	8.604299e-02	4.921700e-03	4.921700e-03
1.507964e+00	1.633628e+00	7.350950e-02	4.654768e-03	4.654768e-03
1.633628e+00	1.759292e+00	7.808878e-02	4.832331e-03	4.832331e-03
1.759292e+00	1.884956e+00	8.531926e-02	4.892066e-03	4.892066e-03
1.884956e+00	2.010619e+00	8.218672e-02	4.933488e-03	4.933488e-03
2.010619e+00	2.136283e+00	7.591965e-02	4.802185e-03	4.802185e-03
2.136283e+00	2.261947e+00	8.483718e-02	4.892066e-03	4.892066e-03
2.261947e+00	2.387610e+00	7.182297e-02	4.710628e-03	4.710628e-03
2.387610e+00	2.513274e+00	7.953487e-02	4.903925e-03	4.903925e-03
2.513274e+00	2.638938e+00	7.857082e-02	4.808229e-03	4.808229e-03
2.638938e+00	2.764602e+00	6.652008e-02	4.560213e-03	4.560213e-03
2.764602e+00	2.890265e+00	7.134094e-02	4.698280e-03	4.698280e-03
2.890265e+00	3.015929e+00	7.567864e-02	4.844337e-03	4.844337e-03
3.015929e+00	3.141593e+00	6.603805e-02	4.560213e-03	4.560213e-03
# END HISTO1D


# BEGIN HISTO1D //eos/home-y/yiyu/monobc/Rivet_New/X1500_Qd20.yoda.gz/JetMETAnalysis/met_phi
ErrorBars=1
LineColor=green
LineStyle=dashed
Path=//eos/home-y/yiyu/monobc/Rivet_New/X1500_Qd20.yoda.gz/JetMETAnalysis/met_phi
ScaledBy=1.29605322047913924e-05
Title=X1500_Qd20
# xlow	 xhigh	 val	 errminus	 errplus
-3.141593e+00	-3.015929e+00	0.000000e+00	0.000000e+00	0.000000e+00
-3.015929e+00	-2.890265e+00	0.000000e+00	0.000000e+00	0.000000e+00
-2.890265e+00	-2.764602e+00	0.000000e+00	0.000000e+00	0.000000e+00
-2.764602e+00	-2.638938e+00	0.000000e+00	0.000000e+00	0.000000e+00
-2.638938e+00	-2.513274e+00	0.000000e+00	0.000000e+00	0.000000e+00
-2.513274e+00	-2.387610e+00	0.000000e+00	0.000000e+00	0.000000e+00
-2.387610e+00	-2.261947e+00	0.000000e+00	0.000000e+00	0.000000e+00
-2.261947e+00	-2.136283e+00	0.000000e+00	0.000000e+00	0.000000e+00
-2.136283e+00	-2.010619e+00	0.000000e+00	0.000000e+00	0.000000e+00
-2.010619e+00	-1.884956e+00	0.000000e+00	0.000000e+00	0.000000e+00
-1.884956e+00	-1.759292e+00	0.000000e+00	0.000000e+00	0.000000e+00
-1.759292e+00	-1.633628e+00	0.000000e+00	0.000000e+00	0.000000e+00
-1.633628e+00	-1.507964e+00	0.000000e+00	0.000000e+00	0.000000e+00
-1.507964e+00	-1.382301e+00	0.000000e+00	0.000000e+00	0.000000e+00
-1.382301e+00	-1.256637e+00	0.000000e+00	0.000000e+00	0.000000e+00
-1.256637e+00	-1.130973e+00	0.000000e+00	0.000000e+00	0.000000e+00
-1.130973e+00	-1.005310e+00	0.000000e+00	0.000000e+00	0.000000e+00
-1.005310e+00	-8.796459e-01	0.000000e+00	0.000000e+00	0.000000e+00
-8.796459e-01	-7.539822e-01	0.000000e+00	0.000000e+00	0.000000e+00
-7.539822e-01	-6.283185e-01	0.000000e+00	0.000000e+00	0.000000e+00
-6.283185e-01	-5.026548e-01	0.000000e+00	0.000000e+00	0.000000e+00
-5.026548e-01	-3.769911e-01	0.000000e+00	0.000000e+00	0.000000e+00
-3.769911e-01	-2.513274e-01	0.000000e+00	0.000000e+00	0.000000e+00
-2.513274e-01	-1.256637e-01	0.000000e+00	0.000000e+00	0.000000e+00
-1.256637e-01	4.440892e-16	0.000000e+00	0.000000e+00	0.000000e+00
4.440892e-16	1.256637e-01	7.220385e-02	4.809414e-03	4.809414e-03
1.256637e-01	2.513274e-01	7.656516e-02	4.809414e-03	4.809414e-03
2.513274e-01	3.769911e-01	7.220385e-02	4.784939e-03	4.784939e-03
3.769911e-01	5.026548e-01	7.389991e-02	4.729406e-03	4.729406e-03
5.026548e-01	6.283185e-01	8.068416e-02	4.924012e-03	4.924012e-03
6.283185e-01	7.539822e-01	8.116879e-02	4.864034e-03	4.864034e-03
7.539822e-01	8.796459e-01	8.116879e-02	5.018486e-03	5.018486e-03
8.796459e-01	1.005310e+00	7.874555e-02	4.888098e-03	4.888098e-03
1.005310e+00	1.130973e+00	7.535410e-02	4.803334e-03	4.803334e-03
1.130973e+00	1.256637e+00	8.165314e-02	4.851938e-03	4.851938e-03
1.256637e+00	1.382301e+00	8.044165e-02	4.870053e-03	4.870053e-03
1.382301e+00	1.507964e+00	6.760062e-02	4.603627e-03	4.603627e-03
1.507964e+00	1.633628e+00	7.656497e-02	4.833755e-03	4.833755e-03
1.633628e+00	1.759292e+00	7.947250e-02	4.845884e-03	4.845884e-03
1.759292e+00	1.884956e+00	7.317285e-02	4.760326e-03	4.760326e-03
1.884956e+00	2.010619e+00	8.068461e-02	4.876116e-03	4.876116e-03
2.010619e+00	2.136283e+00	7.317285e-02	4.710738e-03	4.710738e-03
2.136283e+00	2.261947e+00	7.898791e-02	4.809403e-03	4.809403e-03
2.261947e+00	2.387610e+00	8.577282e-02	4.977402e-03	4.977402e-03
2.387610e+00	2.513274e+00	7.801873e-02	4.760326e-03	4.760326e-03
2.513274e+00	2.638938e+00	8.431842e-02	4.918035e-03	4.918035e-03
2.638938e+00	2.764602e+00	7.632268e-02	4.791058e-03	4.791058e-03
2.764602e+00	2.890265e+00	7.559640e-02	4.833793e-03	4.833793e-03
2.890265e+00	3.015929e+00	8.068397e-02	5.065050e-03	5.065050e-03
3.015929e+00	3.141593e+00	8.141083e-02	4.894103e-03	4.894103e-03
# END HISTO1D


# BEGIN HISTO1D //eos/home-y/yiyu/monobc/Rivet_New/X1500_Qd40.yoda.gz/JetMETAnalysis/met_phi
ErrorBars=1
LineColor=orange
LineStyle=dashed
Path=//eos/home-y/yiyu/monobc/Rivet_New/X1500_Qd40.yoda.gz/JetMETAnalysis/met_phi
ScaledBy=1.28797563000789208e-05
Title=X1500_Qd40
# xlow	 xhigh	 val	 errminus	 errplus
-3.141593e+00	-3.015929e+00	0.000000e+00	0.000000e+00	0.000000e+00
-3.015929e+00	-2.890265e+00	0.000000e+00	0.000000e+00	0.000000e+00
-2.890265e+00	-2.764602e+00	0.000000e+00	0.000000e+00	0.000000e+00
-2.764602e+00	-2.638938e+00	0.000000e+00	0.000000e+00	0.000000e+00
-2.638938e+00	-2.513274e+00	0.000000e+00	0.000000e+00	0.000000e+00
-2.513274e+00	-2.387610e+00	0.000000e+00	0.000000e+00	0.000000e+00
-2.387610e+00	-2.261947e+00	0.000000e+00	0.000000e+00	0.000000e+00
-2.261947e+00	-2.136283e+00	0.000000e+00	0.000000e+00	0.000000e+00
-2.136283e+00	-2.010619e+00	0.000000e+00	0.000000e+00	0.000000e+00
-2.010619e+00	-1.884956e+00	0.000000e+00	0.000000e+00	0.000000e+00
-1.884956e+00	-1.759292e+00	0.000000e+00	0.000000e+00	0.000000e+00
-1.759292e+00	-1.633628e+00	0.000000e+00	0.000000e+00	0.000000e+00
-1.633628e+00	-1.507964e+00	0.000000e+00	0.000000e+00	0.000000e+00
-1.507964e+00	-1.382301e+00	0.000000e+00	0.000000e+00	0.000000e+00
-1.382301e+00	-1.256637e+00	0.000000e+00	0.000000e+00	0.000000e+00
-1.256637e+00	-1.130973e+00	0.000000e+00	0.000000e+00	0.000000e+00
-1.130973e+00	-1.005310e+00	0.000000e+00	0.000000e+00	0.000000e+00
-1.005310e+00	-8.796459e-01	0.000000e+00	0.000000e+00	0.000000e+00
-8.796459e-01	-7.539822e-01	0.000000e+00	0.000000e+00	0.000000e+00
-7.539822e-01	-6.283185e-01	0.000000e+00	0.000000e+00	0.000000e+00
-6.283185e-01	-5.026548e-01	0.000000e+00	0.000000e+00	0.000000e+00
-5.026548e-01	-3.769911e-01	0.000000e+00	0.000000e+00	0.000000e+00
-3.769911e-01	-2.513274e-01	0.000000e+00	0.000000e+00	0.000000e+00
-2.513274e-01	-1.256637e-01	0.000000e+00	0.000000e+00	0.000000e+00
-1.256637e-01	4.440892e-16	0.000000e+00	0.000000e+00	0.000000e+00
4.440892e-16	1.256637e-01	8.035288e-02	4.838979e-03	4.838979e-03
1.256637e-01	2.513274e-01	7.867383e-02	4.761071e-03	4.761071e-03
2.513274e-01	3.769911e-01	7.291721e-02	4.712486e-03	4.712486e-03
3.769911e-01	5.026548e-01	8.179204e-02	4.944825e-03	4.944825e-03
5.026548e-01	6.283185e-01	7.027876e-02	4.620016e-03	4.620016e-03
6.283185e-01	7.539822e-01	7.819412e-02	4.892188e-03	4.892188e-03
7.539822e-01	8.796459e-01	7.987311e-02	4.909797e-03	4.909797e-03
8.796459e-01	1.005310e+00	8.083231e-02	4.827059e-03	4.827059e-03
1.005310e+00	1.130973e+00	8.371135e-02	4.979635e-03	4.979635e-03
1.130973e+00	1.256637e+00	8.179184e-02	4.779150e-03	4.779150e-03
1.256637e+00	1.382301e+00	8.275123e-02	4.944813e-03	4.944813e-03
1.382301e+00	1.507964e+00	7.939385e-02	4.742936e-03	4.742936e-03
1.507964e+00	1.633628e+00	6.883944e-02	4.531997e-03	4.531997e-03
1.633628e+00	1.759292e+00	8.682885e-02	4.927330e-03	4.927330e-03
1.759292e+00	1.884956e+00	7.507577e-02	4.755013e-03	4.755013e-03
1.884956e+00	2.010619e+00	6.979943e-02	4.718613e-03	4.718613e-03
2.010619e+00	2.136283e+00	7.939322e-02	4.886293e-03	4.886293e-03
2.136283e+00	2.261947e+00	7.819393e-02	4.821100e-03	4.821100e-03
2.261947e+00	2.387610e+00	7.795469e-02	4.839006e-03	4.839006e-03
2.387610e+00	2.513274e+00	6.788001e-02	4.644843e-03	4.644843e-03
2.513274e+00	2.638938e+00	6.883944e-02	4.620005e-03	4.620005e-03
2.638938e+00	2.764602e+00	7.603520e-02	4.815129e-03	4.815129e-03
2.764602e+00	2.890265e+00	7.483651e-02	4.773166e-03	4.773166e-03
2.890265e+00	3.015929e+00	7.843379e-02	4.979595e-03	4.979595e-03
3.015929e+00	3.141593e+00	8.491000e-02	4.973815e-03	4.973815e-03
# END HISTO1D


# BEGIN HISTO1D //eos/home-y/yiyu/monobc/Rivet_New/X2000_Qd10.yoda.gz/JetMETAnalysis/met_phi
ErrorBars=1
LineColor=lilac
LineStyle=dashed
Path=//eos/home-y/yiyu/monobc/Rivet_New/X2000_Qd10.yoda.gz/JetMETAnalysis/met_phi
ScaledBy=1.12518448528534510e-05
Title=X2000_Qd10
# xlow	 xhigh	 val	 errminus	 errplus
-3.141593e+00	-3.015929e+00	0.000000e+00	0.000000e+00	0.000000e+00
-3.015929e+00	-2.890265e+00	0.000000e+00	0.000000e+00	0.000000e+00
-2.890265e+00	-2.764602e+00	0.000000e+00	0.000000e+00	0.000000e+00
-2.764602e+00	-2.638938e+00	0.000000e+00	0.000000e+00	0.000000e+00
-2.638938e+00	-2.513274e+00	0.000000e+00	0.000000e+00	0.000000e+00
-2.513274e+00	-2.387610e+00	0.000000e+00	0.000000e+00	0.000000e+00
-2.387610e+00	-2.261947e+00	0.000000e+00	0.000000e+00	0.000000e+00
-2.261947e+00	-2.136283e+00	0.000000e+00	0.000000e+00	0.000000e+00
-2.136283e+00	-2.010619e+00	0.000000e+00	0.000000e+00	0.000000e+00
-2.010619e+00	-1.884956e+00	0.000000e+00	0.000000e+00	0.000000e+00
-1.884956e+00	-1.759292e+00	0.000000e+00	0.000000e+00	0.000000e+00
-1.759292e+00	-1.633628e+00	0.000000e+00	0.000000e+00	0.000000e+00
-1.633628e+00	-1.507964e+00	0.000000e+00	0.000000e+00	0.000000e+00
-1.507964e+00	-1.382301e+00	0.000000e+00	0.000000e+00	0.000000e+00
-1.382301e+00	-1.256637e+00	0.000000e+00	0.000000e+00	0.000000e+00
-1.256637e+00	-1.130973e+00	0.000000e+00	0.000000e+00	0.000000e+00
-1.130973e+00	-1.005310e+00	0.000000e+00	0.000000e+00	0.000000e+00
-1.005310e+00	-8.796459e-01	0.000000e+00	0.000000e+00	0.000000e+00
-8.796459e-01	-7.539822e-01	0.000000e+00	0.000000e+00	0.000000e+00
-7.539822e-01	-6.283185e-01	0.000000e+00	0.000000e+00	0.000000e+00
-6.283185e-01	-5.026548e-01	0.000000e+00	0.000000e+00	0.000000e+00
-5.026548e-01	-3.769911e-01	0.000000e+00	0.000000e+00	0.000000e+00
-3.769911e-01	-2.513274e-01	0.000000e+00	0.000000e+00	0.000000e+00
-2.513274e-01	-1.256637e-01	0.000000e+00	0.000000e+00	0.000000e+00
-1.256637e-01	4.440892e-16	0.000000e+00	0.000000e+00	0.000000e+00
4.440892e-16	1.256637e-01	5.577868e-03	5.268640e-04	5.268640e-04
1.256637e-01	2.513274e-01	5.872851e-03	5.476120e-04	5.476120e-04
2.513274e-01	3.769911e-01	4.907451e-03	5.396751e-04	5.396751e-04
3.769911e-01	5.026548e-01	5.175618e-03	5.449792e-04	5.449792e-04
5.026548e-01	6.283185e-01	5.175618e-03	5.234406e-04	5.234406e-04
6.283185e-01	7.539822e-01	4.344301e-03	5.322957e-04	5.322957e-04
7.539822e-01	8.796459e-01	5.309701e-03	5.429962e-04	5.429962e-04
8.796459e-01	1.005310e+00	5.443767e-03	5.476102e-04	5.476102e-04
1.005310e+00	1.130973e+00	5.390181e-03	5.370065e-04	5.370065e-04
1.130973e+00	1.256637e+00	5.282872e-03	5.541378e-04	5.541378e-04
1.256637e+00	1.382301e+00	4.800173e-03	5.356614e-04	5.356614e-04
1.382301e+00	1.507964e+00	5.846067e-03	5.612345e-04	5.612345e-04
1.507964e+00	1.633628e+00	5.416955e-03	5.495769e-04	5.495769e-04
1.633628e+00	1.759292e+00	5.658305e-03	5.329695e-04	5.329695e-04
1.759292e+00	1.884956e+00	4.853806e-03	5.193014e-04	5.193014e-04
1.884956e+00	2.010619e+00	6.462854e-03	5.732782e-04	5.732782e-04
2.010619e+00	2.136283e+00	5.363322e-03	5.295856e-04	5.295856e-04
2.136283e+00	2.261947e+00	4.934256e-03	5.199933e-04	5.199933e-04
2.261947e+00	2.387610e+00	5.443815e-03	5.463002e-04	5.463002e-04
2.387610e+00	2.513274e+00	3.647059e-03	5.186085e-04	5.186085e-04
2.513274e+00	2.638938e+00	4.612457e-03	5.268628e-04	5.268628e-04
2.638938e+00	2.764602e+00	5.095155e-03	5.376713e-04	5.376713e-04
2.764602e+00	2.890265e+00	4.558860e-03	5.186127e-04	5.186127e-04
2.890265e+00	3.015929e+00	5.309689e-03	5.282259e-04	5.282259e-04
3.015929e+00	3.141593e+00	4.451557e-03	5.625099e-04	5.625099e-04
# END HISTO1D


# BEGIN HISTO1D //eos/home-y/yiyu/monobc/Rivet_New/X2000_Qd20.yoda.gz/JetMETAnalysis/met_phi
ErrorBars=1
LineColor=red
LineStyle=dashdotted
Path=//eos/home-y/yiyu/monobc/Rivet_New/X2000_Qd20.yoda.gz/JetMETAnalysis/met_phi
ScaledBy=1.11430136845594263e-05
Title=X2000_Qd20
# xlow	 xhigh	 val	 errminus	 errplus
-3.141593e+00	-3.015929e+00	0.000000e+00	0.000000e+00	0.000000e+00
-3.015929e+00	-2.890265e+00	0.000000e+00	0.000000e+00	0.000000e+00
-2.890265e+00	-2.764602e+00	0.000000e+00	0.000000e+00	0.000000e+00
-2.764602e+00	-2.638938e+00	0.000000e+00	0.000000e+00	0.000000e+00
-2.638938e+00	-2.513274e+00	0.000000e+00	0.000000e+00	0.000000e+00
-2.513274e+00	-2.387610e+00	0.000000e+00	0.000000e+00	0.000000e+00
-2.387610e+00	-2.261947e+00	0.000000e+00	0.000000e+00	0.000000e+00
-2.261947e+00	-2.136283e+00	0.000000e+00	0.000000e+00	0.000000e+00
-2.136283e+00	-2.010619e+00	0.000000e+00	0.000000e+00	0.000000e+00
-2.010619e+00	-1.884956e+00	0.000000e+00	0.000000e+00	0.000000e+00
-1.884956e+00	-1.759292e+00	0.000000e+00	0.000000e+00	0.000000e+00
-1.759292e+00	-1.633628e+00	0.000000e+00	0.000000e+00	0.000000e+00
-1.633628e+00	-1.507964e+00	0.000000e+00	0.000000e+00	0.000000e+00
-1.507964e+00	-1.382301e+00	0.000000e+00	0.000000e+00	0.000000e+00
-1.382301e+00	-1.256637e+00	0.000000e+00	0.000000e+00	0.000000e+00
-1.256637e+00	-1.130973e+00	0.000000e+00	0.000000e+00	0.000000e+00
-1.130973e+00	-1.005310e+00	0.000000e+00	0.000000e+00	0.000000e+00
-1.005310e+00	-8.796459e-01	0.000000e+00	0.000000e+00	0.000000e+00
-8.796459e-01	-7.539822e-01	0.000000e+00	0.000000e+00	0.000000e+00
-7.539822e-01	-6.283185e-01	0.000000e+00	0.000000e+00	0.000000e+00
-6.283185e-01	-5.026548e-01	0.000000e+00	0.000000e+00	0.000000e+00
-5.026548e-01	-3.769911e-01	0.000000e+00	0.000000e+00	0.000000e+00
-3.769911e-01	-2.513274e-01	0.000000e+00	0.000000e+00	0.000000e+00
-2.513274e-01	-1.256637e-01	0.000000e+00	0.000000e+00	0.000000e+00
-1.256637e-01	4.440892e-16	0.000000e+00	0.000000e+00	0.000000e+00
4.440892e-16	1.256637e-01	5.640212e-03	5.344704e-04	5.344704e-04
1.256637e-01	2.513274e-01	4.270446e-03	5.201059e-04	5.201059e-04
2.513274e-01	3.769911e-01	5.908793e-03	5.464825e-04	5.464825e-04
3.769911e-01	5.026548e-01	4.700177e-03	5.187170e-04	5.187170e-04
5.026548e-01	6.283185e-01	5.156765e-03	5.166269e-04	5.166269e-04
6.283185e-01	7.539822e-01	5.935651e-03	5.510832e-04	5.510832e-04
7.539822e-01	8.796459e-01	4.968758e-03	5.418428e-04	5.418428e-04
8.796459e-01	1.005310e+00	4.377864e-03	5.269933e-04	5.269933e-04
1.005310e+00	1.130973e+00	5.693960e-03	5.633845e-04	5.633845e-04
1.130973e+00	1.256637e+00	4.915030e-03	5.575884e-04	5.575884e-04
1.256637e+00	1.382301e+00	5.855063e-03	5.317630e-04	5.317630e-04
1.382301e+00	1.507964e+00	5.425377e-03	5.438391e-04	5.438391e-04
1.507964e+00	1.633628e+00	5.425333e-03	5.633800e-04	5.633800e-04
1.633628e+00	1.759292e+00	4.968746e-03	5.283608e-04	5.283608e-04
1.759292e+00	1.884956e+00	5.720772e-03	5.242489e-04	5.242489e-04
1.884956e+00	2.010619e+00	5.720818e-03	5.497757e-04	5.497757e-04
2.010619e+00	2.136283e+00	4.915030e-03	5.364899e-04	5.364899e-04
2.136283e+00	2.261947e+00	4.807597e-03	5.391723e-04	5.391723e-04
2.261947e+00	2.387610e+00	5.452235e-03	5.562976e-04	5.562976e-04
2.387610e+00	2.513274e+00	5.505908e-03	5.405086e-04	5.405086e-04
2.513274e+00	2.638938e+00	4.028713e-03	5.411755e-04	5.411755e-04
2.638938e+00	2.764602e+00	5.076179e-03	5.431712e-04	5.431712e-04
2.764602e+00	2.890265e+00	5.613385e-03	5.471452e-04	5.471452e-04
2.890265e+00	3.015929e+00	4.834455e-03	5.491149e-04	5.491149e-04
3.015929e+00	3.141593e+00	4.512159e-03	5.385030e-04	5.385030e-04
# END HISTO1D


# BEGIN HISTO1D //eos/home-y/yiyu/monobc/Rivet_New/X2000_Qd40.yoda.gz/JetMETAnalysis/met_phi
ErrorBars=1
LineColor=blue
LineStyle=dashdotted
Path=//eos/home-y/yiyu/monobc/Rivet_New/X2000_Qd40.yoda.gz/JetMETAnalysis/met_phi
ScaledBy=1.10839193459253869e-05
Title=X2000_Qd40
# xlow	 xhigh	 val	 errminus	 errplus
-3.141593e+00	-3.015929e+00	0.000000e+00	0.000000e+00	0.000000e+00
-3.015929e+00	-2.890265e+00	0.000000e+00	0.000000e+00	0.000000e+00
-2.890265e+00	-2.764602e+00	0.000000e+00	0.000000e+00	0.000000e+00
-2.764602e+00	-2.638938e+00	0.000000e+00	0.000000e+00	0.000000e+00
-2.638938e+00	-2.513274e+00	0.000000e+00	0.000000e+00	0.000000e+00
-2.513274e+00	-2.387610e+00	0.000000e+00	0.000000e+00	0.000000e+00
-2.387610e+00	-2.261947e+00	0.000000e+00	0.000000e+00	0.000000e+00
-2.261947e+00	-2.136283e+00	0.000000e+00	0.000000e+00	0.000000e+00
-2.136283e+00	-2.010619e+00	0.000000e+00	0.000000e+00	0.000000e+00
-2.010619e+00	-1.884956e+00	0.000000e+00	0.000000e+00	0.000000e+00
-1.884956e+00	-1.759292e+00	0.000000e+00	0.000000e+00	0.000000e+00
-1.759292e+00	-1.633628e+00	0.000000e+00	0.000000e+00	0.000000e+00
-1.633628e+00	-1.507964e+00	0.000000e+00	0.000000e+00	0.000000e+00
-1.507964e+00	-1.382301e+00	0.000000e+00	0.000000e+00	0.000000e+00
-1.382301e+00	-1.256637e+00	0.000000e+00	0.000000e+00	0.000000e+00
-1.256637e+00	-1.130973e+00	0.000000e+00	0.000000e+00	0.000000e+00
-1.130973e+00	-1.005310e+00	0.000000e+00	0.000000e+00	0.000000e+00
-1.005310e+00	-8.796459e-01	0.000000e+00	0.000000e+00	0.000000e+00
-8.796459e-01	-7.539822e-01	0.000000e+00	0.000000e+00	0.000000e+00
-7.539822e-01	-6.283185e-01	0.000000e+00	0.000000e+00	0.000000e+00
-6.283185e-01	-5.026548e-01	0.000000e+00	0.000000e+00	0.000000e+00
-5.026548e-01	-3.769911e-01	0.000000e+00	0.000000e+00	0.000000e+00
-3.769911e-01	-2.513274e-01	0.000000e+00	0.000000e+00	0.000000e+00
-2.513274e-01	-1.256637e-01	0.000000e+00	0.000000e+00	0.000000e+00
-1.256637e-01	4.440892e-16	0.000000e+00	0.000000e+00	0.000000e+00
4.440892e-16	1.256637e-01	4.581612e-03	5.250110e-04	5.250110e-04
1.256637e-01	2.513274e-01	5.640943e-03	5.523531e-04	5.523531e-04
2.513274e-01	3.769911e-01	5.455560e-03	5.176114e-04	5.176114e-04
3.769911e-01	5.026548e-01	5.667427e-03	5.323078e-04	5.323078e-04
5.026548e-01	6.283185e-01	5.640943e-03	5.382043e-04	5.382043e-04
6.283185e-01	7.539822e-01	5.614461e-03	5.414524e-04	5.414524e-04
7.539822e-01	8.796459e-01	5.111278e-03	5.408043e-04	5.408043e-04
8.796459e-01	1.005310e+00	5.720375e-03	5.362443e-04	5.362443e-04
1.005310e+00	1.130973e+00	5.561525e-03	5.296690e-04	5.296690e-04
1.130973e+00	1.256637e+00	4.793467e-03	5.169322e-04	5.169322e-04
1.256637e+00	1.382301e+00	5.323132e-03	5.329649e-04	5.329649e-04
1.382301e+00	1.507964e+00	4.687571e-03	5.182914e-04	5.182914e-04
1.507964e+00	1.633628e+00	5.005332e-03	5.368983e-04	5.368983e-04
1.633628e+00	1.759292e+00	4.634567e-03	5.236722e-04	5.236722e-04
1.759292e+00	1.884956e+00	5.084782e-03	5.052680e-04	5.052680e-04
1.884956e+00	2.010619e+00	4.767021e-03	5.349395e-04	5.349395e-04
2.010619e+00	2.136283e+00	6.117629e-03	5.382030e-04	5.382030e-04
2.136283e+00	2.261947e+00	5.270165e-03	5.045735e-04	5.045735e-04
2.261947e+00	2.387610e+00	5.535041e-03	5.250140e-04	5.250140e-04
2.387610e+00	2.513274e+00	5.482031e-03	5.523518e-04	5.523518e-04
2.513274e+00	2.638938e+00	5.879280e-03	5.336225e-04	5.336225e-04
2.638938e+00	2.764602e+00	5.058299e-03	5.087265e-04	5.087265e-04
2.764602e+00	2.890265e+00	5.588008e-03	5.369026e-04	5.369026e-04
2.890265e+00	3.015929e+00	5.296648e-03	5.440356e-04	5.440356e-04
3.015929e+00	3.141593e+00	5.720380e-03	5.256773e-04	5.256773e-04
# END HISTO1D


# BEGIN HISTO1D //eos/home-y/yiyu/monobc/Rivet_New/X600_Qd10.yoda.gz/JetMETAnalysis/met_phi
ErrorBars=1
LineColor=green
LineStyle=dashdotted
Path=//eos/home-y/yiyu/monobc/Rivet_New/X600_Qd10.yoda.gz/JetMETAnalysis/met_phi
ScaledBy=1.57533529470536090e-05
Title=X600_Qd10
# xlow	 xhigh	 val	 errminus	 errplus
-3.141593e+00	-3.015929e+00	0.000000e+00	0.000000e+00	0.000000e+00
-3.015929e+00	-2.890265e+00	0.000000e+00	0.000000e+00	0.000000e+00
-2.890265e+00	-2.764602e+00	0.000000e+00	0.000000e+00	0.000000e+00
-2.764602e+00	-2.638938e+00	0.000000e+00	0.000000e+00	0.000000e+00
-2.638938e+00	-2.513274e+00	0.000000e+00	0.000000e+00	0.000000e+00
-2.513274e+00	-2.387610e+00	0.000000e+00	0.000000e+00	0.000000e+00
-2.387610e+00	-2.261947e+00	0.000000e+00	0.000000e+00	0.000000e+00
-2.261947e+00	-2.136283e+00	0.000000e+00	0.000000e+00	0.000000e+00
-2.136283e+00	-2.010619e+00	0.000000e+00	0.000000e+00	0.000000e+00
-2.010619e+00	-1.884956e+00	0.000000e+00	0.000000e+00	0.000000e+00
-1.884956e+00	-1.759292e+00	0.000000e+00	0.000000e+00	0.000000e+00
-1.759292e+00	-1.633628e+00	0.000000e+00	0.000000e+00	0.000000e+00
-1.633628e+00	-1.507964e+00	0.000000e+00	0.000000e+00	0.000000e+00
-1.507964e+00	-1.382301e+00	0.000000e+00	0.000000e+00	0.000000e+00
-1.382301e+00	-1.256637e+00	0.000000e+00	0.000000e+00	0.000000e+00
-1.256637e+00	-1.130973e+00	0.000000e+00	0.000000e+00	0.000000e+00
-1.130973e+00	-1.005310e+00	0.000000e+00	0.000000e+00	0.000000e+00
-1.005310e+00	-8.796459e-01	0.000000e+00	0.000000e+00	0.000000e+00
-8.796459e-01	-7.539822e-01	0.000000e+00	0.000000e+00	0.000000e+00
-7.539822e-01	-6.283185e-01	0.000000e+00	0.000000e+00	0.000000e+00
-6.283185e-01	-5.026548e-01	0.000000e+00	0.000000e+00	0.000000e+00
-5.026548e-01	-3.769911e-01	0.000000e+00	0.000000e+00	0.000000e+00
-3.769911e-01	-2.513274e-01	0.000000e+00	0.000000e+00	0.000000e+00
-2.513274e-01	-1.256637e-01	0.000000e+00	0.000000e+00	0.000000e+00
-1.256637e-01	4.440892e-16	0.000000e+00	0.000000e+00	0.000000e+00
4.440892e-16	1.256637e-01	9.542509e+00	4.787804e-01	4.787804e-01
1.256637e-01	2.513274e-01	9.659743e+00	4.782060e-01	4.782060e-01
2.513274e-01	3.769911e-01	8.886027e+00	4.624270e-01	4.624270e-01
3.769911e-01	5.026548e-01	8.323319e+00	4.503825e-01	4.503825e-01
5.026548e-01	6.283185e-01	9.354945e+00	4.730048e-01	4.730048e-01
6.283185e-01	7.539822e-01	8.628116e+00	4.570462e-01	4.570462e-01
7.539822e-01	8.796459e-01	9.776976e+00	4.856205e-01	4.856205e-01
8.796459e-01	1.005310e+00	9.237682e+00	4.665676e-01	4.665676e-01
1.005310e+00	1.130973e+00	1.012872e+01	4.918097e-01	4.918097e-01
1.130973e+00	1.256637e+00	9.401818e+00	4.706736e-01	4.706736e-01
1.256637e+00	1.382301e+00	9.214246e+00	4.695042e-01	4.695042e-01
1.382301e+00	1.507964e+00	9.073641e+00	4.648010e-01	4.648010e-01
1.507964e+00	1.633628e+00	9.636276e+00	4.810701e-01	4.810701e-01
1.633628e+00	1.759292e+00	9.683163e+00	4.787793e-01	4.787793e-01
1.759292e+00	1.884956e+00	9.120464e+00	4.671567e-01	4.671567e-01
1.884956e+00	2.010619e+00	8.862633e+00	4.630236e-01	4.630236e-01
2.010619e+00	2.136283e+00	9.354923e+00	4.730037e-01	4.730037e-01
2.136283e+00	2.261947e+00	9.214246e+00	4.683319e-01	4.683319e-01
2.261947e+00	2.387610e+00	9.073641e+00	4.648010e-01	4.648010e-01
2.387610e+00	2.513274e+00	9.284584e+00	4.712572e-01	4.712572e-01
2.513274e+00	2.638938e+00	9.354923e+00	4.741644e-01	4.741644e-01
2.638938e+00	2.764602e+00	9.636276e+00	4.787793e-01	4.787793e-01
2.764602e+00	2.890265e+00	8.628164e+00	4.558444e-01	4.558444e-01
2.890265e+00	3.015929e+00	9.167359e+00	4.683319e-01	4.683319e-01
3.015929e+00	3.141593e+00	9.097021e+00	4.677447e-01	4.677447e-01
# END HISTO1D


# BEGIN HISTO1D //eos/home-y/yiyu/monobc/Rivet_New/X600_Qd20.yoda.gz/JetMETAnalysis/met_phi
ErrorBars=1
LineColor=orange
LineStyle=dashdotted
Path=//eos/home-y/yiyu/monobc/Rivet_New/X600_Qd20.yoda.gz/JetMETAnalysis/met_phi
ScaledBy=1.56410006686483217e-05
Title=X600_Qd20
# xlow	 xhigh	 val	 errminus	 errplus
-3.141593e+00	-3.015929e+00	0.000000e+00	0.000000e+00	0.000000e+00
-3.015929e+00	-2.890265e+00	0.000000e+00	0.000000e+00	0.000000e+00
-2.890265e+00	-2.764602e+00	0.000000e+00	0.000000e+00	0.000000e+00
-2.764602e+00	-2.638938e+00	0.000000e+00	0.000000e+00	0.000000e+00
-2.638938e+00	-2.513274e+00	0.000000e+00	0.000000e+00	0.000000e+00
-2.513274e+00	-2.387610e+00	0.000000e+00	0.000000e+00	0.000000e+00
-2.387610e+00	-2.261947e+00	0.000000e+00	0.000000e+00	0.000000e+00
-2.261947e+00	-2.136283e+00	0.000000e+00	0.000000e+00	0.000000e+00
-2.136283e+00	-2.010619e+00	0.000000e+00	0.000000e+00	0.000000e+00
-2.010619e+00	-1.884956e+00	0.000000e+00	0.000000e+00	0.000000e+00
-1.884956e+00	-1.759292e+00	0.000000e+00	0.000000e+00	0.000000e+00
-1.759292e+00	-1.633628e+00	0.000000e+00	0.000000e+00	0.000000e+00
-1.633628e+00	-1.507964e+00	0.000000e+00	0.000000e+00	0.000000e+00
-1.507964e+00	-1.382301e+00	0.000000e+00	0.000000e+00	0.000000e+00
-1.382301e+00	-1.256637e+00	0.000000e+00	0.000000e+00	0.000000e+00
-1.256637e+00	-1.130973e+00	0.000000e+00	0.000000e+00	0.000000e+00
-1.130973e+00	-1.005310e+00	0.000000e+00	0.000000e+00	0.000000e+00
-1.005310e+00	-8.796459e-01	0.000000e+00	0.000000e+00	0.000000e+00
-8.796459e-01	-7.539822e-01	0.000000e+00	0.000000e+00	0.000000e+00
-7.539822e-01	-6.283185e-01	0.000000e+00	0.000000e+00	0.000000e+00
-6.283185e-01	-5.026548e-01	0.000000e+00	0.000000e+00	0.000000e+00
-5.026548e-01	-3.769911e-01	0.000000e+00	0.000000e+00	0.000000e+00
-3.769911e-01	-2.513274e-01	0.000000e+00	0.000000e+00	0.000000e+00
-2.513274e-01	-1.256637e-01	0.000000e+00	0.000000e+00	0.000000e+00
-1.256637e-01	4.440892e-16	0.000000e+00	0.000000e+00	0.000000e+00
4.440892e-16	1.256637e-01	9.127035e+00	4.633014e-01	4.633014e-01
1.256637e-01	2.513274e-01	9.219695e+00	4.644582e-01	4.644582e-01
2.513274e-01	3.769911e-01	8.710065e+00	4.527572e-01	4.527572e-01
3.769911e-01	5.026548e-01	9.659838e+00	4.753075e-01	4.753075e-01
5.026548e-01	6.283185e-01	8.756395e+00	4.539408e-01	4.539408e-01
6.283185e-01	7.539822e-01	9.150200e+00	4.615607e-01	4.615607e-01
7.539822e-01	8.796459e-01	8.872220e+00	4.615607e-01	4.615607e-01
8.796459e-01	1.005310e+00	9.080676e+00	4.632999e-01	4.632999e-01
1.005310e+00	1.130973e+00	8.246811e+00	4.431764e-01	4.431764e-01
1.130973e+00	1.256637e+00	9.358663e+00	4.667621e-01	4.667621e-01
1.256637e+00	1.382301e+00	9.497652e+00	4.724755e-01	4.724755e-01
1.382301e+00	1.507964e+00	9.567223e+00	4.753101e-01	4.753101e-01
1.507964e+00	1.633628e+00	8.825869e+00	4.580585e-01	4.580585e-01
1.633628e+00	1.759292e+00	8.107756e+00	4.407445e-01	4.407445e-01
1.759292e+00	1.884956e+00	8.918529e+00	4.592285e-01	4.592285e-01
1.884956e+00	2.010619e+00	8.802774e+00	4.551239e-01	4.551239e-01
2.010619e+00	2.136283e+00	9.103848e+00	4.638791e-01	4.638791e-01
2.136283e+00	2.261947e+00	9.428158e+00	4.741760e-01	4.741760e-01
2.261947e+00	2.387610e+00	8.964930e+00	4.603992e-01	4.603992e-01
2.387610e+00	2.513274e+00	9.127013e+00	4.656110e-01	4.656110e-01
2.513274e+00	2.638938e+00	1.016944e+01	4.875672e-01	4.875672e-01
2.638938e+00	2.764602e+00	8.918529e+00	4.592285e-01	4.592285e-01
2.764602e+00	2.890265e+00	9.729387e+00	4.781243e-01	4.781243e-01
2.890265e+00	3.015929e+00	9.103848e+00	4.638791e-01	4.638791e-01
3.015929e+00	3.141593e+00	9.335498e+00	4.707688e-01	4.707688e-01
# END HISTO1D


# BEGIN HISTO1D //eos/home-y/yiyu/monobc/Rivet_New/X600_Qd40.yoda.gz/JetMETAnalysis/met_phi
ErrorBars=1
LineColor=lilac
LineStyle=dashdotted
Path=//eos/home-y/yiyu/monobc/Rivet_New/X600_Qd40.yoda.gz/JetMETAnalysis/met_phi
ScaledBy=1.56869321066331316e-05
Title=X600_Qd40
# xlow	 xhigh	 val	 errminus	 errplus
-3.141593e+00	-3.015929e+00	0.000000e+00	0.000000e+00	0.000000e+00
-3.015929e+00	-2.890265e+00	0.000000e+00	0.000000e+00	0.000000e+00
-2.890265e+00	-2.764602e+00	0.000000e+00	0.000000e+00	0.000000e+00
-2.764602e+00	-2.638938e+00	0.000000e+00	0.000000e+00	0.000000e+00
-2.638938e+00	-2.513274e+00	0.000000e+00	0.000000e+00	0.000000e+00
-2.513274e+00	-2.387610e+00	0.000000e+00	0.000000e+00	0.000000e+00
-2.387610e+00	-2.261947e+00	0.000000e+00	0.000000e+00	0.000000e+00
-2.261947e+00	-2.136283e+00	0.000000e+00	0.000000e+00	0.000000e+00
-2.136283e+00	-2.010619e+00	0.000000e+00	0.000000e+00	0.000000e+00
-2.010619e+00	-1.884956e+00	0.000000e+00	0.000000e+00	0.000000e+00
-1.884956e+00	-1.759292e+00	0.000000e+00	0.000000e+00	0.000000e+00
-1.759292e+00	-1.633628e+00	0.000000e+00	0.000000e+00	0.000000e+00
-1.633628e+00	-1.507964e+00	0.000000e+00	0.000000e+00	0.000000e+00
-1.507964e+00	-1.382301e+00	0.000000e+00	0.000000e+00	0.000000e+00
-1.382301e+00	-1.256637e+00	0.000000e+00	0.000000e+00	0.000000e+00
-1.256637e+00	-1.130973e+00	0.000000e+00	0.000000e+00	0.000000e+00
-1.130973e+00	-1.005310e+00	0.000000e+00	0.000000e+00	0.000000e+00
-1.005310e+00	-8.796459e-01	0.000000e+00	0.000000e+00	0.000000e+00
-8.796459e-01	-7.539822e-01	0.000000e+00	0.000000e+00	0.000000e+00
-7.539822e-01	-6.283185e-01	0.000000e+00	0.000000e+00	0.000000e+00
-6.283185e-01	-5.026548e-01	0.000000e+00	0.000000e+00	0.000000e+00
-5.026548e-01	-3.769911e-01	0.000000e+00	0.000000e+00	0.000000e+00
-3.769911e-01	-2.513274e-01	0.000000e+00	0.000000e+00	0.000000e+00
-2.513274e-01	-1.256637e-01	0.000000e+00	0.000000e+00	0.000000e+00
-1.256637e-01	4.440892e-16	0.000000e+00	0.000000e+00	0.000000e+00
4.440892e-16	1.256637e-01	8.487336e+00	4.435824e-01	4.435824e-01
1.256637e-01	2.513274e-01	9.285872e+00	4.625401e-01	4.625401e-01
2.513274e-01	3.769911e-01	8.829567e+00	4.522981e-01	4.522981e-01
3.769911e-01	5.026548e-01	9.901889e+00	4.774914e-01	4.774914e-01
5.026548e-01	6.283185e-01	9.080538e+00	4.597180e-01	4.597180e-01
6.283185e-01	7.539822e-01	9.148983e+00	4.625401e-01	4.625401e-01
7.539822e-01	8.796459e-01	9.012093e+00	4.557376e-01	4.557376e-01
8.796459e-01	1.005310e+00	8.852353e+00	4.540197e-01	4.540197e-01
1.005310e+00	1.130973e+00	9.263108e+00	4.642277e-01	4.642277e-01
1.130973e+00	1.256637e+00	8.989257e+00	4.551651e-01	4.551651e-01
1.256637e+00	1.382301e+00	8.464501e+00	4.453381e-01	4.453381e-01
1.382301e+00	1.507964e+00	9.331561e+00	4.659067e-01	4.659067e-01
1.507964e+00	1.633628e+00	8.829545e+00	4.545929e-01	4.545929e-01
1.633628e+00	1.759292e+00	9.354302e+00	4.631013e-01	4.631013e-01
1.759292e+00	1.884956e+00	8.966442e+00	4.557366e-01	4.557366e-01
1.884956e+00	2.010619e+00	8.875246e+00	4.523006e-01	4.523006e-01
2.010619e+00	2.136283e+00	8.806731e+00	4.517211e-01	4.517211e-01
2.136283e+00	2.261947e+00	8.920805e+00	4.522970e-01	4.522970e-01
2.261947e+00	2.387610e+00	8.852431e+00	4.528757e-01	4.528757e-01
2.387610e+00	2.513274e+00	8.738286e+00	4.488311e-01	4.488311e-01
2.513274e+00	2.638938e+00	9.171776e+00	4.653440e-01	4.653440e-01
2.638938e+00	2.764602e+00	8.783916e+00	4.534464e-01	4.534464e-01
2.764602e+00	2.890265e+00	9.034959e+00	4.597205e-01	4.597205e-01
2.890265e+00	3.015929e+00	8.304789e+00	4.388623e-01	4.388623e-01
3.015929e+00	3.141593e+00	8.669842e+00	4.482508e-01	4.482508e-01
# END HISTO1D


# BEGIN HISTO1D //eos/home-y/yiyu/monobc/Rivet_New/X800_Qd10.yoda.gz/JetMETAnalysis/met_phi
ErrorBars=1
LineColor=red
LineStyle=dotted
Path=//eos/home-y/yiyu/monobc/Rivet_New/X800_Qd10.yoda.gz/JetMETAnalysis/met_phi
ScaledBy=1.47308375736674233e-05
Title=X800_Qd10
# xlow	 xhigh	 val	 errminus	 errplus
-3.141593e+00	-3.015929e+00	0.000000e+00	0.000000e+00	0.000000e+00
-3.015929e+00	-2.890265e+00	0.000000e+00	0.000000e+00	0.000000e+00
-2.890265e+00	-2.764602e+00	0.000000e+00	0.000000e+00	0.000000e+00
-2.764602e+00	-2.638938e+00	0.000000e+00	0.000000e+00	0.000000e+00
-2.638938e+00	-2.513274e+00	0.000000e+00	0.000000e+00	0.000000e+00
-2.513274e+00	-2.387610e+00	0.000000e+00	0.000000e+00	0.000000e+00
-2.387610e+00	-2.261947e+00	0.000000e+00	0.000000e+00	0.000000e+00
-2.261947e+00	-2.136283e+00	0.000000e+00	0.000000e+00	0.000000e+00
-2.136283e+00	-2.010619e+00	0.000000e+00	0.000000e+00	0.000000e+00
-2.010619e+00	-1.884956e+00	0.000000e+00	0.000000e+00	0.000000e+00
-1.884956e+00	-1.759292e+00	0.000000e+00	0.000000e+00	0.000000e+00
-1.759292e+00	-1.633628e+00	0.000000e+00	0.000000e+00	0.000000e+00
-1.633628e+00	-1.507964e+00	0.000000e+00	0.000000e+00	0.000000e+00
-1.507964e+00	-1.382301e+00	0.000000e+00	0.000000e+00	0.000000e+00
-1.382301e+00	-1.256637e+00	0.000000e+00	0.000000e+00	0.000000e+00
-1.256637e+00	-1.130973e+00	0.000000e+00	0.000000e+00	0.000000e+00
-1.130973e+00	-1.005310e+00	0.000000e+00	0.000000e+00	0.000000e+00
-1.005310e+00	-8.796459e-01	0.000000e+00	0.000000e+00	0.000000e+00
-8.796459e-01	-7.539822e-01	0.000000e+00	0.000000e+00	0.000000e+00
-7.539822e-01	-6.283185e-01	0.000000e+00	0.000000e+00	0.000000e+00
-6.283185e-01	-5.026548e-01	0.000000e+00	0.000000e+00	0.000000e+00
-5.026548e-01	-3.769911e-01	0.000000e+00	0.000000e+00	0.000000e+00
-3.769911e-01	-2.513274e-01	0.000000e+00	0.000000e+00	0.000000e+00
-2.513274e-01	-1.256637e-01	0.000000e+00	0.000000e+00	0.000000e+00
-1.256637e-01	4.440892e-16	0.000000e+00	0.000000e+00	0.000000e+00
4.440892e-16	1.256637e-01	3.102016e+00	1.531696e-01	1.531696e-01
1.256637e-01	2.513274e-01	2.782909e+00	1.463668e-01	1.463668e-01
2.513274e-01	3.769911e-01	2.768067e+00	1.463668e-01	1.463668e-01
3.769911e-01	5.026548e-01	2.701277e+00	1.439003e-01	1.439003e-01
5.026548e-01	6.283185e-01	3.027804e+00	1.506317e-01	1.506317e-01
6.283185e-01	7.539822e-01	2.953594e+00	1.502656e-01	1.502656e-01
7.539822e-01	8.796459e-01	2.901646e+00	1.486072e-01	1.486072e-01
8.796459e-01	1.005310e+00	2.901637e+00	1.474908e-01	1.474908e-01
1.005310e+00	1.130973e+00	2.708713e+00	1.456131e-01	1.456131e-01
1.130973e+00	1.256637e+00	3.005535e+00	1.515426e-01	1.515426e-01
1.256637e+00	1.382301e+00	2.953587e+00	1.502653e-01	1.502653e-01
1.382301e+00	1.507964e+00	2.894241e+00	1.476787e-01	1.476787e-01
1.507964e+00	1.633628e+00	2.931323e+00	1.482358e-01	1.482358e-01
1.633628e+00	1.759292e+00	2.901639e+00	1.482358e-01	1.482358e-01
1.759292e+00	1.884956e+00	2.745797e+00	1.465544e-01	1.465544e-01
1.884956e+00	2.010619e+00	2.753240e+00	1.444740e-01	1.444740e-01
2.010619e+00	2.136283e+00	2.923903e+00	1.484215e-01	1.484215e-01
2.136283e+00	2.261947e+00	3.146534e+00	1.546007e-01	1.546007e-01
2.261947e+00	2.387610e+00	2.879399e+00	1.498995e-01	1.498995e-01
2.387610e+00	2.513274e+00	2.782902e+00	1.444729e-01	1.444729e-01
2.513274e+00	2.638938e+00	3.272693e+00	1.572497e-01	1.572497e-01
2.638938e+00	2.764602e+00	2.768060e+00	1.448535e-01	1.448535e-01
2.764602e+00	2.890265e+00	2.768082e+00	1.444740e-01	1.444740e-01
2.890265e+00	3.015929e+00	2.857113e+00	1.486068e-01	1.486068e-01
3.015929e+00	3.141593e+00	2.894218e+00	1.491617e-01	1.491617e-01
# END HISTO1D


# BEGIN HISTO1D //eos/home-y/yiyu/monobc/Rivet_New/X800_Qd20.yoda.gz/JetMETAnalysis/met_phi
ErrorBars=1
LineColor=blue
LineStyle=dotted
Path=//eos/home-y/yiyu/monobc/Rivet_New/X800_Qd20.yoda.gz/JetMETAnalysis/met_phi
ScaledBy=1.47466832779571235e-05
Title=X800_Qd20
# xlow	 xhigh	 val	 errminus	 errplus
-3.141593e+00	-3.015929e+00	0.000000e+00	0.000000e+00	0.000000e+00
-3.015929e+00	-2.890265e+00	0.000000e+00	0.000000e+00	0.000000e+00
-2.890265e+00	-2.764602e+00	0.000000e+00	0.000000e+00	0.000000e+00
-2.764602e+00	-2.638938e+00	0.000000e+00	0.000000e+00	0.000000e+00
-2.638938e+00	-2.513274e+00	0.000000e+00	0.000000e+00	0.000000e+00
-2.513274e+00	-2.387610e+00	0.000000e+00	0.000000e+00	0.000000e+00
-2.387610e+00	-2.261947e+00	0.000000e+00	0.000000e+00	0.000000e+00
-2.261947e+00	-2.136283e+00	0.000000e+00	0.000000e+00	0.000000e+00
-2.136283e+00	-2.010619e+00	0.000000e+00	0.000000e+00	0.000000e+00
-2.010619e+00	-1.884956e+00	0.000000e+00	0.000000e+00	0.000000e+00
-1.884956e+00	-1.759292e+00	0.000000e+00	0.000000e+00	0.000000e+00
-1.759292e+00	-1.633628e+00	0.000000e+00	0.000000e+00	0.000000e+00
-1.633628e+00	-1.507964e+00	0.000000e+00	0.000000e+00	0.000000e+00
-1.507964e+00	-1.382301e+00	0.000000e+00	0.000000e+00	0.000000e+00
-1.382301e+00	-1.256637e+00	0.000000e+00	0.000000e+00	0.000000e+00
-1.256637e+00	-1.130973e+00	0.000000e+00	0.000000e+00	0.000000e+00
-1.130973e+00	-1.005310e+00	0.000000e+00	0.000000e+00	0.000000e+00
-1.005310e+00	-8.796459e-01	0.000000e+00	0.000000e+00	0.000000e+00
-8.796459e-01	-7.539822e-01	0.000000e+00	0.000000e+00	0.000000e+00
-7.539822e-01	-6.283185e-01	0.000000e+00	0.000000e+00	0.000000e+00
-6.283185e-01	-5.026548e-01	0.000000e+00	0.000000e+00	0.000000e+00
-5.026548e-01	-3.769911e-01	0.000000e+00	0.000000e+00	0.000000e+00
-3.769911e-01	-2.513274e-01	0.000000e+00	0.000000e+00	0.000000e+00
-2.513274e-01	-1.256637e-01	0.000000e+00	0.000000e+00	0.000000e+00
-1.256637e-01	4.440892e-16	0.000000e+00	0.000000e+00	0.000000e+00
4.440892e-16	1.256637e-01	3.027584e+00	1.517135e-01	1.517135e-01
1.256637e-01	2.513274e-01	2.923696e+00	1.506207e-01	1.506207e-01
2.513274e-01	3.769911e-01	2.589772e+00	1.413805e-01	1.413805e-01
3.769911e-01	5.026548e-01	2.871753e+00	1.489665e-01	1.489665e-01
5.026548e-01	6.283185e-01	2.686239e+00	1.431224e-01	1.431224e-01
6.283185e-01	7.539822e-01	2.842071e+00	1.474805e-01	1.474805e-01
7.539822e-01	8.796459e-01	2.775286e+00	1.472937e-01	1.472937e-01
8.796459e-01	1.005310e+00	2.990472e+00	1.500708e-01	1.500708e-01
1.005310e+00	1.130973e+00	2.923713e+00	1.487824e-01	1.487824e-01
1.130973e+00	1.256637e+00	2.931110e+00	1.504374e-01	1.504374e-01
1.256637e+00	1.382301e+00	2.923689e+00	1.484106e-01	1.484106e-01
1.382301e+00	1.507964e+00	2.931133e+00	1.497048e-01	1.497048e-01
1.507964e+00	1.633628e+00	2.589766e+00	1.409901e-01	1.409901e-01
1.633628e+00	1.759292e+00	2.797540e+00	1.474802e-01	1.474802e-01
1.759292e+00	1.884956e+00	2.908848e+00	1.495196e-01	1.495196e-01
1.884956e+00	2.010619e+00	2.886610e+00	1.474813e-01	1.474813e-01
2.010619e+00	2.136283e+00	2.834643e+00	1.476667e-01	1.476667e-01
2.136283e+00	2.261947e+00	3.072100e+00	1.520756e-01	1.520756e-01
2.261947e+00	2.387610e+00	3.042442e+00	1.535184e-01	1.535184e-01
2.387610e+00	2.513274e+00	2.797540e+00	1.471063e-01	1.471063e-01
2.513274e+00	2.638938e+00	2.945951e+00	1.497036e-01	1.497036e-01
2.638938e+00	2.764602e+00	3.079521e+00	1.544113e-01	1.544113e-01
2.764602e+00	2.890265e+00	2.908871e+00	1.487824e-01	1.487824e-01
2.890265e+00	3.015929e+00	3.042418e+00	1.509855e-01	1.509855e-01
3.015929e+00	3.141593e+00	2.886587e+00	1.504374e-01	1.504374e-01
# END HISTO1D


# BEGIN HISTO1D //eos/home-y/yiyu/monobc/Rivet_New/X800_Qd40.yoda.gz/JetMETAnalysis/met_phi
ErrorBars=1
LineColor=green
LineStyle=dotted
Path=//eos/home-y/yiyu/monobc/Rivet_New/X800_Qd40.yoda.gz/JetMETAnalysis/met_phi
ScaledBy=1.48255274573354104e-05
Title=X800_Qd40
# xlow	 xhigh	 val	 errminus	 errplus
-3.141593e+00	-3.015929e+00	0.000000e+00	0.000000e+00	0.000000e+00
-3.015929e+00	-2.890265e+00	0.000000e+00	0.000000e+00	0.000000e+00
-2.890265e+00	-2.764602e+00	0.000000e+00	0.000000e+00	0.000000e+00
-2.764602e+00	-2.638938e+00	0.000000e+00	0.000000e+00	0.000000e+00
-2.638938e+00	-2.513274e+00	0.000000e+00	0.000000e+00	0.000000e+00
-2.513274e+00	-2.387610e+00	0.000000e+00	0.000000e+00	0.000000e+00
-2.387610e+00	-2.261947e+00	0.000000e+00	0.000000e+00	0.000000e+00
-2.261947e+00	-2.136283e+00	0.000000e+00	0.000000e+00	0.000000e+00
-2.136283e+00	-2.010619e+00	0.000000e+00	0.000000e+00	0.000000e+00
-2.010619e+00	-1.884956e+00	0.000000e+00	0.000000e+00	0.000000e+00
-1.884956e+00	-1.759292e+00	0.000000e+00	0.000000e+00	0.000000e+00
-1.759292e+00	-1.633628e+00	0.000000e+00	0.000000e+00	0.000000e+00
-1.633628e+00	-1.507964e+00	0.000000e+00	0.000000e+00	0.000000e+00
-1.507964e+00	-1.382301e+00	0.000000e+00	0.000000e+00	0.000000e+00
-1.382301e+00	-1.256637e+00	0.000000e+00	0.000000e+00	0.000000e+00
-1.256637e+00	-1.130973e+00	0.000000e+00	0.000000e+00	0.000000e+00
-1.130973e+00	-1.005310e+00	0.000000e+00	0.000000e+00	0.000000e+00
-1.005310e+00	-8.796459e-01	0.000000e+00	0.000000e+00	0.000000e+00
-8.796459e-01	-7.539822e-01	0.000000e+00	0.000000e+00	0.000000e+00
-7.539822e-01	-6.283185e-01	0.000000e+00	0.000000e+00	0.000000e+00
-6.283185e-01	-5.026548e-01	0.000000e+00	0.000000e+00	0.000000e+00
-5.026548e-01	-3.769911e-01	0.000000e+00	0.000000e+00	0.000000e+00
-3.769911e-01	-2.513274e-01	0.000000e+00	0.000000e+00	0.000000e+00
-2.513274e-01	-1.256637e-01	0.000000e+00	0.000000e+00	0.000000e+00
-1.256637e-01	4.440892e-16	0.000000e+00	0.000000e+00	0.000000e+00
4.440892e-16	1.256637e-01	2.877468e+00	1.490308e-01	1.490308e-01
1.256637e-01	2.513274e-01	2.921737e+00	1.479309e-01	1.479309e-01
2.513274e-01	3.769911e-01	2.929115e+00	1.488480e-01	1.488480e-01
3.769911e-01	5.026548e-01	2.700393e+00	1.438261e-01	1.438261e-01
5.026548e-01	6.283185e-01	3.084056e+00	1.515661e-01	1.515661e-01
6.283185e-01	7.539822e-01	2.316731e+00	1.332155e-01	1.332155e-01
7.539822e-01	8.796459e-01	2.899603e+00	1.495777e-01	1.495777e-01
8.796459e-01	1.005310e+00	2.921728e+00	1.486646e-01	1.486646e-01
1.005310e+00	1.130973e+00	2.774190e+00	1.453330e-01	1.453330e-01
1.130973e+00	1.256637e+00	2.744656e+00	1.449568e-01	1.449568e-01
1.256637e+00	1.382301e+00	2.980755e+00	1.508457e-01	1.508457e-01
1.382301e+00	1.507964e+00	2.811080e+00	1.466381e-01	1.466381e-01
1.507964e+00	1.633628e+00	2.847949e+00	1.482981e-01	1.482981e-01
1.633628e+00	1.759292e+00	2.870083e+00	1.484815e-01	1.484815e-01
1.759292e+00	1.884956e+00	2.988133e+00	1.510261e-01	1.510261e-01
1.884956e+00	2.010619e+00	2.766812e+00	1.458938e-01	1.458938e-01
2.010619e+00	2.136283e+00	3.017645e+00	1.517452e-01	1.517452e-01
2.136283e+00	2.261947e+00	2.811058e+00	1.462653e-01	1.462653e-01
2.261947e+00	2.387610e+00	2.840593e+00	1.455202e-01	1.455202e-01
2.387610e+00	2.513274e+00	2.693009e+00	1.432569e-01	1.432569e-01
2.513274e+00	2.638938e+00	2.707765e+00	1.436364e-01	1.436364e-01
2.638938e+00	2.764602e+00	2.633984e+00	1.417288e-01	1.417288e-01
2.764602e+00	2.890265e+00	2.877484e+00	1.486659e-01	1.486659e-01
2.890265e+00	3.015929e+00	3.128317e+00	1.529957e-01	1.529957e-01
3.015929e+00	3.141593e+00	2.958621e+00	1.492130e-01	1.492130e-01
# END HISTO1D

