# BEGIN PLOT
Legend=1
LogY=1
LegendPlacement=manual
LegendAlign=r
LegendXPos=1.36
RightMargin=3.7
Title=Di-bjet $\Delta\eta$
XLabel=$\Delta\eta_{bb}$
YLabel=$\mathrm{d}\sigma/\mathrm{d}\Delta\eta_{bb}$ [pb]
DrawOnly=//eos/home-y/yiyu/monobc/Rivet_New2/X600_pi20_L40_darkQCDsch.yoda.gz/JetMETAnalysis/bb_deta //eos/home-y/yiyu/monobc/Rivet_New2/X1200_pi20_L40_darkQCDsch.yoda.gz/JetMETAnalysis/bb_deta //eos/home-y/yiyu/monobc/Rivet_New2/X2000_pi20_L40_darkQCDsch.yoda.gz/JetMETAnalysis/bb_deta
LegendOnly=//eos/home-y/yiyu/monobc/Rivet_New2/X600_pi20_L40_darkQCDsch.yoda.gz/JetMETAnalysis/bb_deta //eos/home-y/yiyu/monobc/Rivet_New2/X1200_pi20_L40_darkQCDsch.yoda.gz/JetMETAnalysis/bb_deta //eos/home-y/yiyu/monobc/Rivet_New2/X2000_pi20_L40_darkQCDsch.yoda.gz/JetMETAnalysis/bb_deta
RatioPlot=1
RatioPlotReference=//eos/home-y/yiyu/monobc/Rivet_New2/X600_pi20_L40_darkQCDsch.yoda.gz/JetMETAnalysis/bb_deta
RatioPlotYLabel=Ratio
# END PLOT

# BEGIN HISTO1D //eos/home-y/yiyu/monobc/Rivet_New2/X600_pi20_L40_darkQCDsch.yoda.gz/JetMETAnalysis/bb_deta
ErrorBars=1
LineColor=red
LineStyle=solid
Path=//eos/home-y/yiyu/monobc/Rivet_New2/X600_pi20_L40_darkQCDsch.yoda.gz/JetMETAnalysis/bb_deta
ScaledBy=4.65632522064723215e-05
Title=X600_pi20_L40
# xlow	 xhigh	 val	 errminus	 errplus
0.000000e+00	1.000000e-01	1.625058e-01	8.698733e-03	8.698733e-03
1.000000e-01	2.000000e-01	1.494680e-01	8.342492e-03	8.342492e-03
2.000000e-01	3.000000e-01	1.536587e-01	8.458635e-03	8.458635e-03
3.000000e-01	4.000000e-01	1.555213e-01	8.509745e-03	8.509745e-03
4.000000e-01	5.000000e-01	1.764747e-01	9.064898e-03	9.064898e-03
5.000000e-01	6.000000e-01	1.550556e-01	8.496996e-03	8.496996e-03
6.000000e-01	7.000000e-01	1.434148e-01	8.171817e-03	8.171817e-03
7.000000e-01	8.000000e-01	1.243239e-01	7.608498e-03	7.608498e-03
8.000000e-01	9.000000e-01	1.131487e-01	7.258493e-03	7.258493e-03
9.000000e-01	1.000000e+00	9.824846e-02	6.763703e-03	6.763703e-03
1.000000e+00	1.100000e+00	5.541027e-02	5.079451e-03	5.079451e-03
1.100000e+00	1.200000e+00	5.634154e-02	5.121958e-03	5.121958e-03
1.200000e+00	1.300000e+00	3.492244e-02	4.032496e-03	4.032496e-03
1.300000e+00	1.400000e+00	2.933485e-02	3.695844e-03	3.695844e-03
1.400000e+00	1.500000e+00	2.700669e-02	3.546151e-03	3.546151e-03
1.500000e+00	1.600000e+00	2.281599e-02	3.259428e-03	3.259428e-03
1.600000e+00	1.700000e+00	1.862530e-02	2.944919e-03	2.944919e-03
1.700000e+00	1.800000e+00	1.350334e-02	2.507508e-03	2.507508e-03
1.800000e+00	1.900000e+00	1.070955e-02	2.233095e-03	2.233095e-03
1.900000e+00	2.000000e+00	1.303771e-02	2.463896e-03	2.463896e-03
2.000000e+00	2.100000e+00	2.328163e-03	1.041186e-03	1.041186e-03
2.100000e+00	2.200000e+00	5.587590e-03	1.612998e-03	1.612998e-03
2.200000e+00	2.300000e+00	3.725060e-03	1.317008e-03	1.317008e-03
2.300000e+00	2.400000e+00	2.793795e-03	1.140562e-03	1.140562e-03
2.400000e+00	2.500000e+00	3.725060e-03	1.317008e-03	1.317008e-03
2.500000e+00	2.600000e+00	2.328163e-03	1.041186e-03	1.041186e-03
2.600000e+00	2.700000e+00	9.312650e-04	6.585038e-04	6.585038e-04
2.700000e+00	2.800000e+00	1.862530e-03	9.312651e-04	9.312651e-04
2.800000e+00	2.900000e+00	4.656325e-04	4.656325e-04	4.656325e-04
2.900000e+00	3.000000e+00	9.312650e-04	6.585038e-04	6.585038e-04
3.000000e+00	3.100000e+00	9.312650e-04	6.585038e-04	6.585038e-04
3.100000e+00	3.200000e+00	9.312650e-04	6.585038e-04	6.585038e-04
3.200000e+00	3.300000e+00	0.000000e+00	0.000000e+00	0.000000e+00
3.300000e+00	3.400000e+00	0.000000e+00	0.000000e+00	0.000000e+00
3.400000e+00	3.500000e+00	4.656325e-04	4.656325e-04	4.656325e-04
3.500000e+00	3.600000e+00	0.000000e+00	0.000000e+00	0.000000e+00
3.600000e+00	3.700000e+00	0.000000e+00	0.000000e+00	0.000000e+00
3.700000e+00	3.800000e+00	4.656325e-04	4.656325e-04	4.656325e-04
3.800000e+00	3.900000e+00	0.000000e+00	0.000000e+00	0.000000e+00
3.900000e+00	4.000000e+00	0.000000e+00	0.000000e+00	0.000000e+00
4.000000e+00	4.100000e+00	0.000000e+00	0.000000e+00	0.000000e+00
4.100000e+00	4.200000e+00	0.000000e+00	0.000000e+00	0.000000e+00
4.200000e+00	4.300000e+00	0.000000e+00	0.000000e+00	0.000000e+00
4.300000e+00	4.400000e+00	0.000000e+00	0.000000e+00	0.000000e+00
4.400000e+00	4.500000e+00	0.000000e+00	0.000000e+00	0.000000e+00
4.500000e+00	4.600000e+00	0.000000e+00	0.000000e+00	0.000000e+00
4.600000e+00	4.700000e+00	0.000000e+00	0.000000e+00	0.000000e+00
4.700000e+00	4.800000e+00	0.000000e+00	0.000000e+00	0.000000e+00
4.800000e+00	4.900000e+00	0.000000e+00	0.000000e+00	0.000000e+00
4.900000e+00	5.000000e+00	0.000000e+00	0.000000e+00	0.000000e+00
# END HISTO1D


# BEGIN HISTO1D //eos/home-y/yiyu/monobc/Rivet_New2/X1200_pi20_L40_darkQCDsch.yoda.gz/JetMETAnalysis/bb_deta
ErrorBars=1
LineColor=blue
LineStyle=solid
Path=//eos/home-y/yiyu/monobc/Rivet_New2/X1200_pi20_L40_darkQCDsch.yoda.gz/JetMETAnalysis/bb_deta
ScaledBy=9.34843313682904140e-07
Title=X1200_pi20_L40
# xlow	 xhigh	 val	 errminus	 errplus
0.000000e+00	1.000000e-01	5.272516e-03	2.220130e-04	2.220130e-04
1.000000e-01	2.000000e-01	5.300562e-03	2.226027e-04	2.226027e-04
2.000000e-01	3.000000e-01	5.141638e-03	2.192402e-04	2.192402e-04
3.000000e-01	4.000000e-01	5.431440e-03	2.253341e-04	2.253341e-04
4.000000e-01	5.000000e-01	6.039088e-03	2.376047e-04	2.376047e-04
5.000000e-01	6.000000e-01	5.478182e-03	2.263016e-04	2.263016e-04
6.000000e-01	7.000000e-01	4.945321e-03	2.150140e-04	2.150140e-04
7.000000e-01	8.000000e-01	3.617844e-03	1.839053e-04	1.839053e-04
8.000000e-01	9.000000e-01	3.206513e-03	1.731354e-04	1.731354e-04
9.000000e-01	1.000000e+00	2.720394e-03	1.594723e-04	1.594723e-04
1.000000e+00	1.100000e+00	2.028610e-03	1.377110e-04	1.377110e-04
1.100000e+00	1.200000e+00	1.794899e-03	1.295357e-04	1.295357e-04
1.200000e+00	1.300000e+00	1.449007e-03	1.163871e-04	1.163871e-04
1.300000e+00	1.400000e+00	1.075070e-03	1.002508e-04	1.002508e-04
1.400000e+00	1.500000e+00	1.056373e-03	9.937521e-05	9.937521e-05
1.500000e+00	1.600000e+00	9.348433e-04	9.348433e-05	9.348433e-05
1.600000e+00	1.700000e+00	7.759200e-04	8.516828e-05	8.516828e-05
1.700000e+00	1.800000e+00	5.609060e-04	7.241265e-05	7.241265e-05
1.800000e+00	1.900000e+00	5.702544e-04	7.301359e-05	7.301359e-05
1.900000e+00	2.000000e+00	4.767701e-04	6.676116e-05	6.676116e-05
2.000000e+00	2.100000e+00	3.365436e-04	5.609060e-05	5.609060e-05
2.100000e+00	2.200000e+00	3.832858e-04	5.985918e-05	5.985918e-05
2.200000e+00	2.300000e+00	2.337108e-04	4.674217e-05	4.674217e-05
2.300000e+00	2.400000e+00	2.337108e-04	4.674217e-05	4.674217e-05
2.400000e+00	2.500000e+00	2.337108e-04	4.674217e-05	4.674217e-05
2.500000e+00	2.600000e+00	2.056655e-04	4.384803e-05	4.384803e-05
2.600000e+00	2.700000e+00	1.682718e-04	3.966205e-05	3.966205e-05
2.700000e+00	2.800000e+00	1.308781e-04	3.497864e-05	3.497864e-05
2.800000e+00	2.900000e+00	1.215296e-04	3.370626e-05	3.370626e-05
2.900000e+00	3.000000e+00	6.543903e-05	2.473363e-05	2.473363e-05
3.000000e+00	3.100000e+00	5.609060e-05	2.289889e-05	2.289889e-05
3.100000e+00	3.200000e+00	4.674217e-05	2.090373e-05	2.090373e-05
3.200000e+00	3.300000e+00	4.674217e-05	2.090373e-05	2.090373e-05
3.300000e+00	3.400000e+00	3.739373e-05	1.869687e-05	1.869687e-05
3.400000e+00	3.500000e+00	1.869687e-05	1.322068e-05	1.322068e-05
3.500000e+00	3.600000e+00	2.804530e-05	1.619196e-05	1.619196e-05
3.600000e+00	3.700000e+00	2.804530e-05	1.619196e-05	1.619196e-05
3.700000e+00	3.800000e+00	0.000000e+00	0.000000e+00	0.000000e+00
3.800000e+00	3.900000e+00	0.000000e+00	0.000000e+00	0.000000e+00
3.900000e+00	4.000000e+00	0.000000e+00	0.000000e+00	0.000000e+00
4.000000e+00	4.100000e+00	9.348433e-06	9.348433e-06	9.348433e-06
4.100000e+00	4.200000e+00	0.000000e+00	0.000000e+00	0.000000e+00
4.200000e+00	4.300000e+00	0.000000e+00	0.000000e+00	0.000000e+00
4.300000e+00	4.400000e+00	0.000000e+00	0.000000e+00	0.000000e+00
4.400000e+00	4.500000e+00	0.000000e+00	0.000000e+00	0.000000e+00
4.500000e+00	4.600000e+00	0.000000e+00	0.000000e+00	0.000000e+00
4.600000e+00	4.700000e+00	0.000000e+00	0.000000e+00	0.000000e+00
4.700000e+00	4.800000e+00	0.000000e+00	0.000000e+00	0.000000e+00
4.800000e+00	4.900000e+00	0.000000e+00	0.000000e+00	0.000000e+00
4.900000e+00	5.000000e+00	0.000000e+00	0.000000e+00	0.000000e+00
# END HISTO1D


# BEGIN HISTO1D //eos/home-y/yiyu/monobc/Rivet_New2/X2000_pi20_L40_darkQCDsch.yoda.gz/JetMETAnalysis/bb_deta
ErrorBars=1
LineColor=violet
LineStyle=solid
Path=//eos/home-y/yiyu/monobc/Rivet_New2/X2000_pi20_L40_darkQCDsch.yoda.gz/JetMETAnalysis/bb_deta
ScaledBy=5.10784448413243539e-08
Title=X2000_pi20_L40
# xlow	 xhigh	 val	 errminus	 errplus
0.000000e+00	1.000000e-01	3.100462e-04	1.258439e-05	1.258439e-05
1.000000e-01	2.000000e-01	3.325207e-04	1.303251e-05	1.303251e-05
2.000000e-01	3.000000e-01	3.069815e-04	1.252204e-05	1.252204e-05
3.000000e-01	4.000000e-01	3.320099e-04	1.302250e-05	1.302250e-05
4.000000e-01	5.000000e-01	3.509089e-04	1.338801e-05	1.338801e-05
5.000000e-01	6.000000e-01	3.202618e-04	1.279003e-05	1.279003e-05
6.000000e-01	7.000000e-01	2.753128e-04	1.185856e-05	1.185856e-05
7.000000e-01	8.000000e-01	2.191265e-04	1.057953e-05	1.057953e-05
8.000000e-01	9.000000e-01	1.920550e-04	9.904478e-06	9.904478e-06
9.000000e-01	1.000000e+00	1.537461e-04	8.861779e-06	8.861779e-06
1.000000e+00	1.100000e+00	1.287177e-04	8.108452e-06	8.108452e-06
1.100000e+00	1.200000e+00	1.144157e-04	7.644722e-06	7.644722e-06
1.200000e+00	1.300000e+00	1.006245e-04	7.169201e-06	7.169201e-06
1.300000e+00	1.400000e+00	8.325787e-05	6.521259e-06	6.521259e-06
1.400000e+00	1.500000e+00	6.078335e-05	5.572001e-06	5.572001e-06
1.500000e+00	1.600000e+00	6.486962e-05	5.756249e-06	5.756249e-06
1.600000e+00	1.700000e+00	4.392746e-05	4.736820e-06	4.736820e-06
1.700000e+00	1.800000e+00	4.954609e-05	5.030643e-06	5.030643e-06
1.800000e+00	1.900000e+00	3.728726e-05	4.364144e-06	4.364144e-06
1.900000e+00	2.000000e+00	2.451765e-05	3.538819e-06	3.538819e-06
2.000000e+00	2.100000e+00	3.320099e-05	4.118076e-06	4.118076e-06
2.100000e+00	2.200000e+00	3.269020e-05	4.086276e-06	4.086276e-06
2.200000e+00	2.300000e+00	2.962550e-05	3.890018e-06	3.890018e-06
2.300000e+00	2.400000e+00	2.043138e-05	3.230484e-06	3.230484e-06
2.400000e+00	2.500000e+00	1.276961e-05	2.553922e-06	2.553922e-06
2.500000e+00	2.600000e+00	2.145295e-05	3.310261e-06	3.310261e-06
2.600000e+00	2.700000e+00	1.583432e-05	2.843927e-06	2.843927e-06
2.700000e+00	2.800000e+00	1.123726e-05	2.395792e-06	2.395792e-06
2.800000e+00	2.900000e+00	7.661767e-06	1.978260e-06	1.978260e-06
2.900000e+00	3.000000e+00	6.129413e-06	1.769409e-06	1.769409e-06
3.000000e+00	3.100000e+00	4.086276e-06	1.444717e-06	1.444717e-06
3.100000e+00	3.200000e+00	5.107844e-06	1.615242e-06	1.615242e-06
3.200000e+00	3.300000e+00	4.086276e-06	1.444717e-06	1.444717e-06
3.300000e+00	3.400000e+00	4.086276e-06	1.444717e-06	1.444717e-06
3.400000e+00	3.500000e+00	2.043138e-06	1.021569e-06	1.021569e-06
3.500000e+00	3.600000e+00	4.086276e-06	1.444717e-06	1.444717e-06
3.600000e+00	3.700000e+00	0.000000e+00	0.000000e+00	0.000000e+00
3.700000e+00	3.800000e+00	1.021569e-06	7.223583e-07	7.223583e-07
3.800000e+00	3.900000e+00	0.000000e+00	0.000000e+00	0.000000e+00
3.900000e+00	4.000000e+00	0.000000e+00	0.000000e+00	0.000000e+00
4.000000e+00	4.100000e+00	0.000000e+00	0.000000e+00	0.000000e+00
4.100000e+00	4.200000e+00	0.000000e+00	0.000000e+00	0.000000e+00
4.200000e+00	4.300000e+00	0.000000e+00	0.000000e+00	0.000000e+00
4.300000e+00	4.400000e+00	5.107844e-07	5.107845e-07	5.107845e-07
4.400000e+00	4.500000e+00	0.000000e+00	0.000000e+00	0.000000e+00
4.500000e+00	4.600000e+00	5.107844e-07	5.107845e-07	5.107845e-07
4.600000e+00	4.700000e+00	5.107844e-07	5.107845e-07	5.107845e-07
4.700000e+00	4.800000e+00	0.000000e+00	0.000000e+00	0.000000e+00
4.800000e+00	4.900000e+00	0.000000e+00	0.000000e+00	0.000000e+00
4.900000e+00	5.000000e+00	0.000000e+00	0.000000e+00	0.000000e+00
# END HISTO1D

