# BEGIN PLOT
Legend=1
LogY=1
LegendPlacement=manual
LegendAlign=r
LegendXPos=1.36
RightMargin=3.7
DrawOnly=//eos/home-y/yiyu/monobc/Rivet_New2/X600_pi20_L40_darkQCDsch.yoda.gz/JetMETAnalysis/bjet_eta //eos/home-y/yiyu/monobc/Rivet_New2/X1200_pi20_L40_darkQCDsch.yoda.gz/JetMETAnalysis/bjet_eta //eos/home-y/yiyu/monobc/Rivet_New2/X2000_pi20_L40_darkQCDsch.yoda.gz/JetMETAnalysis/bjet_eta
LegendOnly=//eos/home-y/yiyu/monobc/Rivet_New2/X600_pi20_L40_darkQCDsch.yoda.gz/JetMETAnalysis/bjet_eta //eos/home-y/yiyu/monobc/Rivet_New2/X1200_pi20_L40_darkQCDsch.yoda.gz/JetMETAnalysis/bjet_eta //eos/home-y/yiyu/monobc/Rivet_New2/X2000_pi20_L40_darkQCDsch.yoda.gz/JetMETAnalysis/bjet_eta
RatioPlot=1
RatioPlotReference=//eos/home-y/yiyu/monobc/Rivet_New2/X600_pi20_L40_darkQCDsch.yoda.gz/JetMETAnalysis/bjet_eta
RatioPlotYLabel=Ratio
# END PLOT

# BEGIN HISTO1D //eos/home-y/yiyu/monobc/Rivet_New2/X600_pi20_L40_darkQCDsch.yoda.gz/JetMETAnalysis/bjet_eta
ErrorBars=1
LineColor=red
LineStyle=solid
Path=//eos/home-y/yiyu/monobc/Rivet_New2/X600_pi20_L40_darkQCDsch.yoda.gz/JetMETAnalysis/bjet_eta
ScaledBy=1.27303305059959048e-05
Title=X600_pi20_L40
# xlow	 xhigh	 val	 errminus	 errplus
-2.500000e+00	-2.400000e+00	1.056617e-02	1.159788e-03	1.159788e-03
-2.400000e+00	-2.300000e+00	1.374876e-02	1.322975e-03	1.322975e-03
-2.300000e+00	-2.200000e+00	1.591291e-02	1.423294e-03	1.423294e-03
-2.200000e+00	-2.100000e+00	1.718595e-02	1.479131e-03	1.479131e-03
-2.100000e+00	-2.000000e+00	2.329650e-02	1.722127e-03	1.722127e-03
-2.000000e+00	-1.900000e+00	2.507875e-02	1.786787e-03	1.786787e-03
-1.900000e+00	-1.800000e+00	2.673369e-02	1.844800e-03	1.844800e-03
-1.800000e+00	-1.700000e+00	2.889785e-02	1.918018e-03	1.918018e-03
-1.700000e+00	-1.600000e+00	3.220774e-02	2.024883e-03	2.024883e-03
-1.600000e+00	-1.500000e+00	3.131661e-02	1.996674e-03	1.996674e-03
-1.500000e+00	-1.400000e+00	3.729987e-02	2.179082e-03	2.179082e-03
-1.400000e+00	-1.300000e+00	3.628144e-02	2.149127e-03	2.149127e-03
-1.300000e+00	-1.200000e+00	4.213739e-02	2.316081e-03	2.316081e-03
-1.200000e+00	-1.100000e+00	3.806369e-02	2.201280e-03	2.201280e-03
-1.100000e+00	-1.000000e+00	4.201009e-02	2.312579e-03	2.312579e-03
-1.000000e+00	-9.000000e-01	4.506537e-02	2.395197e-03	2.395197e-03
-9.000000e-01	-8.000000e-01	4.353773e-02	2.354251e-03	2.354251e-03
-8.000000e-01	-7.000000e-01	4.901177e-02	2.497871e-03	2.497871e-03
-7.000000e-01	-6.000000e-01	4.595649e-02	2.418763e-03	2.418763e-03
-6.000000e-01	-5.000000e-01	4.506537e-02	2.395197e-03	2.395197e-03
-5.000000e-01	-4.000000e-01	4.595649e-02	2.418763e-03	2.418763e-03
-4.000000e-01	-3.000000e-01	4.608380e-02	2.422111e-03	2.422111e-03
-3.000000e-01	-2.000000e-01	4.302852e-02	2.340443e-03	2.340443e-03
-2.000000e-01	-1.000000e-01	4.582919e-02	2.415410e-03	2.415410e-03
-1.000000e-01	0.000000e+00	4.799335e-02	2.471783e-03	2.471783e-03
0.000000e+00	1.000000e-01	4.621110e-02	2.425454e-03	2.425454e-03
1.000000e-01	2.000000e-01	5.117593e-02	2.552423e-03	2.552423e-03
2.000000e-01	3.000000e-01	4.722953e-02	2.452035e-03	2.452035e-03
3.000000e-01	4.000000e-01	3.997324e-02	2.255820e-03	2.255820e-03
4.000000e-01	5.000000e-01	4.315582e-02	2.343903e-03	2.343903e-03
5.000000e-01	6.000000e-01	4.570189e-02	2.412053e-03	2.412053e-03
6.000000e-01	7.000000e-01	4.570189e-02	2.412053e-03	2.412053e-03
7.000000e-01	8.000000e-01	4.977559e-02	2.517260e-03	2.517260e-03
8.000000e-01	9.000000e-01	4.277391e-02	2.333508e-03	2.333508e-03
9.000000e-01	1.000000e+00	4.302852e-02	2.340443e-03	2.340443e-03
1.000000e+00	1.100000e+00	3.882751e-02	2.223257e-03	2.223257e-03
1.100000e+00	1.200000e+00	3.742717e-02	2.182797e-03	2.182797e-03
1.200000e+00	1.300000e+00	3.462650e-02	2.099540e-03	2.099540e-03
1.300000e+00	1.400000e+00	3.284425e-02	2.044794e-03	2.044794e-03
1.400000e+00	1.500000e+00	3.577223e-02	2.133992e-03	2.133992e-03
1.500000e+00	1.600000e+00	3.208043e-02	2.020877e-03	2.020877e-03
1.600000e+00	1.700000e+00	2.978897e-02	1.947366e-03	1.947366e-03
1.700000e+00	1.800000e+00	2.749751e-02	1.870969e-03	1.870969e-03
1.800000e+00	1.900000e+00	2.482414e-02	1.777694e-03	1.777694e-03
1.900000e+00	2.000000e+00	2.291459e-02	1.707953e-03	1.707953e-03
2.000000e+00	2.100000e+00	2.062314e-02	1.620306e-03	1.620306e-03
2.100000e+00	2.200000e+00	1.909550e-02	1.559141e-03	1.559141e-03
2.200000e+00	2.300000e+00	1.604022e-02	1.428976e-03	1.428976e-03
2.300000e+00	2.400000e+00	1.591291e-02	1.423294e-03	1.423294e-03
2.400000e+00	2.500000e+00	1.336685e-02	1.304471e-03	1.304471e-03
# END HISTO1D


# BEGIN HISTO1D //eos/home-y/yiyu/monobc/Rivet_New2/X1200_pi20_L40_darkQCDsch.yoda.gz/JetMETAnalysis/bjet_eta
ErrorBars=1
LineColor=blue
LineStyle=solid
Path=//eos/home-y/yiyu/monobc/Rivet_New2/X1200_pi20_L40_darkQCDsch.yoda.gz/JetMETAnalysis/bjet_eta
ScaledBy=2.77670260805455714e-07
Title=X1200_pi20_L40
# xlow	 xhigh	 val	 errminus	 errplus
-2.500000e+00	-2.400000e+00	1.777090e-04	2.221362e-05	2.221362e-05
-2.400000e+00	-2.300000e+00	2.971072e-04	2.872244e-05	2.872244e-05
-2.300000e+00	-2.200000e+00	3.526412e-04	3.129185e-05	3.129185e-05
-2.200000e+00	-2.100000e+00	4.331656e-04	3.468100e-05	3.468100e-05
-2.100000e+00	-2.000000e+00	5.303502e-04	3.837480e-05	3.837480e-05
-2.000000e+00	-1.900000e+00	5.831075e-04	4.023824e-05	4.023824e-05
-1.900000e+00	-1.800000e+00	6.469717e-04	4.238453e-05	4.238453e-05
-1.800000e+00	-1.700000e+00	7.247194e-04	4.485900e-05	4.485900e-05
-1.700000e+00	-1.600000e+00	7.635932e-04	4.604640e-05	4.604640e-05
-1.600000e+00	-1.500000e+00	8.802147e-04	4.943779e-05	4.943779e-05
-1.500000e+00	-1.400000e+00	1.113458e-03	5.560343e-05	5.560343e-05
-1.400000e+00	-1.300000e+00	1.127341e-03	5.594900e-05	5.594900e-05
-1.300000e+00	-1.200000e+00	1.199536e-03	5.771268e-05	5.771268e-05
-1.200000e+00	-1.100000e+00	1.324487e-03	6.064410e-05	6.064410e-05
-1.100000e+00	-1.000000e+00	1.413342e-03	6.264526e-05	6.264526e-05
-1.000000e+00	-9.000000e-01	1.696565e-03	6.863568e-05	6.863568e-05
-9.000000e-01	-8.000000e-01	1.743769e-03	6.958397e-05	6.958397e-05
-8.000000e-01	-7.000000e-01	1.760429e-03	6.991558e-05	6.991558e-05
-7.000000e-01	-6.000000e-01	1.852061e-03	7.171208e-05	7.171208e-05
-6.000000e-01	-5.000000e-01	1.924255e-03	7.309640e-05	7.309640e-05
-5.000000e-01	-4.000000e-01	1.968682e-03	7.393541e-05	7.393541e-05
-4.000000e-01	-3.000000e-01	1.935362e-03	7.330705e-05	7.330705e-05
-3.000000e-01	-2.000000e-01	1.949245e-03	7.356952e-05	7.356952e-05
-2.000000e-01	-1.000000e-01	1.993672e-03	7.440320e-05	7.440320e-05
-1.000000e-01	0.000000e+00	1.954799e-03	7.367424e-05	7.367424e-05
0.000000e+00	1.000000e-01	1.957575e-03	7.372656e-05	7.372656e-05
1.000000e-01	2.000000e-01	1.985342e-03	7.424759e-05	7.424759e-05
2.000000e-01	3.000000e-01	1.979789e-03	7.414368e-05	7.414368e-05
3.000000e-01	4.000000e-01	1.946469e-03	7.351710e-05	7.351710e-05
4.000000e-01	5.000000e-01	1.949245e-03	7.356952e-05	7.356952e-05
5.000000e-01	6.000000e-01	1.840954e-03	7.149672e-05	7.149672e-05
6.000000e-01	7.000000e-01	1.746546e-03	6.963935e-05	6.963935e-05
7.000000e-01	8.000000e-01	1.685458e-03	6.841065e-05	6.841065e-05
8.000000e-01	9.000000e-01	1.529963e-03	6.517862e-05	6.517862e-05
9.000000e-01	1.000000e+00	1.568837e-03	6.600147e-05	6.600147e-05
1.000000e+00	1.100000e+00	1.479982e-03	6.410516e-05	6.410516e-05
1.100000e+00	1.200000e+00	1.343924e-03	6.108745e-05	6.108745e-05
1.200000e+00	1.300000e+00	1.299497e-03	6.006926e-05	6.006926e-05
1.300000e+00	1.400000e+00	1.116234e-03	5.567271e-05	5.567271e-05
1.400000e+00	1.500000e+00	9.968362e-04	5.261101e-05	5.261101e-05
1.500000e+00	1.600000e+00	9.579624e-04	5.157496e-05	5.157496e-05
1.600000e+00	1.700000e+00	7.969136e-04	4.704032e-05	4.704032e-05
1.700000e+00	1.800000e+00	6.969524e-04	4.399124e-05	4.399124e-05
1.800000e+00	1.900000e+00	7.025058e-04	4.416616e-05	4.416616e-05
1.900000e+00	2.000000e+00	5.192434e-04	3.797083e-05	3.797083e-05
2.000000e+00	2.100000e+00	5.192434e-04	3.797083e-05	3.797083e-05
2.100000e+00	2.200000e+00	3.526412e-04	3.129185e-05	3.129185e-05
2.200000e+00	2.300000e+00	3.526412e-04	3.129185e-05	3.129185e-05
2.300000e+00	2.400000e+00	3.082140e-04	2.925438e-05	2.925438e-05
2.400000e+00	2.500000e+00	1.943692e-04	2.323156e-05	2.323156e-05
# END HISTO1D


# BEGIN HISTO1D //eos/home-y/yiyu/monobc/Rivet_New2/X2000_pi20_L40_darkQCDsch.yoda.gz/JetMETAnalysis/bjet_eta
ErrorBars=1
LineColor=violet
LineStyle=solid
Path=//eos/home-y/yiyu/monobc/Rivet_New2/X2000_pi20_L40_darkQCDsch.yoda.gz/JetMETAnalysis/bjet_eta
ScaledBy=1.50495851042299113e-08
Title=X2000_pi20_L40
# xlow	 xhigh	 val	 errminus	 errplus
-2.500000e+00	-2.400000e+00	1.158818e-05	1.320596e-06	1.320596e-06
-2.400000e+00	-2.300000e+00	1.279215e-05	1.387503e-06	1.387503e-06
-2.300000e+00	-2.200000e+00	1.550107e-05	1.527366e-06	1.527366e-06
-2.200000e+00	-2.100000e+00	1.685554e-05	1.592698e-06	1.592698e-06
-2.100000e+00	-2.000000e+00	2.121991e-05	1.787039e-06	1.787039e-06
-2.000000e+00	-1.900000e+00	2.603578e-05	1.979464e-06	1.979464e-06
-1.900000e+00	-1.800000e+00	3.175462e-05	2.186078e-06	2.186078e-06
-1.800000e+00	-1.700000e+00	3.657049e-05	2.345998e-06	2.345998e-06
-1.700000e+00	-1.600000e+00	4.484776e-05	2.597961e-06	2.597961e-06
-1.600000e+00	-1.500000e+00	4.665371e-05	2.649753e-06	2.649753e-06
-1.500000e+00	-1.400000e+00	5.613495e-05	2.906558e-06	2.906558e-06
-1.400000e+00	-1.300000e+00	6.967958e-05	3.238285e-06	3.238285e-06
-1.300000e+00	-1.200000e+00	6.666966e-05	3.167572e-06	3.167572e-06
-1.200000e+00	-1.100000e+00	7.705388e-05	3.405333e-06	3.405333e-06
-1.100000e+00	-1.000000e+00	8.593313e-05	3.596190e-06	3.596190e-06
-1.000000e+00	-9.000000e-01	9.436090e-05	3.768411e-06	3.768411e-06
-9.000000e-01	-8.000000e-01	1.035411e-04	3.947469e-06	3.947469e-06
-8.000000e-01	-7.000000e-01	1.089590e-04	4.049430e-06	4.049430e-06
-7.000000e-01	-6.000000e-01	1.240086e-04	4.320044e-06	4.320044e-06
-6.000000e-01	-5.000000e-01	1.188917e-04	4.229978e-06	4.229978e-06
-5.000000e-01	-4.000000e-01	1.214502e-04	4.275247e-06	4.275247e-06
-4.000000e-01	-3.000000e-01	1.374027e-04	4.547366e-06	4.547366e-06
-3.000000e-01	-2.000000e-01	1.348443e-04	4.504832e-06	4.504832e-06
-2.000000e-01	-1.000000e-01	1.489909e-04	4.735241e-06	4.735241e-06
-1.000000e-01	0.000000e+00	1.413156e-04	4.611660e-06	4.611660e-06
0.000000e+00	1.000000e-01	1.389077e-04	4.572202e-06	4.572202e-06
1.000000e-01	2.000000e-01	1.432721e-04	4.643474e-06	4.643474e-06
2.000000e-01	3.000000e-01	1.476364e-04	4.713668e-06	4.713668e-06
3.000000e-01	4.000000e-01	1.360482e-04	4.524898e-06	4.524898e-06
4.000000e-01	5.000000e-01	1.258145e-04	4.351386e-06	4.351386e-06
5.000000e-01	6.000000e-01	1.288244e-04	4.403130e-06	4.403130e-06
6.000000e-01	7.000000e-01	1.140759e-04	4.143421e-06	4.143421e-06
7.000000e-01	8.000000e-01	1.116679e-04	4.099459e-06	4.099459e-06
8.000000e-01	9.000000e-01	1.051966e-04	3.978901e-06	3.978901e-06
9.000000e-01	1.000000e+00	9.074900e-05	3.695585e-06	3.695585e-06
1.000000e+00	1.100000e+00	8.879255e-05	3.655531e-06	3.655531e-06
1.100000e+00	1.200000e+00	8.472916e-05	3.570909e-06	3.570909e-06
1.200000e+00	1.300000e+00	7.118454e-05	3.273069e-06	3.273069e-06
1.300000e+00	1.400000e+00	6.636867e-05	3.160413e-06	3.160413e-06
1.400000e+00	1.500000e+00	5.282404e-05	2.819539e-06	2.819539e-06
1.500000e+00	1.600000e+00	4.680421e-05	2.654023e-06	2.654023e-06
1.600000e+00	1.700000e+00	4.243983e-05	2.527255e-06	2.527255e-06
1.700000e+00	1.800000e+00	3.672099e-05	2.350820e-06	2.350820e-06
1.800000e+00	1.900000e+00	2.889520e-05	2.085332e-06	2.085332e-06
1.900000e+00	2.000000e+00	2.904570e-05	2.090755e-06	2.090755e-06
2.000000e+00	2.100000e+00	1.956446e-05	1.715917e-06	1.715917e-06
2.100000e+00	2.200000e+00	1.911297e-05	1.696002e-06	1.696002e-06
2.200000e+00	2.300000e+00	1.294264e-05	1.395641e-06	1.395641e-06
2.300000e+00	2.400000e+00	9.631734e-06	1.203967e-06	1.203967e-06
2.400000e+00	2.500000e+00	9.330743e-06	1.185005e-06	1.185005e-06
# END HISTO1D

