# BEGIN PLOT
Legend=1
LogY=1
LegendPlacement=manual
LegendAlign=r
LegendXPos=1.36
RightMargin=3.7
Title=Di-jet $\Delta\phi$
XLabel=$\Delta\phi_{jj}$ [rad]
YLabel=$\mathrm{d}\sigma/\mathrm{d}\Delta\phi_{jj}$ [pb/rad]
XMin=0
DrawOnly=//eos/home-y/yiyu/monobc/Rivet_New2/X600_pi20_L40_darkQCDsch.yoda.gz/JetMETAnalysis/jet12_dphi //eos/home-y/yiyu/monobc/Rivet_New2/X1200_pi20_L40_darkQCDsch.yoda.gz/JetMETAnalysis/jet12_dphi //eos/home-y/yiyu/monobc/Rivet_New2/X2000_pi20_L40_darkQCDsch.yoda.gz/JetMETAnalysis/jet12_dphi
LegendOnly=//eos/home-y/yiyu/monobc/Rivet_New2/X600_pi20_L40_darkQCDsch.yoda.gz/JetMETAnalysis/jet12_dphi //eos/home-y/yiyu/monobc/Rivet_New2/X1200_pi20_L40_darkQCDsch.yoda.gz/JetMETAnalysis/jet12_dphi //eos/home-y/yiyu/monobc/Rivet_New2/X2000_pi20_L40_darkQCDsch.yoda.gz/JetMETAnalysis/jet12_dphi
RatioPlot=1
RatioPlotReference=//eos/home-y/yiyu/monobc/Rivet_New2/X600_pi20_L40_darkQCDsch.yoda.gz/JetMETAnalysis/jet12_dphi
RatioPlotYLabel=Ratio
# END PLOT

# BEGIN HISTO1D //eos/home-y/yiyu/monobc/Rivet_New2/X600_pi20_L40_darkQCDsch.yoda.gz/JetMETAnalysis/jet12_dphi
ErrorBars=1
LineColor=red
LineStyle=solid
Path=//eos/home-y/yiyu/monobc/Rivet_New2/X600_pi20_L40_darkQCDsch.yoda.gz/JetMETAnalysis/jet12_dphi
ScaledBy=2.25635044064282033e-05
Title=X600_pi20_L40
# xlow	 xhigh	 val	 errminus	 errplus
0.000000e+00	6.283185e-02	4.847976e-02	4.172473e-03	4.172473e-03
6.283185e-02	1.256637e-01	5.063442e-02	4.264187e-03	4.264187e-03
1.256637e-01	1.884956e-01	4.309309e-02	3.933843e-03	3.933843e-03
1.884956e-01	2.513274e-01	4.991624e-02	4.233840e-03	4.233840e-03
2.513274e-01	3.141593e-01	4.991616e-02	4.233833e-03	4.233833e-03
3.141593e-01	3.769911e-01	6.356240e-02	4.777643e-03	4.777643e-03
3.769911e-01	4.398230e-01	5.673924e-02	4.513931e-03	4.513931e-03
4.398230e-01	5.026548e-01	6.535796e-02	4.844654e-03	4.844654e-03
5.026548e-01	5.654867e-01	6.787161e-02	4.936933e-03	4.936933e-03
5.654867e-01	6.283185e-01	7.433569e-02	5.166687e-03	5.166687e-03
6.283185e-01	6.911504e-01	6.894894e-02	4.975961e-03	4.975961e-03
6.911504e-01	7.539822e-01	7.074459e-02	5.040344e-03	5.040344e-03
7.539822e-01	8.168141e-01	6.212586e-02	4.723342e-03	4.723342e-03
8.168141e-01	8.796459e-01	6.392152e-02	4.791120e-03	4.791120e-03
8.796459e-01	9.424778e-01	5.171171e-02	4.309309e-03	4.309309e-03
9.424778e-01	1.005310e+00	5.673897e-02	4.513909e-03	4.513909e-03
1.005310e+00	1.068142e+00	4.668411e-02	4.094467e-03	4.094467e-03
1.068142e+00	1.130973e+00	5.278979e-02	4.354028e-03	4.354028e-03
1.130973e+00	1.193805e+00	5.350716e-02	4.383478e-03	4.383478e-03
1.193805e+00	1.256637e+00	5.314806e-02	4.368743e-03	4.368743e-03
1.256637e+00	1.319469e+00	5.602093e-02	4.485264e-03	4.485264e-03
1.319469e+00	1.382301e+00	5.350716e-02	4.383478e-03	4.383478e-03
1.382301e+00	1.445133e+00	4.452946e-02	3.998863e-03	3.998863e-03
1.445133e+00	1.507964e+00	4.453017e-02	3.998926e-03	3.998926e-03
1.507964e+00	1.570796e+00	4.452946e-02	3.998863e-03	3.998863e-03
1.570796e+00	1.633628e+00	4.596589e-02	4.062849e-03	4.062849e-03
1.633628e+00	1.696460e+00	4.165659e-02	3.867717e-03	3.867717e-03
1.696460e+00	1.759292e+00	4.022014e-02	3.800447e-03	3.800447e-03
1.759292e+00	1.822124e+00	4.273391e-02	3.917411e-03	3.917411e-03
1.822124e+00	1.884956e+00	4.596589e-02	4.062849e-03	4.062849e-03
1.884956e+00	1.947787e+00	4.057990e-02	3.817436e-03	3.817436e-03
1.947787e+00	2.010619e+00	4.740233e-02	4.125842e-03	4.125842e-03
2.010619e+00	2.073451e+00	4.883876e-02	4.187889e-03	4.187889e-03
2.073451e+00	2.136283e+00	4.129748e-02	3.851010e-03	3.851010e-03
2.136283e+00	2.199115e+00	5.027519e-02	4.249029e-03	4.249029e-03
2.199115e+00	2.261947e+00	4.919786e-02	4.203257e-03	4.203257e-03
2.261947e+00	2.324779e+00	5.494360e-02	4.441927e-03	4.441927e-03
2.324779e+00	2.387610e+00	5.602182e-02	4.485335e-03	4.485335e-03
2.387610e+00	2.450442e+00	5.997111e-02	4.640704e-03	4.640704e-03
2.450442e+00	2.513274e+00	5.961201e-02	4.626789e-03	4.626789e-03
2.513274e+00	2.576106e+00	5.350716e-02	4.383478e-03	4.383478e-03
2.576106e+00	2.638938e+00	7.218080e-02	5.091243e-03	5.091243e-03
2.638938e+00	2.701770e+00	5.961201e-02	4.626789e-03	4.626789e-03
2.701770e+00	2.764602e+00	5.781646e-02	4.556576e-03	4.556576e-03
2.764602e+00	2.827433e+00	6.104942e-02	4.682276e-03	4.682276e-03
2.827433e+00	2.890265e+00	6.104845e-02	4.682202e-03	4.682202e-03
2.890265e+00	2.953097e+00	6.535775e-02	4.844638e-03	4.844638e-03
2.953097e+00	3.015929e+00	7.649010e-02	5.241016e-03	5.241016e-03
3.015929e+00	3.078761e+00	7.074437e-02	5.040328e-03	5.040328e-03
3.078761e+00	3.141593e+00	7.505367e-02	5.191572e-03	5.191572e-03
# END HISTO1D


# BEGIN HISTO1D //eos/home-y/yiyu/monobc/Rivet_New2/X1200_pi20_L40_darkQCDsch.yoda.gz/JetMETAnalysis/jet12_dphi
ErrorBars=1
LineColor=blue
LineStyle=solid
Path=//eos/home-y/yiyu/monobc/Rivet_New2/X1200_pi20_L40_darkQCDsch.yoda.gz/JetMETAnalysis/jet12_dphi
ScaledBy=5.66246946062770135e-07
Title=X1200_pi20_L40
# xlow	 xhigh	 val	 errminus	 errplus
0.000000e+00	6.283185e-02	1.928589e-03	1.318357e-04	1.318357e-04
6.283185e-02	1.256637e-01	1.991675e-03	1.339745e-04	1.339745e-04
1.256637e-01	1.884956e-01	1.964636e-03	1.330620e-04	1.330620e-04
1.884956e-01	2.513274e-01	2.126858e-03	1.384466e-04	1.384466e-04
2.513274e-01	3.141593e-01	2.126854e-03	1.384464e-04	1.384464e-04
3.141593e-01	3.769911e-01	2.171918e-03	1.399055e-04	1.399055e-04
3.769911e-01	4.398230e-01	2.793750e-03	1.586743e-04	1.586743e-04
4.398230e-01	5.026548e-01	3.271394e-03	1.717037e-04	1.717037e-04
5.026548e-01	5.654867e-01	2.784737e-03	1.584181e-04	1.584181e-04
5.654867e-01	6.283185e-01	2.541414e-03	1.513390e-04	1.513390e-04
6.283185e-01	6.911504e-01	2.388204e-03	1.467063e-04	1.467063e-04
6.911504e-01	7.539822e-01	2.298088e-03	1.439118e-04	1.439118e-04
7.539822e-01	8.168141e-01	2.343144e-03	1.453156e-04	1.453156e-04
8.168141e-01	8.796459e-01	2.045749e-03	1.357811e-04	1.357811e-04
8.796459e-01	9.424778e-01	1.991673e-03	1.339744e-04	1.339744e-04
9.424778e-01	1.005310e+00	1.550073e-03	1.181919e-04	1.181919e-04
1.005310e+00	1.068142e+00	1.640198e-03	1.215796e-04	1.215796e-04
1.068142e+00	1.130973e+00	1.468992e-03	1.150603e-04	1.150603e-04
1.130973e+00	1.193805e+00	1.550078e-03	1.181923e-04	1.181923e-04
1.193805e+00	1.256637e+00	1.685259e-03	1.232383e-04	1.232383e-04
1.256637e+00	1.319469e+00	1.243667e-03	1.058680e-04	1.058680e-04
1.319469e+00	1.382301e+00	1.423909e-03	1.132801e-04	1.132801e-04
1.382301e+00	1.445133e+00	1.441933e-03	1.139948e-04	1.139948e-04
1.445133e+00	1.507964e+00	1.649237e-03	1.219151e-04	1.219151e-04
1.507964e+00	1.570796e+00	1.369836e-03	1.111084e-04	1.111084e-04
1.570796e+00	1.633628e+00	1.613162e-03	1.205734e-04	1.205734e-04
1.633628e+00	1.696460e+00	1.315763e-03	1.088934e-04	1.088934e-04
1.696460e+00	1.759292e+00	1.559090e-03	1.185354e-04	1.185354e-04
1.759292e+00	1.822124e+00	1.477981e-03	1.154109e-04	1.154109e-04
1.822124e+00	1.884956e+00	1.369836e-03	1.111084e-04	1.111084e-04
1.884956e+00	1.947787e+00	1.360846e-03	1.107440e-04	1.107440e-04
1.947787e+00	2.010619e+00	1.532053e-03	1.175031e-04	1.175031e-04
2.010619e+00	2.073451e+00	1.387860e-03	1.118370e-04	1.118370e-04
2.073451e+00	2.136283e+00	1.333788e-03	1.096367e-04	1.096367e-04
2.136283e+00	2.199115e+00	1.640198e-03	1.215796e-04	1.215796e-04
2.199115e+00	2.261947e+00	1.514029e-03	1.168099e-04	1.168099e-04
2.261947e+00	2.324779e+00	1.514029e-03	1.168099e-04	1.168099e-04
2.324779e+00	2.387610e+00	1.667261e-03	1.225795e-04	1.225795e-04
2.387610e+00	2.450442e+00	1.946608e-03	1.324500e-04	1.324500e-04
2.450442e+00	2.513274e+00	1.739332e-03	1.251998e-04	1.251998e-04
2.513274e+00	2.576106e+00	1.973646e-03	1.333666e-04	1.333666e-04
2.576106e+00	2.638938e+00	1.820440e-03	1.280857e-04	1.280857e-04
2.638938e+00	2.701770e+00	2.126851e-03	1.384462e-04	1.384462e-04
2.701770e+00	2.764602e+00	2.469310e-03	1.491765e-04	1.491765e-04
2.764602e+00	2.827433e+00	2.198983e-03	1.407754e-04	1.407754e-04
2.827433e+00	2.890265e+00	2.451286e-03	1.486310e-04	1.486310e-04
2.890265e+00	2.953097e+00	2.460297e-03	1.489040e-04	1.489040e-04
2.953097e+00	3.015929e+00	2.550419e-03	1.516066e-04	1.516066e-04
3.015929e+00	3.078761e+00	2.379189e-03	1.464290e-04	1.464290e-04
3.078761e+00	3.141593e+00	2.712635e-03	1.563537e-04	1.563537e-04
# END HISTO1D


# BEGIN HISTO1D //eos/home-y/yiyu/monobc/Rivet_New2/X2000_pi20_L40_darkQCDsch.yoda.gz/JetMETAnalysis/jet12_dphi
ErrorBars=1
LineColor=violet
LineStyle=solid
Path=//eos/home-y/yiyu/monobc/Rivet_New2/X2000_pi20_L40_darkQCDsch.yoda.gz/JetMETAnalysis/jet12_dphi
ScaledBy=3.32587888004293720e-08
Title=X2000_pi20_L40
# xlow	 xhigh	 val	 errminus	 errplus
0.000000e+00	6.283185e-02	1.069247e-04	7.523194e-06	7.523194e-06
6.283185e-02	1.256637e-01	1.180406e-04	7.904584e-06	7.904584e-06
1.256637e-01	1.884956e-01	1.138059e-04	7.761496e-06	7.761496e-06
1.884956e-01	2.513274e-01	1.312740e-04	8.335906e-06	8.335906e-06
2.513274e-01	3.141593e-01	1.307444e-04	8.319068e-06	8.319068e-06
3.141593e-01	3.769911e-01	1.487419e-04	8.873196e-06	8.873196e-06
3.769911e-01	4.398230e-01	1.656802e-04	9.364798e-06	9.364798e-06
4.398230e-01	5.026548e-01	1.736204e-04	9.586583e-06	9.586583e-06
5.026548e-01	5.654867e-01	1.979693e-04	1.023675e-05	1.023675e-05
5.654867e-01	6.283185e-01	1.693857e-04	9.468953e-06	9.468953e-06
6.283185e-01	6.911504e-01	1.397430e-04	8.600589e-06	8.600589e-06
6.911504e-01	7.539822e-01	1.333913e-04	8.402862e-06	8.402862e-06
7.539822e-01	8.168141e-01	1.339204e-04	8.419504e-06	8.419504e-06
8.168141e-01	8.796459e-01	1.217460e-04	8.027694e-06	8.027694e-06
8.796459e-01	9.424778e-01	1.206872e-04	7.992702e-06	7.992702e-06
9.424778e-01	1.005310e+00	1.048068e-04	7.448293e-06	7.448293e-06
1.005310e+00	1.068142e+00	8.839792e-05	6.840437e-06	6.840437e-06
1.068142e+00	1.130973e+00	9.210468e-05	6.982438e-06	6.982438e-06
1.130973e+00	1.193805e+00	8.786859e-05	6.819925e-06	6.819925e-06
1.193805e+00	1.256637e+00	8.098732e-05	6.547436e-06	6.547436e-06
1.256637e+00	1.319469e+00	8.310463e-05	6.632471e-06	6.632471e-06
1.319469e+00	1.382301e+00	8.892725e-05	6.860886e-06	6.860886e-06
1.382301e+00	1.445133e+00	8.204596e-05	6.590091e-06	6.590091e-06
1.445133e+00	1.507964e+00	8.628198e-05	6.758126e-06	6.758126e-06
1.507964e+00	1.570796e+00	6.722476e-05	5.965233e-06	5.965233e-06
1.570796e+00	1.633628e+00	9.633785e-05	7.141037e-06	7.141037e-06
1.633628e+00	1.696460e+00	7.569403e-05	6.329852e-06	6.329852e-06
1.696460e+00	1.759292e+00	8.098732e-05	6.547436e-06	6.547436e-06
1.759292e+00	1.822124e+00	7.781134e-05	6.417771e-06	6.417771e-06
1.822124e+00	1.884956e+00	8.522194e-05	6.716430e-06	6.716430e-06
1.884956e+00	1.947787e+00	7.781258e-05	6.417873e-06	6.417873e-06
1.947787e+00	2.010619e+00	7.410603e-05	6.263103e-06	6.263103e-06
2.010619e+00	2.073451e+00	9.422052e-05	7.062128e-06	7.062128e-06
2.073451e+00	2.136283e+00	9.739650e-05	7.180166e-06	7.180166e-06
2.136283e+00	2.199115e+00	8.892725e-05	6.860886e-06	6.860886e-06
2.199115e+00	2.261947e+00	9.263254e-05	7.002362e-06	7.002362e-06
2.261947e+00	2.324779e+00	1.069244e-04	7.523176e-06	7.523176e-06
2.324779e+00	2.387610e+00	1.101021e-04	7.634211e-06	7.634211e-06
2.387610e+00	2.450442e+00	1.037485e-04	7.410603e-06	7.410603e-06
2.450442e+00	2.513274e+00	1.122177e-04	7.707145e-06	7.707145e-06
2.513274e+00	2.576106e+00	1.217456e-04	8.027669e-06	8.027669e-06
2.576106e+00	2.638938e+00	1.185697e-04	7.922268e-06	7.922268e-06
2.638938e+00	2.701770e+00	1.296856e-04	8.285306e-06	8.285306e-06
2.701770e+00	2.764602e+00	1.376255e-04	8.535170e-06	8.535170e-06
2.764602e+00	2.827433e+00	1.524491e-04	8.983150e-06	8.983150e-06
2.827433e+00	2.890265e+00	1.640919e-04	9.319796e-06	9.319796e-06
2.890265e+00	2.953097e+00	1.783838e-04	9.717185e-06	9.717185e-06
2.953097e+00	3.015929e+00	1.725613e-04	9.557280e-06	9.557280e-06
3.015929e+00	3.078761e+00	1.889704e-04	1.000137e-05	1.000137e-05
3.078761e+00	3.141593e+00	2.117316e-04	1.058658e-05	1.058658e-05
# END HISTO1D

