# BEGIN PLOT
Legend=1
LogY=1
LegendPlacement=manual
LegendAlign=r
LegendXPos=1.36
RightMargin=3.7
Title=Jet $\phi$ distribution
XLabel=$\phi^\mathrm{jet}$ [rad]
YLabel=$\mathrm{d}\sigma/\mathrm{d}\phi^\mathrm{jet}$ [pb/rad]
XMin=0
DrawOnly=//eos/home-y/yiyu/monobc/Rivet_New2/X600_pi20_L40_darkQCDsch.yoda.gz/JetMETAnalysis/jet_phi //eos/home-y/yiyu/monobc/Rivet_New2/X1200_pi20_L40_darkQCDsch.yoda.gz/JetMETAnalysis/jet_phi //eos/home-y/yiyu/monobc/Rivet_New2/X2000_pi20_L40_darkQCDsch.yoda.gz/JetMETAnalysis/jet_phi
LegendOnly=//eos/home-y/yiyu/monobc/Rivet_New2/X600_pi20_L40_darkQCDsch.yoda.gz/JetMETAnalysis/jet_phi //eos/home-y/yiyu/monobc/Rivet_New2/X1200_pi20_L40_darkQCDsch.yoda.gz/JetMETAnalysis/jet_phi //eos/home-y/yiyu/monobc/Rivet_New2/X2000_pi20_L40_darkQCDsch.yoda.gz/JetMETAnalysis/jet_phi
RatioPlot=1
RatioPlotReference=//eos/home-y/yiyu/monobc/Rivet_New2/X600_pi20_L40_darkQCDsch.yoda.gz/JetMETAnalysis/jet_phi
RatioPlotYLabel=Ratio
# END PLOT

# BEGIN HISTO1D //eos/home-y/yiyu/monobc/Rivet_New2/X600_pi20_L40_darkQCDsch.yoda.gz/JetMETAnalysis/jet_phi
ErrorBars=1
LineColor=red
LineStyle=solid
Path=//eos/home-y/yiyu/monobc/Rivet_New2/X600_pi20_L40_darkQCDsch.yoda.gz/JetMETAnalysis/jet_phi
ScaledBy=6.48634551618792145e-06
Title=X600_pi20_L40
# xlow	 xhigh	 val	 errminus	 errplus
-3.141593e+00	-3.015929e+00	0.000000e+00	0.000000e+00	0.000000e+00
-3.015929e+00	-2.890265e+00	0.000000e+00	0.000000e+00	0.000000e+00
-2.890265e+00	-2.764602e+00	0.000000e+00	0.000000e+00	0.000000e+00
-2.764602e+00	-2.638938e+00	0.000000e+00	0.000000e+00	0.000000e+00
-2.638938e+00	-2.513274e+00	0.000000e+00	0.000000e+00	0.000000e+00
-2.513274e+00	-2.387610e+00	0.000000e+00	0.000000e+00	0.000000e+00
-2.387610e+00	-2.261947e+00	0.000000e+00	0.000000e+00	0.000000e+00
-2.261947e+00	-2.136283e+00	0.000000e+00	0.000000e+00	0.000000e+00
-2.136283e+00	-2.010619e+00	0.000000e+00	0.000000e+00	0.000000e+00
-2.010619e+00	-1.884956e+00	0.000000e+00	0.000000e+00	0.000000e+00
-1.884956e+00	-1.759292e+00	0.000000e+00	0.000000e+00	0.000000e+00
-1.759292e+00	-1.633628e+00	0.000000e+00	0.000000e+00	0.000000e+00
-1.633628e+00	-1.507964e+00	0.000000e+00	0.000000e+00	0.000000e+00
-1.507964e+00	-1.382301e+00	0.000000e+00	0.000000e+00	0.000000e+00
-1.382301e+00	-1.256637e+00	0.000000e+00	0.000000e+00	0.000000e+00
-1.256637e+00	-1.130973e+00	0.000000e+00	0.000000e+00	0.000000e+00
-1.130973e+00	-1.005310e+00	0.000000e+00	0.000000e+00	0.000000e+00
-1.005310e+00	-8.796459e-01	0.000000e+00	0.000000e+00	0.000000e+00
-8.796459e-01	-7.539822e-01	0.000000e+00	0.000000e+00	0.000000e+00
-7.539822e-01	-6.283185e-01	0.000000e+00	0.000000e+00	0.000000e+00
-6.283185e-01	-5.026548e-01	0.000000e+00	0.000000e+00	0.000000e+00
-5.026548e-01	-3.769911e-01	0.000000e+00	0.000000e+00	0.000000e+00
-3.769911e-01	-2.513274e-01	0.000000e+00	0.000000e+00	0.000000e+00
-2.513274e-01	-1.256637e-01	0.000000e+00	0.000000e+00	0.000000e+00
-1.256637e-01	4.440892e-16	0.000000e+00	0.000000e+00	0.000000e+00
4.440892e-16	1.256637e-01	2.776979e-02	1.197240e-03	1.197240e-03
1.256637e-01	2.513274e-01	2.678906e-02	1.175910e-03	1.175910e-03
2.513274e-01	3.769911e-01	2.926667e-02	1.229085e-03	1.229085e-03
3.769911e-01	5.026548e-01	3.014415e-02	1.247374e-03	1.247374e-03
5.026548e-01	6.283185e-01	2.813110e-02	1.205004e-03	1.205004e-03
6.283185e-01	7.539822e-01	3.055709e-02	1.255889e-03	1.255889e-03
7.539822e-01	8.796459e-01	2.735685e-02	1.188306e-03	1.188306e-03
8.796459e-01	1.005310e+00	2.508564e-02	1.137908e-03	1.137908e-03
1.005310e+00	1.130973e+00	2.673760e-02	1.174783e-03	1.174783e-03
1.130973e+00	1.256637e+00	2.864720e-02	1.216006e-03	1.216006e-03
1.256637e+00	1.382301e+00	2.689224e-02	1.178170e-03	1.178170e-03
1.382301e+00	1.507964e+00	2.792479e-02	1.200581e-03	1.200581e-03
1.507964e+00	1.633628e+00	2.900851e-02	1.223651e-03	1.223651e-03
1.633628e+00	1.759292e+00	2.895690e-02	1.222561e-03	1.222561e-03
1.759292e+00	1.884956e+00	2.813103e-02	1.205001e-03	1.205001e-03
1.884956e+00	2.010619e+00	2.787318e-02	1.199471e-03	1.199471e-03
2.010619e+00	2.136283e+00	2.591152e-02	1.156488e-03	1.156488e-03
2.136283e+00	2.261947e+00	2.694385e-02	1.179300e-03	1.179300e-03
2.261947e+00	2.387610e+00	2.596335e-02	1.157648e-03	1.157648e-03
2.387610e+00	2.513274e+00	2.668577e-02	1.173639e-03	1.173639e-03
2.513274e+00	2.638938e+00	2.854397e-02	1.213813e-03	1.213813e-03
2.638938e+00	2.764602e+00	2.740840e-02	1.189423e-03	1.189423e-03
2.764602e+00	2.890265e+00	2.761509e-02	1.193904e-03	1.193904e-03
2.890265e+00	3.015929e+00	2.647930e-02	1.169090e-03	1.169090e-03
3.015929e+00	3.141593e+00	2.890528e-02	1.221471e-03	1.221471e-03
# END HISTO1D


# BEGIN HISTO1D //eos/home-y/yiyu/monobc/Rivet_New2/X1200_pi20_L40_darkQCDsch.yoda.gz/JetMETAnalysis/jet_phi
ErrorBars=1
LineColor=blue
LineStyle=solid
Path=//eos/home-y/yiyu/monobc/Rivet_New2/X1200_pi20_L40_darkQCDsch.yoda.gz/JetMETAnalysis/jet_phi
ScaledBy=1.59679898245800000e-07
Title=X1200_pi20_L40
# xlow	 xhigh	 val	 errminus	 errplus
-3.141593e+00	-3.015929e+00	0.000000e+00	0.000000e+00	0.000000e+00
-3.015929e+00	-2.890265e+00	0.000000e+00	0.000000e+00	0.000000e+00
-2.890265e+00	-2.764602e+00	0.000000e+00	0.000000e+00	0.000000e+00
-2.764602e+00	-2.638938e+00	0.000000e+00	0.000000e+00	0.000000e+00
-2.638938e+00	-2.513274e+00	0.000000e+00	0.000000e+00	0.000000e+00
-2.513274e+00	-2.387610e+00	0.000000e+00	0.000000e+00	0.000000e+00
-2.387610e+00	-2.261947e+00	0.000000e+00	0.000000e+00	0.000000e+00
-2.261947e+00	-2.136283e+00	0.000000e+00	0.000000e+00	0.000000e+00
-2.136283e+00	-2.010619e+00	0.000000e+00	0.000000e+00	0.000000e+00
-2.010619e+00	-1.884956e+00	0.000000e+00	0.000000e+00	0.000000e+00
-1.884956e+00	-1.759292e+00	0.000000e+00	0.000000e+00	0.000000e+00
-1.759292e+00	-1.633628e+00	0.000000e+00	0.000000e+00	0.000000e+00
-1.633628e+00	-1.507964e+00	0.000000e+00	0.000000e+00	0.000000e+00
-1.507964e+00	-1.382301e+00	0.000000e+00	0.000000e+00	0.000000e+00
-1.382301e+00	-1.256637e+00	0.000000e+00	0.000000e+00	0.000000e+00
-1.256637e+00	-1.130973e+00	0.000000e+00	0.000000e+00	0.000000e+00
-1.130973e+00	-1.005310e+00	0.000000e+00	0.000000e+00	0.000000e+00
-1.005310e+00	-8.796459e-01	0.000000e+00	0.000000e+00	0.000000e+00
-8.796459e-01	-7.539822e-01	0.000000e+00	0.000000e+00	0.000000e+00
-7.539822e-01	-6.283185e-01	0.000000e+00	0.000000e+00	0.000000e+00
-6.283185e-01	-5.026548e-01	0.000000e+00	0.000000e+00	0.000000e+00
-5.026548e-01	-3.769911e-01	0.000000e+00	0.000000e+00	0.000000e+00
-3.769911e-01	-2.513274e-01	0.000000e+00	0.000000e+00	0.000000e+00
-2.513274e-01	-1.256637e-01	0.000000e+00	0.000000e+00	0.000000e+00
-1.256637e-01	4.440892e-16	0.000000e+00	0.000000e+00	0.000000e+00
4.440892e-16	1.256637e-01	9.911398e-04	3.548850e-05	3.548850e-05
1.256637e-01	2.513274e-01	9.822455e-04	3.532890e-05	3.532890e-05
2.513274e-01	3.769911e-01	9.962225e-04	3.557938e-05	3.557938e-05
3.769911e-01	5.026548e-01	1.010200e-03	3.582812e-05	3.582812e-05
5.026548e-01	6.283185e-01	9.987642e-04	3.562474e-05	3.562474e-05
6.283185e-01	7.539822e-01	9.644551e-04	3.500751e-05	3.500751e-05
7.539822e-01	8.796459e-01	1.061028e-03	3.671839e-05	3.671839e-05
8.796459e-01	1.005310e+00	8.856698e-04	3.354714e-05	3.354714e-05
1.005310e+00	1.130973e+00	9.631904e-04	3.498464e-05	3.498464e-05
1.130973e+00	1.256637e+00	9.733480e-04	3.516850e-05	3.516850e-05
1.256637e+00	1.382301e+00	9.288738e-04	3.435564e-05	3.435564e-05
1.382301e+00	1.507964e+00	9.631904e-04	3.498464e-05	3.498464e-05
1.507964e+00	1.633628e+00	1.033071e-03	3.623136e-05	3.623136e-05
1.633628e+00	1.759292e+00	9.542876e-04	3.482245e-05	3.482245e-05
1.759292e+00	1.884956e+00	9.517459e-04	3.477605e-05	3.477605e-05
1.884956e+00	2.010619e+00	9.797092e-04	3.528336e-05	3.528336e-05
2.010619e+00	2.136283e+00	9.415807e-04	3.458983e-05	3.458983e-05
2.136283e+00	2.261947e+00	9.110843e-04	3.402506e-05	3.402506e-05
2.261947e+00	2.387610e+00	9.403174e-04	3.456676e-05	3.456676e-05
2.387610e+00	2.513274e+00	9.492050e-04	3.472959e-05	3.472959e-05
2.513274e+00	2.638938e+00	9.619119e-04	3.496128e-05	3.496128e-05
2.638938e+00	2.764602e+00	1.008927e-03	3.580549e-05	3.580549e-05
2.764602e+00	2.890265e+00	8.793241e-04	3.342688e-05	3.342688e-05
2.890265e+00	3.015929e+00	9.364981e-04	3.449634e-05	3.449634e-05
3.015929e+00	3.141593e+00	9.555585e-04	3.484563e-05	3.484563e-05
# END HISTO1D


# BEGIN HISTO1D //eos/home-y/yiyu/monobc/Rivet_New2/X2000_pi20_L40_darkQCDsch.yoda.gz/JetMETAnalysis/jet_phi
ErrorBars=1
LineColor=violet
LineStyle=solid
Path=//eos/home-y/yiyu/monobc/Rivet_New2/X2000_pi20_L40_darkQCDsch.yoda.gz/JetMETAnalysis/jet_phi
ScaledBy=8.98697155011964807e-09
Title=X2000_pi20_L40
# xlow	 xhigh	 val	 errminus	 errplus
-3.141593e+00	-3.015929e+00	0.000000e+00	0.000000e+00	0.000000e+00
-3.015929e+00	-2.890265e+00	0.000000e+00	0.000000e+00	0.000000e+00
-2.890265e+00	-2.764602e+00	0.000000e+00	0.000000e+00	0.000000e+00
-2.764602e+00	-2.638938e+00	0.000000e+00	0.000000e+00	0.000000e+00
-2.638938e+00	-2.513274e+00	0.000000e+00	0.000000e+00	0.000000e+00
-2.513274e+00	-2.387610e+00	0.000000e+00	0.000000e+00	0.000000e+00
-2.387610e+00	-2.261947e+00	0.000000e+00	0.000000e+00	0.000000e+00
-2.261947e+00	-2.136283e+00	0.000000e+00	0.000000e+00	0.000000e+00
-2.136283e+00	-2.010619e+00	0.000000e+00	0.000000e+00	0.000000e+00
-2.010619e+00	-1.884956e+00	0.000000e+00	0.000000e+00	0.000000e+00
-1.884956e+00	-1.759292e+00	0.000000e+00	0.000000e+00	0.000000e+00
-1.759292e+00	-1.633628e+00	0.000000e+00	0.000000e+00	0.000000e+00
-1.633628e+00	-1.507964e+00	0.000000e+00	0.000000e+00	0.000000e+00
-1.507964e+00	-1.382301e+00	0.000000e+00	0.000000e+00	0.000000e+00
-1.382301e+00	-1.256637e+00	0.000000e+00	0.000000e+00	0.000000e+00
-1.256637e+00	-1.130973e+00	0.000000e+00	0.000000e+00	0.000000e+00
-1.130973e+00	-1.005310e+00	0.000000e+00	0.000000e+00	0.000000e+00
-1.005310e+00	-8.796459e-01	0.000000e+00	0.000000e+00	0.000000e+00
-8.796459e-01	-7.539822e-01	0.000000e+00	0.000000e+00	0.000000e+00
-7.539822e-01	-6.283185e-01	0.000000e+00	0.000000e+00	0.000000e+00
-6.283185e-01	-5.026548e-01	0.000000e+00	0.000000e+00	0.000000e+00
-5.026548e-01	-3.769911e-01	0.000000e+00	0.000000e+00	0.000000e+00
-3.769911e-01	-2.513274e-01	0.000000e+00	0.000000e+00	0.000000e+00
-2.513274e-01	-1.256637e-01	0.000000e+00	0.000000e+00	0.000000e+00
-1.256637e-01	4.440892e-16	0.000000e+00	0.000000e+00	0.000000e+00
4.440892e-16	1.256637e-01	5.771345e-05	2.031610e-06	2.031610e-06
1.256637e-01	2.513274e-01	6.043106e-05	2.078892e-06	2.078892e-06
2.513274e-01	3.769911e-01	6.143229e-05	2.096043e-06	2.096043e-06
3.769911e-01	5.026548e-01	5.721284e-05	2.022779e-06	2.022779e-06
5.026548e-01	6.283185e-01	6.050258e-05	2.080122e-06	2.080122e-06
6.283185e-01	7.539822e-01	6.000197e-05	2.071498e-06	2.071498e-06
7.539822e-01	8.796459e-01	5.814255e-05	2.039148e-06	2.039148e-06
8.796459e-01	1.005310e+00	5.628296e-05	2.006271e-06	2.006271e-06
1.005310e+00	1.130973e+00	5.900107e-05	2.054154e-06	2.054154e-06
1.130973e+00	1.256637e+00	6.028789e-05	2.076425e-06	2.076425e-06
1.256637e+00	1.382301e+00	5.964424e-05	2.065311e-06	2.065311e-06
1.382301e+00	1.507964e+00	6.114657e-05	2.091168e-06	2.091168e-06
1.507964e+00	1.633628e+00	5.885757e-05	2.051646e-06	2.051646e-06
1.633628e+00	1.759292e+00	5.757028e-05	2.029086e-06	2.029086e-06
1.759292e+00	1.884956e+00	5.807090e-05	2.037889e-06	2.037889e-06
1.884956e+00	2.010619e+00	5.950168e-05	2.062850e-06	2.062850e-06
2.010619e+00	2.136283e+00	6.143214e-05	2.096038e-06	2.096038e-06
2.136283e+00	2.261947e+00	6.171820e-05	2.100912e-06	2.100912e-06
2.261947e+00	2.387610e+00	5.792832e-05	2.035394e-06	2.035394e-06
2.387610e+00	2.513274e+00	5.928666e-05	2.059111e-06	2.059111e-06
2.513274e+00	2.638938e+00	5.563936e-05	1.994767e-06	1.994767e-06
2.638938e+00	2.764602e+00	5.785635e-05	2.034121e-06	2.034121e-06
2.764602e+00	2.890265e+00	6.221931e-05	2.109432e-06	2.109432e-06
2.890265e+00	3.015929e+00	5.885757e-05	2.051646e-06	2.051646e-06
3.015929e+00	3.141593e+00	5.885757e-05	2.051646e-06	2.051646e-06
# END HISTO1D

