# BEGIN PLOT
Legend=1
LogY=1
LegendPlacement=manual
LegendAlign=r
LegendXPos=1.36
RightMargin=3.7
Title=Jet multiplicity ($p_\mathrm{T} > 25$ GeV)
XLabel=$N_\mathrm{jets}$
YLabel=$\mathrm{d}\sigma/\mathrm{d}N_\mathrm{jets}$ [pb]
DrawOnly=//eos/home-y/yiyu/monobc/Rivet_New2/X600_pi20_L40_darkQCDsch.yoda.gz/JetMETAnalysis/jet_mult //eos/home-y/yiyu/monobc/Rivet_New2/X1200_pi20_L40_darkQCDsch.yoda.gz/JetMETAnalysis/jet_mult //eos/home-y/yiyu/monobc/Rivet_New2/X2000_pi20_L40_darkQCDsch.yoda.gz/JetMETAnalysis/jet_mult
LegendOnly=//eos/home-y/yiyu/monobc/Rivet_New2/X600_pi20_L40_darkQCDsch.yoda.gz/JetMETAnalysis/jet_mult //eos/home-y/yiyu/monobc/Rivet_New2/X1200_pi20_L40_darkQCDsch.yoda.gz/JetMETAnalysis/jet_mult //eos/home-y/yiyu/monobc/Rivet_New2/X2000_pi20_L40_darkQCDsch.yoda.gz/JetMETAnalysis/jet_mult
RatioPlot=1
RatioPlotReference=//eos/home-y/yiyu/monobc/Rivet_New2/X600_pi20_L40_darkQCDsch.yoda.gz/JetMETAnalysis/jet_mult
RatioPlotYLabel=Ratio
# END PLOT

# BEGIN HISTO1D //eos/home-y/yiyu/monobc/Rivet_New2/X600_pi20_L40_darkQCDsch.yoda.gz/JetMETAnalysis/jet_mult
ErrorBars=1
LineColor=red
LineStyle=solid
Path=//eos/home-y/yiyu/monobc/Rivet_New2/X600_pi20_L40_darkQCDsch.yoda.gz/JetMETAnalysis/jet_mult
ScaledBy=8.70500000000000051e-06
Title=X600_pi20_L40
# xlow	 xhigh	 val	 errminus	 errplus
-5.000000e-01	5.000000e-01	5.526805e-02	6.936197e-04	6.936197e-04
5.000000e-01	1.500000e+00	5.166417e-02	6.706240e-04	6.706240e-04
1.500000e+00	2.500000e+00	3.654359e-02	5.640142e-04	5.640142e-04
2.500000e+00	3.500000e+00	1.932510e-02	4.101524e-04	4.101524e-04
3.500000e+00	4.500000e+00	7.294790e-03	2.519943e-04	2.519943e-04
4.500000e+00	5.500000e+00	2.803010e-03	1.562056e-04	1.562056e-04
5.500000e+00	6.500000e+00	8.356800e-04	8.529123e-05	8.529123e-05
6.500000e+00	7.500000e+00	2.524450e-04	4.687786e-05	4.687786e-05
7.500000e+00	8.500000e+00	7.834500e-05	2.611500e-05	2.611500e-05
8.500000e+00	9.500000e+00	2.611500e-05	1.507750e-05	1.507750e-05
9.500000e+00	1.050000e+01	8.705000e-06	8.705000e-06	8.705000e-06
1.050000e+01	1.150000e+01	0.000000e+00	0.000000e+00	0.000000e+00
1.150000e+01	1.250000e+01	0.000000e+00	0.000000e+00	0.000000e+00
1.250000e+01	1.350000e+01	0.000000e+00	0.000000e+00	0.000000e+00
1.350000e+01	1.450000e+01	0.000000e+00	0.000000e+00	0.000000e+00
1.450000e+01	1.550000e+01	0.000000e+00	0.000000e+00	0.000000e+00
1.550000e+01	1.650000e+01	0.000000e+00	0.000000e+00	0.000000e+00
1.650000e+01	1.750000e+01	0.000000e+00	0.000000e+00	0.000000e+00
1.750000e+01	1.850000e+01	0.000000e+00	0.000000e+00	0.000000e+00
1.850000e+01	1.950000e+01	0.000000e+00	0.000000e+00	0.000000e+00
1.950000e+01	2.050000e+01	0.000000e+00	0.000000e+00	0.000000e+00
2.050000e+01	2.150000e+01	0.000000e+00	0.000000e+00	0.000000e+00
2.150000e+01	2.250000e+01	0.000000e+00	0.000000e+00	0.000000e+00
2.250000e+01	2.350000e+01	0.000000e+00	0.000000e+00	0.000000e+00
2.350000e+01	2.450000e+01	0.000000e+00	0.000000e+00	0.000000e+00
# END HISTO1D


# BEGIN HISTO1D //eos/home-y/yiyu/monobc/Rivet_New2/X1200_pi20_L40_darkQCDsch.yoda.gz/JetMETAnalysis/jet_mult
ErrorBars=1
LineColor=blue
LineStyle=solid
Path=//eos/home-y/yiyu/monobc/Rivet_New2/X1200_pi20_L40_darkQCDsch.yoda.gz/JetMETAnalysis/jet_mult
ScaledBy=3.01300000000000031e-07
Title=X1200_pi20_L40
# xlow	 xhigh	 val	 errminus	 errplus
-5.000000e-01	5.000000e-01	1.324816e-03	1.997917e-05	1.997917e-05
5.000000e-01	1.500000e+00	1.494749e-03	2.122188e-05	2.122188e-05
1.500000e+00	2.500000e+00	1.337471e-03	2.007436e-05	2.007436e-05
2.500000e+00	3.500000e+00	9.328248e-04	1.676485e-05	1.676485e-05
3.500000e+00	4.500000e+00	5.191399e-04	1.250667e-05	1.250667e-05
4.500000e+00	5.500000e+00	2.558037e-04	8.779160e-06	8.779160e-06
5.500000e+00	6.500000e+00	1.075641e-04	5.692896e-06	5.692896e-06
6.500000e+00	7.500000e+00	3.495080e-05	3.245101e-06	3.245101e-06
7.500000e+00	8.500000e+00	1.295590e-05	1.975756e-06	1.975756e-06
8.500000e+00	9.500000e+00	4.218200e-06	1.127362e-06	1.127362e-06
9.500000e+00	1.050000e+01	1.506500e-06	6.737273e-07	6.737273e-07
1.050000e+01	1.150000e+01	0.000000e+00	0.000000e+00	0.000000e+00
1.150000e+01	1.250000e+01	0.000000e+00	0.000000e+00	0.000000e+00
1.250000e+01	1.350000e+01	0.000000e+00	0.000000e+00	0.000000e+00
1.350000e+01	1.450000e+01	0.000000e+00	0.000000e+00	0.000000e+00
1.450000e+01	1.550000e+01	0.000000e+00	0.000000e+00	0.000000e+00
1.550000e+01	1.650000e+01	0.000000e+00	0.000000e+00	0.000000e+00
1.650000e+01	1.750000e+01	0.000000e+00	0.000000e+00	0.000000e+00
1.750000e+01	1.850000e+01	0.000000e+00	0.000000e+00	0.000000e+00
1.850000e+01	1.950000e+01	0.000000e+00	0.000000e+00	0.000000e+00
1.950000e+01	2.050000e+01	0.000000e+00	0.000000e+00	0.000000e+00
2.050000e+01	2.150000e+01	0.000000e+00	0.000000e+00	0.000000e+00
2.150000e+01	2.250000e+01	0.000000e+00	0.000000e+00	0.000000e+00
2.250000e+01	2.350000e+01	0.000000e+00	0.000000e+00	0.000000e+00
2.350000e+01	2.450000e+01	0.000000e+00	0.000000e+00	0.000000e+00
# END HISTO1D


# BEGIN HISTO1D //eos/home-y/yiyu/monobc/Rivet_New2/X2000_pi20_L40_darkQCDsch.yoda.gz/JetMETAnalysis/jet_mult
ErrorBars=1
LineColor=violet
LineStyle=solid
Path=//eos/home-y/yiyu/monobc/Rivet_New2/X2000_pi20_L40_darkQCDsch.yoda.gz/JetMETAnalysis/jet_mult
ScaledBy=1.85899999999999997e-08
Title=X2000_pi20_L40
# xlow	 xhigh	 val	 errminus	 errplus
-5.000000e-01	5.000000e-01	8.382231e-05	1.248302e-06	1.248302e-06
5.000000e-01	1.500000e+00	8.016008e-05	1.220728e-06	1.220728e-06
1.500000e+00	2.500000e+00	7.562412e-05	1.185686e-06	1.185686e-06
2.500000e+00	3.500000e+00	5.783349e-05	1.036882e-06	1.036882e-06
3.500000e+00	4.500000e+00	3.645499e-05	8.232243e-07	8.232243e-07
4.500000e+00	5.500000e+00	2.013297e-05	6.117777e-07	6.117777e-07
5.500000e+00	6.500000e+00	1.074502e-05	4.469339e-07	4.469339e-07
6.500000e+00	7.500000e+00	4.331470e-06	2.837640e-07	2.837640e-07
7.500000e+00	8.500000e+00	1.747460e-06	1.802367e-07	1.802367e-07
8.500000e+00	9.500000e+00	6.320600e-07	1.083974e-07	1.083974e-07
9.500000e+00	1.050000e+01	2.416700e-07	6.702720e-08	6.702720e-08
1.050000e+01	1.150000e+01	7.436000e-08	3.717999e-08	3.717999e-08
1.150000e+01	1.250000e+01	0.000000e+00	0.000000e+00	0.000000e+00
1.250000e+01	1.350000e+01	0.000000e+00	0.000000e+00	0.000000e+00
1.350000e+01	1.450000e+01	0.000000e+00	0.000000e+00	0.000000e+00
1.450000e+01	1.550000e+01	0.000000e+00	0.000000e+00	0.000000e+00
1.550000e+01	1.650000e+01	0.000000e+00	0.000000e+00	0.000000e+00
1.650000e+01	1.750000e+01	0.000000e+00	0.000000e+00	0.000000e+00
1.750000e+01	1.850000e+01	0.000000e+00	0.000000e+00	0.000000e+00
1.850000e+01	1.950000e+01	0.000000e+00	0.000000e+00	0.000000e+00
1.950000e+01	2.050000e+01	0.000000e+00	0.000000e+00	0.000000e+00
2.050000e+01	2.150000e+01	0.000000e+00	0.000000e+00	0.000000e+00
2.150000e+01	2.250000e+01	0.000000e+00	0.000000e+00	0.000000e+00
2.250000e+01	2.350000e+01	0.000000e+00	0.000000e+00	0.000000e+00
2.350000e+01	2.450000e+01	0.000000e+00	0.000000e+00	0.000000e+00
# END HISTO1D

