# BEGIN PLOT
Legend=1
LogY=1
LegendPlacement=manual
LegendAlign=r
LegendXPos=1.36
RightMargin=3.7
Title=Jet $\eta$ distribution
XLabel=$\eta^\mathrm{jet}$
YLabel=$\mathrm{d}\sigma/\mathrm{d}\eta^\mathrm{jet}$ [pb]
DrawOnly=//eos/home-y/yiyu/monobc/Rivet_New2/X600_pi20_L40_darkQCDsch.yoda.gz/JetMETAnalysis/jet_eta //eos/home-y/yiyu/monobc/Rivet_New2/X1200_pi20_L40_darkQCDsch.yoda.gz/JetMETAnalysis/jet_eta //eos/home-y/yiyu/monobc/Rivet_New2/X2000_pi20_L40_darkQCDsch.yoda.gz/JetMETAnalysis/jet_eta
LegendOnly=//eos/home-y/yiyu/monobc/Rivet_New2/X600_pi20_L40_darkQCDsch.yoda.gz/JetMETAnalysis/jet_eta //eos/home-y/yiyu/monobc/Rivet_New2/X1200_pi20_L40_darkQCDsch.yoda.gz/JetMETAnalysis/jet_eta //eos/home-y/yiyu/monobc/Rivet_New2/X2000_pi20_L40_darkQCDsch.yoda.gz/JetMETAnalysis/jet_eta
RatioPlot=1
RatioPlotReference=//eos/home-y/yiyu/monobc/Rivet_New2/X600_pi20_L40_darkQCDsch.yoda.gz/JetMETAnalysis/jet_eta
RatioPlotYLabel=Ratio
# END PLOT

# BEGIN HISTO1D //eos/home-y/yiyu/monobc/Rivet_New2/X600_pi20_L40_darkQCDsch.yoda.gz/JetMETAnalysis/jet_eta
ErrorBars=1
LineColor=red
LineStyle=solid
Path=//eos/home-y/yiyu/monobc/Rivet_New2/X600_pi20_L40_darkQCDsch.yoda.gz/JetMETAnalysis/jet_eta
ScaledBy=6.48634551618792145e-06
Title=X600_pi20_L40
# xlow	 xhigh	 val	 errminus	 errplus
-2.500000e+00	-2.400000e+00	1.699423e-02	1.049907e-03	1.049907e-03
-2.400000e+00	-2.300000e+00	1.842122e-02	1.093098e-03	1.093098e-03
-2.300000e+00	-2.200000e+00	1.991308e-02	1.136499e-03	1.136499e-03
-2.200000e+00	-2.100000e+00	1.958876e-02	1.127207e-03	1.127207e-03
-2.100000e+00	-2.000000e+00	2.309139e-02	1.223841e-03	1.223841e-03
-2.000000e+00	-1.900000e+00	2.769670e-02	1.340337e-03	1.340337e-03
-1.900000e+00	-1.800000e+00	2.808588e-02	1.349721e-03	1.349721e-03
-1.800000e+00	-1.700000e+00	3.113446e-02	1.421087e-03	1.421087e-03
-1.700000e+00	-1.600000e+00	2.918855e-02	1.375962e-03	1.375962e-03
-1.600000e+00	-1.500000e+00	3.178309e-02	1.435814e-03	1.435814e-03
-1.500000e+00	-1.400000e+00	3.314523e-02	1.466259e-03	1.466259e-03
-1.400000e+00	-1.300000e+00	3.385872e-02	1.481956e-03	1.481956e-03
-1.300000e+00	-1.200000e+00	4.125316e-02	1.635794e-03	1.635794e-03
-1.200000e+00	-1.100000e+00	3.937212e-02	1.598065e-03	1.598065e-03
-1.100000e+00	-1.000000e+00	4.073425e-02	1.625473e-03	1.625473e-03
-1.000000e+00	-9.000000e-01	4.099370e-02	1.630642e-03	1.630642e-03
-9.000000e-01	-8.000000e-01	4.248556e-02	1.660048e-03	1.660048e-03
-8.000000e-01	-7.000000e-01	4.456119e-02	1.700116e-03	1.700116e-03
-7.000000e-01	-6.000000e-01	4.319906e-02	1.673930e-03	1.673930e-03
-6.000000e-01	-5.000000e-01	4.475578e-02	1.703824e-03	1.703824e-03
-5.000000e-01	-4.000000e-01	4.475578e-02	1.703824e-03	1.703824e-03
-4.000000e-01	-3.000000e-01	4.495037e-02	1.707524e-03	1.707524e-03
-3.000000e-01	-2.000000e-01	4.469092e-02	1.702589e-03	1.702589e-03
-2.000000e-01	-1.000000e-01	4.319906e-02	1.673930e-03	1.673930e-03
-1.000000e-01	0.000000e+00	4.618278e-02	1.730773e-03	1.730773e-03
0.000000e+00	1.000000e-01	4.566387e-02	1.721022e-03	1.721022e-03
1.000000e-01	2.000000e-01	4.605305e-02	1.728340e-03	1.728340e-03
2.000000e-01	3.000000e-01	4.482065e-02	1.705058e-03	1.705058e-03
3.000000e-01	4.000000e-01	4.079911e-02	1.626767e-03	1.626767e-03
4.000000e-01	5.000000e-01	4.293961e-02	1.668895e-03	1.668895e-03
5.000000e-01	6.000000e-01	4.423688e-02	1.693918e-03	1.693918e-03
6.000000e-01	7.000000e-01	4.287474e-02	1.667634e-03	1.667634e-03
7.000000e-01	8.000000e-01	4.579360e-02	1.723465e-03	1.723465e-03
8.000000e-01	9.000000e-01	4.293961e-02	1.668895e-03	1.668895e-03
9.000000e-01	1.000000e+00	4.170720e-02	1.644771e-03	1.644771e-03
1.000000e+00	1.100000e+00	3.930725e-02	1.596748e-03	1.596748e-03
1.100000e+00	1.200000e+00	3.755594e-02	1.560772e-03	1.560772e-03
1.200000e+00	1.300000e+00	3.483168e-02	1.503098e-03	1.503098e-03
1.300000e+00	1.400000e+00	3.243173e-02	1.450391e-03	1.450391e-03
1.400000e+00	1.500000e+00	3.612894e-02	1.530832e-03	1.530832e-03
1.500000e+00	1.600000e+00	3.301550e-02	1.463386e-03	1.463386e-03
1.600000e+00	1.700000e+00	3.158850e-02	1.431412e-03	1.431412e-03
1.700000e+00	1.800000e+00	2.866965e-02	1.363676e-03	1.363676e-03
1.800000e+00	1.900000e+00	2.529675e-02	1.280950e-03	1.280950e-03
1.900000e+00	2.000000e+00	2.412921e-02	1.251041e-03	1.251041e-03
2.000000e+00	2.100000e+00	2.445352e-02	1.259421e-03	1.259421e-03
2.100000e+00	2.200000e+00	2.159953e-02	1.183647e-03	1.183647e-03
2.200000e+00	2.300000e+00	1.757800e-02	1.067787e-03	1.067787e-03
2.300000e+00	2.400000e+00	1.835636e-02	1.091172e-03	1.091172e-03
2.400000e+00	2.500000e+00	1.602127e-02	1.019409e-03	1.019409e-03
# END HISTO1D


# BEGIN HISTO1D //eos/home-y/yiyu/monobc/Rivet_New2/X1200_pi20_L40_darkQCDsch.yoda.gz/JetMETAnalysis/jet_eta
ErrorBars=1
LineColor=blue
LineStyle=solid
Path=//eos/home-y/yiyu/monobc/Rivet_New2/X1200_pi20_L40_darkQCDsch.yoda.gz/JetMETAnalysis/jet_eta
ScaledBy=1.59679898245800000e-07
Title=X1200_pi20_L40
# xlow	 xhigh	 val	 errminus	 errplus
-2.500000e+00	-2.400000e+00	4.039901e-04	2.539864e-05	2.539864e-05
-2.400000e+00	-2.300000e+00	5.173629e-04	2.874238e-05	2.874238e-05
-2.300000e+00	-2.200000e+00	5.205565e-04	2.883096e-05	2.883096e-05
-2.200000e+00	-2.100000e+00	6.083804e-04	3.116827e-05	3.116827e-05
-2.100000e+00	-2.000000e+00	6.978012e-04	3.338035e-05	3.338035e-05
-2.000000e+00	-1.900000e+00	7.425115e-04	3.443315e-05	3.443315e-05
-1.900000e+00	-1.800000e+00	8.095771e-04	3.595458e-05	3.595458e-05
-1.800000e+00	-1.700000e+00	8.159643e-04	3.609614e-05	3.609614e-05
-1.700000e+00	-1.600000e+00	8.638682e-04	3.714060e-05	3.714060e-05
-1.600000e+00	-1.500000e+00	9.868218e-04	3.969579e-05	3.969579e-05
-1.500000e+00	-1.400000e+00	1.073049e-03	4.139376e-05	4.139376e-05
-1.400000e+00	-1.300000e+00	1.189615e-03	4.358413e-05	4.358413e-05
-1.300000e+00	-1.200000e+00	1.207180e-03	4.390472e-05	4.390472e-05
-1.200000e+00	-1.100000e+00	1.223148e-03	4.419414e-05	4.419414e-05
-1.100000e+00	-1.000000e+00	1.354086e-03	4.649948e-05	4.649948e-05
-1.000000e+00	-9.000000e-01	1.555282e-03	4.983446e-05	4.983446e-05
-9.000000e-01	-8.000000e-01	1.593605e-03	5.044469e-05	5.044469e-05
-8.000000e-01	-7.000000e-01	1.643106e-03	5.122216e-05	5.122216e-05
-7.000000e-01	-6.000000e-01	1.710172e-03	5.225706e-05	5.225706e-05
-6.000000e-01	-5.000000e-01	1.727736e-03	5.252474e-05	5.252474e-05
-5.000000e-01	-4.000000e-01	1.810770e-03	5.377207e-05	5.377207e-05
-4.000000e-01	-3.000000e-01	1.735720e-03	5.264596e-05	5.264596e-05
-3.000000e-01	-2.000000e-01	1.761269e-03	5.303200e-05	5.303200e-05
-2.000000e-01	-1.000000e-01	1.866658e-03	5.459559e-05	5.459559e-05
-1.000000e-01	0.000000e+00	1.705381e-03	5.218382e-05	5.218382e-05
0.000000e+00	1.000000e-01	1.759672e-03	5.300795e-05	5.300795e-05
1.000000e-01	2.000000e-01	1.794802e-03	5.353446e-05	5.353446e-05
2.000000e-01	3.000000e-01	1.767656e-03	5.312807e-05	5.312807e-05
3.000000e-01	4.000000e-01	1.734124e-03	5.262174e-05	5.262174e-05
4.000000e-01	5.000000e-01	1.743704e-03	5.276690e-05	5.276690e-05
5.000000e-01	6.000000e-01	1.662268e-03	5.151997e-05	5.151997e-05
6.000000e-01	7.000000e-01	1.643106e-03	5.122216e-05	5.122216e-05
7.000000e-01	8.000000e-01	1.617557e-03	5.082238e-05	5.082238e-05
8.000000e-01	9.000000e-01	1.475442e-03	4.853849e-05	4.853849e-05
9.000000e-01	1.000000e+00	1.446700e-03	4.806339e-05	4.806339e-05
1.000000e+00	1.100000e+00	1.406780e-03	4.739562e-05	4.739562e-05
1.100000e+00	1.200000e+00	1.302988e-03	4.561370e-05	4.561370e-05
1.200000e+00	1.300000e+00	1.256681e-03	4.479584e-05	4.479584e-05
1.300000e+00	1.400000e+00	1.160873e-03	4.305440e-05	4.305440e-05
1.400000e+00	1.500000e+00	1.101791e-03	4.194448e-05	4.194448e-05
1.500000e+00	1.600000e+00	1.029935e-03	4.055367e-05	4.055367e-05
1.600000e+00	1.700000e+00	8.942074e-04	3.778717e-05	3.778717e-05
1.700000e+00	1.800000e+00	8.718522e-04	3.731183e-05	3.731183e-05
1.800000e+00	1.900000e+00	8.750458e-04	3.738010e-05	3.738010e-05
1.900000e+00	2.000000e+00	6.626716e-04	3.252926e-05	3.252926e-05
2.000000e+00	2.100000e+00	6.658652e-04	3.260756e-05	3.260756e-05
2.100000e+00	2.200000e+00	5.429117e-04	2.944352e-05	2.944352e-05
2.200000e+00	2.300000e+00	5.812348e-04	3.046498e-05	3.046498e-05
2.300000e+00	2.400000e+00	4.966045e-04	2.815986e-05	2.815986e-05
2.400000e+00	2.500000e+00	4.375229e-04	2.643173e-05	2.643173e-05
# END HISTO1D


# BEGIN HISTO1D //eos/home-y/yiyu/monobc/Rivet_New2/X2000_pi20_L40_darkQCDsch.yoda.gz/JetMETAnalysis/jet_eta
ErrorBars=1
LineColor=violet
LineStyle=solid
Path=//eos/home-y/yiyu/monobc/Rivet_New2/X2000_pi20_L40_darkQCDsch.yoda.gz/JetMETAnalysis/jet_eta
ScaledBy=8.98697155011964807e-09
Title=X2000_pi20_L40
# xlow	 xhigh	 val	 errminus	 errplus
-2.500000e+00	-2.400000e+00	2.471417e-05	1.490321e-06	1.490321e-06
-2.400000e+00	-2.300000e+00	2.714065e-05	1.561769e-06	1.561769e-06
-2.300000e+00	-2.200000e+00	2.911779e-05	1.617655e-06	1.617655e-06
-2.200000e+00	-2.100000e+00	3.100505e-05	1.669256e-06	1.669256e-06
-2.100000e+00	-2.000000e+00	3.450997e-05	1.761079e-06	1.761079e-06
-2.000000e+00	-1.900000e+00	3.837437e-05	1.857066e-06	1.857066e-06
-1.900000e+00	-1.800000e+00	4.376655e-05	1.983252e-06	1.983252e-06
-1.800000e+00	-1.700000e+00	4.852965e-05	2.088384e-06	2.088384e-06
-1.700000e+00	-1.600000e+00	5.410157e-05	2.205015e-06	2.205015e-06
-1.600000e+00	-1.500000e+00	5.607870e-05	2.244945e-06	2.244945e-06
-1.500000e+00	-1.400000e+00	5.895453e-05	2.301788e-06	2.301788e-06
-1.400000e+00	-1.300000e+00	7.261473e-05	2.554577e-06	2.554577e-06
-1.300000e+00	-1.200000e+00	7.405265e-05	2.579746e-06	2.579746e-06
-1.200000e+00	-1.100000e+00	7.746769e-05	2.638560e-06	2.638560e-06
-1.100000e+00	-1.000000e+00	8.285988e-05	2.728845e-06	2.728845e-06
-1.000000e+00	-9.000000e-01	9.013932e-05	2.846190e-06	2.846190e-06
-9.000000e-01	-8.000000e-01	9.804786e-05	2.968423e-06	2.968423e-06
-8.000000e-01	-7.000000e-01	9.867695e-05	2.977930e-06	2.977930e-06
-7.000000e-01	-6.000000e-01	1.057767e-04	3.083199e-06	3.083199e-06
-6.000000e-01	-5.000000e-01	1.041590e-04	3.059533e-06	3.059533e-06
-5.000000e-01	-4.000000e-01	1.126068e-04	3.181185e-06	3.181185e-06
-4.000000e-01	-3.000000e-01	1.179091e-04	3.255219e-06	3.255219e-06
-3.000000e-01	-2.000000e-01	1.201558e-04	3.286087e-06	3.286087e-06
-2.000000e-01	-1.000000e-01	1.295921e-04	3.412684e-06	3.412684e-06
-1.000000e-01	0.000000e+00	1.212342e-04	3.300801e-06	3.300801e-06
0.000000e+00	1.000000e-01	1.217735e-04	3.308134e-06	3.308134e-06
1.000000e-01	2.000000e-01	1.234810e-04	3.331246e-06	3.331246e-06
2.000000e-01	3.000000e-01	1.205153e-04	3.290998e-06	3.290998e-06
3.000000e-01	4.000000e-01	1.181787e-04	3.258938e-06	3.258938e-06
4.000000e-01	5.000000e-01	1.130561e-04	3.187526e-06	3.187526e-06
5.000000e-01	6.000000e-01	1.100904e-04	3.145440e-06	3.145440e-06
6.000000e-01	7.000000e-01	1.022717e-04	3.031688e-06	3.031688e-06
7.000000e-01	8.000000e-01	1.018224e-04	3.025020e-06	3.025020e-06
8.000000e-01	9.000000e-01	9.768838e-05	2.962976e-06	2.962976e-06
9.000000e-01	1.000000e+00	8.879128e-05	2.824827e-06	2.824827e-06
1.000000e+00	1.100000e+00	8.735336e-05	2.801860e-06	2.801860e-06
1.100000e+00	1.200000e+00	8.375857e-05	2.743603e-06	2.743603e-06
1.200000e+00	1.300000e+00	7.261473e-05	2.554577e-06	2.554577e-06
1.300000e+00	1.400000e+00	6.982877e-05	2.505093e-06	2.505093e-06
1.400000e+00	1.500000e+00	5.724701e-05	2.268209e-06	2.268209e-06
1.500000e+00	1.600000e+00	5.625844e-05	2.248540e-06	2.248540e-06
1.600000e+00	1.700000e+00	5.347248e-05	2.192158e-06	2.192158e-06
1.700000e+00	1.800000e+00	4.951821e-05	2.109547e-06	2.109547e-06
1.800000e+00	1.900000e+00	4.277798e-05	1.960726e-06	1.960726e-06
1.900000e+00	2.000000e+00	4.250838e-05	1.954537e-06	1.954537e-06
2.000000e+00	2.100000e+00	3.127466e-05	1.676498e-06	1.676498e-06
2.100000e+00	2.200000e+00	3.397075e-05	1.747267e-06	1.747267e-06
2.200000e+00	2.300000e+00	3.118479e-05	1.674087e-06	1.674087e-06
2.300000e+00	2.400000e+00	2.408508e-05	1.471231e-06	1.471231e-06
2.400000e+00	2.500000e+00	2.201808e-05	1.406684e-06	1.406684e-06
# END HISTO1D

