# BEGIN PLOT
Legend=1
LogY=1
LegendPlacement=manual
LegendAlign=r
LegendXPos=1.36
RightMargin=3.7
Title=Jet $p_\mathrm{T}$ spectrum
XLabel=$p_\mathrm{T}^\mathrm{jet}$ [GeV]
YLabel=$\mathrm{d}\sigma/\mathrm{d}p_\mathrm{T}^\mathrm{jet}$ [pb/GeV]
LogX=1
DrawOnly=//eos/home-y/yiyu/monobc/Rivet_New2/X600_pi20_L40_darkQCDsch.yoda.gz/JetMETAnalysis/jet_pt //eos/home-y/yiyu/monobc/Rivet_New2/X1200_pi20_L40_darkQCDsch.yoda.gz/JetMETAnalysis/jet_pt //eos/home-y/yiyu/monobc/Rivet_New2/X2000_pi20_L40_darkQCDsch.yoda.gz/JetMETAnalysis/jet_pt
LegendOnly=//eos/home-y/yiyu/monobc/Rivet_New2/X600_pi20_L40_darkQCDsch.yoda.gz/JetMETAnalysis/jet_pt //eos/home-y/yiyu/monobc/Rivet_New2/X1200_pi20_L40_darkQCDsch.yoda.gz/JetMETAnalysis/jet_pt //eos/home-y/yiyu/monobc/Rivet_New2/X2000_pi20_L40_darkQCDsch.yoda.gz/JetMETAnalysis/jet_pt
RatioPlot=1
RatioPlotReference=//eos/home-y/yiyu/monobc/Rivet_New2/X600_pi20_L40_darkQCDsch.yoda.gz/JetMETAnalysis/jet_pt
RatioPlotYLabel=Ratio
# END PLOT

# BEGIN HISTO1D //eos/home-y/yiyu/monobc/Rivet_New2/X600_pi20_L40_darkQCDsch.yoda.gz/JetMETAnalysis/jet_pt
ErrorBars=1
LineColor=red
LineStyle=solid
Path=//eos/home-y/yiyu/monobc/Rivet_New2/X600_pi20_L40_darkQCDsch.yoda.gz/JetMETAnalysis/jet_pt
ScaledBy=6.48634551618792145e-06
Title=X600_pi20_L40
# xlow	 xhigh	 val	 errminus	 errplus
1.000000e+01	1.054412e+01	0.000000e+00	0.000000e+00	0.000000e+00
1.054412e+01	1.111784e+01	0.000000e+00	0.000000e+00	0.000000e+00
1.111784e+01	1.172279e+01	0.000000e+00	0.000000e+00	0.000000e+00
1.172279e+01	1.236065e+01	0.000000e+00	0.000000e+00	0.000000e+00
1.236065e+01	1.303321e+01	0.000000e+00	0.000000e+00	0.000000e+00
1.303321e+01	1.374238e+01	0.000000e+00	0.000000e+00	0.000000e+00
1.374238e+01	1.449012e+01	0.000000e+00	0.000000e+00	0.000000e+00
1.449012e+01	1.527856e+01	0.000000e+00	0.000000e+00	0.000000e+00
1.527856e+01	1.610989e+01	0.000000e+00	0.000000e+00	0.000000e+00
1.610989e+01	1.698646e+01	0.000000e+00	0.000000e+00	0.000000e+00
1.698646e+01	1.791073e+01	0.000000e+00	0.000000e+00	0.000000e+00
1.791073e+01	1.888529e+01	0.000000e+00	0.000000e+00	0.000000e+00
1.888529e+01	1.991287e+01	0.000000e+00	0.000000e+00	0.000000e+00
1.991287e+01	2.099637e+01	5.806880e-03	1.864477e-04	1.864477e-04
2.099637e+01	2.213882e+01	5.433440e-03	1.756381e-04	1.756381e-04
2.213882e+01	2.334344e+01	4.986100e-03	1.638534e-04	1.638534e-04
2.334344e+01	2.461360e+01	4.856487e-03	1.574824e-04	1.574824e-04
2.461360e+01	2.595287e+01	4.504171e-03	1.476976e-04	1.476976e-04
2.595287e+01	2.736502e+01	4.046645e-03	1.363350e-04	1.363350e-04
2.736502e+01	2.885400e+01	3.846555e-03	1.294469e-04	1.294469e-04
2.885400e+01	3.042400e+01	3.424955e-03	1.189536e-04	1.189536e-04
3.042400e+01	3.207943e+01	3.138498e-03	1.108934e-04	1.108934e-04
3.207943e+01	3.382493e+01	3.088028e-03	1.071225e-04	1.071225e-04
3.382493e+01	3.566541e+01	2.770075e-03	9.880531e-05	9.880531e-05
3.566541e+01	3.760603e+01	2.677270e-03	9.459667e-05	9.459667e-05
3.760603e+01	3.965225e+01	2.475704e-03	8.858767e-05	8.858767e-05
3.965225e+01	4.180980e+01	2.402072e-03	8.497919e-05	8.497919e-05
4.180980e+01	4.408475e+01	2.249600e-03	8.008786e-05	8.008786e-05
4.408475e+01	4.648349e+01	1.963150e-03	7.285933e-05	7.285933e-05
4.648349e+01	4.901274e+01	1.887496e-03	6.957404e-05	6.957404e-05
4.901274e+01	5.167962e+01	1.692801e-03	6.416544e-05	6.416544e-05
5.167962e+01	5.449160e+01	1.589304e-03	6.054768e-05	6.054768e-05
5.449160e+01	5.745660e+01	1.500719e-03	5.729774e-05	5.729774e-05
5.745660e+01	6.058292e+01	1.516645e-03	5.609516e-05	5.609516e-05
6.058292e+01	6.387935e+01	1.294739e-03	5.047417e-05	5.047417e-05
6.387935e+01	6.735515e+01	1.138348e-03	4.609037e-05	4.609037e-05
6.735515e+01	7.102007e+01	1.081376e-03	4.374780e-05	4.374780e-05
7.102007e+01	7.488441e+01	9.030401e-04	3.893282e-05	3.893282e-05
7.488441e+01	7.895901e+01	9.264843e-04	3.840401e-05	3.840401e-05
7.895901e+01	8.325532e+01	8.258322e-04	3.531003e-05	3.531003e-05
8.325532e+01	8.778540e+01	7.388289e-04	3.252513e-05	3.252513e-05
8.778540e+01	9.256197e+01	6.694695e-04	3.015139e-05	3.015139e-05
9.256197e+01	9.759844e+01	5.962863e-04	2.771177e-05	2.771177e-05
9.759844e+01	1.029090e+02	5.435254e-04	2.576557e-05	2.576557e-05
1.029090e+02	1.085084e+02	4.483009e-04	2.278841e-05	2.278841e-05
1.085084e+02	1.144126e+02	4.284535e-04	2.169558e-05	2.169558e-05
1.144126e+02	1.206380e+02	3.928024e-04	2.023035e-05	2.023035e-05
1.206380e+02	1.272021e+02	3.596883e-04	1.885278e-05	1.885278e-05
1.272021e+02	1.341234e+02	2.773985e-04	1.612346e-05	1.612346e-05
1.341234e+02	1.414214e+02	2.488596e-04	1.487220e-05	1.487220e-05
1.414214e+02	1.491164e+02	2.301198e-04	1.392749e-05	1.392749e-05
1.491164e+02	1.572301e+02	1.966601e-04	1.253859e-05	1.253859e-05
1.572301e+02	1.657853e+02	1.675568e-04	1.127109e-05	1.127109e-05
1.657853e+02	1.748059e+02	1.438118e-04	1.016903e-05	1.016903e-05
1.748059e+02	1.843175e+02	1.036550e-04	8.407527e-06	8.407527e-06
1.843175e+02	1.943465e+02	8.731245e-05	7.514660e-06	7.514660e-06
1.943465e+02	2.049213e+02	7.483207e-05	6.774977e-06	6.774977e-06
2.049213e+02	2.160715e+02	5.584556e-05	5.699714e-06	5.699714e-06
2.160715e+02	2.278283e+02	4.358510e-05	4.903707e-06	4.903707e-06
2.278283e+02	2.402249e+02	3.871946e-05	4.501045e-06	4.501045e-06
2.402249e+02	2.532960e+02	3.622520e-05	4.239839e-06	4.239839e-06
2.532960e+02	2.670783e+02	2.776709e-05	3.614967e-06	3.614967e-06
2.670783e+02	2.816105e+02	1.785372e-05	2.822921e-06	2.822921e-06
2.816105e+02	2.969335e+02	1.904885e-05	2.839635e-06	2.839635e-06
2.969335e+02	3.130902e+02	1.525566e-05	2.474795e-06	2.474795e-06
3.130902e+02	3.301261e+02	1.142237e-05	2.085430e-06	2.085430e-06
3.301261e+02	3.480888e+02	1.299963e-05	2.166605e-06	2.166605e-06
3.480888e+02	3.670290e+02	8.561610e-06	1.712322e-06	1.712322e-06
3.670290e+02	3.869998e+02	8.119785e-06	1.623957e-06	1.623957e-06
3.869998e+02	4.080572e+02	5.852603e-06	1.342679e-06	1.342679e-06
4.080572e+02	4.302603e+02	3.797780e-06	1.053315e-06	1.053315e-06
4.302603e+02	4.536716e+02	6.372389e-06	1.328735e-06	1.328735e-06
4.536716e+02	4.783567e+02	5.255271e-06	1.175115e-06	1.175115e-06
4.783567e+02	5.043850e+02	2.990443e-06	8.632665e-07	8.632665e-07
5.043850e+02	5.318296e+02	2.127089e-06	7.090297e-07	7.090297e-07
5.318296e+02	5.607674e+02	2.689774e-06	7.764709e-07	7.764709e-07
5.607674e+02	5.912799e+02	1.488060e-06	5.624336e-07	5.624336e-07
5.912799e+02	6.234525e+02	1.008054e-06	4.508156e-07	4.508156e-07
6.234525e+02	6.573758e+02	3.824124e-07	2.704064e-07	2.704064e-07
6.573758e+02	6.931448e+02	1.813399e-07	1.813399e-07	1.813399e-07
6.931448e+02	7.308602e+02	3.439627e-07	2.432184e-07	2.432184e-07
7.308602e+02	7.706277e+02	1.631067e-07	1.631067e-07	1.631067e-07
7.706277e+02	8.125590e+02	4.640696e-07	2.679306e-07	2.679306e-07
8.125590e+02	8.567719e+02	1.467071e-07	1.467071e-07	1.467071e-07
8.567719e+02	9.033905e+02	1.391364e-07	1.391364e-07	1.391364e-07
9.033905e+02	9.525456e+02	1.319567e-07	1.319567e-07	1.319567e-07
9.525456e+02	1.004375e+03	1.251480e-07	1.251480e-07	1.251480e-07
1.004375e+03	1.059025e+03	0.000000e+00	0.000000e+00	0.000000e+00
1.059025e+03	1.116649e+03	1.125633e-07	1.125633e-07	1.125633e-07
1.116649e+03	1.177408e+03	0.000000e+00	0.000000e+00	0.000000e+00
1.177408e+03	1.241473e+03	1.012463e-07	1.012463e-07	1.012463e-07
1.241473e+03	1.309024e+03	9.602147e-08	9.602146e-08	9.602146e-08
1.309024e+03	1.380250e+03	0.000000e+00	0.000000e+00	0.000000e+00
1.380250e+03	1.455352e+03	0.000000e+00	0.000000e+00	0.000000e+00
1.455352e+03	1.534541e+03	0.000000e+00	0.000000e+00	0.000000e+00
1.534541e+03	1.618038e+03	0.000000e+00	0.000000e+00	0.000000e+00
1.618038e+03	1.706079e+03	0.000000e+00	0.000000e+00	0.000000e+00
1.706079e+03	1.798910e+03	0.000000e+00	0.000000e+00	0.000000e+00
1.798910e+03	1.896792e+03	0.000000e+00	0.000000e+00	0.000000e+00
1.896792e+03	2.000000e+03	0.000000e+00	0.000000e+00	0.000000e+00
# END HISTO1D


# BEGIN HISTO1D //eos/home-y/yiyu/monobc/Rivet_New2/X1200_pi20_L40_darkQCDsch.yoda.gz/JetMETAnalysis/jet_pt
ErrorBars=1
LineColor=blue
LineStyle=solid
Path=//eos/home-y/yiyu/monobc/Rivet_New2/X1200_pi20_L40_darkQCDsch.yoda.gz/JetMETAnalysis/jet_pt
ScaledBy=1.59679898245800000e-07
Title=X1200_pi20_L40
# xlow	 xhigh	 val	 errminus	 errplus
1.000000e+01	1.054412e+01	0.000000e+00	0.000000e+00	0.000000e+00
1.054412e+01	1.111784e+01	0.000000e+00	0.000000e+00	0.000000e+00
1.111784e+01	1.172279e+01	0.000000e+00	0.000000e+00	0.000000e+00
1.172279e+01	1.236065e+01	0.000000e+00	0.000000e+00	0.000000e+00
1.236065e+01	1.303321e+01	0.000000e+00	0.000000e+00	0.000000e+00
1.303321e+01	1.374238e+01	0.000000e+00	0.000000e+00	0.000000e+00
1.374238e+01	1.449012e+01	0.000000e+00	0.000000e+00	0.000000e+00
1.449012e+01	1.527856e+01	0.000000e+00	0.000000e+00	0.000000e+00
1.527856e+01	1.610989e+01	0.000000e+00	0.000000e+00	0.000000e+00
1.610989e+01	1.698646e+01	0.000000e+00	0.000000e+00	0.000000e+00
1.698646e+01	1.791073e+01	0.000000e+00	0.000000e+00	0.000000e+00
1.791073e+01	1.888529e+01	0.000000e+00	0.000000e+00	0.000000e+00
1.888529e+01	1.991287e+01	0.000000e+00	0.000000e+00	0.000000e+00
1.991287e+01	2.099637e+01	1.576904e-04	4.820735e-06	4.820735e-06
2.099637e+01	2.213882e+01	1.470378e-04	4.533367e-06	4.533367e-06
2.213882e+01	2.334344e+01	1.443537e-04	4.374356e-06	4.374356e-06
2.334344e+01	2.461360e+01	1.342651e-04	4.108445e-06	4.108445e-06
2.461360e+01	2.595287e+01	1.191098e-04	3.768468e-06	3.768468e-06
2.595287e+01	2.736502e+01	1.265317e-04	3.782548e-06	3.782548e-06
2.736502e+01	2.885400e+01	1.037022e-04	3.334837e-06	3.334837e-06
2.885400e+01	3.042400e+01	9.885917e-05	3.170909e-06	3.170909e-06
3.042400e+01	3.207943e+01	1.004131e-04	3.112180e-06	3.112180e-06
3.207943e+01	3.382493e+01	8.809608e-05	2.838857e-06	2.838857e-06
3.382493e+01	3.566541e+01	8.771429e-05	2.758638e-06	2.758638e-06
3.566541e+01	3.760603e+01	8.154239e-05	2.590279e-06	2.590279e-06
3.760603e+01	3.965225e+01	7.233988e-05	2.375953e-06	2.375953e-06
3.965225e+01	4.180980e+01	7.208556e-05	2.309771e-06	2.309771e-06
4.180980e+01	4.408475e+01	6.962900e-05	2.210723e-06	2.210723e-06
4.408475e+01	4.648349e+01	6.530345e-05	2.084978e-06	2.084978e-06
4.648349e+01	4.901274e+01	6.142868e-05	1.969314e-06	1.969314e-06
4.901274e+01	5.167962e+01	5.742028e-05	1.854198e-06	1.854198e-06
5.167962e+01	5.449160e+01	5.479808e-05	1.764013e-06	1.764013e-06
5.449160e+01	5.745660e+01	5.170074e-05	1.668634e-06	1.668634e-06
5.745660e+01	6.058292e+01	4.550871e-05	1.524599e-06	1.524599e-06
6.058292e+01	6.387935e+01	4.170706e-05	1.421373e-06	1.421373e-06
6.387935e+01	6.735515e+01	3.992226e-05	1.354270e-06	1.354270e-06
6.735515e+01	7.102007e+01	3.720862e-05	1.273253e-06	1.273253e-06
7.102007e+01	7.488441e+01	3.528846e-05	1.207546e-06	1.207546e-06
7.488441e+01	7.895901e+01	3.162561e-05	1.113274e-06	1.113274e-06
7.895901e+01	8.325532e+01	3.010507e-05	1.057784e-06	1.057784e-06
8.325532e+01	8.778540e+01	2.721208e-05	9.793840e-07	9.793840e-07
8.778540e+01	9.256197e+01	2.607526e-05	9.336441e-07	9.336441e-07
9.256197e+01	9.759844e+01	2.276400e-05	8.495447e-07	8.495447e-07
9.759844e+01	1.029090e+02	1.927382e-05	7.612705e-07	7.612705e-07
1.029090e+02	1.085084e+02	1.819406e-05	7.203093e-07	7.203093e-07
1.085084e+02	1.144126e+02	1.552391e-05	6.479554e-07	6.479554e-07
1.144126e+02	1.206380e+02	1.451775e-05	6.102267e-07	6.102267e-07
1.206380e+02	1.272021e+02	1.342809e-05	5.715372e-07	5.715372e-07
1.272021e+02	1.341234e+02	1.171996e-05	5.199894e-07	5.199894e-07
1.341234e+02	1.414214e+02	1.091810e-05	4.887612e-07	4.887612e-07
1.414214e+02	1.491164e+02	9.753028e-06	4.498736e-07	4.498736e-07
1.491164e+02	1.572301e+02	8.364120e-06	4.057194e-07	4.057194e-07
1.572301e+02	1.657853e+02	7.428535e-06	3.723587e-07	3.723587e-07
1.657853e+02	1.748059e+02	7.009871e-06	3.522593e-07	3.522593e-07
1.748059e+02	1.843175e+02	6.077224e-06	3.194118e-07	3.194118e-07
1.843175e+02	1.943465e+02	5.270122e-06	2.896721e-07	2.896721e-07
1.943465e+02	2.049213e+02	4.152511e-06	2.504058e-07	2.504058e-07
2.049213e+02	2.160715e+02	3.694769e-06	2.300263e-07	2.300263e-07
2.160715e+02	2.278283e+02	3.612790e-06	2.215144e-07	2.215144e-07
2.278283e+02	2.402249e+02	2.898212e-06	1.932141e-07	1.932141e-07
2.402249e+02	2.532960e+02	2.589846e-06	1.778714e-07	1.778714e-07
2.532960e+02	2.670783e+02	2.421446e-06	1.674949e-07	1.674949e-07
2.670783e+02	2.816105e+02	2.120685e-06	1.526503e-07	1.526503e-07
2.816105e+02	2.969335e+02	1.917451e-06	1.413564e-07	1.413564e-07
2.969335e+02	3.130902e+02	1.581312e-06	1.250137e-07	1.250137e-07
3.130902e+02	3.301261e+02	1.377852e-06	1.136433e-07	1.136433e-07
3.301261e+02	3.480888e+02	1.386766e-06	1.110302e-07	1.110302e-07
3.480888e+02	3.670290e+02	1.188735e-06	1.001095e-07	1.001095e-07
3.670290e+02	3.869998e+02	9.594803e-07	8.758816e-08	8.758816e-08
3.869998e+02	4.080572e+02	8.341386e-07	7.953199e-08	7.953199e-08
4.080572e+02	4.302603e+02	6.256852e-07	6.708049e-08	6.708049e-08
4.302603e+02	4.536716e+02	3.887761e-07	5.149465e-08	5.149465e-08
4.536716e+02	4.783567e+02	3.816518e-07	4.968685e-08	4.968685e-08
4.783567e+02	5.043850e+02	3.128777e-07	4.381164e-08	4.381164e-08
5.043850e+02	5.318296e+02	1.978210e-07	3.392601e-08	3.392601e-08
5.318296e+02	5.607674e+02	1.600231e-07	2.971555e-08	2.971555e-08
5.607674e+02	5.912799e+02	1.360648e-07	2.668450e-08	2.668450e-08
5.912799e+02	6.234525e+02	9.430130e-08	2.163420e-08	2.163420e-08
6.234525e+02	6.573758e+02	2.824252e-08	1.152996e-08	1.152996e-08
6.573758e+02	6.931448e+02	4.017778e-08	1.339259e-08	1.339259e-08
6.931448e+02	7.308602e+02	5.927337e-08	1.584147e-08	1.584147e-08
7.308602e+02	7.706277e+02	2.409202e-08	9.835525e-09	9.835525e-09
7.706277e+02	8.125590e+02	3.427318e-08	1.142439e-08	1.142439e-08
8.125590e+02	8.567719e+02	1.083484e-08	6.255498e-09	6.255498e-09
8.567719e+02	9.033905e+02	3.082716e-08	1.027572e-08	1.027572e-08
9.033905e+02	9.525456e+02	1.299396e-08	6.496983e-09	6.496983e-09
9.525456e+02	1.004375e+03	3.080875e-09	3.080875e-09	3.080875e-09
1.004375e+03	1.059025e+03	5.843729e-09	4.132140e-09	4.132140e-09
1.059025e+03	1.116649e+03	1.108426e-08	5.542132e-09	5.542132e-09
1.116649e+03	1.177408e+03	2.628086e-09	2.628086e-09	2.628086e-09
1.177408e+03	1.241473e+03	4.984934e-09	3.524881e-09	3.524881e-09
1.241473e+03	1.309024e+03	2.363842e-09	2.363842e-09	2.363842e-09
1.309024e+03	1.380250e+03	0.000000e+00	0.000000e+00	0.000000e+00
1.380250e+03	1.455352e+03	0.000000e+00	0.000000e+00	0.000000e+00
1.455352e+03	1.534541e+03	0.000000e+00	0.000000e+00	0.000000e+00
1.534541e+03	1.618038e+03	0.000000e+00	0.000000e+00	0.000000e+00
1.618038e+03	1.706079e+03	0.000000e+00	0.000000e+00	0.000000e+00
1.706079e+03	1.798910e+03	0.000000e+00	0.000000e+00	0.000000e+00
1.798910e+03	1.896792e+03	0.000000e+00	0.000000e+00	0.000000e+00
1.896792e+03	2.000000e+03	0.000000e+00	0.000000e+00	0.000000e+00
# END HISTO1D


# BEGIN HISTO1D //eos/home-y/yiyu/monobc/Rivet_New2/X2000_pi20_L40_darkQCDsch.yoda.gz/JetMETAnalysis/jet_pt
ErrorBars=1
LineColor=violet
LineStyle=solid
Path=//eos/home-y/yiyu/monobc/Rivet_New2/X2000_pi20_L40_darkQCDsch.yoda.gz/JetMETAnalysis/jet_pt
ScaledBy=8.98697155011964807e-09
Title=X2000_pi20_L40
# xlow	 xhigh	 val	 errminus	 errplus
1.000000e+01	1.054412e+01	0.000000e+00	0.000000e+00	0.000000e+00
1.054412e+01	1.111784e+01	0.000000e+00	0.000000e+00	0.000000e+00
1.111784e+01	1.172279e+01	0.000000e+00	0.000000e+00	0.000000e+00
1.172279e+01	1.236065e+01	0.000000e+00	0.000000e+00	0.000000e+00
1.236065e+01	1.303321e+01	0.000000e+00	0.000000e+00	0.000000e+00
1.303321e+01	1.374238e+01	0.000000e+00	0.000000e+00	0.000000e+00
1.374238e+01	1.449012e+01	0.000000e+00	0.000000e+00	0.000000e+00
1.449012e+01	1.527856e+01	0.000000e+00	0.000000e+00	0.000000e+00
1.527856e+01	1.610989e+01	0.000000e+00	0.000000e+00	0.000000e+00
1.610989e+01	1.698646e+01	0.000000e+00	0.000000e+00	0.000000e+00
1.698646e+01	1.791073e+01	0.000000e+00	0.000000e+00	0.000000e+00
1.791073e+01	1.888529e+01	0.000000e+00	0.000000e+00	0.000000e+00
1.888529e+01	1.991287e+01	0.000000e+00	0.000000e+00	0.000000e+00
1.991287e+01	2.099637e+01	8.733993e-06	2.691526e-07	2.691526e-07
2.099637e+01	2.213882e+01	9.211554e-06	2.691873e-07	2.691873e-07
2.213882e+01	2.334344e+01	8.504881e-06	2.518928e-07	2.518928e-07
2.334344e+01	2.461360e+01	7.775935e-06	2.345599e-07	2.345599e-07
2.461360e+01	2.595287e+01	7.414938e-06	2.230624e-07	2.230624e-07
2.595287e+01	2.736502e+01	6.726785e-06	2.069045e-07	2.069045e-07
2.736502e+01	2.885400e+01	6.470224e-06	1.976159e-07	1.976159e-07
2.885400e+01	3.042400e+01	5.884463e-06	1.835314e-07	1.835314e-07
3.042400e+01	3.207943e+01	5.640506e-06	1.749888e-07	1.749888e-07
3.207943e+01	3.382493e+01	5.339152e-06	1.657994e-07	1.657994e-07
3.382493e+01	3.566541e+01	4.848769e-06	1.538710e-07	1.538710e-07
3.566541e+01	3.760603e+01	4.626349e-06	1.463712e-07	1.463712e-07
3.760603e+01	3.965225e+01	4.440299e-06	1.396486e-07	1.396486e-07
3.965225e+01	4.180980e+01	4.177855e-06	1.319177e-07	1.319177e-07
4.180980e+01	4.408475e+01	3.630421e-06	1.197565e-07	1.197565e-07
4.408475e+01	4.648349e+01	3.821469e-06	1.196548e-07	1.196548e-07
4.648349e+01	4.901274e+01	3.379108e-06	1.095751e-07	1.095751e-07
4.901274e+01	5.167962e+01	3.157544e-06	1.031525e-07	1.031525e-07
5.167962e+01	5.449160e+01	3.144823e-06	1.002533e-07	1.002533e-07
5.449160e+01	5.745660e+01	2.900685e-06	9.376584e-08	9.376584e-08
5.745660e+01	6.058292e+01	2.748134e-06	8.888099e-08	8.888099e-08
6.058292e+01	6.387935e+01	2.480909e-06	8.224135e-08	8.224135e-08
6.387935e+01	6.735515e+01	2.316683e-06	7.739494e-08	7.739494e-08
6.735515e+01	7.102007e+01	2.248631e-06	7.425634e-08	7.425634e-08
7.102007e+01	7.488441e+01	2.211661e-06	7.171802e-08	7.171802e-08
7.488441e+01	7.895901e+01	1.753458e-06	6.218877e-08	6.218877e-08
7.895901e+01	8.325532e+01	1.790571e-06	6.120045e-08	6.120045e-08
8.325532e+01	8.778540e+01	1.698170e-06	5.804227e-08	5.804227e-08
8.778540e+01	9.256197e+01	1.414865e-06	5.159482e-08	5.159482e-08
9.256197e+01	9.759844e+01	1.393600e-06	4.986693e-08	4.986693e-08
9.759844e+01	1.029090e+02	1.218444e-06	4.540872e-08	4.540872e-08
1.029090e+02	1.085084e+02	1.083367e-06	4.169882e-08	4.169882e-08
1.085084e+02	1.144126e+02	9.528546e-07	3.808373e-08	3.808373e-08
1.144126e+02	1.206380e+02	8.777073e-07	3.559573e-08	3.559573e-08
1.206380e+02	1.272021e+02	8.173584e-07	3.345225e-08	3.345225e-08
1.272021e+02	1.341234e+02	7.453111e-07	3.110868e-08	3.110868e-08
1.341234e+02	1.414214e+02	6.612776e-07	2.853623e-08	2.853623e-08
1.414214e+02	1.491164e+02	5.827809e-07	2.608885e-08	2.608885e-08
1.491164e+02	1.572301e+02	5.283391e-07	2.419099e-08	2.419099e-08
1.572301e+02	1.657853e+02	4.842662e-07	2.255452e-08	2.255452e-08
1.657853e+02	1.748059e+02	4.104640e-07	2.022211e-08	2.022211e-08
1.748059e+02	1.843175e+02	3.939996e-07	1.929425e-08	1.929425e-08
1.843175e+02	1.943465e+02	3.225955e-07	1.700227e-08	1.700227e-08
1.943465e+02	2.049213e+02	2.974468e-07	1.589920e-08	1.589920e-08
2.049213e+02	2.160715e+02	2.337377e-07	1.372555e-08	1.372555e-08
2.160715e+02	2.278283e+02	2.316151e-07	1.330594e-08	1.330594e-08
2.278283e+02	2.402249e+02	1.921129e-07	1.180141e-08	1.180141e-08
2.402249e+02	2.532960e+02	1.918251e-07	1.148427e-08	1.148427e-08
2.532960e+02	2.670783e+02	1.623645e-07	1.028943e-08	1.028943e-08
2.670783e+02	2.816105e+02	1.484203e-07	9.580488e-09	9.580488e-09
2.816105e+02	2.969335e+02	1.284440e-07	8.679439e-09	8.679439e-09
2.969335e+02	3.130902e+02	1.273785e-07	8.417410e-09	8.417410e-09
3.130902e+02	3.301261e+02	1.192221e-07	7.930536e-09	7.930536e-09
3.301261e+02	3.480888e+02	1.265792e-07	7.957964e-09	7.957964e-09
3.480888e+02	3.670290e+02	9.489836e-08	6.710329e-09	6.710329e-09
3.670290e+02	3.869998e+02	9.990126e-08	6.704933e-09	6.704933e-09
3.869998e+02	4.080572e+02	8.108907e-08	5.882817e-09	5.882817e-09
4.080572e+02	4.302603e+02	7.326193e-08	5.445515e-09	5.445515e-09
4.302603e+02	4.536716e+02	7.370368e-08	5.319104e-09	5.319104e-09
4.536716e+02	4.783567e+02	6.808010e-08	4.978509e-09	4.978509e-09
4.783567e+02	5.043850e+02	6.318569e-08	4.670820e-09	4.670820e-09
5.043850e+02	5.318296e+02	5.632288e-08	4.294579e-09	4.294579e-09
5.318296e+02	5.607674e+02	4.223638e-08	3.621740e-09	3.621740e-09
5.607674e+02	5.912799e+02	3.387143e-08	3.158526e-09	3.158526e-09
5.912799e+02	6.234525e+02	2.486092e-08	2.635252e-09	2.635252e-09
6.234525e+02	6.573758e+02	2.172347e-08	2.398956e-09	2.398956e-09
6.573758e+02	6.931448e+02	2.085377e-08	2.288999e-09	2.288999e-09
6.931448e+02	7.308602e+02	1.286733e-08	1.751022e-09	1.751022e-09
7.308602e+02	7.706277e+02	9.039515e-09	1.429273e-09	1.429273e-09
7.706277e+02	8.125590e+02	7.930064e-09	1.303695e-09	1.303695e-09
8.125590e+02	8.567719e+02	5.691443e-09	1.075582e-09	1.075582e-09
8.567719e+02	9.033905e+02	3.469978e-09	8.178816e-10	8.178816e-10
9.033905e+02	9.525456e+02	3.839406e-09	8.378272e-10	8.378272e-10
9.525456e+02	1.004375e+03	1.733953e-09	5.483239e-10	5.483239e-10
1.004375e+03	1.059025e+03	6.577839e-10	3.288919e-10	3.288919e-10
1.059025e+03	1.116649e+03	3.119176e-10	2.205591e-10	2.205591e-10
1.116649e+03	1.177408e+03	5.916472e-10	2.958235e-10	2.958235e-10
1.177408e+03	1.241473e+03	7.013948e-10	3.136733e-10	3.136733e-10
1.241473e+03	1.309024e+03	1.330398e-10	1.330398e-10	1.330398e-10
1.309024e+03	1.380250e+03	0.000000e+00	0.000000e+00	0.000000e+00
1.380250e+03	1.455352e+03	1.196636e-10	1.196635e-10	1.196635e-10
1.455352e+03	1.534541e+03	0.000000e+00	0.000000e+00	0.000000e+00
1.534541e+03	1.618038e+03	1.076323e-10	1.076323e-10	1.076323e-10
1.618038e+03	1.706079e+03	0.000000e+00	0.000000e+00	0.000000e+00
1.706079e+03	1.798910e+03	9.681003e-11	9.681003e-11	9.681003e-11
1.798910e+03	1.896792e+03	0.000000e+00	0.000000e+00	0.000000e+00
1.896792e+03	2.000000e+03	8.707631e-11	8.707631e-11	8.707631e-11
# END HISTO1D

