# BEGIN PLOT
Legend=1
LogY=1
LegendPlacement=manual
LegendAlign=r
LegendXPos=1.36
RightMargin=3.7
Title=Missing transverse energy
XLabel=$E_\mathrm{T}^\mathrm{miss}$ [GeV]
YLabel=$\mathrm{d}\sigma/\mathrm{d}E_\mathrm{T}^\mathrm{miss}$ [pb/GeV]
DrawOnly=//eos/home-y/yiyu/monobc/Rivet_New2/X600_pi20_L40_darkQCDsch.yoda.gz/JetMETAnalysis/met //eos/home-y/yiyu/monobc/Rivet_New2/X1200_pi20_L40_darkQCDsch.yoda.gz/JetMETAnalysis/met //eos/home-y/yiyu/monobc/Rivet_New2/X2000_pi20_L40_darkQCDsch.yoda.gz/JetMETAnalysis/met
LegendOnly=//eos/home-y/yiyu/monobc/Rivet_New2/X600_pi20_L40_darkQCDsch.yoda.gz/JetMETAnalysis/met //eos/home-y/yiyu/monobc/Rivet_New2/X1200_pi20_L40_darkQCDsch.yoda.gz/JetMETAnalysis/met //eos/home-y/yiyu/monobc/Rivet_New2/X2000_pi20_L40_darkQCDsch.yoda.gz/JetMETAnalysis/met
RatioPlot=1
RatioPlotReference=//eos/home-y/yiyu/monobc/Rivet_New2/X600_pi20_L40_darkQCDsch.yoda.gz/JetMETAnalysis/met
RatioPlotYLabel=Ratio
# END PLOT

# BEGIN HISTO1D //eos/home-y/yiyu/monobc/Rivet_New2/X600_pi20_L40_darkQCDsch.yoda.gz/JetMETAnalysis/met
ErrorBars=1
LineColor=red
LineStyle=solid
Path=//eos/home-y/yiyu/monobc/Rivet_New2/X600_pi20_L40_darkQCDsch.yoda.gz/JetMETAnalysis/met
ScaledBy=8.70500000000000051e-06
Title=X600_pi20_L40
# xlow	 xhigh	 val	 errminus	 errplus
0.000000e+00	5.000000e+00	1.370167e-03	4.884118e-05	4.884118e-05
5.000000e+00	1.000000e+01	2.357314e-03	6.406313e-05	6.406313e-05
1.000000e+01	1.500000e+01	2.460034e-03	6.544399e-05	6.544399e-05
1.500000e+01	2.000000e+01	2.050898e-03	5.975461e-05	5.975461e-05
2.000000e+01	2.500000e+01	1.841978e-03	5.662935e-05	5.662935e-05
2.500000e+01	3.000000e+01	1.702698e-03	5.444628e-05	5.444628e-05
3.000000e+01	3.500000e+01	1.586051e-03	5.254821e-05	5.254821e-05
3.500000e+01	4.000000e+01	1.427620e-03	4.985465e-05	4.985465e-05
4.000000e+01	4.500000e+01	1.337088e-03	4.824801e-05	4.824801e-05
4.500000e+01	5.000000e+01	1.333606e-03	4.818514e-05	4.818514e-05
5.000000e+01	5.500000e+01	1.100312e-03	4.376806e-05	4.376806e-05
5.500000e+01	6.000000e+01	1.055046e-03	4.285832e-05	4.285832e-05
6.000000e+01	6.500000e+01	1.056787e-03	4.289366e-05	4.289366e-05
6.500000e+01	7.000000e+01	1.028931e-03	4.232456e-05	4.232456e-05
7.000000e+01	7.500000e+01	8.826870e-04	3.920151e-05	3.920151e-05
7.500000e+01	8.000000e+01	8.409030e-04	3.826241e-05	3.826241e-05
8.000000e+01	8.500000e+01	7.956370e-04	3.721833e-05	3.721833e-05
8.500000e+01	9.000000e+01	7.016230e-04	3.495033e-05	3.495033e-05
9.000000e+01	9.500000e+01	6.250190e-04	3.298724e-05	3.298724e-05
9.500000e+01	1.000000e+02	6.041270e-04	3.243124e-05	3.243124e-05
1.000000e+02	1.050000e+02	6.041270e-04	3.243124e-05	3.243124e-05
1.050000e+02	1.100000e+02	5.327460e-04	3.045506e-05	3.045506e-05
1.100000e+02	1.150000e+02	5.292640e-04	3.035538e-05	3.035538e-05
1.150000e+02	1.200000e+02	5.571200e-04	3.114396e-05	3.114396e-05
1.200000e+02	1.250000e+02	4.613650e-04	2.834143e-05	2.834143e-05
1.250000e+02	1.300000e+02	4.195810e-04	2.702759e-05	2.702759e-05
1.300000e+02	1.350000e+02	4.352500e-04	2.752763e-05	2.752763e-05
1.350000e+02	1.400000e+02	3.934660e-04	2.617297e-05	2.617297e-05
1.400000e+02	1.450000e+02	3.464590e-04	2.455983e-05	2.455983e-05
1.450000e+02	1.500000e+02	3.081570e-04	2.316250e-05	2.316250e-05
1.500000e+02	1.550000e+02	2.907470e-04	2.249868e-05	2.249868e-05
1.550000e+02	1.600000e+02	3.098980e-04	2.322784e-05	2.322784e-05
1.600000e+02	1.650000e+02	2.942290e-04	2.263300e-05	2.263300e-05
1.650000e+02	1.700000e+02	2.541860e-04	2.103659e-05	2.103659e-05
1.700000e+02	1.750000e+02	2.402580e-04	2.045212e-05	2.045212e-05
1.750000e+02	1.800000e+02	1.880280e-04	1.809300e-05	1.809300e-05
1.800000e+02	1.850000e+02	2.350350e-04	2.022859e-05	2.022859e-05
1.850000e+02	1.900000e+02	1.532080e-04	1.633203e-05	1.633203e-05
1.900000e+02	1.950000e+02	1.566900e-04	1.651658e-05	1.651658e-05
1.950000e+02	2.000000e+02	1.532080e-04	1.633203e-05	1.633203e-05
2.000000e+02	2.050000e+02	1.410210e-04	1.566900e-05	1.566900e-05
2.050000e+02	2.100000e+02	1.566900e-04	1.651658e-05	1.651658e-05
2.100000e+02	2.150000e+02	1.236110e-04	1.466993e-05	1.466993e-05
2.150000e+02	2.200000e+02	1.114240e-04	1.392800e-05	1.392800e-05
2.200000e+02	2.250000e+02	9.575500e-05	1.291160e-05	1.291160e-05
2.250000e+02	2.300000e+02	7.312200e-05	1.128297e-05	1.128297e-05
2.300000e+02	2.350000e+02	6.789900e-05	1.087254e-05	1.087254e-05
2.350000e+02	2.400000e+02	6.615800e-05	1.073224e-05	1.073224e-05
2.400000e+02	2.450000e+02	5.397100e-05	9.693478e-06	9.693478e-06
2.450000e+02	2.500000e+02	6.441700e-05	1.059009e-05	1.059009e-05
2.500000e+02	2.550000e+02	5.745300e-05	1.000128e-05	1.000128e-05
2.550000e+02	2.600000e+02	4.526600e-05	8.877394e-06	8.877394e-06
2.600000e+02	2.650000e+02	2.611500e-05	6.742863e-06	6.742863e-06
2.650000e+02	2.700000e+02	4.352500e-05	8.705001e-06	8.705001e-06
2.700000e+02	2.750000e+02	4.526600e-05	8.877394e-06	8.877394e-06
2.750000e+02	2.800000e+02	2.959700e-05	7.178326e-06	7.178326e-06
2.800000e+02	2.850000e+02	3.830200e-05	8.166015e-06	8.166015e-06
2.850000e+02	2.900000e+02	3.482000e-05	7.785990e-06	7.785990e-06
2.900000e+02	2.950000e+02	2.959700e-05	7.178326e-06	7.178326e-06
2.950000e+02	3.000000e+02	2.263300e-05	6.277265e-06	6.277265e-06
3.000000e+02	3.050000e+02	3.307900e-05	7.588842e-06	7.588842e-06
3.050000e+02	3.100000e+02	2.437400e-05	6.514224e-06	6.514224e-06
3.100000e+02	3.150000e+02	1.741000e-05	5.505526e-06	5.505526e-06
3.150000e+02	3.200000e+02	1.915100e-05	5.774244e-06	5.774244e-06
3.200000e+02	3.250000e+02	1.566900e-05	5.223000e-06	5.223000e-06
3.250000e+02	3.300000e+02	1.566900e-05	5.223000e-06	5.223000e-06
3.300000e+02	3.350000e+02	1.741000e-05	5.505526e-06	5.505526e-06
3.350000e+02	3.400000e+02	1.044600e-05	4.264562e-06	4.264562e-06
3.400000e+02	3.450000e+02	1.044600e-05	4.264562e-06	4.264562e-06
3.450000e+02	3.500000e+02	1.044600e-05	4.264562e-06	4.264562e-06
3.500000e+02	3.550000e+02	1.392800e-05	4.924292e-06	4.924292e-06
3.550000e+02	3.600000e+02	1.218700e-05	4.606253e-06	4.606253e-06
3.600000e+02	3.650000e+02	6.964000e-06	3.482000e-06	3.482000e-06
3.650000e+02	3.700000e+02	6.964000e-06	3.482000e-06	3.482000e-06
3.700000e+02	3.750000e+02	1.044600e-05	4.264562e-06	4.264562e-06
3.750000e+02	3.800000e+02	1.392800e-05	4.924292e-06	4.924292e-06
3.800000e+02	3.850000e+02	1.218700e-05	4.606253e-06	4.606253e-06
3.850000e+02	3.900000e+02	1.218700e-05	4.606253e-06	4.606253e-06
3.900000e+02	3.950000e+02	5.223000e-06	3.015501e-06	3.015501e-06
3.950000e+02	4.000000e+02	1.741000e-05	5.505526e-06	5.505526e-06
4.000000e+02	4.050000e+02	1.044600e-05	4.264562e-06	4.264562e-06
4.050000e+02	4.100000e+02	6.964000e-06	3.482000e-06	3.482000e-06
4.100000e+02	4.150000e+02	5.223000e-06	3.015501e-06	3.015501e-06
4.150000e+02	4.200000e+02	8.705000e-06	3.892994e-06	3.892994e-06
4.200000e+02	4.250000e+02	1.044600e-05	4.264562e-06	4.264562e-06
4.250000e+02	4.300000e+02	5.223000e-06	3.015501e-06	3.015501e-06
4.300000e+02	4.350000e+02	0.000000e+00	0.000000e+00	0.000000e+00
4.350000e+02	4.400000e+02	6.964000e-06	3.482000e-06	3.482000e-06
4.400000e+02	4.450000e+02	1.741000e-06	1.741000e-06	1.741000e-06
4.450000e+02	4.500000e+02	1.741000e-06	1.741000e-06	1.741000e-06
4.500000e+02	4.550000e+02	5.223000e-06	3.015501e-06	3.015501e-06
4.550000e+02	4.600000e+02	5.223000e-06	3.015501e-06	3.015501e-06
4.600000e+02	4.650000e+02	1.741000e-06	1.741000e-06	1.741000e-06
4.650000e+02	4.700000e+02	1.218700e-05	4.606253e-06	4.606253e-06
4.700000e+02	4.750000e+02	1.741000e-06	1.741000e-06	1.741000e-06
4.750000e+02	4.800000e+02	8.705000e-06	3.892994e-06	3.892994e-06
4.800000e+02	4.850000e+02	6.964000e-06	3.482000e-06	3.482000e-06
4.850000e+02	4.900000e+02	0.000000e+00	0.000000e+00	0.000000e+00
4.900000e+02	4.950000e+02	3.482000e-06	2.462146e-06	2.462146e-06
4.950000e+02	5.000000e+02	3.482000e-06	2.462146e-06	2.462146e-06
# END HISTO1D


# BEGIN HISTO1D //eos/home-y/yiyu/monobc/Rivet_New2/X1200_pi20_L40_darkQCDsch.yoda.gz/JetMETAnalysis/met
ErrorBars=1
LineColor=blue
LineStyle=solid
Path=//eos/home-y/yiyu/monobc/Rivet_New2/X1200_pi20_L40_darkQCDsch.yoda.gz/JetMETAnalysis/met
ScaledBy=3.01300000000000031e-07
Title=X1200_pi20_L40
# xlow	 xhigh	 val	 errminus	 errplus
0.000000e+00	5.000000e+00	3.603548e-05	1.473600e-06	1.473600e-06
5.000000e+00	1.000000e+01	6.116390e-05	1.919827e-06	1.919827e-06
1.000000e+01	1.500000e+01	5.881376e-05	1.882583e-06	1.882583e-06
1.500000e+01	2.000000e+01	4.953372e-05	1.727687e-06	1.727687e-06
2.000000e+01	2.500000e+01	4.603864e-05	1.665620e-06	1.665620e-06
2.500000e+01	3.000000e+01	4.230252e-05	1.596606e-06	1.596606e-06
3.000000e+01	3.500000e+01	3.796380e-05	1.512514e-06	1.512514e-06
3.500000e+01	4.000000e+01	3.591496e-05	1.471134e-06	1.471134e-06
4.000000e+01	4.500000e+01	3.404690e-05	1.432364e-06	1.432364e-06
4.500000e+01	5.000000e+01	3.404690e-05	1.432364e-06	1.432364e-06
5.000000e+01	5.500000e+01	3.314300e-05	1.413222e-06	1.413222e-06
5.500000e+01	6.000000e+01	3.223910e-05	1.393818e-06	1.393818e-06
6.000000e+01	6.500000e+01	3.091338e-05	1.364859e-06	1.364859e-06
6.500000e+01	7.000000e+01	2.838246e-05	1.307795e-06	1.307795e-06
7.000000e+01	7.500000e+01	2.567076e-05	1.243752e-06	1.243752e-06
7.500000e+01	8.000000e+01	2.765934e-05	1.291027e-06	1.291027e-06
8.000000e+01	8.500000e+01	2.494764e-05	1.226110e-06	1.226110e-06
8.500000e+01	9.000000e+01	2.332062e-05	1.185454e-06	1.185454e-06
9.000000e+01	9.500000e+01	2.307958e-05	1.179311e-06	1.179311e-06
9.500000e+01	1.000000e+02	1.946398e-05	1.083005e-06	1.083005e-06
1.000000e+02	1.050000e+02	2.036788e-05	1.107867e-06	1.107867e-06
1.050000e+02	1.100000e+02	2.000632e-05	1.097989e-06	1.097989e-06
1.100000e+02	1.150000e+02	1.783696e-05	1.036752e-06	1.036752e-06
1.150000e+02	1.200000e+02	1.819852e-05	1.047207e-06	1.047207e-06
1.200000e+02	1.250000e+02	1.892164e-05	1.067810e-06	1.067810e-06
1.250000e+02	1.300000e+02	1.572786e-05	9.735301e-07	9.735301e-07
1.300000e+02	1.350000e+02	1.596890e-05	9.809618e-07	9.809618e-07
1.350000e+02	1.400000e+02	1.747540e-05	1.026191e-06	1.026191e-06
1.400000e+02	1.450000e+02	1.530604e-05	9.603864e-07	9.603864e-07
1.450000e+02	1.500000e+02	1.398032e-05	9.178529e-07	9.178529e-07
1.500000e+02	1.550000e+02	1.494448e-05	9.489754e-07	9.489754e-07
1.550000e+02	1.600000e+02	1.361876e-05	9.059064e-07	9.059064e-07
1.600000e+02	1.650000e+02	1.181096e-05	8.436400e-07	8.436400e-07
1.650000e+02	1.700000e+02	1.247382e-05	8.669904e-07	8.669904e-07
1.700000e+02	1.750000e+02	1.379954e-05	9.118993e-07	9.118993e-07
1.750000e+02	1.800000e+02	1.066602e-05	8.017072e-07	8.017072e-07
1.800000e+02	1.850000e+02	1.126862e-05	8.240432e-07	8.240432e-07
1.850000e+02	1.900000e+02	1.126862e-05	8.240432e-07	8.240432e-07
1.900000e+02	1.950000e+02	9.762120e-06	7.669845e-07	7.669845e-07
1.950000e+02	2.000000e+02	9.822380e-06	7.693483e-07	7.693483e-07
2.000000e+02	2.050000e+02	9.762120e-06	7.669845e-07	7.669845e-07
2.050000e+02	2.100000e+02	7.713280e-06	6.817642e-07	6.817642e-07
2.100000e+02	2.150000e+02	8.376140e-06	7.104548e-07	7.104548e-07
2.150000e+02	2.200000e+02	9.039000e-06	7.380312e-07	7.380312e-07
2.200000e+02	2.250000e+02	5.724700e-06	5.873418e-07	5.873418e-07
2.250000e+02	2.300000e+02	8.014580e-06	6.949521e-07	6.949521e-07
2.300000e+02	2.350000e+02	6.990160e-06	6.490202e-07	6.490202e-07
2.350000e+02	2.400000e+02	6.869640e-06	6.434007e-07	6.434007e-07
2.400000e+02	2.450000e+02	6.628600e-06	6.320122e-07	6.320122e-07
2.450000e+02	2.500000e+02	7.050420e-06	6.518116e-07	6.518116e-07
2.500000e+02	2.550000e+02	5.965740e-06	5.995794e-07	5.995794e-07
2.550000e+02	2.600000e+02	5.302880e-06	5.652889e-07	5.652889e-07
2.600000e+02	2.650000e+02	4.760540e-06	5.356026e-07	5.356026e-07
2.650000e+02	2.700000e+02	5.483660e-06	5.748438e-07	5.748438e-07
2.700000e+02	2.750000e+02	5.001580e-06	5.489947e-07	5.489947e-07
2.750000e+02	2.800000e+02	4.820800e-06	5.389818e-07	5.389818e-07
2.800000e+02	2.850000e+02	3.555340e-06	4.628659e-07	4.628659e-07
2.850000e+02	2.900000e+02	4.579760e-06	5.253345e-07	5.253345e-07
2.900000e+02	2.950000e+02	4.278460e-06	5.077598e-07	5.077598e-07
2.950000e+02	3.000000e+02	3.615600e-06	4.667719e-07	4.667719e-07
3.000000e+02	3.050000e+02	3.615600e-06	4.667719e-07	4.667719e-07
3.050000e+02	3.100000e+02	3.073260e-06	4.303425e-07	4.303425e-07
3.100000e+02	3.150000e+02	3.133520e-06	4.345410e-07	4.345410e-07
3.150000e+02	3.200000e+02	2.591180e-06	3.951513e-07	3.951513e-07
3.200000e+02	3.250000e+02	3.254040e-06	4.428187e-07	4.428187e-07
3.250000e+02	3.300000e+02	3.434820e-06	4.549530e-07	4.549530e-07
3.300000e+02	3.350000e+02	3.374560e-06	4.509446e-07	4.509446e-07
3.350000e+02	3.400000e+02	2.591180e-06	3.951513e-07	3.951513e-07
3.400000e+02	3.450000e+02	2.289880e-06	3.714676e-07	3.714676e-07
3.450000e+02	3.500000e+02	2.771960e-06	4.087032e-07	4.087032e-07
3.500000e+02	3.550000e+02	2.952740e-06	4.218200e-07	4.218200e-07
3.550000e+02	3.600000e+02	1.807800e-06	3.300576e-07	3.300576e-07
3.600000e+02	3.650000e+02	2.530920e-06	3.905294e-07	3.905294e-07
3.650000e+02	3.700000e+02	2.289880e-06	3.714676e-07	3.714676e-07
3.700000e+02	3.750000e+02	2.229620e-06	3.665473e-07	3.665473e-07
3.750000e+02	3.800000e+02	1.928320e-06	3.408820e-07	3.408820e-07
3.800000e+02	3.850000e+02	1.687280e-06	3.188659e-07	3.188659e-07
3.850000e+02	3.900000e+02	2.229620e-06	3.665473e-07	3.665473e-07
3.900000e+02	3.950000e+02	1.627020e-06	3.131202e-07	3.131202e-07
3.950000e+02	4.000000e+02	1.627020e-06	3.131202e-07	3.131202e-07
4.000000e+02	4.050000e+02	1.627020e-06	3.131202e-07	3.131202e-07
4.050000e+02	4.100000e+02	1.807800e-06	3.300576e-07	3.300576e-07
4.100000e+02	4.150000e+02	1.807800e-06	3.300576e-07	3.300576e-07
4.150000e+02	4.200000e+02	1.205200e-06	2.694909e-07	2.694909e-07
4.200000e+02	4.250000e+02	1.084680e-06	2.556615e-07	2.556615e-07
4.250000e+02	4.300000e+02	1.265460e-06	2.761460e-07	2.761460e-07
4.300000e+02	4.350000e+02	1.144940e-06	2.626672e-07	2.626672e-07
4.350000e+02	4.400000e+02	1.265460e-06	2.761460e-07	2.761460e-07
4.400000e+02	4.450000e+02	1.446240e-06	2.952125e-07	2.952125e-07
4.450000e+02	4.500000e+02	9.641600e-07	2.410400e-07	2.410400e-07
4.500000e+02	4.550000e+02	7.833800e-07	2.172705e-07	2.172705e-07
4.550000e+02	4.600000e+02	7.833800e-07	2.172705e-07	2.172705e-07
4.600000e+02	4.650000e+02	7.833800e-07	2.172705e-07	2.172705e-07
4.650000e+02	4.700000e+02	7.833800e-07	2.172705e-07	2.172705e-07
4.700000e+02	4.750000e+02	7.833800e-07	2.172705e-07	2.172705e-07
4.750000e+02	4.800000e+02	1.024420e-06	2.484584e-07	2.484584e-07
4.800000e+02	4.850000e+02	9.039000e-07	2.333859e-07	2.333859e-07
4.850000e+02	4.900000e+02	7.833800e-07	2.172705e-07	2.172705e-07
4.900000e+02	4.950000e+02	7.231200e-07	2.087467e-07	2.087467e-07
4.950000e+02	5.000000e+02	7.231200e-07	2.087467e-07	2.087467e-07
# END HISTO1D


# BEGIN HISTO1D //eos/home-y/yiyu/monobc/Rivet_New2/X2000_pi20_L40_darkQCDsch.yoda.gz/JetMETAnalysis/met
ErrorBars=1
LineColor=violet
LineStyle=solid
Path=//eos/home-y/yiyu/monobc/Rivet_New2/X2000_pi20_L40_darkQCDsch.yoda.gz/JetMETAnalysis/met
ScaledBy=1.85899999999999997e-08
Title=X2000_pi20_L40
# xlow	 xhigh	 val	 errminus	 errplus
0.000000e+00	5.000000e+00	2.747602e-06	1.010722e-07	1.010722e-07
5.000000e+00	1.000000e+01	4.361214e-06	1.273381e-07	1.273381e-07
1.000000e+01	1.500000e+01	3.792360e-06	1.187434e-07	1.187434e-07
1.500000e+01	2.000000e+01	3.342482e-06	1.114780e-07	1.114780e-07
2.000000e+01	2.500000e+01	2.740166e-06	1.009353e-07	1.009353e-07
2.500000e+01	3.000000e+01	2.145286e-06	8.930942e-08	8.930942e-08
3.000000e+01	3.500000e+01	2.100670e-06	8.837586e-08	8.837586e-08
3.500000e+01	4.000000e+01	2.026310e-06	8.679758e-08	8.679758e-08
4.000000e+01	4.500000e+01	1.855282e-06	8.305384e-08	8.305384e-08
4.500000e+01	5.000000e+01	1.624766e-06	7.772310e-08	7.772310e-08
5.000000e+01	5.500000e+01	1.658228e-06	7.851937e-08	7.851937e-08
5.500000e+01	6.000000e+01	1.647074e-06	7.825484e-08	7.825484e-08
6.000000e+01	6.500000e+01	1.405404e-06	7.228618e-08	7.228618e-08
6.500000e+01	7.000000e+01	1.368224e-06	7.132360e-08	7.132360e-08
7.000000e+01	7.500000e+01	1.316172e-06	6.995376e-08	6.995376e-08
7.500000e+01	8.000000e+01	1.353352e-06	7.093493e-08	7.093493e-08
8.000000e+01	8.500000e+01	1.156298e-06	6.556764e-08	6.556764e-08
8.500000e+01	9.000000e+01	1.111682e-06	6.429022e-08	6.429022e-08
9.000000e+01	9.500000e+01	1.174888e-06	6.609260e-08	6.609260e-08
9.500000e+01	1.000000e+02	1.063348e-06	6.287709e-08	6.287709e-08
1.000000e+02	1.050000e+02	1.074502e-06	6.320600e-08	6.320600e-08
1.050000e+02	1.100000e+02	9.071920e-07	5.807702e-08	5.807702e-08
1.100000e+02	1.150000e+02	1.011296e-06	6.131883e-08	6.131883e-08
1.150000e+02	1.200000e+02	9.815520e-07	6.041035e-08	6.041035e-08
1.200000e+02	1.250000e+02	9.183460e-07	5.843296e-08	5.843296e-08
1.250000e+02	1.300000e+02	9.592440e-07	5.971992e-08	5.971992e-08
1.300000e+02	1.350000e+02	7.770620e-07	5.375050e-08	5.375050e-08
1.350000e+02	1.400000e+02	9.034740e-07	5.795788e-08	5.795788e-08
1.400000e+02	1.450000e+02	8.068060e-07	5.476956e-08	5.476956e-08
1.450000e+02	1.500000e+02	8.068060e-07	5.476956e-08	5.476956e-08
1.500000e+02	1.550000e+02	7.919340e-07	5.426243e-08	5.426243e-08
1.550000e+02	1.600000e+02	7.510360e-07	5.284271e-08	5.284271e-08
1.600000e+02	1.650000e+02	6.543680e-07	4.932485e-08	4.932485e-08
1.650000e+02	1.700000e+02	6.841120e-07	5.043341e-08	5.043341e-08
1.700000e+02	1.750000e+02	6.655220e-07	4.974345e-08	4.974345e-08
1.750000e+02	1.800000e+02	6.952660e-07	5.084288e-08	5.084288e-08
1.800000e+02	1.850000e+02	6.729580e-07	5.002058e-08	5.002058e-08
1.850000e+02	1.900000e+02	5.762900e-07	4.628873e-08	4.628873e-08
1.900000e+02	1.950000e+02	5.019300e-07	4.319925e-08	4.319925e-08
1.950000e+02	2.000000e+02	5.911620e-07	4.688220e-08	4.688220e-08
2.000000e+02	2.050000e+02	5.948800e-07	4.702940e-08	4.702940e-08
2.050000e+02	2.100000e+02	5.316740e-07	4.446081e-08	4.446081e-08
2.100000e+02	2.150000e+02	4.907760e-07	4.271657e-08	4.271657e-08
2.150000e+02	2.200000e+02	4.573140e-07	4.123462e-08	4.123462e-08
2.200000e+02	2.250000e+02	5.019300e-07	4.319925e-08	4.319925e-08
2.250000e+02	2.300000e+02	4.573140e-07	4.123462e-08	4.123462e-08
2.300000e+02	2.350000e+02	4.312880e-07	4.004409e-08	4.004409e-08
2.350000e+02	2.400000e+02	3.643640e-07	3.680632e-08	3.680632e-08
2.400000e+02	2.450000e+02	3.494920e-07	3.604735e-08	3.604735e-08
2.450000e+02	2.500000e+02	4.201340e-07	3.952288e-08	3.952288e-08
2.500000e+02	2.550000e+02	2.937220e-07	3.304631e-08	3.304631e-08
2.550000e+02	2.600000e+02	4.126980e-07	3.917156e-08	3.917156e-08
2.600000e+02	2.650000e+02	4.126980e-07	3.917156e-08	3.917156e-08
2.650000e+02	2.700000e+02	3.532100e-07	3.623858e-08	3.623858e-08
2.700000e+02	2.750000e+02	4.089800e-07	3.899471e-08	3.899471e-08
2.750000e+02	2.800000e+02	4.610320e-07	4.140189e-08	4.140189e-08
2.800000e+02	2.850000e+02	3.197480e-07	3.447932e-08	3.447932e-08
2.850000e+02	2.900000e+02	3.755180e-07	3.736544e-08	3.736544e-08
2.900000e+02	2.950000e+02	2.491060e-07	3.043314e-08	3.043314e-08
2.950000e+02	3.000000e+02	2.900040e-07	3.283649e-08	3.283649e-08
3.000000e+02	3.050000e+02	2.862860e-07	3.262532e-08	3.262532e-08
3.050000e+02	3.100000e+02	2.342340e-07	2.951071e-08	2.951071e-08
3.100000e+02	3.150000e+02	2.379520e-07	2.974400e-08	2.974400e-08
3.150000e+02	3.200000e+02	3.197480e-07	3.447932e-08	3.447932e-08
3.200000e+02	3.250000e+02	2.528240e-07	3.065941e-08	3.065941e-08
3.250000e+02	3.300000e+02	2.491060e-07	3.043314e-08	3.043314e-08
3.300000e+02	3.350000e+02	2.751320e-07	3.198345e-08	3.198345e-08
3.350000e+02	3.400000e+02	2.156440e-07	2.831544e-08	2.831544e-08
3.400000e+02	3.450000e+02	2.305160e-07	2.927556e-08	2.927556e-08
3.450000e+02	3.500000e+02	2.862860e-07	3.262532e-08	3.262532e-08
3.500000e+02	3.550000e+02	2.379520e-07	2.974400e-08	2.974400e-08
3.550000e+02	3.600000e+02	2.193620e-07	2.855850e-08	2.855850e-08
3.600000e+02	3.650000e+02	2.416700e-07	2.997548e-08	2.997548e-08
3.650000e+02	3.700000e+02	2.342340e-07	2.951071e-08	2.951071e-08
3.700000e+02	3.750000e+02	2.379520e-07	2.974400e-08	2.974400e-08
3.750000e+02	3.800000e+02	1.970540e-07	2.706745e-08	2.706745e-08
3.800000e+02	3.850000e+02	2.156440e-07	2.831544e-08	2.831544e-08
3.850000e+02	3.900000e+02	1.710280e-07	2.521670e-08	2.521670e-08
3.900000e+02	3.950000e+02	1.747460e-07	2.548932e-08	2.548932e-08
3.950000e+02	4.000000e+02	1.933360e-07	2.681088e-08	2.681088e-08
4.000000e+02	4.050000e+02	1.375660e-07	2.261571e-08	2.261571e-08
4.050000e+02	4.100000e+02	1.301300e-07	2.199598e-08	2.199598e-08
4.100000e+02	4.150000e+02	1.859000e-07	2.629023e-08	2.629023e-08
4.150000e+02	4.200000e+02	1.524380e-07	2.380681e-08	2.380681e-08
4.200000e+02	4.250000e+02	1.598740e-07	2.438056e-08	2.438056e-08
4.250000e+02	4.300000e+02	1.226940e-07	2.135829e-08	2.135829e-08
4.300000e+02	4.350000e+02	1.673100e-07	2.494110e-08	2.494110e-08
4.350000e+02	4.400000e+02	1.412840e-07	2.291929e-08	2.291929e-08
4.400000e+02	4.450000e+02	1.264120e-07	2.167948e-08	2.167948e-08
4.450000e+02	4.500000e+02	1.375660e-07	2.261571e-08	2.261571e-08
4.500000e+02	4.550000e+02	1.152580e-07	2.070095e-08	2.070095e-08
4.550000e+02	4.600000e+02	1.003860e-07	1.931930e-08	1.931930e-08
4.600000e+02	4.650000e+02	1.152580e-07	2.070095e-08	2.070095e-08
4.650000e+02	4.700000e+02	1.338480e-07	2.230800e-08	2.230800e-08
4.700000e+02	4.750000e+02	1.338480e-07	2.230800e-08	2.230800e-08
4.750000e+02	4.800000e+02	1.115400e-07	2.036432e-08	2.036432e-08
4.800000e+02	4.850000e+02	1.301300e-07	2.199598e-08	2.199598e-08
4.850000e+02	4.900000e+02	1.635920e-07	2.466242e-08	2.466242e-08
4.900000e+02	4.950000e+02	7.436000e-08	1.662740e-08	1.662740e-08
4.950000e+02	5.000000e+02	1.078220e-07	2.002204e-08	2.002204e-08
# END HISTO1D

