# BEGIN PLOT
Legend=1
LogY=1
LegendPlacement=manual
LegendAlign=r
LegendXPos=1.36
RightMargin=3.7
Title=MET $\phi$ distribution
XLabel=$\phi^\mathrm{miss}$ [rad]
YLabel=$\mathrm{d}\sigma/\mathrm{d}\phi^\mathrm{miss}$ [pb/rad]
XMin=0
DrawOnly=//eos/home-y/yiyu/monobc/Rivet_New2/X600_pi20_L40_darkQCDsch.yoda.gz/JetMETAnalysis/met_phi //eos/home-y/yiyu/monobc/Rivet_New2/X1200_pi20_L40_darkQCDsch.yoda.gz/JetMETAnalysis/met_phi //eos/home-y/yiyu/monobc/Rivet_New2/X2000_pi20_L40_darkQCDsch.yoda.gz/JetMETAnalysis/met_phi
LegendOnly=//eos/home-y/yiyu/monobc/Rivet_New2/X600_pi20_L40_darkQCDsch.yoda.gz/JetMETAnalysis/met_phi //eos/home-y/yiyu/monobc/Rivet_New2/X1200_pi20_L40_darkQCDsch.yoda.gz/JetMETAnalysis/met_phi //eos/home-y/yiyu/monobc/Rivet_New2/X2000_pi20_L40_darkQCDsch.yoda.gz/JetMETAnalysis/met_phi
RatioPlot=1
RatioPlotReference=//eos/home-y/yiyu/monobc/Rivet_New2/X600_pi20_L40_darkQCDsch.yoda.gz/JetMETAnalysis/met_phi
RatioPlotYLabel=Ratio
# END PLOT

# BEGIN HISTO1D //eos/home-y/yiyu/monobc/Rivet_New2/X600_pi20_L40_darkQCDsch.yoda.gz/JetMETAnalysis/met_phi
ErrorBars=1
LineColor=red
LineStyle=solid
Path=//eos/home-y/yiyu/monobc/Rivet_New2/X600_pi20_L40_darkQCDsch.yoda.gz/JetMETAnalysis/met_phi
ScaledBy=8.70500000000000051e-06
Title=X600_pi20_L40
# xlow	 xhigh	 val	 errminus	 errplus
-3.141593e+00	-3.015929e+00	0.000000e+00	0.000000e+00	0.000000e+00
-3.015929e+00	-2.890265e+00	0.000000e+00	0.000000e+00	0.000000e+00
-2.890265e+00	-2.764602e+00	0.000000e+00	0.000000e+00	0.000000e+00
-2.764602e+00	-2.638938e+00	0.000000e+00	0.000000e+00	0.000000e+00
-2.638938e+00	-2.513274e+00	0.000000e+00	0.000000e+00	0.000000e+00
-2.513274e+00	-2.387610e+00	0.000000e+00	0.000000e+00	0.000000e+00
-2.387610e+00	-2.261947e+00	0.000000e+00	0.000000e+00	0.000000e+00
-2.261947e+00	-2.136283e+00	0.000000e+00	0.000000e+00	0.000000e+00
-2.136283e+00	-2.010619e+00	0.000000e+00	0.000000e+00	0.000000e+00
-2.010619e+00	-1.884956e+00	0.000000e+00	0.000000e+00	0.000000e+00
-1.884956e+00	-1.759292e+00	0.000000e+00	0.000000e+00	0.000000e+00
-1.759292e+00	-1.633628e+00	0.000000e+00	0.000000e+00	0.000000e+00
-1.633628e+00	-1.507964e+00	0.000000e+00	0.000000e+00	0.000000e+00
-1.507964e+00	-1.382301e+00	0.000000e+00	0.000000e+00	0.000000e+00
-1.382301e+00	-1.256637e+00	0.000000e+00	0.000000e+00	0.000000e+00
-1.256637e+00	-1.130973e+00	0.000000e+00	0.000000e+00	0.000000e+00
-1.130973e+00	-1.005310e+00	0.000000e+00	0.000000e+00	0.000000e+00
-1.005310e+00	-8.796459e-01	0.000000e+00	0.000000e+00	0.000000e+00
-8.796459e-01	-7.539822e-01	0.000000e+00	0.000000e+00	0.000000e+00
-7.539822e-01	-6.283185e-01	0.000000e+00	0.000000e+00	0.000000e+00
-6.283185e-01	-5.026548e-01	0.000000e+00	0.000000e+00	0.000000e+00
-5.026548e-01	-3.769911e-01	0.000000e+00	0.000000e+00	0.000000e+00
-3.769911e-01	-2.513274e-01	0.000000e+00	0.000000e+00	0.000000e+00
-2.513274e-01	-1.256637e-01	0.000000e+00	0.000000e+00	0.000000e+00
-1.256637e-01	4.440892e-16	0.000000e+00	0.000000e+00	0.000000e+00
4.440892e-16	1.256637e-01	2.763960e-02	1.383711e-03	1.383711e-03
1.256637e-01	2.513274e-01	2.881723e-02	1.412881e-03	1.412881e-03
2.513274e-01	3.769911e-01	2.784742e-02	1.388903e-03	1.388903e-03
3.769911e-01	5.026548e-01	2.874796e-02	1.411182e-03	1.411182e-03
5.026548e-01	6.283185e-01	2.770888e-02	1.385444e-03	1.385444e-03
6.283185e-01	7.539822e-01	2.957923e-02	1.431439e-03	1.431439e-03
7.539822e-01	8.796459e-01	2.694688e-02	1.366261e-03	1.366261e-03
8.796459e-01	1.005310e+00	2.867860e-02	1.409476e-03	1.409476e-03
1.005310e+00	1.130973e+00	2.722412e-02	1.373275e-03	1.373275e-03
1.130973e+00	1.256637e+00	2.950988e-02	1.429758e-03	1.429758e-03
1.256637e+00	1.382301e+00	2.382958e-02	1.284805e-03	1.284805e-03
1.382301e+00	1.507964e+00	2.805539e-02	1.394084e-03	1.394084e-03
1.507964e+00	1.633628e+00	2.736245e-02	1.376754e-03	1.376754e-03
1.633628e+00	1.759292e+00	2.916352e-02	1.421343e-03	1.421343e-03
1.759292e+00	1.884956e+00	2.902498e-02	1.417963e-03	1.417963e-03
1.884956e+00	2.010619e+00	2.680849e-02	1.362752e-03	1.362752e-03
2.010619e+00	2.136283e+00	2.694682e-02	1.366258e-03	1.366258e-03
2.136283e+00	2.261947e+00	2.576919e-02	1.336070e-03	1.336070e-03
2.261947e+00	2.387610e+00	2.805539e-02	1.394084e-03	1.394084e-03
2.387610e+00	2.513274e+00	2.819371e-02	1.397511e-03	1.397511e-03
2.513274e+00	2.638938e+00	2.999479e-02	1.441457e-03	1.441457e-03
2.638938e+00	2.764602e+00	2.791663e-02	1.390626e-03	1.390626e-03
2.764602e+00	2.890265e+00	2.923303e-02	1.423041e-03	1.423041e-03
2.890265e+00	3.015929e+00	2.694682e-02	1.366258e-03	1.366258e-03
3.015929e+00	3.141593e+00	2.514575e-02	1.319809e-03	1.319809e-03
# END HISTO1D


# BEGIN HISTO1D //eos/home-y/yiyu/monobc/Rivet_New2/X1200_pi20_L40_darkQCDsch.yoda.gz/JetMETAnalysis/met_phi
ErrorBars=1
LineColor=blue
LineStyle=solid
Path=//eos/home-y/yiyu/monobc/Rivet_New2/X1200_pi20_L40_darkQCDsch.yoda.gz/JetMETAnalysis/met_phi
ScaledBy=3.01300000000000031e-07
Title=X1200_pi20_L40
# xlow	 xhigh	 val	 errminus	 errplus
-3.141593e+00	-3.015929e+00	0.000000e+00	0.000000e+00	0.000000e+00
-3.015929e+00	-2.890265e+00	0.000000e+00	0.000000e+00	0.000000e+00
-2.890265e+00	-2.764602e+00	0.000000e+00	0.000000e+00	0.000000e+00
-2.764602e+00	-2.638938e+00	0.000000e+00	0.000000e+00	0.000000e+00
-2.638938e+00	-2.513274e+00	0.000000e+00	0.000000e+00	0.000000e+00
-2.513274e+00	-2.387610e+00	0.000000e+00	0.000000e+00	0.000000e+00
-2.387610e+00	-2.261947e+00	0.000000e+00	0.000000e+00	0.000000e+00
-2.261947e+00	-2.136283e+00	0.000000e+00	0.000000e+00	0.000000e+00
-2.136283e+00	-2.010619e+00	0.000000e+00	0.000000e+00	0.000000e+00
-2.010619e+00	-1.884956e+00	0.000000e+00	0.000000e+00	0.000000e+00
-1.884956e+00	-1.759292e+00	0.000000e+00	0.000000e+00	0.000000e+00
-1.759292e+00	-1.633628e+00	0.000000e+00	0.000000e+00	0.000000e+00
-1.633628e+00	-1.507964e+00	0.000000e+00	0.000000e+00	0.000000e+00
-1.507964e+00	-1.382301e+00	0.000000e+00	0.000000e+00	0.000000e+00
-1.382301e+00	-1.256637e+00	0.000000e+00	0.000000e+00	0.000000e+00
-1.256637e+00	-1.130973e+00	0.000000e+00	0.000000e+00	0.000000e+00
-1.130973e+00	-1.005310e+00	0.000000e+00	0.000000e+00	0.000000e+00
-1.005310e+00	-8.796459e-01	0.000000e+00	0.000000e+00	0.000000e+00
-8.796459e-01	-7.539822e-01	0.000000e+00	0.000000e+00	0.000000e+00
-7.539822e-01	-6.283185e-01	0.000000e+00	0.000000e+00	0.000000e+00
-6.283185e-01	-5.026548e-01	0.000000e+00	0.000000e+00	0.000000e+00
-5.026548e-01	-3.769911e-01	0.000000e+00	0.000000e+00	0.000000e+00
-3.769911e-01	-2.513274e-01	0.000000e+00	0.000000e+00	0.000000e+00
-2.513274e-01	-1.256637e-01	0.000000e+00	0.000000e+00	0.000000e+00
-1.256637e-01	4.440892e-16	0.000000e+00	0.000000e+00	0.000000e+00
4.440892e-16	1.256637e-01	9.782491e-04	4.843055e-05	4.843055e-05
1.256637e-01	2.513274e-01	9.782491e-04	4.843055e-05	4.843055e-05
2.513274e-01	3.769911e-01	1.042986e-03	5.000736e-05	5.000736e-05
3.769911e-01	5.026548e-01	1.002226e-03	4.902047e-05	4.902047e-05
5.026548e-01	6.283185e-01	8.799446e-04	4.593274e-05	4.593274e-05
6.283185e-01	7.539822e-01	9.758514e-04	4.837116e-05	4.837116e-05
7.539822e-01	8.796459e-01	9.782491e-04	4.843055e-05	4.843055e-05
8.796459e-01	1.005310e+00	9.998249e-04	4.896163e-05	4.896163e-05
1.005310e+00	1.130973e+00	1.009424e-03	4.919633e-05	4.919633e-05
1.130973e+00	1.256637e+00	9.302935e-04	4.722850e-05	4.722850e-05
1.256637e+00	1.382301e+00	9.614631e-04	4.801318e-05	4.801318e-05
1.382301e+00	1.507964e+00	9.422893e-04	4.753220e-05	4.753220e-05
1.507964e+00	1.633628e+00	9.950304e-04	4.884412e-05	4.884412e-05
1.633628e+00	1.759292e+00	9.686561e-04	4.819244e-05	4.819244e-05
1.759292e+00	1.884956e+00	8.823402e-04	4.599516e-05	4.599516e-05
1.884956e+00	2.010619e+00	9.662661e-04	4.813314e-05	4.813314e-05
2.010619e+00	2.136283e+00	9.494748e-04	4.771290e-05	4.771290e-05
2.136283e+00	2.261947e+00	9.350888e-04	4.735006e-05	4.735006e-05
2.261947e+00	2.387610e+00	8.967333e-04	4.636898e-05	4.636898e-05
2.387610e+00	2.513274e+00	1.033393e-03	4.977679e-05	4.977679e-05
2.513274e+00	2.638938e+00	8.895332e-04	4.618226e-05	4.618226e-05
2.638938e+00	2.764602e+00	9.015215e-04	4.649243e-05	4.649243e-05
2.764602e+00	2.890265e+00	1.040594e-03	4.995012e-05	4.995012e-05
2.890265e+00	3.015929e+00	9.782468e-04	4.843043e-05	4.843043e-05
3.015929e+00	3.141593e+00	9.518725e-04	4.777311e-05	4.777311e-05
# END HISTO1D


# BEGIN HISTO1D //eos/home-y/yiyu/monobc/Rivet_New2/X2000_pi20_L40_darkQCDsch.yoda.gz/JetMETAnalysis/met_phi
ErrorBars=1
LineColor=violet
LineStyle=solid
Path=//eos/home-y/yiyu/monobc/Rivet_New2/X2000_pi20_L40_darkQCDsch.yoda.gz/JetMETAnalysis/met_phi
ScaledBy=1.85899999999999997e-08
Title=X2000_pi20_L40
# xlow	 xhigh	 val	 errminus	 errplus
-3.141593e+00	-3.015929e+00	0.000000e+00	0.000000e+00	0.000000e+00
-3.015929e+00	-2.890265e+00	0.000000e+00	0.000000e+00	0.000000e+00
-2.890265e+00	-2.764602e+00	0.000000e+00	0.000000e+00	0.000000e+00
-2.764602e+00	-2.638938e+00	0.000000e+00	0.000000e+00	0.000000e+00
-2.638938e+00	-2.513274e+00	0.000000e+00	0.000000e+00	0.000000e+00
-2.513274e+00	-2.387610e+00	0.000000e+00	0.000000e+00	0.000000e+00
-2.387610e+00	-2.261947e+00	0.000000e+00	0.000000e+00	0.000000e+00
-2.261947e+00	-2.136283e+00	0.000000e+00	0.000000e+00	0.000000e+00
-2.136283e+00	-2.010619e+00	0.000000e+00	0.000000e+00	0.000000e+00
-2.010619e+00	-1.884956e+00	0.000000e+00	0.000000e+00	0.000000e+00
-1.884956e+00	-1.759292e+00	0.000000e+00	0.000000e+00	0.000000e+00
-1.759292e+00	-1.633628e+00	0.000000e+00	0.000000e+00	0.000000e+00
-1.633628e+00	-1.507964e+00	0.000000e+00	0.000000e+00	0.000000e+00
-1.507964e+00	-1.382301e+00	0.000000e+00	0.000000e+00	0.000000e+00
-1.382301e+00	-1.256637e+00	0.000000e+00	0.000000e+00	0.000000e+00
-1.256637e+00	-1.130973e+00	0.000000e+00	0.000000e+00	0.000000e+00
-1.130973e+00	-1.005310e+00	0.000000e+00	0.000000e+00	0.000000e+00
-1.005310e+00	-8.796459e-01	0.000000e+00	0.000000e+00	0.000000e+00
-8.796459e-01	-7.539822e-01	0.000000e+00	0.000000e+00	0.000000e+00
-7.539822e-01	-6.283185e-01	0.000000e+00	0.000000e+00	0.000000e+00
-6.283185e-01	-5.026548e-01	0.000000e+00	0.000000e+00	0.000000e+00
-5.026548e-01	-3.769911e-01	0.000000e+00	0.000000e+00	0.000000e+00
-3.769911e-01	-2.513274e-01	0.000000e+00	0.000000e+00	0.000000e+00
-2.513274e-01	-1.256637e-01	0.000000e+00	0.000000e+00	0.000000e+00
-1.256637e-01	4.440892e-16	0.000000e+00	0.000000e+00	0.000000e+00
4.440892e-16	1.256637e-01	5.606719e-05	2.879978e-06	2.879978e-06
1.256637e-01	2.513274e-01	5.917381e-05	2.958690e-06	2.958690e-06
2.513274e-01	3.769911e-01	5.370023e-05	2.818532e-06	2.818532e-06
3.769911e-01	5.026548e-01	5.577132e-05	2.872369e-06	2.872369e-06
5.026548e-01	6.283185e-01	6.035729e-05	2.988130e-06	2.988130e-06
6.283185e-01	7.539822e-01	5.399610e-05	2.826286e-06	2.826286e-06
7.539822e-01	8.796459e-01	5.710273e-05	2.906452e-06	2.906452e-06
8.796459e-01	1.005310e+00	6.361164e-05	3.067626e-06	3.067626e-06
1.005310e+00	1.130973e+00	5.725098e-05	2.910231e-06	2.910231e-06
1.130973e+00	1.256637e+00	6.050508e-05	2.991783e-06	2.991783e-06
1.256637e+00	1.382301e+00	5.946954e-05	2.966071e-06	2.966071e-06
1.382301e+00	1.507964e+00	6.272459e-05	3.046176e-06	3.046176e-06
1.507964e+00	1.633628e+00	5.665879e-05	2.895128e-06	2.895128e-06
1.633628e+00	1.759292e+00	6.346376e-05	3.064059e-06	3.064059e-06
1.759292e+00	1.884956e+00	5.961747e-05	2.969758e-06	2.969758e-06
1.884956e+00	2.010619e+00	5.695511e-05	2.902701e-06	2.902701e-06
2.010619e+00	2.136283e+00	5.355217e-05	2.814640e-06	2.814640e-06
2.136283e+00	2.261947e+00	5.887780e-05	2.951278e-06	2.951278e-06
2.261947e+00	2.387610e+00	6.316839e-05	3.056933e-06	3.056933e-06
2.387610e+00	2.513274e+00	5.917367e-05	2.958683e-06	2.958683e-06
2.513274e+00	2.638938e+00	6.331583e-05	3.060486e-06	3.060486e-06
2.638938e+00	2.764602e+00	5.577118e-05	2.872362e-06	2.872362e-06
2.764602e+00	2.890265e+00	5.917414e-05	2.958707e-06	2.958707e-06
2.890265e+00	3.015929e+00	6.272409e-05	3.046152e-06	3.046152e-06
3.015929e+00	3.141593e+00	5.695466e-05	2.902678e-06	2.902678e-06
# END HISTO1D

