# BEGIN PLOT
Legend=1
LogY=1
Title=1D differential xsection vs $m^{\gamma\gamma}$
XLabel=$m^{\gamma\gamma}$ [GeV]
YLabel=$d\sigma/dm^{\gamma\gamma}$ [fb/GeV]
DrawOnly=//ustcfs2/yuyi/private/ttHyy/Generation/ggHyy/Rivet_new/scale_13TeV_pw.yoda.gz/ATLAS_2022_I2023464/m_yy //ustcfs2/yuyi/private/ttHyy/Generation/ggHyy/Rivet_new/scale_13TeV_r23.yoda.gz/ATLAS_2022_I2023464/m_yy //ustcfs2/yuyi/private/ttHyy/Generation/ggHyy/Rivet_new/scale_13TeV_r23626.yoda.gz/ATLAS_2022_I2023464/m_yy
LegendOnly=//ustcfs2/yuyi/private/ttHyy/Generation/ggHyy/Rivet_new/scale_13TeV_pw.yoda.gz/ATLAS_2022_I2023464/m_yy //ustcfs2/yuyi/private/ttHyy/Generation/ggHyy/Rivet_new/scale_13TeV_r23.yoda.gz/ATLAS_2022_I2023464/m_yy //ustcfs2/yuyi/private/ttHyy/Generation/ggHyy/Rivet_new/scale_13TeV_r23626.yoda.gz/ATLAS_2022_I2023464/m_yy
RatioPlot=1
RatioPlotReference=//ustcfs2/yuyi/private/ttHyy/Generation/ggHyy/Rivet_new/scale_13TeV_pw.yoda.gz/ATLAS_2022_I2023464/m_yy
RatioPlotYLabel=Ratio
# END PLOT

# BEGIN HISTO1D //ustcfs2/yuyi/private/ttHyy/Generation/ggHyy/Rivet_new/scale_13TeV_pw.yoda.gz/ATLAS_2022_I2023464/m_yy
ErrorBars=1
LineColor=red
LineStyle=solid
Path=//ustcfs2/yuyi/private/ttHyy/Generation/ggHyy/Rivet_new/scale_13TeV_pw.yoda.gz/ATLAS_2022_I2023464/m_yy
ScaledBy=3.24345023330643270e-05
Title=NNLO PhPy8
# xlow	 xhigh	 val	 errminus	 errplus
1.200000e+02	1.201000e+02	0.000000e+00	0.000000e+00	0.000000e+00
1.201000e+02	1.202000e+02	0.000000e+00	0.000000e+00	0.000000e+00
1.202000e+02	1.203000e+02	0.000000e+00	0.000000e+00	0.000000e+00
1.203000e+02	1.204000e+02	0.000000e+00	0.000000e+00	0.000000e+00
1.204000e+02	1.205000e+02	0.000000e+00	0.000000e+00	0.000000e+00
1.205000e+02	1.206000e+02	0.000000e+00	0.000000e+00	0.000000e+00
1.206000e+02	1.207000e+02	0.000000e+00	0.000000e+00	0.000000e+00
1.207000e+02	1.208000e+02	0.000000e+00	0.000000e+00	0.000000e+00
1.208000e+02	1.209000e+02	0.000000e+00	0.000000e+00	0.000000e+00
1.209000e+02	1.210000e+02	0.000000e+00	0.000000e+00	0.000000e+00
1.210000e+02	1.211000e+02	0.000000e+00	0.000000e+00	0.000000e+00
1.211000e+02	1.212000e+02	0.000000e+00	0.000000e+00	0.000000e+00
1.212000e+02	1.213000e+02	0.000000e+00	0.000000e+00	0.000000e+00
1.213000e+02	1.214000e+02	0.000000e+00	0.000000e+00	0.000000e+00
1.214000e+02	1.215000e+02	0.000000e+00	0.000000e+00	0.000000e+00
1.215000e+02	1.216000e+02	0.000000e+00	0.000000e+00	0.000000e+00
1.216000e+02	1.217000e+02	0.000000e+00	0.000000e+00	0.000000e+00
1.217000e+02	1.218000e+02	0.000000e+00	0.000000e+00	0.000000e+00
1.218000e+02	1.219000e+02	0.000000e+00	0.000000e+00	0.000000e+00
1.219000e+02	1.220000e+02	0.000000e+00	0.000000e+00	0.000000e+00
1.220000e+02	1.221000e+02	0.000000e+00	0.000000e+00	0.000000e+00
1.221000e+02	1.222000e+02	0.000000e+00	0.000000e+00	0.000000e+00
1.222000e+02	1.223000e+02	0.000000e+00	0.000000e+00	0.000000e+00
1.223000e+02	1.224000e+02	0.000000e+00	0.000000e+00	0.000000e+00
1.224000e+02	1.225000e+02	0.000000e+00	0.000000e+00	0.000000e+00
1.225000e+02	1.226000e+02	0.000000e+00	0.000000e+00	0.000000e+00
1.226000e+02	1.227000e+02	0.000000e+00	0.000000e+00	0.000000e+00
1.227000e+02	1.228000e+02	0.000000e+00	0.000000e+00	0.000000e+00
1.228000e+02	1.229000e+02	0.000000e+00	0.000000e+00	0.000000e+00
1.229000e+02	1.230000e+02	0.000000e+00	0.000000e+00	0.000000e+00
1.230000e+02	1.231000e+02	0.000000e+00	0.000000e+00	0.000000e+00
1.231000e+02	1.232000e+02	0.000000e+00	0.000000e+00	0.000000e+00
1.232000e+02	1.233000e+02	0.000000e+00	0.000000e+00	0.000000e+00
1.233000e+02	1.234000e+02	0.000000e+00	0.000000e+00	0.000000e+00
1.234000e+02	1.235000e+02	0.000000e+00	0.000000e+00	0.000000e+00
1.235000e+02	1.236000e+02	0.000000e+00	0.000000e+00	0.000000e+00
1.236000e+02	1.237000e+02	0.000000e+00	0.000000e+00	0.000000e+00
1.237000e+02	1.238000e+02	0.000000e+00	0.000000e+00	0.000000e+00
1.238000e+02	1.239000e+02	0.000000e+00	0.000000e+00	0.000000e+00
1.239000e+02	1.240000e+02	0.000000e+00	0.000000e+00	0.000000e+00
1.240000e+02	1.241000e+02	0.000000e+00	0.000000e+00	0.000000e+00
1.241000e+02	1.242000e+02	0.000000e+00	0.000000e+00	0.000000e+00
1.242000e+02	1.243000e+02	0.000000e+00	0.000000e+00	0.000000e+00
1.243000e+02	1.244000e+02	0.000000e+00	0.000000e+00	0.000000e+00
1.244000e+02	1.245000e+02	0.000000e+00	0.000000e+00	0.000000e+00
1.245000e+02	1.246000e+02	0.000000e+00	0.000000e+00	0.000000e+00
1.246000e+02	1.247000e+02	0.000000e+00	0.000000e+00	0.000000e+00
1.247000e+02	1.248000e+02	0.000000e+00	0.000000e+00	0.000000e+00
1.248000e+02	1.249000e+02	0.000000e+00	0.000000e+00	0.000000e+00
1.249000e+02	1.250000e+02	2.767509e+02	1.670859e+00	1.670859e+00
1.250000e+02	1.251000e+02	2.765281e+02	1.663685e+00	1.663685e+00
1.251000e+02	1.252000e+02	0.000000e+00	0.000000e+00	0.000000e+00
1.252000e+02	1.253000e+02	0.000000e+00	0.000000e+00	0.000000e+00
1.253000e+02	1.254000e+02	0.000000e+00	0.000000e+00	0.000000e+00
1.254000e+02	1.255000e+02	0.000000e+00	0.000000e+00	0.000000e+00
1.255000e+02	1.256000e+02	0.000000e+00	0.000000e+00	0.000000e+00
1.256000e+02	1.257000e+02	0.000000e+00	0.000000e+00	0.000000e+00
1.257000e+02	1.258000e+02	0.000000e+00	0.000000e+00	0.000000e+00
1.258000e+02	1.259000e+02	0.000000e+00	0.000000e+00	0.000000e+00
1.259000e+02	1.260000e+02	0.000000e+00	0.000000e+00	0.000000e+00
1.260000e+02	1.261000e+02	0.000000e+00	0.000000e+00	0.000000e+00
1.261000e+02	1.262000e+02	0.000000e+00	0.000000e+00	0.000000e+00
1.262000e+02	1.263000e+02	0.000000e+00	0.000000e+00	0.000000e+00
1.263000e+02	1.264000e+02	0.000000e+00	0.000000e+00	0.000000e+00
1.264000e+02	1.265000e+02	0.000000e+00	0.000000e+00	0.000000e+00
1.265000e+02	1.266000e+02	9.999071e-03	9.999070e-03	9.999070e-03
1.266000e+02	1.267000e+02	0.000000e+00	0.000000e+00	0.000000e+00
1.267000e+02	1.268000e+02	0.000000e+00	0.000000e+00	0.000000e+00
1.268000e+02	1.269000e+02	0.000000e+00	0.000000e+00	0.000000e+00
1.269000e+02	1.270000e+02	0.000000e+00	0.000000e+00	0.000000e+00
1.270000e+02	1.271000e+02	0.000000e+00	0.000000e+00	0.000000e+00
1.271000e+02	1.272000e+02	0.000000e+00	0.000000e+00	0.000000e+00
1.272000e+02	1.273000e+02	0.000000e+00	0.000000e+00	0.000000e+00
1.273000e+02	1.274000e+02	0.000000e+00	0.000000e+00	0.000000e+00
1.274000e+02	1.275000e+02	0.000000e+00	0.000000e+00	0.000000e+00
1.275000e+02	1.276000e+02	0.000000e+00	0.000000e+00	0.000000e+00
1.276000e+02	1.277000e+02	0.000000e+00	0.000000e+00	0.000000e+00
1.277000e+02	1.278000e+02	0.000000e+00	0.000000e+00	0.000000e+00
1.278000e+02	1.279000e+02	0.000000e+00	0.000000e+00	0.000000e+00
1.279000e+02	1.280000e+02	0.000000e+00	0.000000e+00	0.000000e+00
1.280000e+02	1.281000e+02	0.000000e+00	0.000000e+00	0.000000e+00
1.281000e+02	1.282000e+02	0.000000e+00	0.000000e+00	0.000000e+00
1.282000e+02	1.283000e+02	0.000000e+00	0.000000e+00	0.000000e+00
1.283000e+02	1.284000e+02	0.000000e+00	0.000000e+00	0.000000e+00
1.284000e+02	1.285000e+02	0.000000e+00	0.000000e+00	0.000000e+00
1.285000e+02	1.286000e+02	0.000000e+00	0.000000e+00	0.000000e+00
1.286000e+02	1.287000e+02	0.000000e+00	0.000000e+00	0.000000e+00
1.287000e+02	1.288000e+02	0.000000e+00	0.000000e+00	0.000000e+00
1.288000e+02	1.289000e+02	0.000000e+00	0.000000e+00	0.000000e+00
1.289000e+02	1.290000e+02	0.000000e+00	0.000000e+00	0.000000e+00
1.290000e+02	1.291000e+02	0.000000e+00	0.000000e+00	0.000000e+00
1.291000e+02	1.292000e+02	0.000000e+00	0.000000e+00	0.000000e+00
1.292000e+02	1.293000e+02	0.000000e+00	0.000000e+00	0.000000e+00
1.293000e+02	1.294000e+02	0.000000e+00	0.000000e+00	0.000000e+00
1.294000e+02	1.295000e+02	0.000000e+00	0.000000e+00	0.000000e+00
1.295000e+02	1.296000e+02	0.000000e+00	0.000000e+00	0.000000e+00
1.296000e+02	1.297000e+02	0.000000e+00	0.000000e+00	0.000000e+00
1.297000e+02	1.298000e+02	0.000000e+00	0.000000e+00	0.000000e+00
1.298000e+02	1.299000e+02	0.000000e+00	0.000000e+00	0.000000e+00
1.299000e+02	1.300000e+02	0.000000e+00	0.000000e+00	0.000000e+00
# END HISTO1D


# BEGIN HISTO1D //ustcfs2/yuyi/private/ttHyy/Generation/ggHyy/Rivet_new/scale_13TeV_r23.yoda.gz/ATLAS_2022_I2023464/m_yy
ErrorBars=1
LineColor=blue
LineStyle=solid
Path=//ustcfs2/yuyi/private/ttHyy/Generation/ggHyy/Rivet_new/scale_13TeV_r23.yoda.gz/ATLAS_2022_I2023464/m_yy
ScaledBy=5.14555106965377314e-03
Title=r23
# xlow	 xhigh	 val	 errminus	 errplus
1.200000e+02	1.201000e+02	0.000000e+00	0.000000e+00	0.000000e+00
1.201000e+02	1.202000e+02	0.000000e+00	0.000000e+00	0.000000e+00
1.202000e+02	1.203000e+02	0.000000e+00	0.000000e+00	0.000000e+00
1.203000e+02	1.204000e+02	0.000000e+00	0.000000e+00	0.000000e+00
1.204000e+02	1.205000e+02	0.000000e+00	0.000000e+00	0.000000e+00
1.205000e+02	1.206000e+02	0.000000e+00	0.000000e+00	0.000000e+00
1.206000e+02	1.207000e+02	0.000000e+00	0.000000e+00	0.000000e+00
1.207000e+02	1.208000e+02	0.000000e+00	0.000000e+00	0.000000e+00
1.208000e+02	1.209000e+02	0.000000e+00	0.000000e+00	0.000000e+00
1.209000e+02	1.210000e+02	0.000000e+00	0.000000e+00	0.000000e+00
1.210000e+02	1.211000e+02	0.000000e+00	0.000000e+00	0.000000e+00
1.211000e+02	1.212000e+02	0.000000e+00	0.000000e+00	0.000000e+00
1.212000e+02	1.213000e+02	0.000000e+00	0.000000e+00	0.000000e+00
1.213000e+02	1.214000e+02	0.000000e+00	0.000000e+00	0.000000e+00
1.214000e+02	1.215000e+02	0.000000e+00	0.000000e+00	0.000000e+00
1.215000e+02	1.216000e+02	0.000000e+00	0.000000e+00	0.000000e+00
1.216000e+02	1.217000e+02	0.000000e+00	0.000000e+00	0.000000e+00
1.217000e+02	1.218000e+02	0.000000e+00	0.000000e+00	0.000000e+00
1.218000e+02	1.219000e+02	0.000000e+00	0.000000e+00	0.000000e+00
1.219000e+02	1.220000e+02	0.000000e+00	0.000000e+00	0.000000e+00
1.220000e+02	1.221000e+02	0.000000e+00	0.000000e+00	0.000000e+00
1.221000e+02	1.222000e+02	0.000000e+00	0.000000e+00	0.000000e+00
1.222000e+02	1.223000e+02	0.000000e+00	0.000000e+00	0.000000e+00
1.223000e+02	1.224000e+02	0.000000e+00	0.000000e+00	0.000000e+00
1.224000e+02	1.225000e+02	0.000000e+00	0.000000e+00	0.000000e+00
1.225000e+02	1.226000e+02	0.000000e+00	0.000000e+00	0.000000e+00
1.226000e+02	1.227000e+02	0.000000e+00	0.000000e+00	0.000000e+00
1.227000e+02	1.228000e+02	0.000000e+00	0.000000e+00	0.000000e+00
1.228000e+02	1.229000e+02	0.000000e+00	0.000000e+00	0.000000e+00
1.229000e+02	1.230000e+02	0.000000e+00	0.000000e+00	0.000000e+00
1.230000e+02	1.231000e+02	0.000000e+00	0.000000e+00	0.000000e+00
1.231000e+02	1.232000e+02	0.000000e+00	0.000000e+00	0.000000e+00
1.232000e+02	1.233000e+02	0.000000e+00	0.000000e+00	0.000000e+00
1.233000e+02	1.234000e+02	0.000000e+00	0.000000e+00	0.000000e+00
1.234000e+02	1.235000e+02	0.000000e+00	0.000000e+00	0.000000e+00
1.235000e+02	1.236000e+02	0.000000e+00	0.000000e+00	0.000000e+00
1.236000e+02	1.237000e+02	0.000000e+00	0.000000e+00	0.000000e+00
1.237000e+02	1.238000e+02	0.000000e+00	0.000000e+00	0.000000e+00
1.238000e+02	1.239000e+02	0.000000e+00	0.000000e+00	0.000000e+00
1.239000e+02	1.240000e+02	0.000000e+00	0.000000e+00	0.000000e+00
1.240000e+02	1.241000e+02	0.000000e+00	0.000000e+00	0.000000e+00
1.241000e+02	1.242000e+02	0.000000e+00	0.000000e+00	0.000000e+00
1.242000e+02	1.243000e+02	0.000000e+00	0.000000e+00	0.000000e+00
1.243000e+02	1.244000e+02	0.000000e+00	0.000000e+00	0.000000e+00
1.244000e+02	1.245000e+02	0.000000e+00	0.000000e+00	0.000000e+00
1.245000e+02	1.246000e+02	0.000000e+00	0.000000e+00	0.000000e+00
1.246000e+02	1.247000e+02	0.000000e+00	0.000000e+00	0.000000e+00
1.247000e+02	1.248000e+02	0.000000e+00	0.000000e+00	0.000000e+00
1.248000e+02	1.249000e+02	0.000000e+00	0.000000e+00	0.000000e+00
1.249000e+02	1.250000e+02	2.882501e+02	4.271695e+00	4.271695e+00
1.250000e+02	1.251000e+02	2.832492e+02	4.263130e+00	4.263130e+00
1.251000e+02	1.252000e+02	0.000000e+00	0.000000e+00	0.000000e+00
1.252000e+02	1.253000e+02	0.000000e+00	0.000000e+00	0.000000e+00
1.253000e+02	1.254000e+02	0.000000e+00	0.000000e+00	0.000000e+00
1.254000e+02	1.255000e+02	0.000000e+00	0.000000e+00	0.000000e+00
1.255000e+02	1.256000e+02	0.000000e+00	0.000000e+00	0.000000e+00
1.256000e+02	1.257000e+02	0.000000e+00	0.000000e+00	0.000000e+00
1.257000e+02	1.258000e+02	0.000000e+00	0.000000e+00	0.000000e+00
1.258000e+02	1.259000e+02	0.000000e+00	0.000000e+00	0.000000e+00
1.259000e+02	1.260000e+02	0.000000e+00	0.000000e+00	0.000000e+00
1.260000e+02	1.261000e+02	0.000000e+00	0.000000e+00	0.000000e+00
1.261000e+02	1.262000e+02	0.000000e+00	0.000000e+00	0.000000e+00
1.262000e+02	1.263000e+02	0.000000e+00	0.000000e+00	0.000000e+00
1.263000e+02	1.264000e+02	0.000000e+00	0.000000e+00	0.000000e+00
1.264000e+02	1.265000e+02	0.000000e+00	0.000000e+00	0.000000e+00
1.265000e+02	1.266000e+02	0.000000e+00	0.000000e+00	0.000000e+00
1.266000e+02	1.267000e+02	0.000000e+00	0.000000e+00	0.000000e+00
1.267000e+02	1.268000e+02	0.000000e+00	0.000000e+00	0.000000e+00
1.268000e+02	1.269000e+02	0.000000e+00	0.000000e+00	0.000000e+00
1.269000e+02	1.270000e+02	0.000000e+00	0.000000e+00	0.000000e+00
1.270000e+02	1.271000e+02	0.000000e+00	0.000000e+00	0.000000e+00
1.271000e+02	1.272000e+02	0.000000e+00	0.000000e+00	0.000000e+00
1.272000e+02	1.273000e+02	0.000000e+00	0.000000e+00	0.000000e+00
1.273000e+02	1.274000e+02	0.000000e+00	0.000000e+00	0.000000e+00
1.274000e+02	1.275000e+02	0.000000e+00	0.000000e+00	0.000000e+00
1.275000e+02	1.276000e+02	0.000000e+00	0.000000e+00	0.000000e+00
1.276000e+02	1.277000e+02	0.000000e+00	0.000000e+00	0.000000e+00
1.277000e+02	1.278000e+02	0.000000e+00	0.000000e+00	0.000000e+00
1.278000e+02	1.279000e+02	0.000000e+00	0.000000e+00	0.000000e+00
1.279000e+02	1.280000e+02	0.000000e+00	0.000000e+00	0.000000e+00
1.280000e+02	1.281000e+02	0.000000e+00	0.000000e+00	0.000000e+00
1.281000e+02	1.282000e+02	0.000000e+00	0.000000e+00	0.000000e+00
1.282000e+02	1.283000e+02	0.000000e+00	0.000000e+00	0.000000e+00
1.283000e+02	1.284000e+02	0.000000e+00	0.000000e+00	0.000000e+00
1.284000e+02	1.285000e+02	0.000000e+00	0.000000e+00	0.000000e+00
1.285000e+02	1.286000e+02	0.000000e+00	0.000000e+00	0.000000e+00
1.286000e+02	1.287000e+02	0.000000e+00	0.000000e+00	0.000000e+00
1.287000e+02	1.288000e+02	0.000000e+00	0.000000e+00	0.000000e+00
1.288000e+02	1.289000e+02	0.000000e+00	0.000000e+00	0.000000e+00
1.289000e+02	1.290000e+02	0.000000e+00	0.000000e+00	0.000000e+00
1.290000e+02	1.291000e+02	0.000000e+00	0.000000e+00	0.000000e+00
1.291000e+02	1.292000e+02	0.000000e+00	0.000000e+00	0.000000e+00
1.292000e+02	1.293000e+02	0.000000e+00	0.000000e+00	0.000000e+00
1.293000e+02	1.294000e+02	0.000000e+00	0.000000e+00	0.000000e+00
1.294000e+02	1.295000e+02	0.000000e+00	0.000000e+00	0.000000e+00
1.295000e+02	1.296000e+02	0.000000e+00	0.000000e+00	0.000000e+00
1.296000e+02	1.297000e+02	0.000000e+00	0.000000e+00	0.000000e+00
1.297000e+02	1.298000e+02	0.000000e+00	0.000000e+00	0.000000e+00
1.298000e+02	1.299000e+02	0.000000e+00	0.000000e+00	0.000000e+00
1.299000e+02	1.300000e+02	0.000000e+00	0.000000e+00	0.000000e+00
# END HISTO1D


# BEGIN HISTO1D //ustcfs2/yuyi/private/ttHyy/Generation/ggHyy/Rivet_new/scale_13TeV_r23626.yoda.gz/ATLAS_2022_I2023464/m_yy
ErrorBars=1
LineColor=green
LineStyle=solid
Path=//ustcfs2/yuyi/private/ttHyy/Generation/ggHyy/Rivet_new/scale_13TeV_r23626.yoda.gz/ATLAS_2022_I2023464/m_yy
ScaledBy=5.54453616512823669e-03
Title=r23626
# xlow	 xhigh	 val	 errminus	 errplus
1.200000e+02	1.201000e+02	0.000000e+00	0.000000e+00	0.000000e+00
1.201000e+02	1.202000e+02	0.000000e+00	0.000000e+00	0.000000e+00
1.202000e+02	1.203000e+02	0.000000e+00	0.000000e+00	0.000000e+00
1.203000e+02	1.204000e+02	0.000000e+00	0.000000e+00	0.000000e+00
1.204000e+02	1.205000e+02	0.000000e+00	0.000000e+00	0.000000e+00
1.205000e+02	1.206000e+02	0.000000e+00	0.000000e+00	0.000000e+00
1.206000e+02	1.207000e+02	0.000000e+00	0.000000e+00	0.000000e+00
1.207000e+02	1.208000e+02	0.000000e+00	0.000000e+00	0.000000e+00
1.208000e+02	1.209000e+02	0.000000e+00	0.000000e+00	0.000000e+00
1.209000e+02	1.210000e+02	0.000000e+00	0.000000e+00	0.000000e+00
1.210000e+02	1.211000e+02	0.000000e+00	0.000000e+00	0.000000e+00
1.211000e+02	1.212000e+02	0.000000e+00	0.000000e+00	0.000000e+00
1.212000e+02	1.213000e+02	0.000000e+00	0.000000e+00	0.000000e+00
1.213000e+02	1.214000e+02	0.000000e+00	0.000000e+00	0.000000e+00
1.214000e+02	1.215000e+02	0.000000e+00	0.000000e+00	0.000000e+00
1.215000e+02	1.216000e+02	0.000000e+00	0.000000e+00	0.000000e+00
1.216000e+02	1.217000e+02	0.000000e+00	0.000000e+00	0.000000e+00
1.217000e+02	1.218000e+02	0.000000e+00	0.000000e+00	0.000000e+00
1.218000e+02	1.219000e+02	0.000000e+00	0.000000e+00	0.000000e+00
1.219000e+02	1.220000e+02	0.000000e+00	0.000000e+00	0.000000e+00
1.220000e+02	1.221000e+02	0.000000e+00	0.000000e+00	0.000000e+00
1.221000e+02	1.222000e+02	0.000000e+00	0.000000e+00	0.000000e+00
1.222000e+02	1.223000e+02	0.000000e+00	0.000000e+00	0.000000e+00
1.223000e+02	1.224000e+02	0.000000e+00	0.000000e+00	0.000000e+00
1.224000e+02	1.225000e+02	0.000000e+00	0.000000e+00	0.000000e+00
1.225000e+02	1.226000e+02	0.000000e+00	0.000000e+00	0.000000e+00
1.226000e+02	1.227000e+02	0.000000e+00	0.000000e+00	0.000000e+00
1.227000e+02	1.228000e+02	0.000000e+00	0.000000e+00	0.000000e+00
1.228000e+02	1.229000e+02	0.000000e+00	0.000000e+00	0.000000e+00
1.229000e+02	1.230000e+02	0.000000e+00	0.000000e+00	0.000000e+00
1.230000e+02	1.231000e+02	0.000000e+00	0.000000e+00	0.000000e+00
1.231000e+02	1.232000e+02	0.000000e+00	0.000000e+00	0.000000e+00
1.232000e+02	1.233000e+02	0.000000e+00	0.000000e+00	0.000000e+00
1.233000e+02	1.234000e+02	0.000000e+00	0.000000e+00	0.000000e+00
1.234000e+02	1.235000e+02	0.000000e+00	0.000000e+00	0.000000e+00
1.235000e+02	1.236000e+02	0.000000e+00	0.000000e+00	0.000000e+00
1.236000e+02	1.237000e+02	0.000000e+00	0.000000e+00	0.000000e+00
1.237000e+02	1.238000e+02	0.000000e+00	0.000000e+00	0.000000e+00
1.238000e+02	1.239000e+02	0.000000e+00	0.000000e+00	0.000000e+00
1.239000e+02	1.240000e+02	0.000000e+00	0.000000e+00	0.000000e+00
1.240000e+02	1.241000e+02	0.000000e+00	0.000000e+00	0.000000e+00
1.241000e+02	1.242000e+02	0.000000e+00	0.000000e+00	0.000000e+00
1.242000e+02	1.243000e+02	0.000000e+00	0.000000e+00	0.000000e+00
1.243000e+02	1.244000e+02	0.000000e+00	0.000000e+00	0.000000e+00
1.244000e+02	1.245000e+02	0.000000e+00	0.000000e+00	0.000000e+00
1.245000e+02	1.246000e+02	2.638260e-02	2.638260e-02	2.638260e-02
1.246000e+02	1.247000e+02	0.000000e+00	0.000000e+00	0.000000e+00
1.247000e+02	1.248000e+02	0.000000e+00	0.000000e+00	0.000000e+00
1.248000e+02	1.249000e+02	0.000000e+00	0.000000e+00	0.000000e+00
1.249000e+02	1.250000e+02	2.773867e+02	4.364547e+00	4.364547e+00
1.250000e+02	1.251000e+02	2.798402e+02	4.375617e+00	4.375617e+00
1.251000e+02	1.252000e+02	0.000000e+00	0.000000e+00	0.000000e+00
1.252000e+02	1.253000e+02	0.000000e+00	0.000000e+00	0.000000e+00
1.253000e+02	1.254000e+02	0.000000e+00	0.000000e+00	0.000000e+00
1.254000e+02	1.255000e+02	0.000000e+00	0.000000e+00	0.000000e+00
1.255000e+02	1.256000e+02	0.000000e+00	0.000000e+00	0.000000e+00
1.256000e+02	1.257000e+02	0.000000e+00	0.000000e+00	0.000000e+00
1.257000e+02	1.258000e+02	0.000000e+00	0.000000e+00	0.000000e+00
1.258000e+02	1.259000e+02	0.000000e+00	0.000000e+00	0.000000e+00
1.259000e+02	1.260000e+02	0.000000e+00	0.000000e+00	0.000000e+00
1.260000e+02	1.261000e+02	0.000000e+00	0.000000e+00	0.000000e+00
1.261000e+02	1.262000e+02	0.000000e+00	0.000000e+00	0.000000e+00
1.262000e+02	1.263000e+02	0.000000e+00	0.000000e+00	0.000000e+00
1.263000e+02	1.264000e+02	0.000000e+00	0.000000e+00	0.000000e+00
1.264000e+02	1.265000e+02	0.000000e+00	0.000000e+00	0.000000e+00
1.265000e+02	1.266000e+02	0.000000e+00	0.000000e+00	0.000000e+00
1.266000e+02	1.267000e+02	0.000000e+00	0.000000e+00	0.000000e+00
1.267000e+02	1.268000e+02	0.000000e+00	0.000000e+00	0.000000e+00
1.268000e+02	1.269000e+02	0.000000e+00	0.000000e+00	0.000000e+00
1.269000e+02	1.270000e+02	0.000000e+00	0.000000e+00	0.000000e+00
1.270000e+02	1.271000e+02	0.000000e+00	0.000000e+00	0.000000e+00
1.271000e+02	1.272000e+02	0.000000e+00	0.000000e+00	0.000000e+00
1.272000e+02	1.273000e+02	0.000000e+00	0.000000e+00	0.000000e+00
1.273000e+02	1.274000e+02	0.000000e+00	0.000000e+00	0.000000e+00
1.274000e+02	1.275000e+02	0.000000e+00	0.000000e+00	0.000000e+00
1.275000e+02	1.276000e+02	0.000000e+00	0.000000e+00	0.000000e+00
1.276000e+02	1.277000e+02	0.000000e+00	0.000000e+00	0.000000e+00
1.277000e+02	1.278000e+02	0.000000e+00	0.000000e+00	0.000000e+00
1.278000e+02	1.279000e+02	0.000000e+00	0.000000e+00	0.000000e+00
1.279000e+02	1.280000e+02	0.000000e+00	0.000000e+00	0.000000e+00
1.280000e+02	1.281000e+02	0.000000e+00	0.000000e+00	0.000000e+00
1.281000e+02	1.282000e+02	0.000000e+00	0.000000e+00	0.000000e+00
1.282000e+02	1.283000e+02	0.000000e+00	0.000000e+00	0.000000e+00
1.283000e+02	1.284000e+02	0.000000e+00	0.000000e+00	0.000000e+00
1.284000e+02	1.285000e+02	0.000000e+00	0.000000e+00	0.000000e+00
1.285000e+02	1.286000e+02	0.000000e+00	0.000000e+00	0.000000e+00
1.286000e+02	1.287000e+02	0.000000e+00	0.000000e+00	0.000000e+00
1.287000e+02	1.288000e+02	0.000000e+00	0.000000e+00	0.000000e+00
1.288000e+02	1.289000e+02	0.000000e+00	0.000000e+00	0.000000e+00
1.289000e+02	1.290000e+02	0.000000e+00	0.000000e+00	0.000000e+00
1.290000e+02	1.291000e+02	0.000000e+00	0.000000e+00	0.000000e+00
1.291000e+02	1.292000e+02	0.000000e+00	0.000000e+00	0.000000e+00
1.292000e+02	1.293000e+02	0.000000e+00	0.000000e+00	0.000000e+00
1.293000e+02	1.294000e+02	0.000000e+00	0.000000e+00	0.000000e+00
1.294000e+02	1.295000e+02	0.000000e+00	0.000000e+00	0.000000e+00
1.295000e+02	1.296000e+02	0.000000e+00	0.000000e+00	0.000000e+00
1.296000e+02	1.297000e+02	0.000000e+00	0.000000e+00	0.000000e+00
1.297000e+02	1.298000e+02	0.000000e+00	0.000000e+00	0.000000e+00
1.298000e+02	1.299000e+02	0.000000e+00	0.000000e+00	0.000000e+00
1.299000e+02	1.300000e+02	0.000000e+00	0.000000e+00	0.000000e+00
# END HISTO1D

