# BEGIN PLOT
Legend=1
LogY=1
LegendPlacement=manual
LegendAlign=r
LegendXPos=1.225
RightMargin=2.5
Title=$b$-jet $p_\mathrm{T}$ spectrum
XLabel=$p_\mathrm{T}^{b\mathrm{-jet}}$ [GeV]
YLabel=$\sigma$ [pb]
LogX=1
DrawOnly=//eos/home-y/yiyu/monobc/A600.yoda.gz/JetMETAnalysis/bjet_pt //eos/home-y/yiyu/monobc/A1000.yoda.gz/JetMETAnalysis/bjet_pt //eos/home-y/yiyu/monobc/A1500.yoda.gz/JetMETAnalysis/bjet_pt //eos/home-y/yiyu/monobc/A2000.yoda.gz/JetMETAnalysis/bjet_pt //eos/home-y/yiyu/monobc/A2600.yoda.gz/JetMETAnalysis/bjet_pt //eos/home-y/yiyu/monobc/C600.yoda.gz/JetMETAnalysis/bjet_pt //eos/home-y/yiyu/monobc/C1000.yoda.gz/JetMETAnalysis/bjet_pt //eos/home-y/yiyu/monobc/C1500.yoda.gz/JetMETAnalysis/bjet_pt //eos/home-y/yiyu/monobc/C2000.yoda.gz/JetMETAnalysis/bjet_pt //eos/home-y/yiyu/monobc/C2600.yoda.gz/JetMETAnalysis/bjet_pt //eos/home-y/yiyu/monobc/D600.yoda.gz/JetMETAnalysis/bjet_pt //eos/home-y/yiyu/monobc/D1000.yoda.gz/JetMETAnalysis/bjet_pt //eos/home-y/yiyu/monobc/D1500.yoda.gz/JetMETAnalysis/bjet_pt //eos/home-y/yiyu/monobc/D2000.yoda.gz/JetMETAnalysis/bjet_pt //eos/home-y/yiyu/monobc/D2600.yoda.gz/JetMETAnalysis/bjet_pt
LegendOnly=//eos/home-y/yiyu/monobc/A600.yoda.gz/JetMETAnalysis/bjet_pt //eos/home-y/yiyu/monobc/A1000.yoda.gz/JetMETAnalysis/bjet_pt //eos/home-y/yiyu/monobc/A1500.yoda.gz/JetMETAnalysis/bjet_pt //eos/home-y/yiyu/monobc/A2000.yoda.gz/JetMETAnalysis/bjet_pt //eos/home-y/yiyu/monobc/A2600.yoda.gz/JetMETAnalysis/bjet_pt //eos/home-y/yiyu/monobc/C600.yoda.gz/JetMETAnalysis/bjet_pt //eos/home-y/yiyu/monobc/C1000.yoda.gz/JetMETAnalysis/bjet_pt //eos/home-y/yiyu/monobc/C1500.yoda.gz/JetMETAnalysis/bjet_pt //eos/home-y/yiyu/monobc/C2000.yoda.gz/JetMETAnalysis/bjet_pt //eos/home-y/yiyu/monobc/C2600.yoda.gz/JetMETAnalysis/bjet_pt //eos/home-y/yiyu/monobc/D600.yoda.gz/JetMETAnalysis/bjet_pt //eos/home-y/yiyu/monobc/D1000.yoda.gz/JetMETAnalysis/bjet_pt //eos/home-y/yiyu/monobc/D1500.yoda.gz/JetMETAnalysis/bjet_pt //eos/home-y/yiyu/monobc/D2000.yoda.gz/JetMETAnalysis/bjet_pt //eos/home-y/yiyu/monobc/D2600.yoda.gz/JetMETAnalysis/bjet_pt
RatioPlot=1
RatioPlotReference=//eos/home-y/yiyu/monobc/A600.yoda.gz/JetMETAnalysis/bjet_pt
RatioPlotYLabel=Ratio
# END PLOT

# BEGIN HISTO1D //eos/home-y/yiyu/monobc/A600.yoda.gz/JetMETAnalysis/bjet_pt
ErrorBars=1
LineColor=red
LineStyle=solid
Path=//eos/home-y/yiyu/monobc/A600.yoda.gz/JetMETAnalysis/bjet_pt
ScaledBy=5.21401125168643785e-06
Title=A600
# xlow	 xhigh	 val	 errminus	 errplus
2.000000e+01	2.162765e+01	0.000000e+00	0.000000e+00	0.000000e+00
2.162765e+01	2.338777e+01	0.000000e+00	0.000000e+00	0.000000e+00
2.338777e+01	2.529113e+01	7.752637e-02	1.880291e-02	1.880291e-02
2.529113e+01	2.734939e+01	4.090656e-01	4.153432e-02	4.153432e-02
2.734939e+01	2.957515e+01	3.977803e-01	4.015097e-02	4.015097e-02
2.957515e+01	3.198206e+01	4.940629e-01	4.251763e-02	4.251763e-02
3.198206e+01	3.458484e+01	4.235333e-01	3.787728e-02	3.787728e-02
3.458484e+01	3.739945e+01	4.625881e-01	3.802112e-02	3.802112e-02
3.739945e+01	4.044311e+01	4.106651e-01	3.539041e-02	3.539041e-02
4.044311e+01	4.373448e+01	4.430514e-01	3.438501e-02	3.438501e-02
4.373448e+01	4.729371e+01	4.048308e-01	3.160967e-02	3.160967e-02
4.729371e+01	5.114260e+01	4.510409e-01	3.189341e-02	3.189341e-02
5.114260e+01	5.530472e+01	4.233532e-01	2.971357e-02	2.971357e-02
5.530472e+01	5.980556e+01	5.168477e-01	3.168909e-02	3.168909e-02
5.980556e+01	6.467270e+01	5.100511e-01	3.015995e-02	3.015995e-02
6.467270e+01	6.993594e+01	4.436296e-01	2.704857e-02	2.704857e-02
6.993594e+01	7.562751e+01	4.407448e-01	2.592616e-02	2.592616e-02
7.562751e+01	8.178228e+01	4.851411e-01	2.630869e-02	2.630869e-02
8.178228e+01	8.843794e+01	4.929718e-01	2.555618e-02	2.555618e-02
8.843794e+01	9.563525e+01	5.656191e-01	2.644988e-02	2.644988e-02
9.563525e+01	1.034183e+02	5.843902e-01	2.572334e-02	2.572334e-02
1.034183e+02	1.118348e+02	5.960981e-01	2.483727e-02	2.483727e-02
1.118348e+02	1.209362e+02	6.704533e-01	2.539431e-02	2.539431e-02
1.209362e+02	1.307783e+02	6.535094e-01	2.426507e-02	2.426507e-02
1.307783e+02	1.414214e+02	7.397084e-01	2.466970e-02	2.466970e-02
1.414214e+02	1.529306e+02	7.413612e-01	2.383741e-02	2.383741e-02
1.529306e+02	1.653765e+02	7.713478e-01	2.338182e-02	2.338182e-02
1.653765e+02	1.788353e+02	8.300294e-01	2.322657e-02	2.322657e-02
1.788353e+02	1.933894e+02	8.134869e-01	2.218728e-02	2.218728e-02
1.933894e+02	2.091279e+02	7.853588e-01	2.094309e-02	2.094309e-02
2.091279e+02	2.261473e+02	7.798025e-01	2.020174e-02	2.020174e-02
2.261473e+02	2.445518e+02	7.607319e-01	1.907025e-02	1.907025e-02
2.445518e+02	2.644540e+02	7.370673e-01	1.812977e-02	1.812977e-02
2.644540e+02	2.859760e+02	6.997426e-01	1.694381e-02	1.694381e-02
2.859760e+02	3.092495e+02	6.534221e-01	1.571742e-02	1.571742e-02
3.092495e+02	3.344170e+02	5.770021e-01	1.419928e-02	1.419928e-02
3.344170e+02	3.616328e+02	5.364465e-01	1.314997e-02	1.314997e-02
3.616328e+02	3.910634e+02	4.645182e-01	1.180835e-02	1.180835e-02
3.910634e+02	4.228892e+02	3.564655e-01	9.972587e-03	9.972587e-03
4.228892e+02	4.573051e+02	2.890327e-01	8.612150e-03	8.612150e-03
4.573051e+02	4.945218e+02	2.143379e-01	7.131640e-03	7.131640e-03
4.945218e+02	5.347672e+02	1.557193e-01	5.859133e-03	5.859133e-03
5.347672e+02	5.782880e+02	1.079001e-01	4.673161e-03	4.673161e-03
5.782880e+02	6.253506e+02	7.174557e-02	3.646984e-03	3.646984e-03
6.253506e+02	6.762433e+02	4.195667e-02	2.718209e-03	2.718209e-03
6.762433e+02	7.312778e+02	2.917817e-02	2.179732e-03	2.179732e-03
7.312778e+02	7.907911e+02	1.560598e-02	1.522722e-03	1.522722e-03
7.907911e+02	8.551478e+02	9.036546e-03	1.103990e-03	1.103990e-03
8.551478e+02	9.247420e+02	6.610347e-03	9.080010e-04	9.080010e-04
9.247420e+02	1.000000e+03	2.537415e-03	5.409786e-04	5.409786e-04
# END HISTO1D


# BEGIN HISTO1D //eos/home-y/yiyu/monobc/A1000.yoda.gz/JetMETAnalysis/bjet_pt
ErrorBars=1
LineColor=blue
LineStyle=solid
Path=//eos/home-y/yiyu/monobc/A1000.yoda.gz/JetMETAnalysis/bjet_pt
ScaledBy=4.00138196213606137e-06
Title=A1000
# xlow	 xhigh	 val	 errminus	 errplus
2.000000e+01	2.162765e+01	0.000000e+00	0.000000e+00	0.000000e+00
2.162765e+01	2.338777e+01	0.000000e+00	0.000000e+00	0.000000e+00
2.338777e+01	2.529113e+01	5.256079e-03	1.517299e-03	1.517299e-03
2.529113e+01	2.734939e+01	2.835302e-02	3.436905e-03	3.436905e-03
2.734939e+01	2.957515e+01	2.846668e-02	3.265352e-03	3.265352e-03
2.957515e+01	3.198206e+01	2.667058e-02	3.117340e-03	3.117340e-03
3.198206e+01	3.458484e+01	2.306198e-02	2.755370e-03	2.755370e-03
3.458484e+01	3.739945e+01	2.399211e-02	2.730818e-03	2.730818e-03
3.739945e+01	4.044311e+01	2.848648e-02	2.820060e-03	2.820060e-03
4.044311e+01	4.373448e+01	1.925034e-02	2.293675e-03	2.293675e-03
4.373448e+01	4.729371e+01	2.459432e-02	2.400160e-03	2.400160e-03
4.729371e+01	5.114260e+01	2.534264e-02	2.342928e-03	2.342928e-03
5.114260e+01	5.530472e+01	1.742634e-02	1.931650e-03	1.931650e-03
5.530472e+01	5.980556e+01	2.500587e-02	2.215012e-03	2.215012e-03
5.980556e+01	6.467270e+01	1.952687e-02	1.860667e-03	1.860667e-03
6.467270e+01	6.993594e+01	2.328444e-02	1.946421e-03	1.946421e-03
6.993594e+01	7.562751e+01	2.636587e-02	2.029645e-03	2.029645e-03
7.562751e+01	8.178228e+01	2.262072e-02	1.791879e-03	1.791879e-03
8.178228e+01	8.843794e+01	2.242144e-02	1.712897e-03	1.712897e-03
8.843794e+01	9.563525e+01	2.374572e-02	1.721978e-03	1.721978e-03
9.563525e+01	1.034183e+02	2.752864e-02	1.756823e-03	1.756823e-03
1.034183e+02	1.118348e+02	2.298042e-02	1.540912e-03	1.540912e-03
1.118348e+02	1.209362e+02	2.674707e-02	1.602338e-03	1.602338e-03
1.209362e+02	1.307783e+02	2.676707e-02	1.543415e-03	1.543415e-03
1.307783e+02	1.414214e+02	2.608420e-02	1.475868e-03	1.475868e-03
1.414214e+02	1.529306e+02	2.948159e-02	1.507302e-03	1.507302e-03
1.529306e+02	1.653765e+02	3.054500e-02	1.464499e-03	1.464499e-03
1.653765e+02	1.788353e+02	3.468832e-02	1.496930e-03	1.496930e-03
1.788353e+02	1.933894e+02	3.356710e-02	1.428603e-03	1.428603e-03
1.933894e+02	2.091279e+02	3.692079e-02	1.430217e-03	1.430217e-03
2.091279e+02	2.261473e+02	3.507279e-02	1.359260e-03	1.359260e-03
2.261473e+02	2.445518e+02	3.918263e-02	1.379169e-03	1.379169e-03
2.445518e+02	2.644540e+02	4.310383e-02	1.360588e-03	1.360588e-03
2.644540e+02	2.859760e+02	4.381084e-02	1.336826e-03	1.336826e-03
2.859760e+02	3.092495e+02	4.513468e-02	1.289562e-03	1.289562e-03
3.092495e+02	3.344170e+02	4.528245e-02	1.256585e-03	1.256585e-03
3.344170e+02	3.616328e+02	4.558095e-02	1.215298e-03	1.215298e-03
3.616328e+02	3.910634e+02	4.351046e-02	1.140848e-03	1.140848e-03
3.910634e+02	4.228892e+02	4.151943e-02	1.069523e-03	1.069523e-03
4.228892e+02	4.573051e+02	3.921836e-02	9.984795e-04	9.984795e-04
4.573051e+02	4.945218e+02	3.891019e-02	9.585349e-04	9.585349e-04
4.945218e+02	5.347672e+02	3.550555e-02	8.837327e-04	8.837327e-04
5.347672e+02	5.782880e+02	3.348468e-02	8.212539e-04	8.212539e-04
5.782880e+02	6.253506e+02	2.855556e-02	7.265050e-04	7.265050e-04
6.253506e+02	6.762433e+02	2.483392e-02	6.499028e-04	6.499028e-04
6.762433e+02	7.312778e+02	1.951112e-02	5.602858e-04	5.602858e-04
7.312778e+02	7.907911e+02	1.539520e-02	4.756661e-04	4.756661e-04
7.907911e+02	8.551478e+02	1.137371e-02	3.946224e-04	3.946224e-04
8.551478e+02	9.247420e+02	8.073995e-03	3.191962e-04	3.191962e-04
9.247420e+02	1.000000e+03	4.541849e-03	2.334212e-04	2.334212e-04
# END HISTO1D


# BEGIN HISTO1D //eos/home-y/yiyu/monobc/A1500.yoda.gz/JetMETAnalysis/bjet_pt
ErrorBars=1
LineColor=green
LineStyle=solid
Path=//eos/home-y/yiyu/monobc/A1500.yoda.gz/JetMETAnalysis/bjet_pt
ScaledBy=3.22616518003077697e-06
Title=A1500
# xlow	 xhigh	 val	 errminus	 errplus
2.000000e+01	2.162765e+01	0.000000e+00	0.000000e+00	0.000000e+00
2.162765e+01	2.338777e+01	0.000000e+00	0.000000e+00	0.000000e+00
2.338777e+01	2.529113e+01	2.111005e-04	8.618140e-05	8.618140e-05
2.529113e+01	2.734939e+01	1.464102e-03	2.623103e-04	2.623103e-04
2.734939e+01	2.957515e+01	1.564530e-03	2.406969e-04	2.406969e-04
2.957515e+01	3.198206e+01	1.808475e-03	2.472934e-04	2.472934e-04
3.198206e+01	3.458484e+01	1.543735e-03	2.183171e-04	2.183171e-04
3.458484e+01	3.739945e+01	1.261004e-03	1.858256e-04	1.858256e-04
3.739945e+01	4.044311e+01	1.188110e-03	1.732442e-04	1.732442e-04
4.044311e+01	4.373448e+01	1.485269e-03	1.919452e-04	1.919452e-04
4.373448e+01	4.729371e+01	1.204156e-03	1.618522e-04	1.618522e-04
4.729371e+01	5.114260e+01	1.200528e-03	1.604105e-04	1.604105e-04
5.114260e+01	5.530472e+01	9.814635e-04	1.448061e-04	1.448061e-04
5.530472e+01	5.980556e+01	1.026631e-03	1.288534e-04	1.288534e-04
5.980556e+01	6.467270e+01	1.031921e-03	1.298016e-04	1.298016e-04
6.467270e+01	6.993594e+01	1.005154e-03	1.227007e-04	1.227007e-04
6.993594e+01	7.562751e+01	1.047169e-03	1.194113e-04	1.194113e-04
7.562751e+01	8.178228e+01	1.098926e-03	1.186918e-04	1.186918e-04
8.178228e+01	8.843794e+01	1.096716e-03	1.124923e-04	1.124923e-04
8.843794e+01	9.563525e+01	1.144442e-03	1.089053e-04	1.089053e-04
9.563525e+01	1.034183e+02	1.058313e-03	1.043200e-04	1.043200e-04
1.034183e+02	1.118348e+02	8.990955e-04	9.312959e-05	9.312959e-05
1.118348e+02	1.209362e+02	9.123729e-04	9.422641e-05	9.422641e-05
1.209362e+02	1.307783e+02	1.088657e-03	9.329321e-05	9.329321e-05
1.307783e+02	1.414214e+02	1.013017e-03	8.964762e-05	8.964762e-05
1.414214e+02	1.529306e+02	1.157888e-03	8.805042e-05	8.805042e-05
1.529306e+02	1.653765e+02	1.178357e-03	8.692664e-05	8.692664e-05
1.653765e+02	1.788353e+02	1.079723e-03	8.487877e-05	8.487877e-05
1.788353e+02	1.933894e+02	1.223926e-03	8.282208e-05	8.282208e-05
1.933894e+02	2.091279e+02	1.250958e-03	8.073220e-05	8.073220e-05
2.091279e+02	2.261473e+02	1.196157e-03	7.548115e-05	7.548115e-05
2.261473e+02	2.445518e+02	1.448165e-03	8.004931e-05	8.004931e-05
2.445518e+02	2.644540e+02	1.372834e-03	7.433061e-05	7.433061e-05
2.644540e+02	2.859760e+02	1.583777e-03	7.653392e-05	7.653392e-05
2.859760e+02	3.092495e+02	1.533643e-03	7.284945e-05	7.284945e-05
3.092495e+02	3.344170e+02	1.508697e-03	7.085034e-05	7.085034e-05
3.344170e+02	3.616328e+02	1.646129e-03	7.135687e-05	7.135687e-05
3.616328e+02	3.910634e+02	1.779371e-03	7.013287e-05	7.013287e-05
3.910634e+02	4.228892e+02	2.019997e-03	7.110705e-05	7.110705e-05
4.228892e+02	4.573051e+02	1.932186e-03	6.686899e-05	6.686899e-05
4.573051e+02	4.945218e+02	2.130457e-03	6.794865e-05	6.794865e-05
4.945218e+02	5.347672e+02	2.051662e-03	6.442337e-05	6.442337e-05
5.347672e+02	5.782880e+02	2.175762e-03	6.355527e-05	6.355527e-05
5.782880e+02	6.253506e+02	2.014866e-03	5.918424e-05	5.918424e-05
6.253506e+02	6.762433e+02	1.971129e-03	5.641261e-05	5.641261e-05
6.762433e+02	7.312778e+02	1.782631e-03	5.192528e-05	5.192528e-05
7.312778e+02	7.907911e+02	1.779004e-03	4.898346e-05	4.898346e-05
7.907911e+02	8.551478e+02	1.564995e-03	4.485264e-05	4.485264e-05
8.551478e+02	9.247420e+02	1.431821e-03	4.134297e-05	4.134297e-05
9.247420e+02	1.000000e+03	1.154997e-03	3.585909e-05	3.585909e-05
# END HISTO1D


# BEGIN HISTO1D //eos/home-y/yiyu/monobc/A2000.yoda.gz/JetMETAnalysis/bjet_pt
ErrorBars=1
LineColor=orange
LineStyle=solid
Path=//eos/home-y/yiyu/monobc/A2000.yoda.gz/JetMETAnalysis/bjet_pt
ScaledBy=2.74469287009081753e-06
Title=A2000
# xlow	 xhigh	 val	 errminus	 errplus
2.000000e+01	2.162765e+01	0.000000e+00	0.000000e+00	0.000000e+00
2.162765e+01	2.338777e+01	0.000000e+00	0.000000e+00	0.000000e+00
2.338777e+01	2.529113e+01	2.207309e-05	1.163354e-05	1.163354e-05
2.529113e+01	2.734939e+01	1.394814e-04	2.784645e-05	2.784645e-05
2.734939e+01	2.957515e+01	1.572985e-04	2.632107e-05	2.632107e-05
2.957515e+01	3.198206e+01	1.047310e-04	2.137813e-05	2.137813e-05
3.198206e+01	3.458484e+01	1.372036e-04	2.298565e-05	2.298565e-05
3.458484e+01	3.739945e+01	1.268775e-04	2.183031e-05	2.183031e-05
3.739945e+01	4.044311e+01	1.150288e-04	1.924800e-05	1.924800e-05
4.044311e+01	4.373448e+01	9.786195e-05	1.854654e-05	1.854654e-05
4.373448e+01	4.729371e+01	9.246441e-05	1.813787e-05	1.813787e-05
4.729371e+01	5.114260e+01	7.640935e-05	1.543702e-05	1.543702e-05
5.114260e+01	5.530472e+01	1.026238e-04	1.723903e-05	1.723903e-05
5.530472e+01	5.980556e+01	8.245463e-05	1.484089e-05	1.484089e-05
5.980556e+01	6.467270e+01	6.761714e-05	1.245918e-05	1.245918e-05
6.467270e+01	6.993594e+01	6.918037e-05	1.276067e-05	1.276067e-05
6.993594e+01	7.562751e+01	7.381624e-05	1.127562e-05	1.127562e-05
7.562751e+01	8.178228e+01	7.394934e-05	1.143356e-05	1.143356e-05
8.178228e+01	8.843794e+01	3.997838e-05	1.062531e-05	1.062531e-05
8.843794e+01	9.563525e+01	5.740035e-05	1.052339e-05	1.052339e-05
9.563525e+01	1.034183e+02	6.117752e-05	9.521206e-06	9.521206e-06
1.034183e+02	1.118348e+02	4.492572e-05	9.037373e-06	9.037373e-06
1.118348e+02	1.209362e+02	4.693042e-05	9.070515e-06	9.070515e-06
1.209362e+02	1.307783e+02	6.474204e-05	8.857494e-06	8.857494e-06
1.307783e+02	1.414214e+02	5.263257e-05	8.476541e-06	8.476541e-06
1.414214e+02	1.529306e+02	3.041989e-05	6.936802e-06	6.936802e-06
1.529306e+02	1.653765e+02	4.332087e-05	6.585166e-06	6.585166e-06
1.653765e+02	1.788353e+02	5.410779e-05	6.902124e-06	6.902124e-06
1.788353e+02	1.933894e+02	4.474354e-05	6.752748e-06	6.752748e-06
1.933894e+02	2.091279e+02	4.449072e-05	6.416544e-06	6.416544e-06
2.091279e+02	2.261473e+02	4.937075e-05	6.505167e-06	6.505167e-06
2.261473e+02	2.445518e+02	5.136207e-05	6.400325e-06	6.400325e-06
2.445518e+02	2.644540e+02	4.855241e-05	6.093857e-06	6.093857e-06
2.644540e+02	2.859760e+02	7.157690e-05	6.069316e-06	6.069316e-06
2.859760e+02	3.092495e+02	6.799540e-05	6.017291e-06	6.017291e-06
3.092495e+02	3.344170e+02	5.953968e-05	5.592209e-06	5.592209e-06
3.344170e+02	3.616328e+02	7.795685e-05	5.838688e-06	5.838688e-06
3.616328e+02	3.910634e+02	7.351773e-05	5.734846e-06	5.734846e-06
3.910634e+02	4.228892e+02	5.632399e-05	5.362245e-06	5.362245e-06
4.228892e+02	4.573051e+02	7.934841e-05	5.674968e-06	5.674968e-06
4.573051e+02	4.945218e+02	7.412952e-05	5.400805e-06	5.400805e-06
4.945218e+02	5.347672e+02	8.090390e-05	5.354162e-06	5.354162e-06
5.347672e+02	5.782880e+02	9.331768e-05	5.365229e-06	5.365229e-06
5.782880e+02	6.253506e+02	9.775123e-05	5.241345e-06	5.241345e-06
6.253506e+02	6.762433e+02	9.975055e-05	5.090717e-06	5.090717e-06
6.762433e+02	7.312778e+02	1.092926e-04	5.013990e-06	5.013990e-06
7.312778e+02	7.907911e+02	9.083141e-05	4.617204e-06	4.617204e-06
7.907911e+02	8.551478e+02	1.068441e-04	4.543727e-06	4.543727e-06
8.551478e+02	9.247420e+02	9.236393e-05	4.211403e-06	4.211403e-06
9.247420e+02	1.000000e+03	8.857620e-05	3.905557e-06	3.905557e-06
# END HISTO1D


# BEGIN HISTO1D //eos/home-y/yiyu/monobc/A2600.yoda.gz/JetMETAnalysis/bjet_pt
ErrorBars=1
LineColor=lilac
LineStyle=solid
Path=//eos/home-y/yiyu/monobc/A2600.yoda.gz/JetMETAnalysis/bjet_pt
ScaledBy=2.62727164953756670e-06
Title=A2600
# xlow	 xhigh	 val	 errminus	 errplus
2.000000e+01	2.162765e+01	0.000000e+00	0.000000e+00	0.000000e+00
2.162765e+01	2.338777e+01	0.000000e+00	0.000000e+00	0.000000e+00
2.338777e+01	2.529113e+01	3.868919e-06	1.772440e-06	1.772440e-06
2.529113e+01	2.734939e+01	2.345416e-05	3.915198e-06	3.915198e-06
2.734939e+01	2.957515e+01	2.389478e-05	3.545122e-06	3.545122e-06
2.957515e+01	3.198206e+01	2.855535e-05	3.629616e-06	3.629616e-06
3.198206e+01	3.458484e+01	2.326282e-05	3.297061e-06	3.297061e-06
3.458484e+01	3.739945e+01	2.005852e-05	3.197735e-06	3.197735e-06
3.739945e+01	4.044311e+01	9.140098e-06	2.633950e-06	2.633950e-06
4.044311e+01	4.373448e+01	1.591004e-05	2.410212e-06	2.410212e-06
4.373448e+01	4.729371e+01	1.356326e-05	2.192970e-06	2.192970e-06
4.729371e+01	5.114260e+01	1.381802e-05	2.338435e-06	2.338435e-06
5.114260e+01	5.530472e+01	9.436148e-06	1.758322e-06	1.758322e-06
5.530472e+01	5.980556e+01	9.089594e-06	1.781189e-06	1.781189e-06
5.980556e+01	6.467270e+01	6.051969e-06	1.558990e-06	1.558990e-06
6.467270e+01	6.993594e+01	7.151097e-06	1.474810e-06	1.474810e-06
6.993594e+01	7.562751e+01	5.750373e-06	1.333169e-06	1.333169e-06
7.562751e+01	8.178228e+01	5.184667e-06	1.349195e-06	1.349195e-06
8.178228e+01	8.843794e+01	5.900899e-06	1.204516e-06	1.204516e-06
8.843794e+01	9.563525e+01	3.865243e-06	1.224410e-06	1.224410e-06
9.563525e+01	1.034183e+02	3.679479e-06	9.917752e-07	9.917752e-07
1.034183e+02	1.118348e+02	2.430393e-06	9.475417e-07	9.475417e-07
1.118348e+02	1.209362e+02	3.056601e-06	8.336986e-07	8.336986e-07
1.209362e+02	1.307783e+02	1.080746e-06	8.102930e-07	8.102930e-07
1.307783e+02	1.414214e+02	1.998818e-06	8.062993e-07	8.062993e-07
1.414214e+02	1.529306e+02	9.952933e-07	7.109236e-07	7.109236e-07
1.529306e+02	1.653765e+02	1.380578e-06	7.638510e-07	7.638510e-07
1.653765e+02	1.788353e+02	1.763030e-06	6.796991e-07	6.796991e-07
1.788353e+02	1.933894e+02	1.349255e-06	6.409946e-07	6.409946e-07
1.933894e+02	2.091279e+02	2.079528e-06	5.835660e-07	5.835660e-07
2.091279e+02	2.261473e+02	1.057661e-06	5.396462e-07	5.396462e-07
2.261473e+02	2.445518e+02	1.244807e-06	5.693324e-07	5.693324e-07
2.445518e+02	2.644540e+02	9.455723e-07	5.248810e-07	5.248810e-07
2.644540e+02	2.859760e+02	1.748812e-06	5.430010e-07	5.430010e-07
2.859760e+02	3.092495e+02	1.406262e-07	5.354887e-07	5.354887e-07
3.092495e+02	3.344170e+02	9.103030e-07	4.844005e-07	4.844005e-07
3.344170e+02	3.616328e+02	2.405121e-07	5.119717e-07	5.119717e-07
3.616328e+02	3.910634e+02	-1.946108e-07	4.807336e-07	4.807336e-07
3.910634e+02	4.228892e+02	4.627657e-07	4.740544e-07	4.740544e-07
4.228892e+02	4.573051e+02	-2.377437e-08	4.591593e-07	4.591593e-07
4.573051e+02	4.945218e+02	-2.198519e-07	4.527027e-07	4.527027e-07
4.945218e+02	5.347672e+02	1.097856e-06	4.573272e-07	4.573272e-07
5.347672e+02	5.782880e+02	8.648265e-07	4.187087e-07	4.187087e-07
5.782880e+02	6.253506e+02	8.692850e-07	4.293951e-07	4.293951e-07
6.253506e+02	6.762433e+02	6.913231e-07	4.417597e-07	4.417597e-07
6.762433e+02	7.312778e+02	3.419486e-07	4.270316e-07	4.270316e-07
7.312778e+02	7.907911e+02	4.399507e-07	4.110766e-07	4.110766e-07
7.907911e+02	8.551478e+02	7.501123e-07	4.302066e-07	4.302066e-07
8.551478e+02	9.247420e+02	7.994732e-07	4.160037e-07	4.160037e-07
9.247420e+02	1.000000e+03	9.567490e-07	3.825390e-07	3.825390e-07
# END HISTO1D


# BEGIN HISTO1D //eos/home-y/yiyu/monobc/C600.yoda.gz/JetMETAnalysis/bjet_pt
ErrorBars=1
LineColor=red
LineStyle=dashed
Path=//eos/home-y/yiyu/monobc/C600.yoda.gz/JetMETAnalysis/bjet_pt
ScaledBy=5.90211502197280713e-06
Title=C600
# xlow	 xhigh	 val	 errminus	 errplus
2.000000e+01	2.162765e+01	0.000000e+00	0.000000e+00	0.000000e+00
2.162765e+01	2.338777e+01	0.000000e+00	0.000000e+00	0.000000e+00
2.338777e+01	2.529113e+01	8.223295e-02	2.055824e-02	2.055824e-02
2.529113e+01	2.734939e+01	4.562657e-01	4.705000e-02	4.705000e-02
2.734939e+01	2.957515e+01	6.021283e-01	5.144330e-02	5.144330e-02
2.957515e+01	3.198206e+01	5.364891e-01	4.669539e-02	4.669539e-02
3.198206e+01	3.458484e+01	4.359808e-01	4.047980e-02	4.047980e-02
3.458484e+01	3.739945e+01	5.317653e-01	4.327076e-02	4.327076e-02
3.739945e+01	4.044311e+01	5.496002e-01	4.202897e-02	4.202897e-02
4.044311e+01	4.373448e+01	5.795684e-01	4.171606e-02	4.171606e-02
4.373448e+01	4.729371e+01	5.441969e-01	3.906308e-02	3.906308e-02
4.729371e+01	5.114260e+01	5.591573e-01	3.786935e-02	3.786935e-02
5.114260e+01	5.530472e+01	5.452808e-01	3.579944e-02	3.579944e-02
5.530472e+01	5.980556e+01	5.216324e-01	3.367123e-02	3.367123e-02
5.980556e+01	6.467270e+01	5.165426e-01	3.234617e-02	3.234617e-02
6.467270e+01	6.993594e+01	5.575900e-01	3.251280e-02	3.251280e-02
6.993594e+01	7.562751e+01	5.517214e-01	3.117545e-02	3.117545e-02
7.562751e+01	8.178228e+01	6.087428e-01	3.118641e-02	3.118641e-02
8.178228e+01	8.843794e+01	6.290707e-01	3.061968e-02	3.061968e-02
8.843794e+01	9.563525e+01	5.926020e-01	2.883254e-02	2.883254e-02
9.563525e+01	1.034183e+02	7.151700e-01	3.013915e-02	3.013915e-02
1.034183e+02	1.118348e+02	7.136474e-01	2.903405e-02	2.903405e-02
1.118348e+02	1.209362e+02	6.749914e-01	2.719122e-02	2.719122e-02
1.209362e+02	1.307783e+02	8.050894e-01	2.846204e-02	2.846204e-02
1.307783e+02	1.414214e+02	8.125142e-01	2.757401e-02	2.757401e-02
1.414214e+02	1.529306e+02	8.975646e-01	2.780312e-02	2.780312e-02
1.529306e+02	1.653765e+02	8.685262e-01	2.629272e-02	2.629272e-02
1.653765e+02	1.788353e+02	9.448955e-01	2.626709e-02	2.626709e-02
1.788353e+02	1.933894e+02	9.141142e-01	2.498708e-02	2.498708e-02
1.933894e+02	2.091279e+02	9.944969e-01	2.504820e-02	2.504820e-02
2.091279e+02	2.261473e+02	9.110286e-01	2.299844e-02	2.299844e-02
2.261473e+02	2.445518e+02	8.727621e-01	2.168201e-02	2.168201e-02
2.445518e+02	2.644540e+02	8.611520e-01	2.070249e-02	2.070249e-02
2.644540e+02	2.859760e+02	7.981577e-01	1.913357e-02	1.913357e-02
2.859760e+02	3.092495e+02	7.183354e-01	1.751802e-02	1.751802e-02
3.092495e+02	3.344170e+02	6.553364e-01	1.601680e-02	1.601680e-02
3.344170e+02	3.616328e+02	5.783380e-01	1.448947e-02	1.448947e-02
3.616328e+02	3.910634e+02	4.929342e-01	1.288627e-02	1.288627e-02
3.910634e+02	4.228892e+02	4.060413e-01	1.124755e-02	1.124755e-02
4.228892e+02	4.573051e+02	3.180664e-01	9.525277e-03	9.525277e-03
4.573051e+02	4.945218e+02	2.281543e-01	7.797409e-03	7.797409e-03
4.945218e+02	5.347672e+02	1.720933e-01	6.558375e-03	6.558375e-03
5.347672e+02	5.782880e+02	1.301453e-01	5.427306e-03	5.427306e-03
5.782880e+02	6.253506e+02	8.106541e-02	4.188263e-03	4.188263e-03
6.253506e+02	6.762433e+02	4.267213e-02	2.915112e-03	2.915112e-03
6.762433e+02	7.312778e+02	2.701814e-02	2.191460e-03	2.191460e-03
7.312778e+02	7.907911e+02	1.577989e-02	1.676291e-03	1.676291e-03
7.907911e+02	8.551478e+02	1.231227e-02	1.417793e-03	1.417793e-03
8.551478e+02	9.247420e+02	6.747067e-03	9.738553e-04	9.738553e-04
9.247420e+02	1.000000e+03	3.249632e-03	6.499265e-04	6.499265e-04
# END HISTO1D


# BEGIN HISTO1D //eos/home-y/yiyu/monobc/C1000.yoda.gz/JetMETAnalysis/bjet_pt
ErrorBars=1
LineColor=blue
LineStyle=dashed
Path=//eos/home-y/yiyu/monobc/C1000.yoda.gz/JetMETAnalysis/bjet_pt
ScaledBy=4.98836569259182364e-06
Title=C1000
# xlow	 xhigh	 val	 errminus	 errplus
2.000000e+01	2.162765e+01	0.000000e+00	0.000000e+00	0.000000e+00
2.162765e+01	2.338777e+01	0.000000e+00	0.000000e+00	0.000000e+00
2.338777e+01	2.529113e+01	6.544710e-03	1.889295e-03	1.889295e-03
2.529113e+01	2.734939e+01	4.892171e-02	5.068631e-03	5.068631e-03
2.734939e+01	2.957515e+01	3.591224e-02	4.449103e-03	4.449103e-03
2.957515e+01	3.198206e+01	3.148423e-02	3.881618e-03	3.881618e-03
3.198206e+01	3.458484e+01	3.549627e-02	4.047728e-03	4.047728e-03
3.458484e+01	3.739945e+01	3.171833e-02	3.537576e-03	3.537576e-03
3.739945e+01	4.044311e+01	3.308306e-02	3.461407e-03	3.461407e-03
4.044311e+01	4.373448e+01	3.090862e-02	3.247180e-03	3.247180e-03
4.373448e+01	4.729371e+01	2.624923e-02	2.857654e-03	2.857654e-03
4.729371e+01	5.114260e+01	3.452268e-02	3.098715e-03	3.098715e-03
5.114260e+01	5.530472e+01	3.217401e-02	2.854639e-03	2.854639e-03
5.530472e+01	5.980556e+01	3.044461e-02	2.767693e-03	2.767693e-03
5.980556e+01	6.467270e+01	2.921977e-02	2.514570e-03	2.514570e-03
6.467270e+01	6.993594e+01	2.997923e-02	2.431637e-03	2.431637e-03
6.993594e+01	7.562751e+01	2.662875e-02	2.263385e-03	2.263385e-03
7.562751e+01	8.178228e+01	2.867261e-02	2.300248e-03	2.300248e-03
8.178228e+01	8.843794e+01	2.994609e-02	2.216739e-03	2.216739e-03
8.843794e+01	9.563525e+01	2.826937e-02	2.070111e-03	2.070111e-03
9.563525e+01	1.034183e+02	3.294408e-02	2.113086e-03	2.113086e-03
1.034183e+02	1.118348e+02	3.083462e-02	2.004013e-03	2.004013e-03
1.118348e+02	1.209362e+02	3.330465e-02	2.027522e-03	2.027522e-03
1.209362e+02	1.307783e+02	3.216934e-02	1.866012e-03	1.866012e-03
1.307783e+02	1.414214e+02	3.589300e-02	1.926169e-03	1.926169e-03
1.414214e+02	1.529306e+02	3.698016e-02	1.870334e-03	1.870334e-03
1.529306e+02	1.653765e+02	3.886778e-02	1.838747e-03	1.838747e-03
1.653765e+02	1.788353e+02	4.165024e-02	1.834983e-03	1.834983e-03
1.788353e+02	1.933894e+02	4.229602e-02	1.785988e-03	1.785988e-03
1.933894e+02	2.091279e+02	4.597265e-02	1.771065e-03	1.771065e-03
2.091279e+02	2.261473e+02	5.013693e-02	1.788690e-03	1.788690e-03
2.261473e+02	2.445518e+02	5.121438e-02	1.743954e-03	1.743954e-03
2.445518e+02	2.644540e+02	5.330647e-02	1.710942e-03	1.710942e-03
2.644540e+02	2.859760e+02	5.715654e-02	1.700525e-03	1.700525e-03
2.859760e+02	3.092495e+02	5.727084e-02	1.649725e-03	1.649725e-03
3.092495e+02	3.344170e+02	5.976660e-02	1.617063e-03	1.617063e-03
3.344170e+02	3.616328e+02	5.995999e-02	1.542768e-03	1.542768e-03
3.616328e+02	3.910634e+02	5.618842e-02	1.444433e-03	1.444433e-03
3.910634e+02	4.228892e+02	5.362319e-02	1.360584e-03	1.360584e-03
4.228892e+02	4.573051e+02	5.007017e-02	1.260356e-03	1.260356e-03
4.573051e+02	4.945218e+02	4.978867e-02	1.212295e-03	1.212295e-03
4.945218e+02	5.347672e+02	4.537115e-02	1.104320e-03	1.104320e-03
5.347672e+02	5.782880e+02	4.054919e-02	1.004639e-03	1.004639e-03
5.782880e+02	6.253506e+02	3.368165e-02	8.825714e-04	8.825714e-04
6.253506e+02	6.762433e+02	3.014735e-02	8.009710e-04	8.009710e-04
6.762433e+02	7.312778e+02	2.416263e-02	6.953521e-04	6.953521e-04
7.312778e+02	7.907911e+02	1.714627e-02	5.578970e-04	5.578970e-04
7.907911e+02	8.551478e+02	1.317827e-02	4.738510e-04	4.738510e-04
8.551478e+02	9.247420e+02	8.651373e-03	3.726056e-04	3.726056e-04
9.247420e+02	1.000000e+03	5.200185e-03	2.775907e-04	2.775907e-04
# END HISTO1D


# BEGIN HISTO1D //eos/home-y/yiyu/monobc/C1500.yoda.gz/JetMETAnalysis/bjet_pt
ErrorBars=1
LineColor=green
LineStyle=dashed
Path=//eos/home-y/yiyu/monobc/C1500.yoda.gz/JetMETAnalysis/bjet_pt
ScaledBy=4.29919801299068407e-06
Title=C1500
# xlow	 xhigh	 val	 errminus	 errplus
2.000000e+01	2.162765e+01	0.000000e+00	0.000000e+00	0.000000e+00
2.162765e+01	2.338777e+01	0.000000e+00	0.000000e+00	0.000000e+00
2.338777e+01	2.529113e+01	2.811512e-04	1.481797e-04	1.481797e-04
2.529113e+01	2.734939e+01	1.776615e-03	3.094529e-04	3.094529e-04
2.734939e+01	2.957515e+01	2.243982e-03	3.304348e-04	3.304348e-04
2.957515e+01	3.198206e+01	2.667978e-03	3.272631e-04	3.272631e-04
3.198206e+01	3.458484e+01	2.193068e-03	2.907625e-04	2.907625e-04
3.458484e+01	3.739945e+01	2.154767e-03	2.904230e-04	2.904230e-04
3.739945e+01	4.044311e+01	1.875398e-03	2.620949e-04	2.620949e-04
4.044311e+01	4.373448e+01	1.951037e-03	2.570716e-04	2.570716e-04
4.373448e+01	4.729371e+01	1.879381e-03	2.282930e-04	2.282930e-04
4.729371e+01	5.114260e+01	1.459872e-03	2.006803e-04	2.006803e-04
5.114260e+01	5.530472e+01	2.078580e-03	2.216598e-04	2.216598e-04
5.530472e+01	5.980556e+01	1.446568e-03	1.951650e-04	1.951650e-04
5.980556e+01	6.467270e+01	1.539271e-03	1.814048e-04	1.814048e-04
6.467270e+01	6.993594e+01	1.135354e-03	1.668946e-04	1.668946e-04
6.993594e+01	7.562751e+01	1.488679e-03	1.650969e-04	1.650969e-04
7.562751e+01	8.178228e+01	1.391134e-03	1.587407e-04	1.587407e-04
8.178228e+01	8.843794e+01	1.514248e-03	1.579887e-04	1.579887e-04
8.843794e+01	9.563525e+01	1.226802e-03	1.396501e-04	1.396501e-04
9.563525e+01	1.034183e+02	1.283447e-03	1.384638e-04	1.384638e-04
1.034183e+02	1.118348e+02	1.409385e-03	1.319301e-04	1.319301e-04
1.118348e+02	1.209362e+02	1.273928e-03	1.223950e-04	1.223950e-04
1.209362e+02	1.307783e+02	1.232426e-03	1.181534e-04	1.181534e-04
1.307783e+02	1.414214e+02	1.282132e-03	1.158132e-04	1.158132e-04
1.414214e+02	1.529306e+02	1.534368e-03	1.200522e-04	1.200522e-04
1.529306e+02	1.653765e+02	1.705534e-03	1.173142e-04	1.173142e-04
1.653765e+02	1.788353e+02	1.756099e-03	1.187287e-04	1.187287e-04
1.788353e+02	1.933894e+02	1.605557e-03	1.116589e-04	1.116589e-04
1.933894e+02	2.091279e+02	1.824745e-03	1.139035e-04	1.139035e-04
2.091279e+02	2.261473e+02	1.923231e-03	1.095484e-04	1.095484e-04
2.261473e+02	2.445518e+02	1.933564e-03	1.065023e-04	1.065023e-04
2.445518e+02	2.644540e+02	1.828389e-03	9.960291e-05	9.960291e-05
2.644540e+02	2.859760e+02	2.001585e-03	9.988841e-05	9.988841e-05
2.859760e+02	3.092495e+02	2.295487e-03	1.040355e-04	1.040355e-04
3.092495e+02	3.344170e+02	2.122738e-03	9.737401e-05	9.737401e-05
3.344170e+02	3.616328e+02	2.290687e-03	9.649351e-05	9.649351e-05
3.616328e+02	3.910634e+02	2.648634e-03	1.002350e-04	1.002350e-04
3.910634e+02	4.228892e+02	2.642664e-03	9.524042e-05	9.524042e-05
4.228892e+02	4.573051e+02	2.736619e-03	9.206197e-05	9.206197e-05
4.573051e+02	4.945218e+02	2.856591e-03	9.156894e-05	9.156894e-05
4.945218e+02	5.347672e+02	2.934144e-03	8.752974e-05	8.752974e-05
5.347672e+02	5.782880e+02	2.887511e-03	8.402269e-05	8.402269e-05
5.782880e+02	6.253506e+02	2.645570e-03	7.804528e-05	7.804528e-05
6.253506e+02	6.762433e+02	2.521825e-03	7.291261e-05	7.291261e-05
6.762433e+02	7.312778e+02	2.497337e-03	6.923188e-05	6.923188e-05
7.312778e+02	7.907911e+02	2.327379e-03	6.499649e-05	6.499649e-05
7.907911e+02	8.551478e+02	2.089860e-03	5.957538e-05	5.957538e-05
8.551478e+02	9.247420e+02	1.850562e-03	5.397758e-05	5.397758e-05
9.247420e+02	1.000000e+03	1.579746e-03	4.791990e-05	4.791990e-05
# END HISTO1D


# BEGIN HISTO1D //eos/home-y/yiyu/monobc/C2000.yoda.gz/JetMETAnalysis/bjet_pt
ErrorBars=1
LineColor=orange
LineStyle=dashed
Path=//eos/home-y/yiyu/monobc/C2000.yoda.gz/JetMETAnalysis/bjet_pt
ScaledBy=3.73896889920239138e-06
Title=C2000
# xlow	 xhigh	 val	 errminus	 errplus
2.000000e+01	2.162765e+01	0.000000e+00	0.000000e+00	0.000000e+00
2.162765e+01	2.338777e+01	0.000000e+00	0.000000e+00	0.000000e+00
2.338777e+01	2.529113e+01	1.504645e-05	1.121496e-05	1.121496e-05
2.529113e+01	2.734939e+01	2.365395e-04	4.069854e-05	4.069854e-05
2.734939e+01	2.957515e+01	2.015827e-04	3.562705e-05	3.562705e-05
2.957515e+01	3.198206e+01	1.388167e-04	3.294567e-05	3.294567e-05
3.198206e+01	3.458484e+01	1.247025e-04	2.744671e-05	2.744671e-05
3.458484e+01	3.739945e+01	1.322757e-04	2.605203e-05	2.605203e-05
3.739945e+01	4.044311e+01	8.154754e-05	2.347100e-05	2.347100e-05
4.044311e+01	4.373448e+01	1.189162e-04	2.409248e-05	2.409248e-05
4.373448e+01	4.729371e+01	1.072847e-04	2.487293e-05	2.487293e-05
4.729371e+01	5.114260e+01	1.512962e-04	2.286692e-05	2.286692e-05
5.114260e+01	5.530472e+01	6.651461e-05	2.012632e-05	2.012632e-05
5.530472e+01	5.980556e+01	8.271889e-05	1.861168e-05	1.861168e-05
5.980556e+01	6.467270e+01	7.649348e-05	1.765234e-05	1.765234e-05
6.467270e+01	6.993594e+01	7.799181e-05	1.632387e-05	1.632387e-05
6.993594e+01	7.562751e+01	7.547691e-05	1.546362e-05	1.546362e-05
7.562751e+01	8.178228e+01	8.530697e-05	1.634118e-05	1.634118e-05
8.178228e+01	8.843794e+01	8.032128e-05	1.504316e-05	1.504316e-05
8.843794e+01	9.563525e+01	7.029742e-05	1.384767e-05	1.384767e-05
9.563525e+01	1.034183e+02	6.500694e-05	1.232664e-05	1.232664e-05
1.034183e+02	1.118348e+02	7.939629e-05	1.303134e-05	1.303134e-05
1.118348e+02	1.209362e+02	7.237267e-05	1.245475e-05	1.245475e-05
1.209362e+02	1.307783e+02	9.020464e-05	1.207569e-05	1.207569e-05
1.307783e+02	1.414214e+02	8.072500e-05	1.176332e-05	1.176332e-05
1.414214e+02	1.529306e+02	7.962690e-05	1.106620e-05	1.106620e-05
1.529306e+02	1.653765e+02	4.372021e-05	9.299640e-06	9.299640e-06
1.653765e+02	1.788353e+02	7.802256e-05	9.673503e-06	9.673503e-06
1.788353e+02	1.933894e+02	6.362387e-05	9.252836e-06	9.252836e-06
1.933894e+02	2.091279e+02	6.611450e-05	9.571279e-06	9.571279e-06
2.091279e+02	2.261473e+02	6.786955e-05	9.233664e-06	9.233664e-06
2.261473e+02	2.445518e+02	8.558418e-05	9.293134e-06	9.293134e-06
2.445518e+02	2.644540e+02	7.482680e-05	8.553545e-06	8.553545e-06
2.644540e+02	2.859760e+02	6.742092e-05	8.508930e-06	8.508930e-06
2.859760e+02	3.092495e+02	6.562842e-05	7.911220e-06	7.911220e-06
3.092495e+02	3.344170e+02	1.001377e-04	8.327548e-06	8.327548e-06
3.344170e+02	3.616328e+02	8.769050e-05	8.090370e-06	8.090370e-06
3.616328e+02	3.910634e+02	9.730964e-05	7.932045e-06	7.932045e-06
3.910634e+02	4.228892e+02	1.028841e-04	7.941698e-06	7.941698e-06
4.228892e+02	4.573051e+02	1.029078e-04	7.560821e-06	7.560821e-06
4.573051e+02	4.945218e+02	1.136317e-04	7.465133e-06	7.465133e-06
4.945218e+02	5.347672e+02	1.271400e-04	7.664215e-06	7.664215e-06
5.347672e+02	5.782880e+02	1.329258e-04	7.655270e-06	7.655270e-06
5.782880e+02	6.253506e+02	1.302245e-04	7.291033e-06	7.291033e-06
6.253506e+02	6.762433e+02	1.485605e-04	7.422909e-06	7.422909e-06
6.762433e+02	7.312778e+02	1.477877e-04	6.929711e-06	6.929711e-06
7.312778e+02	7.907911e+02	1.437235e-04	6.495934e-06	6.495934e-06
7.907911e+02	8.551478e+02	1.492237e-04	6.247651e-06	6.247651e-06
8.551478e+02	9.247420e+02	1.401882e-04	5.912668e-06	5.912668e-06
9.247420e+02	1.000000e+03	1.264667e-04	5.498502e-06	5.498502e-06
# END HISTO1D


# BEGIN HISTO1D //eos/home-y/yiyu/monobc/C2600.yoda.gz/JetMETAnalysis/bjet_pt
ErrorBars=1
LineColor=lilac
LineStyle=dashed
Path=//eos/home-y/yiyu/monobc/C2600.yoda.gz/JetMETAnalysis/bjet_pt
ScaledBy=3.48760473830657204e-06
Title=C2600
# xlow	 xhigh	 val	 errminus	 errplus
2.000000e+01	2.162765e+01	0.000000e+00	0.000000e+00	0.000000e+00
2.162765e+01	2.338777e+01	0.000000e+00	0.000000e+00	0.000000e+00
2.338777e+01	2.529113e+01	6.280525e-06	2.354115e-06	2.354115e-06
2.529113e+01	2.734939e+01	1.636763e-05	4.448905e-06	4.448905e-06
2.734939e+01	2.957515e+01	2.783048e-05	4.448206e-06	4.448206e-06
2.957515e+01	3.198206e+01	1.309370e-05	4.063562e-06	4.063562e-06
3.198206e+01	3.458484e+01	1.336093e-05	3.780887e-06	3.780887e-06
3.458484e+01	3.739945e+01	2.278023e-05	3.918543e-06	3.918543e-06
3.739945e+01	4.044311e+01	2.213705e-05	3.570492e-06	3.570492e-06
4.044311e+01	4.373448e+01	9.575150e-06	3.044087e-06	3.044087e-06
4.373448e+01	4.729371e+01	1.282382e-05	2.960275e-06	2.960275e-06
4.729371e+01	5.114260e+01	1.355283e-05	2.737490e-06	2.737490e-06
5.114260e+01	5.530472e+01	7.310846e-06	2.393036e-06	2.393036e-06
5.530472e+01	5.980556e+01	7.002106e-06	2.226077e-06	2.226077e-06
5.980556e+01	6.467270e+01	5.582007e-06	1.959277e-06	1.959277e-06
6.467270e+01	6.993594e+01	6.194300e-06	1.846784e-06	1.846784e-06
6.993594e+01	7.562751e+01	5.537200e-06	1.697093e-06	1.697093e-06
7.562751e+01	8.178228e+01	5.473613e-06	1.684353e-06	1.684353e-06
8.178228e+01	8.843794e+01	3.265601e-06	1.514197e-06	1.514197e-06
8.843794e+01	9.563525e+01	3.170832e-06	1.440372e-06	1.440372e-06
9.563525e+01	1.034183e+02	1.954800e-06	1.423938e-06	1.423938e-06
1.034183e+02	1.118348e+02	4.519191e-06	1.335625e-06	1.335625e-06
1.118348e+02	1.209362e+02	1.313435e-06	1.257991e-06	1.257991e-06
1.209362e+02	1.307783e+02	2.650011e-06	1.115158e-06	1.115158e-06
1.307783e+02	1.414214e+02	1.735821e-06	9.846854e-07	9.846854e-07
1.414214e+02	1.529306e+02	8.498095e-07	1.047205e-06	1.047205e-06
1.529306e+02	1.653765e+02	1.135118e-06	9.917285e-07	9.917285e-07
1.653765e+02	1.788353e+02	1.291926e-06	9.553925e-07	9.553925e-07
1.788353e+02	1.933894e+02	6.720187e-07	8.675725e-07	8.675725e-07
1.933894e+02	2.091279e+02	6.214460e-07	8.314667e-07	8.314667e-07
2.091279e+02	2.261473e+02	1.660173e-06	7.555165e-07	7.555165e-07
2.261473e+02	2.445518e+02	5.904730e-07	7.788876e-07	7.788876e-07
2.445518e+02	2.644540e+02	1.310492e-06	7.950439e-07	7.950439e-07
2.644540e+02	2.859760e+02	1.009884e-07	7.069189e-07	7.069189e-07
2.859760e+02	3.092495e+02	7.471064e-07	6.798772e-07	6.798772e-07
3.092495e+02	3.344170e+02	1.165864e-06	6.841022e-07	6.841022e-07
3.344170e+02	3.616328e+02	-3.194428e-07	6.633728e-07	6.633728e-07
3.616328e+02	3.910634e+02	-5.908062e-07	6.438162e-07	6.438162e-07
3.910634e+02	4.228892e+02	7.170742e-07	6.324001e-07	6.324001e-07
4.228892e+02	4.573051e+02	3.473424e-07	6.401563e-07	6.401563e-07
4.573051e+02	4.945218e+02	-2.044017e-07	6.283142e-07	6.283142e-07
4.945218e+02	5.347672e+02	4.860496e-07	6.192997e-07	6.192997e-07
5.347672e+02	5.782880e+02	3.495871e-07	5.930167e-07	5.930167e-07
5.782880e+02	6.253506e+02	6.696477e-07	6.174493e-07	6.174493e-07
6.253506e+02	6.762433e+02	-9.181999e-07	6.118434e-07	6.118434e-07
6.762433e+02	7.312778e+02	1.165041e-06	5.999154e-07	5.999154e-07
7.312778e+02	7.907911e+02	3.469475e-07	5.874628e-07	5.874628e-07
7.907911e+02	8.551478e+02	1.232688e-06	5.807949e-07	5.807949e-07
8.551478e+02	9.247420e+02	-3.123066e-08	5.573601e-07	5.573601e-07
9.247420e+02	1.000000e+03	4.187643e-07	5.519460e-07	5.519460e-07
# END HISTO1D


# BEGIN HISTO1D //eos/home-y/yiyu/monobc/D600.yoda.gz/JetMETAnalysis/bjet_pt
ErrorBars=1
LineColor=red
LineStyle=dashdotted
Path=//eos/home-y/yiyu/monobc/D600.yoda.gz/JetMETAnalysis/bjet_pt
ScaledBy=6.26160614830790851e-06
Title=D600
# xlow	 xhigh	 val	 errminus	 errplus
2.000000e+01	2.162765e+01	0.000000e+00	0.000000e+00	0.000000e+00
2.162765e+01	2.338777e+01	0.000000e+00	0.000000e+00	0.000000e+00
2.338777e+01	2.529113e+01	6.968766e-02	1.932788e-02	1.932788e-02
2.529113e+01	2.734939e+01	4.858019e-01	4.957161e-02	4.957161e-02
2.734939e+01	2.957515e+01	4.904999e-01	4.785952e-02	4.785952e-02
2.957515e+01	3.198206e+01	5.553220e-01	4.925388e-02	4.925388e-02
3.198206e+01	3.458484e+01	5.448924e-01	4.621716e-02	4.621716e-02
3.458484e+01	3.739945e+01	5.075083e-01	4.319756e-02	4.319756e-02
3.739945e+01	4.044311e+01	5.229520e-01	4.240306e-02	4.240306e-02
4.044311e+01	4.373448e+01	4.711944e-01	3.896594e-02	3.896594e-02
4.373448e+01	4.729371e+01	5.446667e-01	3.992805e-02	3.992805e-02
4.729371e+01	5.114260e+01	5.116291e-01	3.701819e-02	3.701819e-02
5.114260e+01	5.530472e+01	5.074452e-01	3.594496e-02	3.594496e-02
5.530472e+01	5.980556e+01	5.304636e-01	3.497263e-02	3.497263e-02
5.980556e+01	6.467270e+01	5.743942e-01	3.482684e-02	3.482684e-02
6.467270e+01	6.993594e+01	5.932006e-01	3.467809e-02	3.467809e-02
6.993594e+01	7.562751e+01	6.274358e-01	3.382410e-02	3.382410e-02
7.562751e+01	8.178228e+01	6.216598e-01	3.227313e-02	3.227313e-02
8.178228e+01	8.843794e+01	6.821851e-01	3.233867e-02	3.233867e-02
8.843794e+01	9.563525e+01	6.379339e-01	3.027231e-02	3.027231e-02
9.563525e+01	1.034183e+02	7.223292e-01	3.093935e-02	3.093935e-02
1.034183e+02	1.118348e+02	7.600975e-01	3.035537e-02	3.035537e-02
1.118348e+02	1.209362e+02	7.443775e-01	2.901767e-02	2.901767e-02
1.209362e+02	1.307783e+02	8.179421e-01	2.941328e-02	2.941328e-02
1.307783e+02	1.414214e+02	9.308601e-01	2.993419e-02	2.993419e-02
1.414214e+02	1.529306e+02	8.998175e-01	2.849302e-02	2.849302e-02
1.529306e+02	1.653765e+02	9.534256e-01	2.817293e-02	2.817293e-02
1.653765e+02	1.788353e+02	9.589978e-01	2.717556e-02	2.717556e-02
1.788353e+02	1.933894e+02	9.576319e-01	2.609934e-02	2.609934e-02
1.933894e+02	2.091279e+02	9.905887e-01	2.560545e-02	2.560545e-02
2.091279e+02	2.261473e+02	9.118394e-01	2.354898e-02	2.354898e-02
2.261473e+02	2.445518e+02	8.992078e-01	2.256002e-02	2.256002e-02
2.445518e+02	2.644540e+02	8.464069e-01	2.104419e-02	2.104419e-02
2.644540e+02	2.859760e+02	8.016676e-01	1.967856e-02	1.967856e-02
2.859760e+02	3.092495e+02	7.610643e-01	1.840240e-02	1.840240e-02
3.092495e+02	3.344170e+02	6.668978e-01	1.656233e-02	1.656233e-02
3.344170e+02	3.616328e+02	6.283277e-01	1.547558e-02	1.547558e-02
3.616328e+02	3.910634e+02	5.013054e-01	1.330112e-02	1.330112e-02
3.910634e+02	4.228892e+02	4.190151e-01	1.169615e-02	1.169615e-02
4.228892e+02	4.573051e+02	3.258157e-01	9.890583e-03	9.890583e-03
4.573051e+02	4.945218e+02	2.319347e-01	8.058465e-03	8.058465e-03
4.945218e+02	5.347672e+02	1.782266e-01	6.798006e-03	6.798006e-03
5.347672e+02	5.782880e+02	1.310534e-01	5.602147e-03	5.602147e-03
5.782880e+02	6.253506e+02	8.021565e-02	4.181469e-03	4.181469e-03
6.253506e+02	6.762433e+02	5.212561e-02	3.269781e-03	3.269781e-03
6.762433e+02	7.312778e+02	3.411271e-02	2.582255e-03	2.582255e-03
7.312778e+02	7.907911e+02	1.920159e-02	1.814380e-03	1.814380e-03
7.907911e+02	8.551478e+02	1.379300e-02	1.512378e-03	1.512378e-03
8.551478e+02	9.247420e+02	5.424528e-03	9.155722e-04	9.155722e-04
9.247420e+02	1.000000e+03	5.287438e-03	8.681057e-04	8.681057e-04
# END HISTO1D


# BEGIN HISTO1D //eos/home-y/yiyu/monobc/D1000.yoda.gz/JetMETAnalysis/bjet_pt
ErrorBars=1
LineColor=blue
LineStyle=dashdotted
Path=//eos/home-y/yiyu/monobc/D1000.yoda.gz/JetMETAnalysis/bjet_pt
ScaledBy=5.55495214013862181e-06
Title=D1000
# xlow	 xhigh	 val	 errminus	 errplus
2.000000e+01	2.162765e+01	0.000000e+00	0.000000e+00	0.000000e+00
2.162765e+01	2.338777e+01	0.000000e+00	0.000000e+00	0.000000e+00
2.338777e+01	2.529113e+01	8.451060e-03	2.258641e-03	2.258641e-03
2.529113e+01	2.734939e+01	3.684239e-02	4.603184e-03	4.603184e-03
2.734939e+01	2.957515e+01	4.026432e-02	4.787126e-03	4.787126e-03
2.957515e+01	3.198206e+01	4.248485e-02	4.652711e-03	4.652711e-03
3.198206e+01	3.458484e+01	4.061200e-02	4.279870e-03	4.279870e-03
3.458484e+01	3.739945e+01	3.347339e-02	3.741325e-03	3.741325e-03
3.739945e+01	4.044311e+01	3.284182e-02	3.640403e-03	3.640403e-03
4.044311e+01	4.373448e+01	3.735177e-02	3.710792e-03	3.710792e-03
4.373448e+01	4.729371e+01	3.324952e-02	3.339180e-03	3.339180e-03
4.729371e+01	5.114260e+01	3.044870e-02	3.187286e-03	3.187286e-03
5.114260e+01	5.530472e+01	3.505848e-02	3.183576e-03	3.183576e-03
5.530472e+01	5.980556e+01	3.114372e-02	2.888122e-03	2.888122e-03
5.980556e+01	6.467270e+01	3.611782e-02	2.995319e-03	2.995319e-03
6.467270e+01	6.993594e+01	3.732906e-02	2.904274e-03	2.904274e-03
6.993594e+01	7.562751e+01	3.330856e-02	2.624311e-03	2.624311e-03
7.562751e+01	8.178228e+01	3.229523e-02	2.525328e-03	2.525328e-03
8.178228e+01	8.843794e+01	3.556151e-02	2.537113e-03	2.537113e-03
8.843794e+01	9.563525e+01	3.671654e-02	2.493612e-03	2.493612e-03
9.563525e+01	1.034183e+02	3.469143e-02	2.310667e-03	2.310667e-03
1.034183e+02	1.118348e+02	3.617582e-02	2.280209e-03	2.280209e-03
1.118348e+02	1.209362e+02	3.900806e-02	2.261770e-03	2.261770e-03
1.209362e+02	1.307783e+02	3.642259e-02	2.139863e-03	2.139863e-03
1.307783e+02	1.414214e+02	4.102226e-02	2.137366e-03	2.137366e-03
1.414214e+02	1.529306e+02	4.172874e-02	2.127095e-03	2.127095e-03
1.529306e+02	1.653765e+02	4.089606e-02	2.041419e-03	2.041419e-03
1.653765e+02	1.788353e+02	4.712342e-02	2.094575e-03	2.094575e-03
1.788353e+02	1.933894e+02	4.878735e-02	2.006481e-03	2.006481e-03
1.933894e+02	2.091279e+02	4.964204e-02	1.977829e-03	1.977829e-03
2.091279e+02	2.261473e+02	5.711237e-02	2.011714e-03	2.011714e-03
2.261473e+02	2.445518e+02	5.793328e-02	1.954308e-03	1.954308e-03
2.445518e+02	2.644540e+02	5.824974e-02	1.889286e-03	1.889286e-03
2.644540e+02	2.859760e+02	6.085921e-02	1.844691e-03	1.844691e-03
2.859760e+02	3.092495e+02	6.442477e-02	1.833262e-03	1.833262e-03
3.092495e+02	3.344170e+02	6.373080e-02	1.743182e-03	1.743182e-03
3.344170e+02	3.616328e+02	6.408476e-02	1.677013e-03	1.677013e-03
3.616328e+02	3.910634e+02	6.156538e-02	1.589155e-03	1.589155e-03
3.910634e+02	4.228892e+02	5.671540e-02	1.475751e-03	1.475751e-03
4.228892e+02	4.573051e+02	5.658672e-02	1.419921e-03	1.419921e-03
4.573051e+02	4.945218e+02	5.047589e-02	1.286667e-03	1.286667e-03
4.945218e+02	5.347672e+02	4.924667e-02	1.217599e-03	1.217599e-03
5.347672e+02	5.782880e+02	4.356032e-02	1.102505e-03	1.102505e-03
5.782880e+02	6.253506e+02	3.930556e-02	1.010726e-03	1.010726e-03
6.253506e+02	6.762433e+02	3.142590e-02	8.691058e-04	8.691058e-04
6.762433e+02	7.312778e+02	2.572052e-02	7.527326e-04	7.527326e-04
7.312778e+02	7.907911e+02	1.957618e-02	6.315124e-04	6.315124e-04
7.907911e+02	8.551478e+02	1.272916e-02	4.976464e-04	4.976464e-04
8.551478e+02	9.247420e+02	8.485826e-03	3.941563e-04	3.941563e-04
9.247420e+02	1.000000e+03	5.343421e-03	2.944577e-04	2.944577e-04
# END HISTO1D


# BEGIN HISTO1D //eos/home-y/yiyu/monobc/D1500.yoda.gz/JetMETAnalysis/bjet_pt
ErrorBars=1
LineColor=green
LineStyle=dashdotted
Path=//eos/home-y/yiyu/monobc/D1500.yoda.gz/JetMETAnalysis/bjet_pt
ScaledBy=5.09488537008347615e-06
Title=D1500
# xlow	 xhigh	 val	 errminus	 errplus
2.000000e+01	2.162765e+01	0.000000e+00	0.000000e+00	0.000000e+00
2.162765e+01	2.338777e+01	0.000000e+00	0.000000e+00	0.000000e+00
2.338777e+01	2.529113e+01	6.644177e-04	2.071687e-04	2.071687e-04
2.529113e+01	2.734939e+01	2.816070e-03	3.998947e-04	3.998947e-04
2.734939e+01	2.957515e+01	3.456412e-03	4.261330e-04	4.261330e-04
2.957515e+01	3.198206e+01	2.670859e-03	3.637020e-04	3.637020e-04
3.198206e+01	3.458484e+01	2.591335e-03	3.483048e-04	3.483048e-04
3.458484e+01	3.739945e+01	2.321424e-03	3.306816e-04	3.306816e-04
3.739945e+01	4.044311e+01	2.285224e-03	3.096919e-04	3.096919e-04
4.044311e+01	4.373448e+01	2.209293e-03	2.809634e-04	2.809634e-04
4.373448e+01	4.729371e+01	1.865372e-03	2.664818e-04	2.664818e-04
4.729371e+01	5.114260e+01	2.546411e-03	2.751732e-04	2.751732e-04
5.114260e+01	5.530472e+01	1.848372e-03	2.306776e-04	2.306776e-04
5.530472e+01	5.980556e+01	1.592195e-03	2.196488e-04	2.196488e-04
5.980556e+01	6.467270e+01	1.840459e-03	2.321967e-04	2.321967e-04
6.467270e+01	6.993594e+01	1.802065e-03	2.061488e-04	2.061488e-04
6.993594e+01	7.562751e+01	1.592382e-03	1.906347e-04	1.906347e-04
7.562751e+01	8.178228e+01	1.712257e-03	1.891251e-04	1.891251e-04
8.178228e+01	8.843794e+01	1.615064e-03	1.763197e-04	1.763197e-04
8.843794e+01	9.563525e+01	1.801009e-03	1.846330e-04	1.846330e-04
9.563525e+01	1.034183e+02	1.611307e-03	1.652816e-04	1.652816e-04
1.034183e+02	1.118348e+02	1.515078e-03	1.598613e-04	1.598613e-04
1.118348e+02	1.209362e+02	1.424223e-03	1.549171e-04	1.549171e-04
1.209362e+02	1.307783e+02	1.466945e-03	1.440564e-04	1.440564e-04
1.307783e+02	1.414214e+02	1.841729e-03	1.508193e-04	1.508193e-04
1.414214e+02	1.529306e+02	1.959520e-03	1.482131e-04	1.482131e-04
1.529306e+02	1.653765e+02	1.845913e-03	1.386188e-04	1.386188e-04
1.653765e+02	1.788353e+02	1.934068e-03	1.371968e-04	1.371968e-04
1.788353e+02	1.933894e+02	2.157804e-03	1.335166e-04	1.335166e-04
1.933894e+02	2.091279e+02	1.928458e-03	1.288008e-04	1.288008e-04
2.091279e+02	2.261473e+02	2.161037e-03	1.282524e-04	1.282524e-04
2.261473e+02	2.445518e+02	2.244621e-03	1.238739e-04	1.238739e-04
2.445518e+02	2.644540e+02	2.483435e-03	1.285102e-04	1.285102e-04
2.644540e+02	2.859760e+02	2.585427e-03	1.246482e-04	1.246482e-04
2.859760e+02	3.092495e+02	2.440665e-03	1.169452e-04	1.169452e-04
3.092495e+02	3.344170e+02	2.713413e-03	1.184366e-04	1.184366e-04
3.344170e+02	3.616328e+02	2.977736e-03	1.209100e-04	1.209100e-04
3.616328e+02	3.910634e+02	3.158279e-03	1.177865e-04	1.177865e-04
3.910634e+02	4.228892e+02	3.135824e-03	1.127310e-04	1.127310e-04
4.228892e+02	4.573051e+02	3.389765e-03	1.114628e-04	1.114628e-04
4.573051e+02	4.945218e+02	3.499948e-03	1.101080e-04	1.101080e-04
4.945218e+02	5.347672e+02	3.330825e-03	1.036241e-04	1.036241e-04
5.347672e+02	5.782880e+02	3.203643e-03	9.868905e-05	9.868905e-05
5.782880e+02	6.253506e+02	3.195429e-03	9.418224e-05	9.418224e-05
6.253506e+02	6.762433e+02	3.099898e-03	8.729095e-05	8.729095e-05
6.762433e+02	7.312778e+02	2.916392e-03	8.313840e-05	8.313840e-05
7.312778e+02	7.907911e+02	2.532229e-03	7.504473e-05	7.504473e-05
7.907911e+02	8.551478e+02	2.430083e-03	7.062261e-05	7.062261e-05
8.551478e+02	9.247420e+02	2.107887e-03	6.327470e-05	6.327470e-05
9.247420e+02	1.000000e+03	1.765808e-03	5.543230e-05	5.543230e-05
# END HISTO1D


# BEGIN HISTO1D //eos/home-y/yiyu/monobc/D2000.yoda.gz/JetMETAnalysis/bjet_pt
ErrorBars=1
LineColor=orange
LineStyle=dashdotted
Path=//eos/home-y/yiyu/monobc/D2000.yoda.gz/JetMETAnalysis/bjet_pt
ScaledBy=4.61553418144346189e-06
Title=D2000
# xlow	 xhigh	 val	 errminus	 errplus
2.000000e+01	2.162765e+01	0.000000e+00	0.000000e+00	0.000000e+00
2.162765e+01	2.338777e+01	0.000000e+00	0.000000e+00	0.000000e+00
2.338777e+01	2.529113e+01	3.092100e-05	1.855260e-05	1.855260e-05
2.529113e+01	2.734939e+01	2.916583e-04	4.886138e-05	4.886138e-05
2.734939e+01	2.957515e+01	2.538443e-04	4.230738e-05	4.230738e-05
2.957515e+01	3.198206e+01	1.369313e-04	3.659642e-05	3.659642e-05
3.198206e+01	3.458484e+01	1.447161e-04	3.560925e-05	3.560925e-05
3.458484e+01	3.739945e+01	1.672809e-04	3.397490e-05	3.397490e-05
3.739945e+01	4.044311e+01	1.353557e-04	3.117920e-05	3.117920e-05
4.044311e+01	4.373448e+01	1.072875e-04	2.905359e-05	2.905359e-05
4.373448e+01	4.729371e+01	1.322843e-04	3.172067e-05	3.172067e-05
4.729371e+01	5.114260e+01	1.437364e-04	2.949242e-05	2.949242e-05
5.114260e+01	5.530472e+01	1.244350e-04	2.497682e-05	2.497682e-05
5.530472e+01	5.980556e+01	1.359923e-04	2.396903e-05	2.396903e-05
5.980556e+01	6.467270e+01	1.571969e-04	2.454422e-05	2.454422e-05
6.467270e+01	6.993594e+01	8.721996e-05	2.156715e-05	2.156715e-05
6.993594e+01	7.562751e+01	8.479226e-05	1.884132e-05	1.884132e-05
7.562751e+01	8.178228e+01	7.458599e-05	1.844311e-05	1.844311e-05
8.178228e+01	8.843794e+01	7.604694e-05	1.794866e-05	1.794866e-05
8.843794e+01	9.563525e+01	8.831369e-05	1.635439e-05	1.635439e-05
9.563525e+01	1.034183e+02	1.073774e-04	1.649788e-05	1.649788e-05
1.034183e+02	1.118348e+02	6.712961e-05	1.666545e-05	1.666545e-05
1.118348e+02	1.209362e+02	9.311696e-05	1.440148e-05	1.440148e-05
1.209362e+02	1.307783e+02	8.969701e-05	1.450024e-05	1.450024e-05
1.307783e+02	1.414214e+02	8.626427e-05	1.336327e-05	1.336327e-05
1.414214e+02	1.529306e+02	8.488626e-05	1.383518e-05	1.383518e-05
1.529306e+02	1.653765e+02	1.021414e-04	1.296752e-05	1.296752e-05
1.653765e+02	1.788353e+02	8.570853e-05	1.224408e-05	1.224408e-05
1.788353e+02	1.933894e+02	7.117080e-05	1.138025e-05	1.138025e-05
1.933894e+02	2.091279e+02	8.899959e-05	1.165854e-05	1.165854e-05
2.091279e+02	2.261473e+02	7.469370e-05	1.102242e-05	1.102242e-05
2.261473e+02	2.445518e+02	8.953821e-05	1.100339e-05	1.100339e-05
2.445518e+02	2.644540e+02	9.344595e-05	1.090543e-05	1.090543e-05
2.644540e+02	2.859760e+02	1.066489e-04	1.061922e-05	1.061922e-05
2.859760e+02	3.092495e+02	1.026689e-04	1.027822e-05	1.027822e-05
3.092495e+02	3.344170e+02	9.774864e-05	9.998215e-06	9.998215e-06
3.344170e+02	3.616328e+02	1.076918e-04	1.011526e-05	1.011526e-05
3.616328e+02	3.910634e+02	1.179852e-04	1.015746e-05	1.015746e-05
3.910634e+02	4.228892e+02	1.316664e-04	9.896500e-06	9.896500e-06
4.228892e+02	4.573051e+02	1.101289e-04	9.877074e-06	9.877074e-06
4.573051e+02	4.945218e+02	1.382127e-04	9.598348e-06	9.598348e-06
4.945218e+02	5.347672e+02	1.503320e-04	9.558149e-06	9.558149e-06
5.347672e+02	5.782880e+02	1.625482e-04	9.419721e-06	9.419721e-06
5.782880e+02	6.253506e+02	1.805784e-04	9.169130e-06	9.169130e-06
6.253506e+02	6.762433e+02	1.736956e-04	8.858579e-06	8.858579e-06
6.762433e+02	7.312778e+02	1.820116e-04	8.584544e-06	8.584544e-06
7.312778e+02	7.907911e+02	1.720718e-04	8.173995e-06	8.173995e-06
7.907911e+02	8.551478e+02	1.587561e-04	7.832680e-06	7.832680e-06
8.551478e+02	9.247420e+02	1.517134e-04	7.061226e-06	7.061226e-06
9.247420e+02	1.000000e+03	1.398265e-04	6.657802e-06	6.657802e-06
# END HISTO1D


# BEGIN HISTO1D //eos/home-y/yiyu/monobc/D2600.yoda.gz/JetMETAnalysis/bjet_pt
ErrorBars=1
LineColor=lilac
LineStyle=dashdotted
Path=//eos/home-y/yiyu/monobc/D2600.yoda.gz/JetMETAnalysis/bjet_pt
ScaledBy=4.26955399294807099e-06
Title=D2600
# xlow	 xhigh	 val	 errminus	 errplus
2.000000e+01	2.162765e+01	0.000000e+00	0.000000e+00	0.000000e+00
2.162765e+01	2.338777e+01	0.000000e+00	0.000000e+00	0.000000e+00
2.338777e+01	2.529113e+01	4.159953e-06	1.698294e-06	1.698294e-06
2.529113e+01	2.734939e+01	1.410524e-05	5.287036e-06	5.287036e-06
2.734939e+01	2.957515e+01	1.363665e-05	4.780094e-06	4.780094e-06
2.957515e+01	3.198206e+01	3.783096e-05	5.172414e-06	5.172414e-06
3.198206e+01	3.458484e+01	1.267537e-05	4.563134e-06	4.563134e-06
3.458484e+01	3.739945e+01	6.563989e-06	4.140827e-06	4.140827e-06
3.739945e+01	4.044311e+01	1.560862e-05	3.926168e-06	3.926168e-06
4.044311e+01	4.373448e+01	1.082543e-05	3.425649e-06	3.425649e-06
4.373448e+01	4.729371e+01	1.186457e-05	3.556280e-06	3.556280e-06
4.729371e+01	5.114260e+01	7.885887e-06	2.929436e-06	2.929436e-06
5.114260e+01	5.530472e+01	7.292416e-06	2.782204e-06	2.782204e-06
5.530472e+01	5.980556e+01	1.202122e-05	2.827522e-06	2.827522e-06
5.980556e+01	6.467270e+01	5.693818e-06	2.284617e-06	2.284617e-06
6.467270e+01	6.993594e+01	4.763855e-06	2.569210e-06	2.569210e-06
6.993594e+01	7.562751e+01	3.014182e-06	2.034564e-06	2.034564e-06
7.562751e+01	8.178228e+01	7.289962e-06	2.078788e-06	2.078788e-06
8.178228e+01	8.843794e+01	3.965491e-06	2.022012e-06	2.022012e-06
8.843794e+01	9.563525e+01	4.950530e-06	1.768192e-06	1.768192e-06
9.563525e+01	1.034183e+02	2.543311e-06	1.599570e-06	1.599570e-06
1.034183e+02	1.118348e+02	3.449446e-06	1.598981e-06	1.598981e-06
1.118348e+02	1.209362e+02	4.349819e-07	1.554887e-06	1.554887e-06
1.209362e+02	1.307783e+02	9.385738e-07	1.306870e-06	1.306870e-06
1.307783e+02	1.414214e+02	6.199547e-07	1.282572e-06	1.282572e-06
1.414214e+02	1.529306e+02	-9.172818e-07	1.287059e-06	1.287059e-06
1.529306e+02	1.653765e+02	3.180922e-06	1.060307e-06	1.060307e-06
1.653765e+02	1.788353e+02	1.078560e-06	1.130779e-06	1.130779e-06
1.788353e+02	1.933894e+02	5.440315e-07	1.049603e-06	1.049603e-06
1.933894e+02	2.091279e+02	1.173877e-06	1.067216e-06	1.067216e-06
2.091279e+02	2.261473e+02	-3.179053e-06	9.899373e-07	9.899373e-07
2.261473e+02	2.445518e+02	2.007669e-06	9.673191e-07	9.673191e-07
2.445518e+02	2.644540e+02	1.193520e-06	9.834864e-07	9.834864e-07
2.644540e+02	2.859760e+02	1.348957e-06	8.800535e-07	8.800535e-07
2.859760e+02	3.092495e+02	6.804211e-07	8.820722e-07	8.820722e-07
3.092495e+02	3.344170e+02	-3.146077e-07	8.898449e-07	8.898449e-07
3.344170e+02	3.616328e+02	1.309184e-06	8.660289e-07	8.660289e-07
3.616328e+02	3.910634e+02	8.967863e-08	8.292244e-07	8.292244e-07
3.910634e+02	4.228892e+02	6.634356e-07	8.230513e-07	8.230513e-07
4.228892e+02	4.573051e+02	6.901946e-07	8.295106e-07	8.295106e-07
4.573051e+02	4.945218e+02	1.772925e-07	7.984068e-07	7.984068e-07
4.945218e+02	5.347672e+02	1.049281e-06	7.689945e-07	7.689945e-07
5.347672e+02	5.782880e+02	4.548336e-07	7.901257e-07	7.901257e-07
5.782880e+02	6.253506e+02	-1.402013e-07	7.846268e-07	7.846268e-07
6.253506e+02	6.762433e+02	-3.370902e-07	7.713905e-07	7.713905e-07
6.762433e+02	7.312778e+02	4.795712e-08	7.836258e-07	7.836258e-07
7.312778e+02	7.907911e+02	-5.986981e-07	7.555448e-07	7.555448e-07
7.907911e+02	8.551478e+02	-1.845469e-07	7.310333e-07	7.310333e-07
8.551478e+02	9.247420e+02	2.066862e-06	7.142928e-07	7.142928e-07
9.247420e+02	1.000000e+03	-2.104199e-07	6.750401e-07	6.750401e-07
# END HISTO1D

