# BEGIN PLOT
Legend=1
LogY=1
LegendPlacement=manual
LegendAlign=r
LegendXPos=1.225
RightMargin=2.5
Title=$c$-jet $p_\mathrm{T}$ spectrum
XLabel=$p_\mathrm{T}^{c\mathrm{-jet}}$ [GeV]
YLabel=$\mathrm{d}\sigma/\mathrm{d}p_\mathrm{T}^{c\mathrm{-jet}}$ [pb/GeV]
LogX=1
DrawOnly=//eos/home-y/yiyu/monobc/A600.yoda.gz/JetMETAnalysis/cjet_pt //eos/home-y/yiyu/monobc/A1000.yoda.gz/JetMETAnalysis/cjet_pt //eos/home-y/yiyu/monobc/A1500.yoda.gz/JetMETAnalysis/cjet_pt //eos/home-y/yiyu/monobc/A2000.yoda.gz/JetMETAnalysis/cjet_pt //eos/home-y/yiyu/monobc/A2600.yoda.gz/JetMETAnalysis/cjet_pt //eos/home-y/yiyu/monobc/C600.yoda.gz/JetMETAnalysis/cjet_pt //eos/home-y/yiyu/monobc/C1000.yoda.gz/JetMETAnalysis/cjet_pt //eos/home-y/yiyu/monobc/C1500.yoda.gz/JetMETAnalysis/cjet_pt //eos/home-y/yiyu/monobc/C2000.yoda.gz/JetMETAnalysis/cjet_pt //eos/home-y/yiyu/monobc/C2600.yoda.gz/JetMETAnalysis/cjet_pt //eos/home-y/yiyu/monobc/D600.yoda.gz/JetMETAnalysis/cjet_pt //eos/home-y/yiyu/monobc/D1000.yoda.gz/JetMETAnalysis/cjet_pt //eos/home-y/yiyu/monobc/D1500.yoda.gz/JetMETAnalysis/cjet_pt //eos/home-y/yiyu/monobc/D2000.yoda.gz/JetMETAnalysis/cjet_pt //eos/home-y/yiyu/monobc/D2600.yoda.gz/JetMETAnalysis/cjet_pt
LegendOnly=//eos/home-y/yiyu/monobc/A600.yoda.gz/JetMETAnalysis/cjet_pt //eos/home-y/yiyu/monobc/A1000.yoda.gz/JetMETAnalysis/cjet_pt //eos/home-y/yiyu/monobc/A1500.yoda.gz/JetMETAnalysis/cjet_pt //eos/home-y/yiyu/monobc/A2000.yoda.gz/JetMETAnalysis/cjet_pt //eos/home-y/yiyu/monobc/A2600.yoda.gz/JetMETAnalysis/cjet_pt //eos/home-y/yiyu/monobc/C600.yoda.gz/JetMETAnalysis/cjet_pt //eos/home-y/yiyu/monobc/C1000.yoda.gz/JetMETAnalysis/cjet_pt //eos/home-y/yiyu/monobc/C1500.yoda.gz/JetMETAnalysis/cjet_pt //eos/home-y/yiyu/monobc/C2000.yoda.gz/JetMETAnalysis/cjet_pt //eos/home-y/yiyu/monobc/C2600.yoda.gz/JetMETAnalysis/cjet_pt //eos/home-y/yiyu/monobc/D600.yoda.gz/JetMETAnalysis/cjet_pt //eos/home-y/yiyu/monobc/D1000.yoda.gz/JetMETAnalysis/cjet_pt //eos/home-y/yiyu/monobc/D1500.yoda.gz/JetMETAnalysis/cjet_pt //eos/home-y/yiyu/monobc/D2000.yoda.gz/JetMETAnalysis/cjet_pt //eos/home-y/yiyu/monobc/D2600.yoda.gz/JetMETAnalysis/cjet_pt
RatioPlot=1
RatioPlotReference=//eos/home-y/yiyu/monobc/A600.yoda.gz/JetMETAnalysis/cjet_pt
RatioPlotYLabel=Ratio
# END PLOT

# BEGIN HISTO1D //eos/home-y/yiyu/monobc/A600.yoda.gz/JetMETAnalysis/cjet_pt
ErrorBars=1
LineColor=red
LineStyle=solid
Path=//eos/home-y/yiyu/monobc/A600.yoda.gz/JetMETAnalysis/cjet_pt
ScaledBy=5.21401125168643785e-06
Title=A600
# xlow	 xhigh	 val	 errminus	 errplus
2.000000e+01	2.162765e+01	0.000000e+00	0.000000e+00	0.000000e+00
2.162765e+01	2.338777e+01	0.000000e+00	0.000000e+00	0.000000e+00
2.338777e+01	2.529113e+01	8.208673e-02	1.934803e-02	1.934803e-02
2.529113e+01	2.734939e+01	5.819697e-01	4.989824e-02	4.989824e-02
2.734939e+01	2.957515e+01	5.888708e-01	4.823795e-02	4.823795e-02
2.957515e+01	3.198206e+01	5.120943e-01	4.297399e-02	4.297399e-02
3.198206e+01	3.458484e+01	4.001890e-01	3.683527e-02	3.683527e-02
3.458484e+01	3.739945e+01	3.854900e-01	3.447928e-02	3.447928e-02
3.739945e+01	4.044311e+01	3.964060e-01	3.362272e-02	3.362272e-02
4.044311e+01	4.373448e+01	3.217396e-01	2.912894e-02	2.912894e-02
4.373448e+01	4.729371e+01	2.804550e-01	2.637900e-02	2.637900e-02
4.729371e+01	5.114260e+01	2.119892e-01	2.277645e-02	2.277645e-02
5.114260e+01	5.530472e+01	2.210613e-01	2.147137e-02	2.147137e-02
5.530472e+01	5.980556e+01	1.928536e-01	1.947726e-02	1.947726e-02
5.980556e+01	6.467270e+01	1.355380e-01	1.595117e-02	1.595117e-02
6.467270e+01	6.993594e+01	1.269869e-01	1.447150e-02	1.447150e-02
6.993594e+01	7.562751e+01	1.128551e-01	1.329524e-02	1.329524e-02
7.562751e+01	8.178228e+01	1.114132e-01	1.253497e-02	1.253497e-02
8.178228e+01	8.843794e+01	9.259523e-02	1.129434e-02	1.129434e-02
8.843794e+01	9.563525e+01	1.049230e-01	1.124892e-02	1.124892e-02
9.563525e+01	1.034183e+02	8.587412e-02	9.912544e-03	9.912544e-03
1.034183e+02	1.118348e+02	1.031312e-01	1.031312e-02	1.031312e-02
1.118348e+02	1.209362e+02	8.869440e-02	9.392887e-03	9.392887e-03
1.209362e+02	1.307783e+02	9.083869e-02	9.037084e-03	9.037084e-03
1.307783e+02	1.414214e+02	9.623550e-02	8.859196e-03	8.859196e-03
1.414214e+02	1.529306e+02	7.541822e-02	7.616867e-03	7.616867e-03
1.529306e+02	1.653765e+02	6.764985e-02	6.939253e-03	6.939253e-03
1.653765e+02	1.788353e+02	8.319642e-02	7.325039e-03	7.325039e-03
1.788353e+02	1.933894e+02	7.574251e-02	6.721063e-03	6.721063e-03
1.933894e+02	2.091279e+02	7.004251e-02	6.215269e-03	6.215269e-03
2.091279e+02	2.261473e+02	5.763093e-02	5.469229e-03	5.469229e-03
2.261473e+02	2.445518e+02	6.414111e-02	5.540346e-03	5.540346e-03
2.445518e+02	2.644540e+02	5.931430e-02	5.160412e-03	5.160412e-03
2.644540e+02	2.859760e+02	5.928654e-02	4.889872e-03	4.889872e-03
2.859760e+02	3.092495e+02	5.743550e-02	4.628285e-03	4.628285e-03
3.092495e+02	3.344170e+02	5.897630e-02	4.510029e-03	4.510029e-03
3.344170e+02	3.616328e+02	5.007257e-02	4.021601e-03	4.021601e-03
3.616328e+02	3.910634e+02	4.040573e-02	3.452094e-03	3.452094e-03
3.910634e+02	4.228892e+02	3.027367e-02	2.873450e-03	2.873450e-03
4.228892e+02	4.573051e+02	2.446437e-02	2.483980e-03	2.483980e-03
4.573051e+02	4.945218e+02	2.005774e-02	2.212610e-03	2.212610e-03
4.945218e+02	5.347672e+02	1.466608e-02	1.778524e-03	1.778524e-03
5.347672e+02	5.782880e+02	1.037117e-02	1.438223e-03	1.438223e-03
5.782880e+02	6.253506e+02	7.561873e-03	1.209427e-03	1.209427e-03
6.253506e+02	6.762433e+02	4.946112e-03	9.184700e-04	9.184700e-04
6.762433e+02	7.312778e+02	2.050358e-03	5.686671e-04	5.686671e-04
7.312778e+02	7.907911e+02	1.166803e-03	4.125270e-04	4.125270e-04
7.907911e+02	8.551478e+02	1.213864e-03	4.862945e-04	4.862945e-04
8.551478e+02	9.247420e+02	2.494471e-04	1.763857e-04	1.763857e-04
9.247420e+02	1.000000e+03	1.153370e-04	1.153370e-04	1.153370e-04
# END HISTO1D


# BEGIN HISTO1D //eos/home-y/yiyu/monobc/A1000.yoda.gz/JetMETAnalysis/cjet_pt
ErrorBars=1
LineColor=blue
LineStyle=solid
Path=//eos/home-y/yiyu/monobc/A1000.yoda.gz/JetMETAnalysis/cjet_pt
ScaledBy=4.00138196213606137e-06
Title=A1000
# xlow	 xhigh	 val	 errminus	 errplus
2.000000e+01	2.162765e+01	0.000000e+00	0.000000e+00	0.000000e+00
2.162765e+01	2.338777e+01	0.000000e+00	0.000000e+00	0.000000e+00
2.338777e+01	2.529113e+01	8.760129e-03	2.145785e-03	2.145785e-03
2.529113e+01	2.734939e+01	5.913631e-02	5.026453e-03	5.026453e-03
2.734939e+01	2.957515e+01	4.419827e-02	4.137168e-03	4.137168e-03
2.957515e+01	3.198206e+01	4.121817e-02	3.872547e-03	3.872547e-03
3.198206e+01	3.458484e+01	4.067877e-02	3.693941e-03	3.693941e-03
3.458484e+01	3.739945e+01	3.435907e-02	3.298331e-03	3.298331e-03
3.739945e+01	4.044311e+01	2.903430e-02	2.898775e-03	2.898775e-03
4.044311e+01	4.373448e+01	2.836893e-02	2.680612e-03	2.680612e-03
4.373448e+01	4.729371e+01	2.412586e-02	2.400160e-03	2.400160e-03
4.729371e+01	5.114260e+01	2.101057e-02	2.261410e-03	2.261410e-03
5.114260e+01	5.530472e+01	1.582392e-02	1.868300e-03	1.868300e-03
5.530472e+01	5.980556e+01	1.741149e-02	1.814862e-03	1.814862e-03
5.980556e+01	6.467270e+01	1.730012e-02	1.771820e-03	1.771820e-03
6.467270e+01	6.993594e+01	1.172142e-02	1.398929e-03	1.398929e-03
6.993594e+01	7.562751e+01	1.450123e-02	1.486579e-03	1.486579e-03
7.562751e+01	8.178228e+01	9.617188e-03	1.248818e-03	1.248818e-03
8.178228e+01	8.843794e+01	1.077231e-02	1.214435e-03	1.214435e-03
8.843794e+01	9.563525e+01	7.760794e-03	1.016428e-03	1.016428e-03
9.563525e+01	1.034183e+02	8.354998e-03	9.580689e-04	9.580689e-04
1.034183e+02	1.118348e+02	6.438480e-03	8.463139e-04	8.463139e-04
1.118348e+02	1.209362e+02	6.778367e-03	7.879692e-04	7.879692e-04
1.209362e+02	1.307783e+02	6.522356e-03	8.168744e-04	8.168744e-04
1.307783e+02	1.414214e+02	5.953153e-03	6.918003e-04	6.918003e-04
1.414214e+02	1.529306e+02	5.577597e-03	6.356262e-04	6.356262e-04
1.529306e+02	1.653765e+02	6.028618e-03	6.494402e-04	6.494402e-04
1.653765e+02	1.788353e+02	5.822683e-03	6.132087e-04	6.132087e-04
1.788353e+02	1.933894e+02	4.811666e-03	5.494272e-04	5.494272e-04
1.933894e+02	2.091279e+02	4.608478e-03	4.997275e-04	4.997275e-04
2.091279e+02	2.261473e+02	5.780153e-03	5.541946e-04	5.541946e-04
2.261473e+02	2.445518e+02	5.345146e-03	4.920605e-04	4.920605e-04
2.445518e+02	2.644540e+02	4.272683e-03	4.550315e-04	4.550315e-04
2.644540e+02	2.859760e+02	4.183528e-03	4.172035e-04	4.172035e-04
2.859760e+02	3.092495e+02	4.298541e-03	4.084243e-04	4.084243e-04
3.092495e+02	3.344170e+02	5.200691e-03	4.229172e-04	4.229172e-04
3.344170e+02	3.616328e+02	4.962441e-03	4.017397e-04	4.017397e-04
3.616328e+02	3.910634e+02	4.079105e-03	3.515303e-04	3.515303e-04
3.910634e+02	4.228892e+02	4.767531e-03	3.591709e-04	3.591709e-04
4.228892e+02	4.573051e+02	3.924256e-03	3.158398e-04	3.158398e-04
4.573051e+02	4.945218e+02	4.345756e-03	3.215120e-04	3.215120e-04
4.945218e+02	5.347672e+02	3.459409e-03	2.755954e-04	2.755954e-04
5.347672e+02	5.782880e+02	3.428924e-03	2.633513e-04	2.633513e-04
5.782880e+02	6.253506e+02	3.348015e-03	2.511445e-04	2.511445e-04
6.253506e+02	6.762433e+02	2.195083e-03	1.924357e-04	1.924357e-04
6.762433e+02	7.312778e+02	2.332853e-03	1.892034e-04	1.892034e-04
7.312778e+02	7.907911e+02	1.428854e-03	1.495684e-04	1.495684e-04
7.907911e+02	8.551478e+02	1.230641e-03	1.314699e-04	1.314699e-04
8.551478e+02	9.247420e+02	7.307324e-04	9.356070e-05	9.356070e-05
9.247420e+02	1.000000e+03	5.760395e-04	8.289778e-05	8.289778e-05
# END HISTO1D


# BEGIN HISTO1D //eos/home-y/yiyu/monobc/A1500.yoda.gz/JetMETAnalysis/cjet_pt
ErrorBars=1
LineColor=green
LineStyle=solid
Path=//eos/home-y/yiyu/monobc/A1500.yoda.gz/JetMETAnalysis/cjet_pt
ScaledBy=3.22616518003077697e-06
Title=A1500
# xlow	 xhigh	 val	 errminus	 errplus
2.000000e+01	2.162765e+01	0.000000e+00	0.000000e+00	0.000000e+00
2.162765e+01	2.338777e+01	0.000000e+00	0.000000e+00	0.000000e+00
2.338777e+01	2.529113e+01	7.036682e-04	1.650248e-04	1.650248e-04
2.529113e+01	2.734939e+01	3.643986e-03	3.877063e-04	3.877063e-04
2.734939e+01	2.957515e+01	3.881238e-03	3.721571e-04	3.721571e-04
2.957515e+01	3.198206e+01	3.255254e-03	3.373321e-04	3.373321e-04
3.198206e+01	3.458484e+01	2.650078e-03	2.944809e-04	2.944809e-04
3.458484e+01	3.739945e+01	2.403046e-03	2.529181e-04	2.529181e-04
3.739945e+01	4.044311e+01	2.002185e-03	2.275908e-04	2.275908e-04
4.044311e+01	4.373448e+01	1.709076e-03	2.191347e-04	2.191347e-04
4.373448e+01	4.729371e+01	1.787419e-03	2.000056e-04	2.000056e-04
4.729371e+01	5.114260e+01	1.565907e-03	1.757209e-04	1.757209e-04
5.114260e+01	5.530472e+01	1.238897e-03	1.568217e-04	1.568217e-04
5.530472e+01	5.980556e+01	1.234933e-03	1.465383e-04	1.465383e-04
5.980556e+01	6.467270e+01	1.114474e-03	1.355099e-04	1.355099e-04
6.467270e+01	6.993594e+01	9.288136e-04	1.186767e-04	1.186767e-04
6.993594e+01	7.562751e+01	8.353822e-04	1.097454e-04	1.097454e-04
7.562751e+01	8.178228e+01	8.704364e-04	1.077110e-04	1.077110e-04
8.178228e+01	8.843794e+01	6.841900e-04	9.650764e-05	9.650764e-05
8.843794e+01	9.563525e+01	6.885261e-04	8.924474e-05	8.924474e-05
9.563525e+01	1.034183e+02	5.764795e-04	7.451431e-05	7.451431e-05
1.034183e+02	1.118348e+02	5.728749e-04	7.631700e-05	7.631700e-05
1.118348e+02	1.209362e+02	4.414708e-04	5.977543e-05	5.977543e-05
1.209362e+02	1.307783e+02	5.103081e-04	6.346448e-05	6.346448e-05
1.307783e+02	1.414214e+02	4.026899e-04	5.111669e-05	5.111669e-05
1.414214e+02	1.529306e+02	2.967454e-04	5.039000e-05	5.039000e-05
1.529306e+02	1.653765e+02	3.981661e-04	4.812576e-05	4.812576e-05
1.653765e+02	1.788353e+02	3.731761e-04	4.746498e-05	4.746498e-05
1.788353e+02	1.933894e+02	3.819017e-04	4.437261e-05	4.437261e-05
1.933894e+02	2.091279e+02	2.808274e-04	3.757879e-05	3.757879e-05
2.091279e+02	2.261473e+02	2.714962e-04	3.670069e-05	3.670069e-05
2.261473e+02	2.445518e+02	2.765339e-04	3.527758e-05	3.527758e-05
2.445518e+02	2.644540e+02	2.321704e-04	3.209804e-05	3.209804e-05
2.644540e+02	2.859760e+02	2.489237e-04	2.984490e-05	2.984490e-05
2.859760e+02	3.092495e+02	2.589642e-04	3.017822e-05	3.017822e-05
3.092495e+02	3.344170e+02	2.634232e-04	2.803369e-05	2.803369e-05
3.344170e+02	3.616328e+02	2.583611e-04	2.728917e-05	2.728917e-05
3.616328e+02	3.910634e+02	2.776001e-04	2.768157e-05	2.768157e-05
3.910634e+02	4.228892e+02	2.167289e-04	2.426640e-05	2.426640e-05
4.228892e+02	4.573051e+02	2.510091e-04	2.468952e-05	2.468952e-05
4.573051e+02	4.945218e+02	2.735046e-04	2.427486e-05	2.427486e-05
4.945218e+02	5.347672e+02	2.745534e-04	2.287566e-05	2.287566e-05
5.347672e+02	5.782880e+02	2.492741e-04	2.075858e-05	2.075858e-05
5.782880e+02	6.253506e+02	2.475896e-04	1.992100e-05	1.992100e-05
6.253506e+02	6.762433e+02	2.223771e-04	1.911369e-05	1.911369e-05
6.762433e+02	7.312778e+02	2.251104e-04	1.792478e-05	1.792478e-05
7.312778e+02	7.907911e+02	2.295489e-04	1.743213e-05	1.743213e-05
7.907911e+02	8.551478e+02	1.977054e-04	1.550392e-05	1.550392e-05
8.551478e+02	9.247420e+02	1.722419e-04	1.449769e-05	1.449769e-05
9.247420e+02	1.000000e+03	1.397030e-04	1.236189e-05	1.236189e-05
# END HISTO1D


# BEGIN HISTO1D //eos/home-y/yiyu/monobc/A2000.yoda.gz/JetMETAnalysis/cjet_pt
ErrorBars=1
LineColor=orange
LineStyle=solid
Path=//eos/home-y/yiyu/monobc/A2000.yoda.gz/JetMETAnalysis/cjet_pt
ScaledBy=2.74469287009081753e-06
Title=A2000
# xlow	 xhigh	 val	 errminus	 errplus
2.000000e+01	2.162765e+01	0.000000e+00	0.000000e+00	0.000000e+00
2.162765e+01	2.338777e+01	0.000000e+00	0.000000e+00	0.000000e+00
2.338777e+01	2.529113e+01	6.989813e-05	1.911585e-05	1.911585e-05
2.529113e+01	2.734939e+01	2.551490e-04	4.010882e-05	4.010882e-05
2.734939e+01	2.957515e+01	2.768453e-04	3.695677e-05	3.695677e-05
2.957515e+01	3.198206e+01	2.443724e-04	3.291379e-05	3.291379e-05
3.198206e+01	3.458484e+01	1.667965e-04	3.160348e-05	3.160348e-05
3.458484e+01	3.739945e+01	1.816090e-04	2.781439e-05	2.781439e-05
3.739945e+01	4.044311e+01	1.449363e-04	2.509632e-05	2.509632e-05
4.044311e+01	4.373448e+01	1.425381e-04	2.221106e-05	2.221106e-05
4.373448e+01	4.729371e+01	1.554189e-04	2.199539e-05	2.199539e-05
4.729371e+01	5.114260e+01	1.073369e-04	1.899374e-05	1.899374e-05
5.114260e+01	5.530472e+01	1.144003e-04	1.764471e-05	1.764471e-05
5.530472e+01	5.980556e+01	4.511669e-05	1.547950e-05	1.547950e-05
5.980556e+01	6.467270e+01	7.912643e-05	1.431451e-05	1.431451e-05
6.467270e+01	6.993594e+01	7.982351e-05	1.248018e-05	1.248018e-05
6.993594e+01	7.562751e+01	8.119786e-05	1.180034e-05	1.180034e-05
7.562751e+01	8.178228e+01	2.616670e-05	9.450297e-06	9.450297e-06
8.178228e+01	8.843794e+01	4.523870e-05	9.699539e-06	9.699539e-06
8.843794e+01	9.563525e+01	3.405106e-05	8.081409e-06	8.081409e-06
9.563525e+01	1.034183e+02	2.788975e-05	7.686779e-06	7.686779e-06
1.034183e+02	1.118348e+02	2.745461e-05	7.108250e-06	7.108250e-06
1.118348e+02	1.209362e+02	3.692885e-05	7.298705e-06	7.298705e-06
1.209362e+02	1.307783e+02	2.205498e-05	6.161347e-06	6.161347e-06
1.307783e+02	1.414214e+02	2.500047e-05	5.884501e-06	5.884501e-06
1.414214e+02	1.529306e+02	1.886033e-05	5.053731e-06	5.053731e-06
1.529306e+02	1.653765e+02	2.475479e-05	5.094639e-06	5.094639e-06
1.653765e+02	1.788353e+02	1.248641e-05	4.414614e-06	4.414614e-06
1.788353e+02	1.933894e+02	2.549901e-05	4.435646e-06	4.435646e-06
1.933894e+02	2.091279e+02	2.313517e-05	4.220760e-06	4.220760e-06
2.091279e+02	2.261473e+02	1.357696e-05	3.563027e-06	3.563027e-06
2.261473e+02	2.445518e+02	1.750115e-05	3.609358e-06	3.609358e-06
2.445518e+02	2.644540e+02	1.231402e-05	3.087287e-06	3.087287e-06
2.644540e+02	2.859760e+02	9.435136e-06	3.103636e-06	3.103636e-06
2.859760e+02	3.092495e+02	9.326801e-06	2.806278e-06	2.806278e-06
3.092495e+02	3.344170e+02	1.808448e-05	2.711780e-06	2.711780e-06
3.344170e+02	3.616328e+02	1.286417e-05	2.272265e-06	2.272265e-06
3.616328e+02	3.910634e+02	1.023062e-05	2.414639e-06	2.414639e-06
3.910634e+02	4.228892e+02	1.188084e-05	2.178043e-06	2.178043e-06
4.228892e+02	4.573051e+02	1.281782e-05	2.162782e-06	2.162782e-06
4.573051e+02	4.945218e+02	1.204134e-05	2.008849e-06	2.008849e-06
4.945218e+02	5.347672e+02	1.078719e-05	1.983756e-06	1.983756e-06
5.347672e+02	5.782880e+02	1.737639e-05	2.182452e-06	2.182452e-06
5.782880e+02	6.253506e+02	1.383693e-05	2.066976e-06	2.066976e-06
6.253506e+02	6.762433e+02	1.623526e-05	1.945773e-06	1.945773e-06
6.762433e+02	7.312778e+02	1.310494e-05	1.758387e-06	1.758387e-06
7.312778e+02	7.907911e+02	1.011852e-05	1.604631e-06	1.604631e-06
7.907911e+02	8.551478e+02	1.425313e-05	1.689070e-06	1.689070e-06
8.551478e+02	9.247420e+02	1.126880e-05	1.471860e-06	1.471860e-06
9.247420e+02	1.000000e+03	1.302591e-05	1.453366e-06	1.453366e-06
# END HISTO1D


# BEGIN HISTO1D //eos/home-y/yiyu/monobc/A2600.yoda.gz/JetMETAnalysis/cjet_pt
ErrorBars=1
LineColor=lilac
LineStyle=solid
Path=//eos/home-y/yiyu/monobc/A2600.yoda.gz/JetMETAnalysis/cjet_pt
ScaledBy=2.62727164953756670e-06
Title=A2600
# xlow	 xhigh	 val	 errminus	 errplus
2.000000e+01	2.162765e+01	0.000000e+00	0.000000e+00	0.000000e+00
2.162765e+01	2.338777e+01	0.000000e+00	0.000000e+00	0.000000e+00
2.338777e+01	2.529113e+01	4.728679e-06	2.149399e-06	2.149399e-06
2.529113e+01	2.734939e+01	1.987641e-05	4.669898e-06	4.669898e-06
2.734939e+01	2.957515e+01	1.985105e-05	4.060408e-06	4.060408e-06
2.957515e+01	3.198206e+01	1.155812e-05	4.107567e-06	4.107567e-06
3.198206e+01	3.458484e+01	1.414631e-05	3.542684e-06	3.542684e-06
3.458484e+01	3.739945e+01	1.569797e-05	3.237134e-06	3.237134e-06
3.739945e+01	4.044311e+01	1.102188e-05	2.932550e-06	2.932550e-06
4.044311e+01	4.373448e+01	8.949398e-06	2.435718e-06	2.435718e-06
4.373448e+01	4.729371e+01	2.758629e-06	2.559899e-06	2.559899e-06
4.729371e+01	5.114260e+01	9.353738e-06	2.061088e-06	2.061088e-06
5.114260e+01	5.530472e+01	8.453216e-06	1.916087e-06	1.916087e-06
5.530472e+01	5.980556e+01	4.544796e-06	1.595217e-06	1.595217e-06
5.980556e+01	6.467270e+01	1.849213e-06	1.655694e-06	1.655694e-06
6.467270e+01	6.993594e+01	4.974677e-06	1.407738e-06	1.407738e-06
6.993594e+01	7.562751e+01	2.300149e-06	1.317576e-06	1.317576e-06
7.562751e+01	8.178228e+01	2.525864e-06	1.268168e-06	1.268168e-06
8.178228e+01	8.843794e+01	1.352289e-06	1.050360e-06	1.050360e-06
8.843794e+01	9.563525e+01	1.818938e-06	9.235700e-07	9.235700e-07
9.563525e+01	1.034183e+02	5.256398e-07	9.692319e-07	9.692319e-07
1.034183e+02	1.118348e+02	1.944314e-06	7.654774e-07	7.654774e-07
1.118348e+02	1.209362e+02	8.990004e-07	7.192002e-07	7.192002e-07
1.209362e+02	1.307783e+02	8.313431e-07	7.619385e-07	7.619385e-07
1.307783e+02	1.414214e+02	1.383797e-06	6.053350e-07	6.053350e-07
1.414214e+02	1.529306e+02	3.554618e-07	5.819161e-07	5.819161e-07
1.529306e+02	1.653765e+02	9.861272e-07	5.218096e-07	5.218096e-07
1.653765e+02	1.788353e+02	9.119119e-07	4.825386e-07	4.825386e-07
1.788353e+02	1.933894e+02	-2.248758e-07	4.635933e-07	4.635933e-07
1.933894e+02	2.091279e+02	8.837990e-07	4.380603e-07	4.380603e-07
2.091279e+02	2.261473e+02	3.846040e-07	4.022285e-07	4.022285e-07
2.261473e+02	2.445518e+02	2.222870e-07	3.692909e-07	3.692909e-07
2.445518e+02	2.644540e+02	7.811252e-07	3.263152e-07	3.263152e-07
2.644540e+02	2.859760e+02	3.421590e-07	3.336036e-07	3.336036e-07
2.859760e+02	3.092495e+02	3.867222e-07	3.044647e-07	3.044647e-07
3.092495e+02	3.344170e+02	2.925974e-07	2.925974e-07	2.925974e-07
3.344170e+02	3.616328e+02	3.908322e-07	2.533239e-07	2.533239e-07
3.616328e+02	3.910634e+02	1.390077e-07	2.342600e-07	2.342600e-07
3.910634e+02	4.228892e+02	4.884751e-07	2.040605e-07	2.040605e-07
4.228892e+02	4.573051e+02	2.139693e-07	2.217525e-07	2.217525e-07
4.573051e+02	4.945218e+02	2.198519e-07	1.839413e-07	1.839413e-07
4.945218e+02	5.347672e+02	6.099204e-08	2.022877e-07	2.022877e-07
5.347672e+02	5.782880e+02	1.504046e-07	1.803288e-07	1.803288e-07
5.782880e+02	6.253506e+02	0.000000e+00	-nan	-nan
6.253506e+02	6.762433e+02	-6.430912e-08	1.790290e-07	1.790290e-07
6.762433e+02	7.312778e+02	1.040713e-07	1.662218e-07	1.662218e-07
7.312778e+02	7.907911e+02	5.499384e-08	1.567566e-07	1.567566e-07
7.907911e+02	8.551478e+02	-1.271377e-08	1.520346e-07	1.520346e-07
8.551478e+02	9.247420e+02	1.645975e-07	1.477827e-07	1.477827e-07
9.247420e+02	1.000000e+03	5.870960e-07	1.392314e-07	1.392314e-07
# END HISTO1D


# BEGIN HISTO1D //eos/home-y/yiyu/monobc/C600.yoda.gz/JetMETAnalysis/cjet_pt
ErrorBars=1
LineColor=red
LineStyle=dashed
Path=//eos/home-y/yiyu/monobc/C600.yoda.gz/JetMETAnalysis/cjet_pt
ScaledBy=5.90211502197280713e-06
Title=C600
# xlow	 xhigh	 val	 errminus	 errplus
2.000000e+01	2.162765e+01	0.000000e+00	0.000000e+00	0.000000e+00
2.162765e+01	2.338777e+01	0.000000e+00	0.000000e+00	0.000000e+00
2.338777e+01	2.529113e+01	1.182098e-01	2.464846e-02	2.464846e-02
2.529113e+01	2.734939e+01	7.556902e-01	6.141930e-02	6.141930e-02
2.734939e+01	2.957515e+01	6.592647e-01	5.382874e-02	5.382874e-02
2.957515e+01	3.198206e+01	5.933894e-01	4.944449e-02	4.944449e-02
3.198206e+01	3.458484e+01	5.299422e-01	4.462918e-02	4.462918e-02
3.458484e+01	3.739945e+01	4.274976e-01	3.854617e-02	3.854617e-02
3.739945e+01	4.044311e+01	3.888982e-01	3.564539e-02	3.564539e-02
4.044311e+01	4.373448e+01	3.685462e-01	3.309642e-02	3.309642e-02
4.373448e+01	4.729371e+01	2.803438e-01	2.775817e-02	2.775817e-02
4.729371e+01	5.114260e+01	2.744955e-01	2.641334e-02	2.641334e-02
5.114260e+01	5.530472e+01	2.585384e-01	2.487375e-02	2.487375e-02
5.530472e+01	5.980556e+01	2.586426e-01	2.370974e-02	2.370974e-02
5.980556e+01	6.467270e+01	1.949596e-01	1.999819e-02	1.999819e-02
6.467270e+01	6.993594e+01	2.323291e-01	2.094573e-02	2.094573e-02
6.993594e+01	7.562751e+01	1.615633e-01	1.684032e-02	1.684032e-02
7.562751e+01	8.178228e+01	1.716560e-01	1.682070e-02	1.682070e-02
8.178228e+01	8.843794e+01	1.631469e-01	1.576176e-02	1.576176e-02
8.843794e+01	9.563525e+01	1.644606e-01	1.507403e-02	1.507403e-02
9.563525e+01	1.034183e+02	1.194045e-01	1.237892e-02	1.237892e-02
1.034183e+02	1.118348e+02	1.069309e-01	1.114831e-02	1.114831e-02
1.118348e+02	1.209362e+02	9.995893e-02	1.036526e-02	1.036526e-02
1.209362e+02	1.307783e+02	9.541800e-02	9.738559e-03	9.738559e-03
1.307783e+02	1.414214e+02	1.038621e-01	9.941952e-03	9.941952e-03
1.414214e+02	1.529306e+02	9.519619e-02	8.995198e-03	8.995198e-03
1.529306e+02	1.653765e+02	9.196161e-02	8.501851e-03	8.501851e-03
1.653765e+02	1.788353e+02	8.722115e-02	7.962165e-03	7.962165e-03
1.788353e+02	1.933894e+02	8.536213e-02	7.634073e-03	7.634073e-03
1.933894e+02	2.091279e+02	7.458729e-02	6.921406e-03	6.921406e-03
2.091279e+02	2.261473e+02	8.506763e-02	7.039605e-03	7.039605e-03
2.261473e+02	2.445518e+02	7.760249e-02	6.422427e-03	6.422427e-03
2.445518e+02	2.644540e+02	7.520334e-02	6.158793e-03	6.158793e-03
2.644540e+02	2.859760e+02	5.727098e-02	5.182460e-03	5.182460e-03
2.859760e+02	3.092495e+02	6.136744e-02	5.147909e-03	5.147909e-03
3.092495e+02	3.344170e+02	5.286226e-02	4.566110e-03	4.566110e-03
3.344170e+02	3.616328e+02	5.786977e-02	4.560775e-03	4.560775e-03
3.616328e+02	3.910634e+02	4.021916e-02	3.686382e-03	3.686382e-03
3.910634e+02	4.228892e+02	3.565541e-02	3.310522e-03	3.310522e-03
4.228892e+02	4.573051e+02	2.813992e-02	2.828169e-03	2.828169e-03
4.573051e+02	4.945218e+02	2.129090e-02	2.365655e-03	2.365655e-03
4.945218e+02	5.347672e+02	1.750101e-02	2.062514e-03	2.062514e-03
5.347672e+02	5.782880e+02	1.348656e-02	1.769888e-03	1.769888e-03
5.782880e+02	6.253506e+02	8.314400e-03	1.347087e-03	1.347087e-03
6.253506e+02	6.762433e+02	6.919806e-03	1.184904e-03	1.184904e-03
6.762433e+02	7.312778e+02	3.732769e-03	8.145571e-04	8.145571e-04
7.312778e+02	7.907911e+02	1.479365e-03	4.931216e-04	4.931216e-04
7.907911e+02	8.551478e+02	7.600166e-04	4.560100e-04	4.560100e-04
8.551478e+02	9.247420e+02	1.124511e-03	3.975747e-04	3.975747e-04
9.247420e+02	1.000000e+03	5.199411e-04	2.599706e-04	2.599706e-04
# END HISTO1D


# BEGIN HISTO1D //eos/home-y/yiyu/monobc/C1000.yoda.gz/JetMETAnalysis/cjet_pt
ErrorBars=1
LineColor=blue
LineStyle=dashed
Path=//eos/home-y/yiyu/monobc/C1000.yoda.gz/JetMETAnalysis/cjet_pt
ScaledBy=4.98836569259182364e-06
Title=C1000
# xlow	 xhigh	 val	 errminus	 errplus
2.000000e+01	2.162765e+01	0.000000e+00	0.000000e+00	0.000000e+00
2.162765e+01	2.338777e+01	0.000000e+00	0.000000e+00	0.000000e+00
2.338777e+01	2.529113e+01	1.254403e-02	2.615611e-03	2.615611e-03
2.529113e+01	2.734939e+01	7.464344e-02	6.258788e-03	6.258788e-03
2.734939e+01	2.957515e+01	7.369007e-02	6.009050e-03	6.009050e-03
2.957515e+01	3.198206e+01	6.641881e-02	5.455447e-03	5.455447e-03
3.198206e+01	3.458484e+01	5.583684e-02	4.852031e-03	4.852031e-03
3.458484e+01	3.739945e+01	5.421621e-02	4.562024e-03	4.562024e-03
3.739945e+01	4.044311e+01	5.013618e-02	4.163199e-03	4.163199e-03
4.044311e+01	4.373448e+01	3.248559e-02	3.382224e-03	3.382224e-03
4.373448e+01	4.729371e+01	3.704060e-02	3.388761e-03	3.388761e-03
4.729371e+01	5.114260e+01	2.966793e-02	2.879699e-03	2.879699e-03
5.114260e+01	5.530472e+01	2.543992e-02	2.686239e-03	2.686239e-03
5.530472e+01	5.980556e+01	2.813821e-02	2.609406e-03	2.609406e-03
5.980556e+01	6.467270e+01	2.623380e-02	2.384576e-03	2.384576e-03
6.467270e+01	6.993594e+01	1.735640e-02	1.871105e-03	1.871105e-03
6.993594e+01	7.562751e+01	1.513827e-02	1.661641e-03	1.661641e-03
7.562751e+01	8.178228e+01	1.214369e-02	1.545817e-03	1.545817e-03
8.178228e+01	8.843794e+01	1.653274e-02	1.635819e-03	1.635819e-03
8.843794e+01	9.563525e+01	1.283660e-02	1.420515e-03	1.420515e-03
9.563525e+01	1.034183e+02	1.013664e-02	1.192958e-03	1.192958e-03
1.034183e+02	1.118348e+02	9.620402e-03	1.103173e-03	1.103173e-03
1.118348e+02	1.209362e+02	9.238617e-03	1.051554e-03	1.051554e-03
1.209362e+02	1.307783e+02	8.543334e-03	9.837891e-04	9.837891e-04
1.307783e+02	1.414214e+02	9.948605e-03	1.004188e-03	1.004188e-03
1.414214e+02	1.529306e+02	9.199944e-03	9.286198e-04	9.286198e-04
1.529306e+02	1.653765e+02	6.672581e-03	7.552848e-04	7.552848e-04
1.653765e+02	1.788353e+02	7.713006e-03	7.789757e-04	7.789757e-04
1.788353e+02	1.933894e+02	7.631829e-03	7.648808e-04	7.648808e-04
1.933894e+02	2.091279e+02	6.661747e-03	6.758673e-04	6.758673e-04
2.091279e+02	2.261473e+02	6.892305e-03	6.653641e-04	6.653641e-04
2.261473e+02	2.445518e+02	7.050439e-03	6.553495e-04	6.553495e-04
2.445518e+02	2.644540e+02	6.311237e-03	5.924122e-04	5.924122e-04
2.644540e+02	2.859760e+02	6.270337e-03	5.583415e-04	5.583415e-04
2.859760e+02	3.092495e+02	5.397018e-03	4.946761e-04	4.946761e-04
3.092495e+02	3.344170e+02	7.135695e-03	5.549187e-04	5.549187e-04
3.344170e+02	3.616328e+02	5.645089e-03	4.763995e-04	4.763995e-04
3.616328e+02	3.910634e+02	5.643531e-03	4.598916e-04	4.598916e-04
3.910634e+02	4.228892e+02	6.001621e-03	4.543094e-04	4.543094e-04
4.228892e+02	4.573051e+02	5.368969e-03	4.113651e-04	4.113651e-04
4.573051e+02	4.945218e+02	4.992812e-03	3.934765e-04	3.934765e-04
4.945218e+02	5.347672e+02	4.720249e-03	3.546050e-04	3.546050e-04
5.347672e+02	5.782880e+02	4.031066e-03	3.173364e-04	3.173364e-04
5.782880e+02	6.253506e+02	3.352724e-03	2.858965e-04	2.858965e-04
6.253506e+02	6.762433e+02	3.508352e-03	2.736597e-04	2.736597e-04
6.762433e+02	7.312778e+02	2.414376e-03	2.150636e-04	2.150636e-04
7.312778e+02	7.907911e+02	2.128022e-03	2.019150e-04	2.019150e-04
7.907911e+02	8.551478e+02	1.483967e-03	1.629058e-04	1.629058e-04
8.551478e+02	9.247420e+02	9.695505e-04	1.220940e-04	1.220940e-04
9.247420e+02	1.000000e+03	7.034734e-04	1.022960e-04	1.022960e-04
# END HISTO1D


# BEGIN HISTO1D //eos/home-y/yiyu/monobc/C1500.yoda.gz/JetMETAnalysis/cjet_pt
ErrorBars=1
LineColor=green
LineStyle=dashed
Path=//eos/home-y/yiyu/monobc/C1500.yoda.gz/JetMETAnalysis/cjet_pt
ScaledBy=4.29919801299068407e-06
Title=C1500
# xlow	 xhigh	 val	 errminus	 errplus
2.000000e+01	2.162765e+01	0.000000e+00	0.000000e+00	0.000000e+00
2.162765e+01	2.338777e+01	0.000000e+00	0.000000e+00	0.000000e+00
2.338777e+01	2.529113e+01	9.840293e-04	2.247256e-04	2.247256e-04
2.529113e+01	2.734939e+01	5.156516e-03	5.253735e-04	5.253735e-04
2.734939e+01	2.957515e+01	4.407822e-03	4.707289e-04	4.707289e-04
2.957515e+01	3.198206e+01	4.483687e-03	4.337207e-04	4.337207e-04
3.198206e+01	3.458484e+01	4.591737e-03	4.196796e-04	4.196796e-04
3.458484e+01	3.739945e+01	3.739154e-03	3.668123e-04	3.668123e-04
3.739945e+01	4.044311e+01	3.252644e-03	3.404712e-04	3.404712e-04
4.044311e+01	4.373448e+01	2.357502e-03	2.956013e-04	2.956013e-04
4.373448e+01	4.729371e+01	2.155024e-03	2.604147e-04	2.604147e-04
4.729371e+01	5.114260e+01	1.645252e-03	2.234681e-04	2.234681e-04
5.114260e+01	5.530472e+01	1.885722e-03	2.164189e-04	2.164189e-04
5.530472e+01	5.980556e+01	1.882520e-03	2.143428e-04	2.143428e-04
5.980556e+01	6.467270e+01	1.667544e-03	1.982114e-04	1.982114e-04
6.467270e+01	6.993594e+01	1.508157e-03	1.736405e-04	1.736405e-04
6.993594e+01	7.562751e+01	1.237954e-03	1.527353e-04	1.527353e-04
7.562751e+01	8.178228e+01	1.144788e-03	1.427196e-04	1.427196e-04
8.178228e+01	8.843794e+01	1.058633e-03	1.319789e-04	1.319789e-04
8.843794e+01	9.563525e+01	9.665715e-04	1.175603e-04	1.175603e-04
9.563525e+01	1.034183e+02	7.677761e-04	1.116919e-04	1.116919e-04
1.034183e+02	1.118348e+02	7.629756e-04	1.005309e-04	1.005309e-04
1.118348e+02	1.209362e+02	9.113483e-04	9.848319e-05	9.848319e-05
1.209362e+02	1.307783e+02	5.346553e-04	7.635738e-05	7.635738e-05
1.307783e+02	1.414214e+02	6.787760e-04	7.905630e-05	7.905630e-05
1.414214e+02	1.529306e+02	4.339628e-04	6.666231e-05	6.666231e-05
1.529306e+02	1.653765e+02	5.159598e-04	6.722405e-05	6.722405e-05
1.653765e+02	1.788353e+02	4.439950e-04	5.964112e-05	5.964112e-05
1.788353e+02	1.933894e+02	5.086305e-04	6.035457e-05	6.035457e-05
1.933894e+02	2.091279e+02	5.100219e-04	5.834441e-05	5.834441e-05
2.091279e+02	2.261473e+02	3.773097e-04	4.915942e-05	4.915942e-05
2.261473e+02	2.445518e+02	3.392217e-04	4.545974e-05	4.545974e-05
2.445518e+02	2.644540e+02	3.450637e-04	4.131597e-05	4.131597e-05
2.644540e+02	2.859760e+02	3.563900e-04	4.226138e-05	4.226138e-05
2.859760e+02	3.092495e+02	3.219046e-04	3.832198e-05	3.832198e-05
3.092495e+02	3.344170e+02	3.012232e-04	3.665738e-05	3.665738e-05
3.344170e+02	3.616328e+02	3.801424e-04	3.905106e-05	3.905106e-05
3.616328e+02	3.910634e+02	3.333521e-04	3.585704e-05	3.585704e-05
3.910634e+02	4.228892e+02	4.007434e-04	3.555848e-05	3.555848e-05
4.228892e+02	4.573051e+02	3.394858e-04	3.348951e-05	3.348951e-05
4.573051e+02	4.945218e+02	3.906244e-04	3.363605e-05	3.363605e-05
4.945218e+02	5.347672e+02	3.833889e-04	3.234321e-05	3.234321e-05
5.347672e+02	5.782880e+02	3.524855e-04	3.039654e-05	3.039654e-05
5.782880e+02	6.253506e+02	3.411193e-04	2.823646e-05	2.823646e-05
6.253506e+02	6.762433e+02	3.329721e-04	2.587512e-05	2.587512e-05
6.762433e+02	7.312778e+02	2.771218e-04	2.331631e-05	2.331631e-05
7.312778e+02	7.907911e+02	2.847406e-04	2.282651e-05	2.282651e-05
7.907911e+02	8.551478e+02	2.702405e-04	2.169196e-05	2.169196e-05
8.551478e+02	9.247420e+02	2.396504e-04	1.981233e-05	1.981233e-05
9.247420e+02	1.000000e+03	1.742104e-04	1.611917e-05	1.611917e-05
# END HISTO1D


# BEGIN HISTO1D //eos/home-y/yiyu/monobc/C2000.yoda.gz/JetMETAnalysis/cjet_pt
ErrorBars=1
LineColor=orange
LineStyle=dashed
Path=//eos/home-y/yiyu/monobc/C2000.yoda.gz/JetMETAnalysis/cjet_pt
ScaledBy=3.73896889920239138e-06
Title=C2000
# xlow	 xhigh	 val	 errminus	 errplus
2.000000e+01	2.162765e+01	0.000000e+00	0.000000e+00	0.000000e+00
2.162765e+01	2.338777e+01	0.000000e+00	0.000000e+00	0.000000e+00
2.338777e+01	2.529113e+01	5.517033e-05	2.405341e-05	2.405341e-05
2.529113e+01	2.734939e+01	3.432141e-04	5.755642e-05	5.755642e-05
2.734939e+01	2.957515e+01	3.345415e-04	5.182409e-05	5.182409e-05
2.957515e+01	3.198206e+01	3.014307e-04	4.726265e-05	4.726265e-05
3.198206e+01	3.458484e+01	2.347341e-04	4.610253e-05	4.610253e-05
3.458484e+01	3.739945e+01	2.408096e-04	3.699891e-05	3.699891e-05
3.739945e+01	4.044311e+01	1.975960e-04	3.478486e-05	3.478486e-05
4.044311e+01	4.373448e+01	2.146291e-04	3.203589e-05	3.203589e-05
4.373448e+01	4.729371e+01	1.501985e-04	2.962494e-05	2.962494e-05
4.729371e+01	5.114260e+01	1.463357e-04	2.903076e-05	2.903076e-05
5.114260e+01	5.530472e+01	1.307356e-04	2.543734e-05	2.543734e-05
5.530472e+01	5.980556e+01	1.251388e-04	2.234609e-05	2.234609e-05
5.980556e+01	6.467270e+01	1.019913e-04	2.019356e-05	2.019356e-05
6.467270e+01	6.993594e+01	8.524686e-05	1.893624e-05	1.893624e-05
6.993594e+01	7.562751e+01	9.728135e-05	1.693954e-05	1.693954e-05
7.562751e+01	8.178228e+01	8.996008e-05	1.641462e-05	1.641462e-05
8.178228e+01	8.843794e+01	8.462420e-05	1.397991e-05	1.397991e-05
8.843794e+01	9.563525e+01	5.968648e-05	1.265273e-05	1.265273e-05
9.563525e+01	1.034183e+02	8.095204e-05	1.189181e-05	1.189181e-05
1.034183e+02	1.118348e+02	6.918819e-05	1.139890e-05	1.139890e-05
1.118348e+02	1.209362e+02	5.454172e-05	9.143917e-06	9.143917e-06
1.209362e+02	1.307783e+02	4.461735e-05	8.889668e-06	8.889668e-06
1.307783e+02	1.414214e+02	3.856861e-05	8.366141e-06	8.366141e-06
1.414214e+02	1.529306e+02	3.566621e-05	7.465021e-06	7.465021e-06
1.529306e+02	1.653765e+02	3.221489e-05	7.113062e-06	7.113062e-06
1.653765e+02	1.788353e+02	3.049972e-05	6.461992e-06	6.461992e-06
1.788353e+02	1.933894e+02	2.689257e-05	5.975681e-06	5.975681e-06
1.933894e+02	2.091279e+02	3.760642e-05	6.004591e-06	6.004591e-06
2.091279e+02	2.261473e+02	2.692345e-05	5.140781e-06	5.140781e-06
2.261473e+02	2.445518e+02	1.659815e-05	4.696957e-06	4.696957e-06
2.445518e+02	2.644540e+02	2.254398e-05	4.422237e-06	4.422237e-06
2.644540e+02	2.859760e+02	2.084726e-05	4.368546e-06	4.368546e-06
2.859760e+02	3.092495e+02	1.886817e-05	3.976820e-06	3.976820e-06
3.092495e+02	3.344170e+02	2.048271e-05	3.905229e-06	3.905229e-06
3.344170e+02	3.616328e+02	2.315030e-05	3.611316e-06	3.611316e-06
3.616328e+02	3.910634e+02	2.075939e-05	3.307891e-06	3.307891e-06
3.910634e+02	4.228892e+02	1.289801e-05	3.353586e-06	3.353586e-06
4.228892e+02	4.573051e+02	1.470112e-05	3.125910e-06	3.125910e-06
4.573051e+02	4.945218e+02	1.539030e-05	3.078060e-06	3.078060e-06
4.945218e+02	5.347672e+02	1.850172e-05	3.056128e-06	3.056128e-06
5.347672e+02	5.782880e+02	2.061886e-05	2.757182e-06	2.757182e-06
5.782880e+02	6.253506e+02	1.967567e-05	2.667969e-06	2.667969e-06
6.253506e+02	6.762433e+02	1.857006e-05	2.698754e-06	2.698754e-06
6.762433e+02	7.312778e+02	1.699905e-05	2.537497e-06	2.537497e-06
7.312778e+02	7.907911e+02	1.491773e-05	2.362923e-06	2.362923e-06
7.907911e+02	8.551478e+02	1.958006e-05	2.210123e-06	2.210123e-06
8.551478e+02	9.247420e+02	1.975255e-05	2.151435e-06	2.151435e-06
9.247420e+02	1.000000e+03	1.585591e-05	1.969199e-06	1.969199e-06
# END HISTO1D


# BEGIN HISTO1D //eos/home-y/yiyu/monobc/C2600.yoda.gz/JetMETAnalysis/cjet_pt
ErrorBars=1
LineColor=lilac
LineStyle=dashed
Path=//eos/home-y/yiyu/monobc/C2600.yoda.gz/JetMETAnalysis/cjet_pt
ScaledBy=3.48760473830657204e-06
Title=C2600
# xlow	 xhigh	 val	 errminus	 errplus
2.000000e+01	2.162765e+01	0.000000e+00	0.000000e+00	0.000000e+00
2.162765e+01	2.338777e+01	0.000000e+00	0.000000e+00	0.000000e+00
2.338777e+01	2.529113e+01	3.996698e-06	2.354115e-06	2.354115e-06
2.529113e+01	2.734939e+01	1.583964e-05	6.552158e-06	6.552158e-06
2.734939e+01	2.957515e+01	1.611238e-05	5.502344e-06	5.502344e-06
2.957515e+01	3.198206e+01	1.444822e-05	5.304006e-06	5.304006e-06
3.198206e+01	3.458484e+01	2.588681e-05	5.443913e-06	5.443913e-06
3.458484e+01	3.739945e+01	2.278023e-05	4.713018e-06	4.713018e-06
3.739945e+01	4.044311e+01	9.640328e-06	4.179154e-06	4.179154e-06
4.044311e+01	4.373448e+01	1.320710e-05	3.735532e-06	3.735532e-06
4.373448e+01	4.729371e+01	1.068652e-05	3.413683e-06	3.413683e-06
4.729371e+01	5.114260e+01	1.298813e-05	3.041009e-06	3.041009e-06
5.114260e+01	5.530472e+01	9.138557e-06	2.775549e-06	2.775549e-06
5.530472e+01	5.980556e+01	7.002106e-06	2.497598e-06	2.497598e-06
5.980556e+01	6.467270e+01	6.475129e-06	2.415145e-06	2.415145e-06
6.467270e+01	6.993594e+01	3.923057e-06	1.991189e-06	1.991189e-06
6.993594e+01	7.562751e+01	1.527503e-06	1.909379e-06	1.909379e-06
7.562751e+01	8.178228e+01	4.943909e-06	1.711892e-06	1.711892e-06
8.178228e+01	8.843794e+01	2.939041e-06	1.549010e-06	1.549010e-06
8.843794e+01	9.563525e+01	1.962896e-06	1.456114e-06	1.456114e-06
9.563525e+01	1.034183e+02	1.535915e-06	1.346529e-06	1.346529e-06
1.034183e+02	1.118348e+02	2.711514e-06	1.258504e-06	1.258504e-06
1.118348e+02	1.209362e+02	0.000000e+00	-nan	-nan
1.209362e+02	1.307783e+02	2.208343e-06	9.876008e-07	9.876008e-07
1.307783e+02	1.414214e+02	2.042143e-06	8.419970e-07	8.419970e-07
1.414214e+02	1.529306e+02	1.416350e-06	8.177296e-07	8.177296e-07
1.529306e+02	1.653765e+02	2.095603e-06	7.612104e-07	7.612104e-07
1.653765e+02	1.788353e+02	1.291926e-06	6.755646e-07	6.755646e-07
1.788353e+02	1.933894e+02	1.642712e-06	6.247236e-07	6.247236e-07
1.933894e+02	2.091279e+02	7.595451e-07	6.214460e-07	6.214460e-07
2.091279e+02	2.261473e+02	3.192640e-07	4.820781e-07	4.820781e-07
2.261473e+02	2.445518e+02	1.121899e-06	5.045005e-07	5.045005e-07
2.445518e+02	2.644540e+02	1.638115e-07	4.728831e-07	4.728831e-07
2.644540e+02	2.859760e+02	1.060378e-06	4.372927e-07	4.372927e-07
2.859760e+02	3.092495e+02	2.334708e-07	3.934519e-07	3.934519e-07
3.092495e+02	3.344170e+02	-4.749816e-07	3.933899e-07	3.933899e-07
3.344170e+02	3.616328e+02	1.597214e-07	3.526553e-07	3.526553e-07
3.616328e+02	3.910634e+02	2.954031e-07	3.384268e-07	3.384268e-07
3.910634e+02	4.228892e+02	1.024392e-07	2.836413e-07	2.836413e-07
4.228892e+02	4.573051e+02	2.841892e-07	3.266307e-07	3.266307e-07
4.573051e+02	4.945218e+02	1.752014e-07	2.831068e-07	2.831068e-07
4.945218e+02	5.347672e+02	4.860496e-07	2.673136e-07	2.673136e-07
5.347672e+02	5.782880e+02	2.746756e-07	2.558716e-07	2.558716e-07
5.782880e+02	6.253506e+02	-1.847304e-07	2.443753e-07	2.443753e-07
6.253506e+02	6.762433e+02	2.562419e-07	2.299840e-07	2.299840e-07
6.762433e+02	7.312778e+02	1.579717e-07	2.163116e-07	2.163116e-07
7.312778e+02	7.907911e+02	3.652079e-07	2.352687e-07	2.352687e-07
7.907911e+02	8.551478e+02	2.195198e-07	2.233827e-07	2.233827e-07
8.551478e+02	9.247420e+02	4.216139e-07	2.123915e-07	2.123915e-07
9.247420e+02	1.000000e+03	6.064861e-07	2.112411e-07	2.112411e-07
# END HISTO1D


# BEGIN HISTO1D //eos/home-y/yiyu/monobc/D600.yoda.gz/JetMETAnalysis/cjet_pt
ErrorBars=1
LineColor=red
LineStyle=dashdotted
Path=//eos/home-y/yiyu/monobc/D600.yoda.gz/JetMETAnalysis/cjet_pt
ScaledBy=6.26160614830790851e-06
Title=D600
# xlow	 xhigh	 val	 errminus	 errplus
2.000000e+01	2.162765e+01	0.000000e+00	0.000000e+00	0.000000e+00
2.162765e+01	2.338777e+01	0.000000e+00	0.000000e+00	0.000000e+00
2.338777e+01	2.529113e+01	1.822600e-01	3.125733e-02	3.125733e-02
2.529113e+01	2.734939e+01	8.922891e-01	6.832977e-02	6.832977e-02
2.734939e+01	2.957515e+01	9.259902e-01	6.579436e-02	6.579436e-02
2.957515e+01	3.198206e+01	6.867340e-01	5.461695e-02	5.461695e-02
3.198206e+01	3.458484e+01	6.468146e-01	5.065871e-02	5.065871e-02
3.458484e+01	3.739945e+01	5.945097e-01	4.698614e-02	4.698614e-02
3.739945e+01	4.044311e+01	5.899972e-01	4.447270e-02	4.447270e-02
4.044311e+01	4.373448e+01	5.331938e-01	4.112566e-02	4.112566e-02
4.373448e+01	4.729371e+01	4.185335e-01	3.510936e-02	3.510936e-02
4.729371e+01	5.114260e+01	4.321012e-01	3.446206e-02	3.446206e-02
5.114260e+01	5.530472e+01	3.971310e-01	3.158441e-02	3.158441e-02
5.530472e+01	5.980556e+01	3.377738e-01	2.785661e-02	2.785661e-02
5.980556e+01	6.467270e+01	2.641375e-01	2.353124e-02	2.353124e-02
6.467270e+01	6.993594e+01	2.927231e-01	2.413493e-02	2.413493e-02
6.993594e+01	7.562751e+01	2.115355e-01	1.947342e-02	1.947342e-02
7.562751e+01	8.178228e+01	2.005890e-01	1.853432e-02	1.853432e-02
8.178228e+01	8.843794e+01	1.946910e-01	1.727604e-02	1.727604e-02
8.843794e+01	9.563525e+01	1.970507e-01	1.671362e-02	1.671362e-02
9.563525e+01	1.034183e+02	1.350270e-01	1.356049e-02	1.356049e-02
1.034183e+02	1.118348e+02	1.672942e-01	1.434386e-02	1.434386e-02
1.118348e+02	1.209362e+02	1.345260e-01	1.238241e-02	1.238241e-02
1.209362e+02	1.307783e+02	1.389154e-01	1.208969e-02	1.208969e-02
1.307783e+02	1.414214e+02	1.437992e-01	1.189667e-02	1.189667e-02
1.414214e+02	1.529306e+02	1.276587e-01	1.063823e-02	1.063823e-02
1.529306e+02	1.653765e+02	1.385459e-01	1.072025e-02	1.072025e-02
1.653765e+02	1.788353e+02	1.205380e-01	9.678783e-03	9.678783e-03
1.788353e+02	1.933894e+02	1.142709e-01	8.950386e-03	8.950386e-03
1.933894e+02	2.091279e+02	9.076075e-02	7.725278e-03	7.725278e-03
2.091279e+02	2.261473e+02	1.091090e-01	8.176088e-03	8.176088e-03
2.261473e+02	2.445518e+02	1.014519e-01	7.499544e-03	7.499544e-03
2.445518e+02	2.644540e+02	8.869075e-02	6.743033e-03	6.743033e-03
2.644540e+02	2.859760e+02	8.391200e-02	6.307211e-03	6.307211e-03
2.859760e+02	3.092495e+02	7.935059e-02	5.898083e-03	5.898083e-03
3.092495e+02	3.344170e+02	6.446000e-02	5.112012e-03	5.112012e-03
3.344170e+02	3.616328e+02	6.298275e-02	4.945235e-03	4.945235e-03
3.616328e+02	3.910634e+02	5.546951e-02	4.385248e-03	4.385248e-03
3.910634e+02	4.228892e+02	5.033309e-02	4.042524e-03	4.042524e-03
4.228892e+02	4.573051e+02	3.053594e-02	3.037868e-03	3.037868e-03
4.573051e+02	4.945218e+02	2.577053e-02	2.686155e-03	2.686155e-03
4.945218e+02	5.347672e+02	1.850717e-02	2.166100e-03	2.166100e-03
5.347672e+02	5.782880e+02	1.523877e-02	1.890136e-03	1.890136e-03
5.782880e+02	6.253506e+02	7.154369e-03	1.245416e-03	1.245416e-03
6.253506e+02	6.762433e+02	5.012078e-03	1.002416e-03	1.002416e-03
6.762433e+02	7.312778e+02	4.078692e-03	9.082470e-04	9.082470e-04
7.312778e+02	7.907911e+02	2.571642e-03	6.639951e-04	6.639951e-04
7.907911e+02	8.551478e+02	1.426862e-03	5.258186e-04	5.258186e-04
8.551478e+02	9.247420e+02	4.398266e-04	2.539341e-04	2.539341e-04
9.247420e+02	1.000000e+03	1.084603e-03	3.834649e-04	3.834649e-04
# END HISTO1D


# BEGIN HISTO1D //eos/home-y/yiyu/monobc/D1000.yoda.gz/JetMETAnalysis/cjet_pt
ErrorBars=1
LineColor=blue
LineStyle=dashdotted
Path=//eos/home-y/yiyu/monobc/D1000.yoda.gz/JetMETAnalysis/cjet_pt
ScaledBy=5.55495214013862181e-06
Title=D1000
# xlow	 xhigh	 val	 errminus	 errplus
2.000000e+01	2.162765e+01	0.000000e+00	0.000000e+00	0.000000e+00
2.162765e+01	2.338777e+01	0.000000e+00	0.000000e+00	0.000000e+00
2.338777e+01	2.529113e+01	2.414588e-02	3.912081e-03	3.912081e-03
2.529113e+01	2.734939e+01	1.032703e-01	7.874634e-03	7.874634e-03
2.734939e+01	2.957515e+01	9.807976e-02	7.336711e-03	7.336711e-03
2.957515e+01	3.198206e+01	7.637726e-02	6.260492e-03	6.260492e-03
3.198206e+01	3.458484e+01	7.592678e-02	5.922470e-03	5.922470e-03
3.458484e+01	3.739945e+01	6.653856e-02	5.338066e-03	5.338066e-03
3.739945e+01	4.044311e+01	6.115374e-02	4.921896e-03	4.921896e-03
4.044311e+01	4.373448e+01	5.969302e-02	4.670398e-03	4.670398e-03
4.373448e+01	4.729371e+01	4.777601e-02	4.005976e-03	4.005976e-03
4.729371e+01	5.114260e+01	5.044932e-02	3.993881e-03	3.993881e-03
5.114260e+01	5.530472e+01	4.223581e-02	3.436808e-03	3.436808e-03
5.530472e+01	5.980556e+01	3.190953e-02	2.987933e-03	2.987933e-03
5.980556e+01	6.467270e+01	3.234080e-02	2.862127e-03	2.862127e-03
6.467270e+01	6.993594e+01	2.903371e-02	2.592152e-03	2.592152e-03
6.993594e+01	7.562751e+01	2.604125e-02	2.397075e-03	2.397075e-03
7.562751e+01	8.178228e+01	1.810773e-02	1.876087e-03	1.876087e-03
8.178228e+01	8.843794e+01	2.244173e-02	1.998321e-03	1.998321e-03
8.843794e+01	9.563525e+01	1.899682e-02	1.784797e-03	1.784797e-03
9.563525e+01	1.034183e+02	1.874813e-02	1.676676e-03	1.676676e-03
1.034183e+02	1.118348e+02	1.556243e-02	1.457555e-03	1.457555e-03
1.118348e+02	1.209362e+02	1.577996e-02	1.444879e-03	1.444879e-03
1.209362e+02	1.307783e+02	1.330826e-02	1.268111e-03	1.268111e-03
1.307783e+02	1.414214e+02	1.090328e-02	1.127065e-03	1.127065e-03
1.414214e+02	1.529306e+02	1.277818e-02	1.146954e-03	1.146954e-03
1.529306e+02	1.653765e+02	1.015478e-02	9.769827e-04	9.769827e-04
1.653765e+02	1.788353e+02	1.007348e-02	9.273395e-04	9.273395e-04
1.788353e+02	1.933894e+02	1.049954e-02	9.307353e-04	9.307353e-04
1.933894e+02	2.091279e+02	1.036643e-02	8.941006e-04	8.941006e-04
2.091279e+02	2.261473e+02	9.046165e-03	8.044592e-04	8.044592e-04
2.261473e+02	2.445518e+02	1.098735e-02	8.559709e-04	8.559709e-04
2.445518e+02	2.644540e+02	8.486338e-03	6.999414e-04	6.999414e-04
2.644540e+02	2.859760e+02	8.167944e-03	6.857463e-04	6.857463e-04
2.859760e+02	3.092495e+02	8.195029e-03	6.549358e-04	6.549358e-04
3.092495e+02	3.344170e+02	8.856573e-03	6.456230e-04	6.456230e-04
3.344170e+02	3.616328e+02	7.387900e-03	5.742074e-04	5.742074e-04
3.616328e+02	3.910634e+02	7.768873e-03	5.643884e-04	5.643884e-04
3.910634e+02	4.228892e+02	6.750972e-03	4.989321e-04	4.989321e-04
4.228892e+02	4.573051e+02	6.643517e-03	4.826342e-04	4.826342e-04
4.573051e+02	4.945218e+02	7.378432e-03	4.891061e-04	4.891061e-04
4.945218e+02	5.347672e+02	6.109444e-03	4.176329e-04	4.176329e-04
5.347672e+02	5.782880e+02	5.623242e-03	3.977591e-04	3.977591e-04
5.782880e+02	6.253506e+02	4.907092e-03	3.546251e-04	3.546251e-04
6.253506e+02	6.762433e+02	4.131424e-03	3.120077e-04	3.120077e-04
6.762433e+02	7.312778e+02	3.695237e-03	2.870120e-04	2.870120e-04
7.312778e+02	7.907911e+02	3.031027e-03	2.509767e-04	2.509767e-04
7.907911e+02	8.551478e+02	2.106649e-03	2.051149e-04	2.051149e-04
8.551478e+02	9.247420e+02	1.271223e-03	1.522090e-04	1.522090e-04
9.247420e+02	1.000000e+03	9.160152e-04	1.202118e-04	1.202118e-04
# END HISTO1D


# BEGIN HISTO1D //eos/home-y/yiyu/monobc/D1500.yoda.gz/JetMETAnalysis/cjet_pt
ErrorBars=1
LineColor=green
LineStyle=dashdotted
Path=//eos/home-y/yiyu/monobc/D1500.yoda.gz/JetMETAnalysis/cjet_pt
ScaledBy=5.09488537008347615e-06
Title=D1500
# xlow	 xhigh	 val	 errminus	 errplus
2.000000e+01	2.162765e+01	0.000000e+00	0.000000e+00	0.000000e+00
2.162765e+01	2.338777e+01	0.000000e+00	0.000000e+00	0.000000e+00
2.338777e+01	2.529113e+01	1.051995e-03	2.877014e-04	2.877014e-04
2.529113e+01	2.734939e+01	7.424184e-03	7.113109e-04	7.113109e-04
2.734939e+01	2.957515e+01	6.249951e-03	5.875746e-04	5.875746e-04
2.957515e+01	3.198206e+01	6.217412e-03	6.003439e-04	6.003439e-04
3.198206e+01	3.458484e+01	5.182670e-03	5.216722e-04	5.216722e-04
3.458484e+01	3.739945e+01	4.455637e-03	4.600990e-04	4.600990e-04
3.739945e+01	4.044311e+01	5.089816e-03	4.810205e-04	4.810205e-04
4.044311e+01	4.373448e+01	4.162437e-03	4.150104e-04	4.150104e-04
4.373448e+01	4.729371e+01	3.938009e-03	3.710008e-04	3.710008e-04
4.729371e+01	5.114260e+01	3.422595e-03	3.580499e-04	3.580499e-04
5.114260e+01	5.530472e+01	2.835858e-03	2.952812e-04	2.952812e-04
5.530472e+01	5.980556e+01	3.301464e-03	3.043903e-04	3.043903e-04
5.980556e+01	6.467270e+01	2.814819e-03	2.634135e-04	2.634135e-04
6.467270e+01	6.993594e+01	2.362706e-03	2.402753e-04	2.402753e-04
6.993594e+01	7.562751e+01	2.295994e-03	2.206445e-04	2.206445e-04
7.562751e+01	8.178228e+01	1.746502e-03	1.937199e-04	1.937199e-04
8.178228e+01	8.843794e+01	1.520061e-03	1.705371e-04	1.705371e-04
8.843794e+01	9.563525e+01	1.317812e-03	1.549601e-04	1.549601e-04
9.563525e+01	1.034183e+02	1.692549e-03	1.630479e-04	1.630479e-04
1.034183e+02	1.118348e+02	1.239609e-03	1.377343e-04	1.377343e-04
1.118348e+02	1.209362e+02	1.308433e-03	1.384653e-04	1.384653e-04
1.209362e+02	1.307783e+02	1.017225e-03	1.197149e-04	1.197149e-04
1.307783e+02	1.414214e+02	1.108998e-03	1.171593e-04	1.171593e-04
1.414214e+02	1.529306e+02	8.424104e-04	9.861997e-05	9.861997e-05
1.529306e+02	1.653765e+02	8.044119e-04	9.390902e-05	9.390902e-05
1.653765e+02	1.788353e+02	6.812303e-04	8.541775e-05	8.541775e-05
1.788353e+02	1.933894e+02	7.096131e-04	8.063183e-05	8.063183e-05
1.933894e+02	2.091279e+02	5.022026e-04	7.117983e-05	7.117983e-05
2.091279e+02	2.261473e+02	5.449033e-04	6.669078e-05	6.669078e-05
2.261473e+02	2.445518e+02	5.668815e-04	6.193696e-05	6.193696e-05
2.445518e+02	2.644540e+02	4.818605e-04	5.628844e-05	5.628844e-05
2.644540e+02	2.859760e+02	5.239406e-04	5.731372e-05	5.731372e-05
2.859760e+02	3.092495e+02	5.116794e-04	5.338593e-05	5.338593e-05
3.092495e+02	3.344170e+02	4.271112e-04	4.810918e-05	4.810918e-05
3.344170e+02	3.616328e+02	5.072609e-04	4.973955e-05	4.973955e-05
3.616328e+02	3.910634e+02	5.442838e-04	4.883581e-05	4.883581e-05
3.910634e+02	4.228892e+02	4.801419e-04	4.355366e-05	4.355366e-05
4.228892e+02	4.573051e+02	4.623799e-04	4.209716e-05	4.209716e-05
4.573051e+02	4.945218e+02	5.068695e-04	4.228590e-05	4.228590e-05
4.945218e+02	5.347672e+02	4.373017e-04	3.803698e-05	3.803698e-05
5.347672e+02	5.782880e+02	4.600846e-04	3.766967e-05	3.766967e-05
5.782880e+02	6.253506e+02	4.702452e-04	3.652128e-05	3.652128e-05
6.253506e+02	6.762433e+02	4.721286e-04	3.440171e-05	3.440171e-05
6.762433e+02	7.312778e+02	3.963843e-04	3.009501e-05	3.009501e-05
7.312778e+02	7.907911e+02	3.470749e-04	2.788643e-05	2.788643e-05
7.907911e+02	8.551478e+02	3.455172e-04	2.583967e-05	2.583967e-05
8.551478e+02	9.247420e+02	2.983144e-04	2.370233e-05	2.370233e-05
9.247420e+02	1.000000e+03	2.688620e-04	2.077015e-05	2.077015e-05
# END HISTO1D


# BEGIN HISTO1D //eos/home-y/yiyu/monobc/D2000.yoda.gz/JetMETAnalysis/cjet_pt
ErrorBars=1
LineColor=orange
LineStyle=dashdotted
Path=//eos/home-y/yiyu/monobc/D2000.yoda.gz/JetMETAnalysis/cjet_pt
ScaledBy=4.61553418144346189e-06
Title=D2000
# xlow	 xhigh	 val	 errminus	 errplus
2.000000e+01	2.162765e+01	0.000000e+00	0.000000e+00	0.000000e+00
2.162765e+01	2.338777e+01	0.000000e+00	0.000000e+00	0.000000e+00
2.338777e+01	2.529113e+01	9.276301e-05	2.695631e-05	2.695631e-05
2.529113e+01	2.734939e+01	5.204100e-04	7.434428e-05	7.434428e-05
2.734939e+01	2.957515e+01	5.235538e-04	7.384880e-05	7.384880e-05
2.957515e+01	3.198206e+01	5.868483e-04	6.916073e-05	6.916073e-05
3.198206e+01	3.458484e+01	3.753575e-04	5.773788e-05	5.773788e-05
3.458484e+01	3.739945e+01	3.429257e-04	5.189752e-05	5.189752e-05
3.739945e+01	4.044311e+01	3.557920e-04	4.861126e-05	4.861126e-05
4.044311e+01	4.373448e+01	3.004049e-04	4.551822e-05	4.551822e-05
4.373448e+01	4.729371e+01	2.414189e-04	4.036840e-05	4.036840e-05
4.729371e+01	5.114260e+01	2.844147e-04	3.807455e-05	3.807455e-05
5.114260e+01	5.530472e+01	2.658383e-04	3.643711e-05	3.643711e-05
5.530472e+01	5.980556e+01	1.804513e-04	3.255943e-05	3.255943e-05
5.980556e+01	6.467270e+01	1.910547e-04	3.030264e-05	3.030264e-05
6.467270e+01	6.993594e+01	1.677307e-04	2.655589e-05	2.655589e-05
6.993594e+01	7.562751e+01	1.385630e-04	2.293638e-05	2.293638e-05
7.562751e+01	8.178228e+01	1.396097e-04	2.270922e-05	2.270922e-05
8.178228e+01	8.843794e+01	8.842669e-05	1.921119e-05	1.921119e-05
8.843794e+01	9.563525e+01	1.226579e-04	1.928154e-05	1.928154e-05
9.563525e+01	1.034183e+02	8.166734e-05	1.670454e-05	1.670454e-05
1.034183e+02	1.118348e+02	7.691936e-05	1.512746e-05	1.512746e-05
1.118348e+02	1.209362e+02	8.277063e-05	1.440148e-05	1.440148e-05
1.209362e+02	1.307783e+02	9.448085e-05	1.368839e-05	1.368839e-05
1.307783e+02	1.414214e+02	5.750951e-05	1.180834e-05	1.180834e-05
1.414214e+02	1.529306e+02	6.238629e-05	1.179465e-05	1.179465e-05
1.529306e+02	1.653765e+02	5.863675e-05	1.018608e-05	1.018608e-05
1.653765e+02	1.788353e+02	5.509836e-05	9.214244e-06	9.214244e-06
1.788353e+02	1.933894e+02	3.235036e-05	8.326683e-06	8.326683e-06
1.933894e+02	2.091279e+02	4.936113e-05	8.395111e-06	8.395111e-06
2.091279e+02	2.261473e+02	5.256223e-05	7.448850e-06	7.448850e-06
2.261473e+02	2.445518e+02	3.261750e-05	6.363530e-06	6.363530e-06
2.445518e+02	2.644540e+02	4.021724e-05	6.202970e-06	6.202970e-06
2.644540e+02	2.859760e+02	3.172122e-05	5.890482e-06	5.890482e-06
2.859760e+02	3.092495e+02	3.236851e-05	5.400018e-06	5.400018e-06
3.092495e+02	3.344170e+02	3.601266e-05	5.592840e-06	5.592840e-06
3.344170e+02	3.616328e+02	3.157230e-05	5.135621e-06	5.135621e-06
3.616328e+02	3.910634e+02	2.479688e-05	4.560128e-06	4.560128e-06
3.910634e+02	4.228892e+02	3.069752e-05	4.484188e-06	4.484188e-06
4.228892e+02	4.573051e+02	2.530912e-05	4.379931e-06	4.379931e-06
4.573051e+02	4.945218e+02	2.277189e-05	4.266800e-06	4.266800e-06
4.945218e+02	5.347672e+02	2.105818e-05	3.745503e-06	3.745503e-06
5.347672e+02	5.782880e+02	2.948046e-05	3.815348e-06	3.815348e-06
5.782880e+02	6.253506e+02	2.801216e-05	3.874665e-06	3.874665e-06
6.253506e+02	6.762433e+02	3.052972e-05	3.772157e-06	3.772157e-06
6.762433e+02	7.312778e+02	1.903530e-05	3.388491e-06	3.388491e-06
7.312778e+02	7.907911e+02	2.828307e-05	3.362322e-06	3.362322e-06
7.907911e+02	8.551478e+02	2.194785e-05	3.188948e-06	3.188948e-06
8.551478e+02	9.247420e+02	2.553927e-05	2.814954e-06	2.814954e-06
9.247420e+02	1.000000e+03	2.001989e-05	2.718036e-06	2.718036e-06
# END HISTO1D


# BEGIN HISTO1D //eos/home-y/yiyu/monobc/D2600.yoda.gz/JetMETAnalysis/cjet_pt
ErrorBars=1
LineColor=lilac
LineStyle=dashdotted
Path=//eos/home-y/yiyu/monobc/D2600.yoda.gz/JetMETAnalysis/cjet_pt
ScaledBy=4.26955399294807099e-06
Title=D2600
# xlow	 xhigh	 val	 errminus	 errplus
2.000000e+01	2.162765e+01	0.000000e+00	0.000000e+00	0.000000e+00
2.162765e+01	2.338777e+01	0.000000e+00	0.000000e+00	0.000000e+00
2.338777e+01	2.529113e+01	4.159953e-06	3.251985e-06	3.251985e-06
2.529113e+01	2.734939e+01	1.666983e-05	8.210694e-06	8.210694e-06
2.734939e+01	2.957515e+01	2.371591e-05	7.954558e-06	7.954558e-06
2.957515e+01	3.198206e+01	1.535170e-05	7.148629e-06	7.148629e-06
3.198206e+01	3.458484e+01	2.636477e-05	6.413287e-06	6.413287e-06
3.458484e+01	3.739945e+01	7.501704e-06	6.077074e-06	6.077074e-06
3.739945e+01	4.044311e+01	1.734291e-05	5.130103e-06	5.130103e-06
4.044311e+01	4.373448e+01	2.124992e-05	5.023788e-06	5.023788e-06
4.373448e+01	4.729371e+01	1.038150e-05	4.259799e-06	4.259799e-06
4.729371e+01	5.114260e+01	6.857291e-06	4.085703e-06	4.085703e-06
5.114260e+01	5.530472e+01	1.617014e-05	3.947384e-06	3.947384e-06
5.530472e+01	5.980556e+01	9.968815e-06	3.590957e-06	3.590957e-06
5.980556e+01	6.467270e+01	1.111650e-05	3.242294e-06	3.242294e-06
6.467270e+01	6.993594e+01	1.153354e-05	2.945401e-06	2.945401e-06
6.993594e+01	7.562751e+01	-6.955803e-07	2.693971e-06	2.693971e-06
7.562751e+01	8.178228e+01	3.430570e-06	2.425779e-06	2.425779e-06
8.178228e+01	8.843794e+01	8.922355e-06	2.234441e-06	2.234441e-06
8.843794e+01	9.563525e+01	5.500588e-06	2.074402e-06	2.074402e-06
9.563525e+01	1.034183e+02	3.730191e-06	1.826153e-06	1.826153e-06
1.034183e+02	1.118348e+02	2.195101e-06	1.787715e-06	1.787715e-06
1.118348e+02	1.209362e+02	3.624849e-06	1.554887e-06	1.554887e-06
1.209362e+02	1.307783e+02	3.352049e-06	1.399857e-06	1.399857e-06
1.307783e+02	1.414214e+02	2.107846e-06	1.282572e-06	1.282572e-06
1.414214e+02	1.529306e+02	2.981167e-06	1.337157e-06	1.337157e-06
1.529306e+02	1.653765e+02	1.908554e-06	1.101904e-06	1.101904e-06
1.653765e+02	1.788353e+02	2.059070e-06	9.755945e-07	9.755945e-07
1.788353e+02	1.933894e+02	2.176126e-06	8.408567e-07	8.408567e-07
1.933894e+02	2.091279e+02	1.760816e-06	8.258110e-07	8.258110e-07
2.091279e+02	2.261473e+02	1.395682e-06	7.597129e-07	7.597129e-07
2.261473e+02	2.445518e+02	-7.170246e-08	7.952188e-07	7.952188e-07
2.445518e+02	2.644540e+02	0.000000e+00	-nan	-nan
2.644540e+02	2.859760e+02	1.471590e-06	6.131624e-07	6.131624e-07
2.859760e+02	3.092495e+02	1.020632e-06	5.319096e-07	5.319096e-07
3.092495e+02	3.344170e+02	-5.243461e-08	5.815279e-07	5.815279e-07
3.344170e+02	3.616328e+02	4.363947e-07	5.244812e-07	5.244812e-07
3.616328e+02	3.910634e+02	5.380719e-07	4.393338e-07	4.393338e-07
3.910634e+02	4.228892e+02	5.805061e-07	4.465887e-07	4.465887e-07
4.228892e+02	4.573051e+02	1.150324e-06	4.304119e-07	4.304119e-07
4.573051e+02	4.945218e+02	4.964188e-07	3.785931e-07	3.785931e-07
4.945218e+02	5.347672e+02	-3.279003e-08	3.781532e-07	3.781532e-07
5.347672e+02	5.782880e+02	5.761225e-07	3.523126e-07	3.523126e-07
5.782880e+02	6.253506e+02	-1.962819e-07	3.445646e-07	3.445646e-07
6.253506e+02	6.762433e+02	-2.593001e-08	3.330770e-07	3.330770e-07
6.762433e+02	7.312778e+02	7.193568e-08	3.466540e-07	3.466540e-07
7.312778e+02	7.907911e+02	-4.434800e-08	3.391970e-07	3.391970e-07
7.907911e+02	8.551478e+02	3.280835e-07	3.123262e-07	3.123262e-07
8.551478e+02	9.247420e+02	1.137723e-07	2.799712e-07	2.799712e-07
9.247420e+02	1.000000e+03	4.909797e-07	2.996380e-07	2.996380e-07
# END HISTO1D

