# BEGIN PLOT
Legend=1
LogY=1
LegendPlacement=manual
LegendAlign=r
LegendXPos=1.225
RightMargin=2.5
Title=Di-jet $\Delta\eta$
XLabel=$\Delta\eta_{jj}$
YLabel=$\mathrm{d}\sigma/\mathrm{d}\Delta\eta_{jj}$ [pb]
DrawOnly=//eos/home-y/yiyu/monobc/A600.yoda.gz/JetMETAnalysis/jet12_deta //eos/home-y/yiyu/monobc/A1000.yoda.gz/JetMETAnalysis/jet12_deta //eos/home-y/yiyu/monobc/A1500.yoda.gz/JetMETAnalysis/jet12_deta //eos/home-y/yiyu/monobc/A2000.yoda.gz/JetMETAnalysis/jet12_deta //eos/home-y/yiyu/monobc/A2600.yoda.gz/JetMETAnalysis/jet12_deta //eos/home-y/yiyu/monobc/C600.yoda.gz/JetMETAnalysis/jet12_deta //eos/home-y/yiyu/monobc/C1000.yoda.gz/JetMETAnalysis/jet12_deta //eos/home-y/yiyu/monobc/C1500.yoda.gz/JetMETAnalysis/jet12_deta //eos/home-y/yiyu/monobc/C2000.yoda.gz/JetMETAnalysis/jet12_deta //eos/home-y/yiyu/monobc/C2600.yoda.gz/JetMETAnalysis/jet12_deta //eos/home-y/yiyu/monobc/D600.yoda.gz/JetMETAnalysis/jet12_deta //eos/home-y/yiyu/monobc/D1000.yoda.gz/JetMETAnalysis/jet12_deta //eos/home-y/yiyu/monobc/D1500.yoda.gz/JetMETAnalysis/jet12_deta //eos/home-y/yiyu/monobc/D2000.yoda.gz/JetMETAnalysis/jet12_deta //eos/home-y/yiyu/monobc/D2600.yoda.gz/JetMETAnalysis/jet12_deta
LegendOnly=//eos/home-y/yiyu/monobc/A600.yoda.gz/JetMETAnalysis/jet12_deta //eos/home-y/yiyu/monobc/A1000.yoda.gz/JetMETAnalysis/jet12_deta //eos/home-y/yiyu/monobc/A1500.yoda.gz/JetMETAnalysis/jet12_deta //eos/home-y/yiyu/monobc/A2000.yoda.gz/JetMETAnalysis/jet12_deta //eos/home-y/yiyu/monobc/A2600.yoda.gz/JetMETAnalysis/jet12_deta //eos/home-y/yiyu/monobc/C600.yoda.gz/JetMETAnalysis/jet12_deta //eos/home-y/yiyu/monobc/C1000.yoda.gz/JetMETAnalysis/jet12_deta //eos/home-y/yiyu/monobc/C1500.yoda.gz/JetMETAnalysis/jet12_deta //eos/home-y/yiyu/monobc/C2000.yoda.gz/JetMETAnalysis/jet12_deta //eos/home-y/yiyu/monobc/C2600.yoda.gz/JetMETAnalysis/jet12_deta //eos/home-y/yiyu/monobc/D600.yoda.gz/JetMETAnalysis/jet12_deta //eos/home-y/yiyu/monobc/D1000.yoda.gz/JetMETAnalysis/jet12_deta //eos/home-y/yiyu/monobc/D1500.yoda.gz/JetMETAnalysis/jet12_deta //eos/home-y/yiyu/monobc/D2000.yoda.gz/JetMETAnalysis/jet12_deta //eos/home-y/yiyu/monobc/D2600.yoda.gz/JetMETAnalysis/jet12_deta
RatioPlot=1
RatioPlotReference=//eos/home-y/yiyu/monobc/A600.yoda.gz/JetMETAnalysis/jet12_deta
RatioPlotYLabel=Ratio
# END PLOT

# BEGIN HISTO1D //eos/home-y/yiyu/monobc/A600.yoda.gz/JetMETAnalysis/jet12_deta
ErrorBars=1
LineColor=red
LineStyle=solid
Path=//eos/home-y/yiyu/monobc/A600.yoda.gz/JetMETAnalysis/jet12_deta
ScaledBy=5.21401125168643785e-06
Title=A600
# xlow	 xhigh	 val	 errminus	 errplus
0.000000e+00	1.000000e-01	2.729003e+02	4.897878e+00	4.897878e+00
1.000000e-01	2.000000e-01	2.662166e+02	4.827379e+00	4.827379e+00
2.000000e-01	3.000000e-01	2.663034e+02	4.825037e+00	4.825037e+00
3.000000e-01	4.000000e-01	2.662166e+02	4.832059e+00	4.832059e+00
4.000000e-01	5.000000e-01	2.535438e+02	4.713666e+00	4.713666e+00
5.000000e-01	6.000000e-01	2.434750e+02	4.623290e+00	4.623290e+00
6.000000e-01	7.000000e-01	2.383537e+02	4.583190e+00	4.583190e+00
7.000000e-01	8.000000e-01	2.255073e+02	4.456502e+00	4.456502e+00
8.000000e-01	9.000000e-01	2.244657e+02	4.451428e+00	4.451428e+00
9.000000e-01	1.000000e+00	2.038072e+02	4.231015e+00	4.231015e+00
1.000000e+00	1.100000e+00	1.887039e+02	4.076844e+00	4.076844e+00
1.100000e+00	1.200000e+00	1.688267e+02	3.865297e+00	3.865297e+00
1.200000e+00	1.300000e+00	1.638790e+02	3.799437e+00	3.799437e+00
1.300000e+00	1.400000e+00	1.525950e+02	3.662110e+00	3.662110e+00
1.400000e+00	1.500000e+00	1.411374e+02	3.521571e+00	3.521571e+00
1.500000e+00	1.600000e+00	1.266417e+02	3.353910e+00	3.353910e+00
1.600000e+00	1.700000e+00	1.173541e+02	3.210439e+00	3.210439e+00
1.700000e+00	1.800000e+00	1.047680e+02	3.045443e+00	3.045443e+00
1.800000e+00	1.900000e+00	8.940435e+01	2.820677e+00	2.820677e+00
1.900000e+00	2.000000e+00	7.976951e+01	2.645631e+00	2.645631e+00
2.000000e+00	2.100000e+00	6.883267e+01	2.474952e+00	2.474952e+00
2.100000e+00	2.200000e+00	6.796467e+01	2.444320e+00	2.444320e+00
2.200000e+00	2.300000e+00	5.806943e+01	2.271782e+00	2.271782e+00
2.300000e+00	2.400000e+00	4.357377e+01	1.967900e+00	1.967900e+00
2.400000e+00	2.500000e+00	3.767135e+01	1.833111e+00	1.833111e+00
2.500000e+00	2.600000e+00	3.845255e+01	1.851515e+00	1.851515e+00
2.600000e+00	2.700000e+00	2.716851e+01	1.550304e+00	1.550304e+00
2.700000e+00	2.800000e+00	2.274169e+01	1.431548e+00	1.431548e+00
2.800000e+00	2.900000e+00	2.057168e+01	1.375176e+00	1.375176e+00
2.900000e+00	3.000000e+00	1.640526e+01	1.205869e+00	1.205869e+00
3.000000e+00	3.100000e+00	1.466926e+01	1.141680e+00	1.141680e+00
3.100000e+00	3.200000e+00	1.102364e+01	1.001030e+00	1.001030e+00
3.200000e+00	3.300000e+00	1.085004e+01	9.781902e-01	9.781902e-01
3.300000e+00	3.400000e+00	8.246032e+00	8.460251e-01	8.460251e-01
3.400000e+00	3.500000e+00	6.076024e+00	7.567078e-01	7.567078e-01
3.500000e+00	3.600000e+00	6.249625e+00	7.567078e-01	7.567078e-01
3.600000e+00	3.700000e+00	4.253217e+00	6.076024e-01	6.076024e-01
3.700000e+00	3.800000e+00	3.211613e+00	5.420680e-01	5.420680e-01
3.800000e+00	3.900000e+00	2.170009e+00	4.340017e-01	4.340017e-01
3.900000e+00	4.000000e+00	1.909608e+00	4.252331e-01	4.252331e-01
4.000000e+00	4.100000e+00	1.649206e+00	3.783539e-01	3.783539e-01
4.100000e+00	4.200000e+00	1.649206e+00	3.783539e-01	3.783539e-01
4.200000e+00	4.300000e+00	8.680034e-01	2.744868e-01	2.744868e-01
4.300000e+00	4.400000e+00	7.812031e-01	2.604010e-01	2.604010e-01
4.400000e+00	4.500000e+00	6.944027e-01	2.455084e-01	2.455084e-01
4.500000e+00	4.600000e+00	4.340017e-01	1.940915e-01	1.940915e-01
4.600000e+00	4.700000e+00	5.208020e-01	2.455084e-01	2.455084e-01
4.700000e+00	4.800000e+00	3.472014e-01	1.736007e-01	1.736007e-01
4.800000e+00	4.900000e+00	1.736007e-01	1.227542e-01	1.227542e-01
4.900000e+00	5.000000e+00	1.736007e-01	1.227542e-01	1.227542e-01
# END HISTO1D


# BEGIN HISTO1D //eos/home-y/yiyu/monobc/A1000.yoda.gz/JetMETAnalysis/jet12_deta
ErrorBars=1
LineColor=blue
LineStyle=solid
Path=//eos/home-y/yiyu/monobc/A1000.yoda.gz/JetMETAnalysis/jet12_deta
ScaledBy=4.00138196213606137e-06
Title=A1000
# xlow	 xhigh	 val	 errminus	 errplus
0.000000e+00	1.000000e-01	2.738653e+01	4.890395e-01	4.890395e-01
1.000000e-01	2.000000e-01	2.800345e+01	4.930028e-01	4.930028e-01
2.000000e-01	3.000000e-01	2.682796e+01	4.820973e-01	4.820973e-01
3.000000e-01	4.000000e-01	2.551074e+01	4.721921e-01	4.721921e-01
4.000000e-01	5.000000e-01	2.509389e+01	4.668631e-01	4.668631e-01
5.000000e-01	6.000000e-01	2.461869e+01	4.627510e-01	4.627510e-01
6.000000e-01	7.000000e-01	2.388505e+01	4.547210e-01	4.547210e-01
7.000000e-01	8.000000e-01	2.115057e+01	4.332752e-01	4.332752e-01
8.000000e-01	9.000000e-01	2.134232e+01	4.317487e-01	4.317487e-01
9.000000e-01	1.000000e+00	1.969162e+01	4.138299e-01	4.138299e-01
1.000000e+00	1.100000e+00	1.824935e+01	3.999079e-01	3.999079e-01
1.100000e+00	1.200000e+00	1.654863e+01	3.803099e-01	3.803099e-01
1.200000e+00	1.300000e+00	1.538981e+01	3.660624e-01	3.660624e-01
1.300000e+00	1.400000e+00	1.366408e+01	3.456523e-01	3.456523e-01
1.400000e+00	1.500000e+00	1.231352e+01	3.306480e-01	3.306480e-01
1.500000e+00	1.600000e+00	1.113802e+01	3.128260e-01	3.128260e-01
1.600000e+00	1.700000e+00	9.870821e+00	2.933337e-01	2.933337e-01
1.700000e+00	1.800000e+00	8.428547e+00	2.743568e-01	2.743568e-01
1.800000e+00	1.900000e+00	7.328084e+00	2.551945e-01	2.551945e-01
1.900000e+00	2.000000e+00	6.336000e+00	2.390218e-01	2.390218e-01
2.000000e+00	2.100000e+00	5.193853e+00	2.178773e-01	2.178773e-01
2.100000e+00	2.200000e+00	4.777011e+00	2.074182e-01	2.074182e-01
2.200000e+00	2.300000e+00	3.851621e+00	1.856703e-01	1.856703e-01
2.300000e+00	2.400000e+00	3.301389e+00	1.728764e-01	1.728764e-01
2.400000e+00	2.500000e+00	3.001263e+00	1.629421e-01	1.629421e-01
2.500000e+00	2.600000e+00	2.250947e+00	1.434325e-01	1.434325e-01
2.600000e+00	2.700000e+00	1.834105e+00	1.318170e-01	1.318170e-01
2.700000e+00	2.800000e+00	1.775747e+00	1.244956e-01	1.244956e-01
2.800000e+00	2.900000e+00	1.225516e+00	1.109145e-01	1.109145e-01
2.900000e+00	3.000000e+00	1.067116e+00	1.021050e-01	1.021050e-01
3.000000e+00	3.100000e+00	1.067116e+00	9.650592e-02	9.650592e-02
3.100000e+00	3.200000e+00	5.919158e-01	7.595225e-02	7.595225e-02
3.200000e+00	3.300000e+00	5.502316e-01	7.074045e-02	7.074045e-02
3.300000e+00	3.400000e+00	5.418947e-01	7.123001e-02	7.123001e-02
3.400000e+00	3.500000e+00	2.751158e-01	5.592524e-02	5.592524e-02
3.500000e+00	3.600000e+00	3.751579e-01	5.953696e-02	5.953696e-02
3.600000e+00	3.700000e+00	1.667368e-01	4.411442e-02	4.411442e-02
3.700000e+00	3.800000e+00	1.333895e-01	3.728350e-02	3.728350e-02
3.800000e+00	3.900000e+00	2.084211e-01	4.489527e-02	4.489527e-02
3.900000e+00	4.000000e+00	6.669474e-02	2.887967e-02	2.887967e-02
4.000000e+00	4.100000e+00	1.167158e-01	3.537023e-02	3.537023e-02
4.100000e+00	4.200000e+00	7.503158e-02	2.501053e-02	2.501053e-02
4.200000e+00	4.300000e+00	2.501053e-02	1.864175e-02	1.864175e-02
4.300000e+00	4.400000e+00	8.336842e-03	8.336842e-03	8.336842e-03
4.400000e+00	4.500000e+00	8.336842e-03	8.336842e-03	8.336842e-03
4.500000e+00	4.600000e+00	3.334737e-02	1.667368e-02	1.667368e-02
4.600000e+00	4.700000e+00	0.000000e+00	0.000000e+00	0.000000e+00
4.700000e+00	4.800000e+00	0.000000e+00	-nan	-nan
4.800000e+00	4.900000e+00	0.000000e+00	-nan	-nan
4.900000e+00	5.000000e+00	0.000000e+00	0.000000e+00	0.000000e+00
# END HISTO1D


# BEGIN HISTO1D //eos/home-y/yiyu/monobc/A1500.yoda.gz/JetMETAnalysis/jet12_deta
ErrorBars=1
LineColor=green
LineStyle=solid
Path=//eos/home-y/yiyu/monobc/A1500.yoda.gz/JetMETAnalysis/jet12_deta
ScaledBy=3.22616518003077697e-06
Title=A1500
# xlow	 xhigh	 val	 errminus	 errplus
0.000000e+00	1.000000e-01	2.067262e+00	4.051901e-02	4.051901e-02
1.000000e-01	2.000000e-01	2.020385e+00	4.008503e-02	4.008503e-02
2.000000e-01	3.000000e-01	2.033109e+00	4.035821e-02	4.035821e-02
3.000000e-01	4.000000e-01	2.017037e+00	4.002346e-02	4.002346e-02
4.000000e-01	5.000000e-01	1.904533e+00	3.886377e-02	3.886377e-02
5.000000e-01	6.000000e-01	1.776627e+00	3.791167e-02	3.791167e-02
6.000000e-01	7.000000e-01	1.727071e+00	3.708649e-02	3.708649e-02
7.000000e-01	8.000000e-01	1.619924e+00	3.590689e-02	3.590689e-02
8.000000e-01	9.000000e-01	1.457195e+00	3.438203e-02	3.438203e-02
9.000000e-01	1.000000e+00	1.344022e+00	3.312653e-02	3.312653e-02
1.000000e+00	1.100000e+00	1.226830e+00	3.187784e-02	3.187784e-02
1.100000e+00	1.200000e+00	1.154506e+00	3.083379e-02	3.083379e-02
1.200000e+00	1.300000e+00	1.024591e+00	2.929745e-02	2.929745e-02
1.300000e+00	1.400000e+00	8.605221e-01	2.716076e-02	2.716076e-02
1.400000e+00	1.500000e+00	7.674384e-01	2.553531e-02	2.553531e-02
1.500000e+00	1.600000e+00	6.770333e-01	2.415447e-02	2.415447e-02
1.600000e+00	1.700000e+00	5.511360e-01	2.222044e-02	2.222044e-02
1.700000e+00	1.800000e+00	5.149739e-01	2.122961e-02	2.122961e-02
1.800000e+00	1.900000e+00	4.259082e-01	1.933935e-02	1.933935e-02
1.900000e+00	2.000000e+00	3.388515e-01	1.761619e-02	1.761619e-02
2.000000e+00	2.100000e+00	3.134042e-01	1.675506e-02	1.675506e-02
2.100000e+00	2.200000e+00	2.149631e-01	1.447163e-02	1.447163e-02
2.200000e+00	2.300000e+00	2.330441e-01	1.420578e-02	1.420578e-02
2.300000e+00	2.400000e+00	1.747831e-01	1.307138e-02	1.307138e-02
2.400000e+00	2.500000e+00	1.245581e-01	1.108496e-02	1.108496e-02
2.500000e+00	2.600000e+00	1.145131e-01	1.043908e-02	1.043908e-02
2.600000e+00	2.700000e+00	8.571738e-02	9.517757e-03	9.517757e-03
2.700000e+00	2.800000e+00	7.701171e-02	8.654005e-03	8.654005e-03
2.800000e+00	2.900000e+00	5.089469e-02	7.274446e-03	7.274446e-03
2.900000e+00	3.000000e+00	5.022503e-02	6.991529e-03	6.991529e-03
3.000000e+00	3.100000e+00	3.348335e-02	6.210237e-03	6.210237e-03
3.100000e+00	3.200000e+00	2.009001e-02	4.735261e-03	4.735261e-03
3.200000e+00	3.300000e+00	1.875068e-02	4.829037e-03	4.829037e-03
3.300000e+00	3.400000e+00	7.366337e-03	4.182069e-03	4.182069e-03
3.400000e+00	3.500000e+00	1.339334e-02	3.904796e-03	3.904796e-03
3.500000e+00	3.600000e+00	1.406301e-02	3.846944e-03	3.846944e-03
3.600000e+00	3.700000e+00	6.027003e-03	2.593609e-03	2.593609e-03
3.700000e+00	3.800000e+00	1.004501e-02	3.068800e-03	3.068800e-03
3.800000e+00	3.900000e+00	4.687669e-03	2.009001e-03	2.009001e-03
3.900000e+00	4.000000e+00	6.696670e-03	2.505665e-03	2.505665e-03
4.000000e+00	4.100000e+00	6.696670e-04	1.497421e-03	1.497421e-03
4.100000e+00	4.200000e+00	3.348335e-03	2.009001e-03	2.009001e-03
4.200000e+00	4.300000e+00	3.348335e-03	1.497421e-03	1.497421e-03
4.300000e+00	4.400000e+00	1.339334e-03	1.339334e-03	1.339334e-03
4.400000e+00	4.500000e+00	3.348335e-03	1.497421e-03	1.497421e-03
4.500000e+00	4.600000e+00	1.339334e-03	9.470522e-04	9.470522e-04
4.600000e+00	4.700000e+00	6.696670e-04	6.696670e-04	6.696670e-04
4.700000e+00	4.800000e+00	-6.696670e-04	6.696670e-04	6.696670e-04
4.800000e+00	4.900000e+00	0.000000e+00	0.000000e+00	0.000000e+00
4.900000e+00	5.000000e+00	6.696670e-04	6.696670e-04	6.696670e-04
# END HISTO1D


# BEGIN HISTO1D //eos/home-y/yiyu/monobc/A2000.yoda.gz/JetMETAnalysis/jet12_deta
ErrorBars=1
LineColor=orange
LineStyle=solid
Path=//eos/home-y/yiyu/monobc/A2000.yoda.gz/JetMETAnalysis/jet12_deta
ScaledBy=2.74469287009081753e-06
Title=A2000
# xlow	 xhigh	 val	 errminus	 errplus
0.000000e+00	1.000000e-01	1.392732e-01	4.225159e-03	4.225159e-03
1.000000e-01	2.000000e-01	1.450150e-01	4.232116e-03	4.232116e-03
2.000000e-01	3.000000e-01	1.405336e-01	4.192541e-03	4.192541e-03
3.000000e-01	4.000000e-01	1.398334e-01	4.134840e-03	4.134840e-03
4.000000e-01	5.000000e-01	1.415139e-01	4.185519e-03	4.185519e-03
5.000000e-01	6.000000e-01	1.267393e-01	4.004115e-03	4.004115e-03
6.000000e-01	7.000000e-01	1.153258e-01	3.810236e-03	3.810236e-03
7.000000e-01	8.000000e-01	1.115446e-01	3.792179e-03	3.792179e-03
8.000000e-01	9.000000e-01	1.048925e-01	3.620874e-03	3.620874e-03
9.000000e-01	1.000000e+00	8.871752e-02	3.409562e-03	3.409562e-03
1.000000e+00	1.100000e+00	8.129521e-02	3.292510e-03	3.292510e-03
1.100000e+00	1.200000e+00	7.212237e-02	3.195016e-03	3.195016e-03
1.200000e+00	1.300000e+00	6.666068e-02	3.006860e-03	3.006860e-03
1.300000e+00	1.400000e+00	5.979855e-02	2.827005e-03	2.827005e-03
1.400000e+00	1.500000e+00	5.258631e-02	2.656215e-03	2.656215e-03
1.500000e+00	1.600000e+00	4.355351e-02	2.489467e-03	2.489467e-03
1.600000e+00	1.700000e+00	3.228001e-02	2.323413e-03	2.323413e-03
1.700000e+00	1.800000e+00	2.884895e-02	2.128476e-03	2.128476e-03
1.800000e+00	1.900000e+00	2.359732e-02	1.976796e-03	1.976796e-03
1.900000e+00	2.000000e+00	1.876582e-02	1.793431e-03	1.793431e-03
2.000000e+00	2.100000e+00	1.554482e-02	1.677601e-03	1.677601e-03
2.100000e+00	2.200000e+00	1.498465e-02	1.543657e-03	1.543657e-03
2.200000e+00	2.300000e+00	1.092339e-02	1.407419e-03	1.407419e-03
2.300000e+00	2.400000e+00	1.057328e-02	1.266212e-03	1.266212e-03
2.400000e+00	2.500000e+00	8.192541e-03	1.194481e-03	1.194481e-03
2.500000e+00	2.600000e+00	5.951846e-03	1.064238e-03	1.064238e-03
2.600000e+00	2.700000e+00	5.811803e-03	9.626394e-04	9.626394e-04
2.700000e+00	2.800000e+00	4.761477e-03	8.575874e-04	8.575874e-04
2.800000e+00	2.900000e+00	2.520782e-03	7.922053e-04	7.922053e-04
2.900000e+00	3.000000e+00	2.170673e-03	7.243103e-04	7.243103e-04
3.000000e+00	3.100000e+00	2.380738e-03	6.023496e-04	6.023496e-04
3.100000e+00	3.200000e+00	2.100652e-03	5.688591e-04	5.688591e-04
3.200000e+00	3.300000e+00	1.190369e-03	4.901520e-04	4.901520e-04
3.300000e+00	3.400000e+00	1.120347e-03	4.749104e-04	4.749104e-04
3.400000e+00	3.500000e+00	1.050326e-03	3.770785e-04	3.770785e-04
3.500000e+00	3.600000e+00	1.120347e-03	3.284310e-04	3.284310e-04
3.600000e+00	3.700000e+00	4.901520e-04	3.208799e-04	3.208799e-04
3.700000e+00	3.800000e+00	6.301955e-04	3.501086e-04	3.501086e-04
3.800000e+00	3.900000e+00	4.201303e-04	2.800869e-04	2.800869e-04
3.900000e+00	4.000000e+00	4.901520e-04	2.100652e-04	2.100652e-04
4.000000e+00	4.100000e+00	2.100652e-04	1.852601e-04	1.852601e-04
4.100000e+00	4.200000e+00	1.400434e-04	1.400434e-04	1.400434e-04
4.200000e+00	4.300000e+00	4.901520e-04	2.100652e-04	2.100652e-04
4.300000e+00	4.400000e+00	2.100652e-04	1.212812e-04	1.212812e-04
4.400000e+00	4.500000e+00	1.400434e-04	1.400434e-04	1.400434e-04
4.500000e+00	4.600000e+00	1.400434e-04	9.902566e-05	9.902566e-05
4.600000e+00	4.700000e+00	1.400434e-04	1.715175e-04	1.715175e-04
4.700000e+00	4.800000e+00	2.800869e-04	1.400434e-04	1.400434e-04
4.800000e+00	4.900000e+00	0.000000e+00	0.000000e+00	0.000000e+00
4.900000e+00	5.000000e+00	1.400434e-04	9.902566e-05	9.902566e-05
# END HISTO1D


# BEGIN HISTO1D //eos/home-y/yiyu/monobc/A2600.yoda.gz/JetMETAnalysis/jet12_deta
ErrorBars=1
LineColor=lilac
LineStyle=solid
Path=//eos/home-y/yiyu/monobc/A2600.yoda.gz/JetMETAnalysis/jet12_deta
ScaledBy=2.62727164953756670e-06
Title=A2600
# xlow	 xhigh	 val	 errminus	 errplus
0.000000e+00	1.000000e-01	6.815741e-03	4.781491e-04	4.781491e-04
1.000000e-01	2.000000e-01	6.963020e-03	4.773084e-04	4.773084e-04
2.000000e-01	3.000000e-01	6.815741e-03	4.696732e-04	4.696732e-04
3.000000e-01	4.000000e-01	5.972978e-03	4.694594e-04	4.694594e-04
4.000000e-01	5.000000e-01	6.668462e-03	4.575431e-04	4.575431e-04
5.000000e-01	6.000000e-01	5.882974e-03	4.500189e-04	4.500189e-04
6.000000e-01	7.000000e-01	5.482048e-03	4.337317e-04	4.337317e-04
7.000000e-01	8.000000e-01	5.621145e-03	4.271214e-04	4.271214e-04
8.000000e-01	9.000000e-01	5.048394e-03	4.047483e-04	4.047483e-04
9.000000e-01	1.000000e+00	4.942026e-03	3.893197e-04	3.893197e-04
1.000000e+00	1.100000e+00	4.819293e-03	3.800083e-04	3.800083e-04
1.100000e+00	1.200000e+00	4.434732e-03	3.613145e-04	3.613145e-04
1.200000e+00	1.300000e+00	4.328364e-03	3.464641e-04	3.464641e-04
1.300000e+00	1.400000e+00	3.714701e-03	3.248226e-04	3.248226e-04
1.400000e+00	1.500000e+00	3.199225e-03	3.157297e-04	3.157297e-04
1.500000e+00	1.600000e+00	3.002853e-03	2.856735e-04	2.856735e-04
1.600000e+00	1.700000e+00	2.675567e-03	2.702592e-04	2.702592e-04
1.700000e+00	1.800000e+00	2.495559e-03	2.488507e-04	2.488507e-04
1.800000e+00	1.900000e+00	2.847392e-03	2.385490e-04	2.385490e-04
1.900000e+00	2.000000e+00	2.430102e-03	2.245254e-04	2.245254e-04
2.000000e+00	2.100000e+00	2.143726e-03	2.149278e-04	2.149278e-04
2.100000e+00	2.200000e+00	1.693707e-03	1.927589e-04	1.927589e-04
2.200000e+00	2.300000e+00	1.693707e-03	1.813046e-04	1.813046e-04
2.300000e+00	2.400000e+00	1.489153e-03	1.586580e-04	1.586580e-04
2.400000e+00	2.500000e+00	1.137320e-03	1.461381e-04	1.461381e-04
2.500000e+00	2.600000e+00	1.284599e-03	1.321869e-04	1.321869e-04
2.600000e+00	2.700000e+00	9.164021e-04	1.256967e-04	1.256967e-04
2.700000e+00	2.800000e+00	9.818594e-04	1.174361e-04	1.174361e-04
2.800000e+00	2.900000e+00	9.000378e-04	1.073081e-04	1.073081e-04
2.900000e+00	3.000000e+00	7.854875e-04	9.886544e-05	9.886544e-05
3.000000e+00	3.100000e+00	7.200302e-04	8.888103e-05	8.888103e-05
3.100000e+00	3.200000e+00	4.745654e-04	7.318348e-05	7.318348e-05
3.200000e+00	3.300000e+00	5.318405e-04	7.805285e-05	7.805285e-05
3.300000e+00	3.400000e+00	4.663832e-04	6.796614e-05	6.796614e-05
3.400000e+00	3.500000e+00	4.418367e-04	6.647220e-05	6.647220e-05
3.500000e+00	3.600000e+00	3.272865e-04	6.122969e-05	6.122969e-05
3.600000e+00	3.700000e+00	2.618292e-04	5.427432e-05	5.427432e-05
3.700000e+00	3.800000e+00	1.881897e-04	4.406229e-05	4.406229e-05
3.800000e+00	3.900000e+00	1.800076e-04	4.008425e-05	4.008425e-05
3.900000e+00	4.000000e+00	1.309146e-04	4.008425e-05	4.008425e-05
4.000000e+00	4.100000e+00	1.390967e-04	3.924027e-05	3.924027e-05
4.100000e+00	4.200000e+00	8.182162e-05	2.834384e-05	2.834384e-05
4.200000e+00	4.300000e+00	1.227324e-04	3.566522e-05	3.566522e-05
4.300000e+00	4.400000e+00	8.182162e-05	2.587427e-05	2.587427e-05
4.400000e+00	4.500000e+00	8.182162e-05	2.834384e-05	2.834384e-05
4.500000e+00	4.600000e+00	4.091081e-05	1.829587e-05	1.829587e-05
4.600000e+00	4.700000e+00	5.727513e-05	2.164797e-05	2.164797e-05
4.700000e+00	4.800000e+00	4.909297e-05	2.314265e-05	2.314265e-05
4.800000e+00	4.900000e+00	4.909297e-05	2.004212e-05	2.004212e-05
4.900000e+00	5.000000e+00	2.454649e-05	1.417192e-05	1.417192e-05
# END HISTO1D


# BEGIN HISTO1D //eos/home-y/yiyu/monobc/C600.yoda.gz/JetMETAnalysis/jet12_deta
ErrorBars=1
LineColor=red
LineStyle=dashed
Path=//eos/home-y/yiyu/monobc/C600.yoda.gz/JetMETAnalysis/jet12_deta
ScaledBy=5.90211502197280713e-06
Title=C600
# xlow	 xhigh	 val	 errminus	 errplus
0.000000e+00	1.000000e-01	3.062880e+02	5.508648e+00	5.508648e+00
1.000000e-01	2.000000e-01	2.962120e+02	5.423739e+00	5.423739e+00
2.000000e-01	3.000000e-01	2.936686e+02	5.388336e+00	5.388336e+00
3.000000e-01	4.000000e-01	2.941577e+02	5.385671e+00	5.385671e+00
4.000000e-01	5.000000e-01	2.849623e+02	5.312320e+00	5.312320e+00
5.000000e-01	6.000000e-01	2.751798e+02	5.219641e+00	5.219641e+00
6.000000e-01	7.000000e-01	2.679408e+02	5.142062e+00	5.142062e+00
7.000000e-01	8.000000e-01	2.552237e+02	5.027257e+00	5.027257e+00
8.000000e-01	9.000000e-01	2.399631e+02	4.884364e+00	4.884364e+00
9.000000e-01	1.000000e+00	2.305719e+02	4.783399e+00	4.783399e+00
1.000000e+00	1.100000e+00	2.211808e+02	4.684345e+00	4.684345e+00
1.100000e+00	1.200000e+00	1.969204e+02	4.417285e+00	4.417285e+00
1.200000e+00	1.300000e+00	1.831271e+02	4.252827e+00	4.252827e+00
1.300000e+00	1.400000e+00	1.661057e+02	4.047610e+00	4.047610e+00
1.400000e+00	1.500000e+00	1.549537e+02	3.922743e+00	3.922743e+00
1.500000e+00	1.600000e+00	1.393018e+02	3.730174e+00	3.730174e+00
1.600000e+00	1.700000e+00	1.284433e+02	3.590299e+00	3.590299e+00
1.700000e+00	1.800000e+00	1.206174e+02	3.462760e+00	3.462760e+00
1.800000e+00	1.900000e+00	1.087806e+02	3.294225e+00	3.294225e+00
1.900000e+00	2.000000e+00	9.185704e+01	3.029397e+00	3.029397e+00
2.000000e+00	2.100000e+00	8.334632e+01	2.882084e+00	2.882084e+00
2.100000e+00	2.200000e+00	7.307477e+01	2.716277e+00	2.716277e+00
2.200000e+00	2.300000e+00	6.055326e+01	2.445608e+00	2.445608e+00
2.300000e+00	2.400000e+00	6.153150e+01	2.468974e+00	2.468974e+00
2.400000e+00	2.500000e+00	4.783609e+01	2.185230e+00	2.185230e+00
2.500000e+00	2.600000e+00	4.098839e+01	2.021440e+00	2.021440e+00
2.600000e+00	2.700000e+00	3.159726e+01	1.774373e+00	1.774373e+00
2.700000e+00	2.800000e+00	2.817340e+01	1.671623e+00	1.671623e+00
2.800000e+00	2.900000e+00	2.357566e+01	1.543642e+00	1.543642e+00
2.900000e+00	3.000000e+00	1.888009e+01	1.414230e+00	1.414230e+00
3.000000e+00	3.100000e+00	1.741273e+01	1.326954e+00	1.326954e+00
3.100000e+00	3.200000e+00	1.389105e+01	1.213968e+00	1.213968e+00
3.200000e+00	3.300000e+00	1.213022e+01	1.098075e+00	1.098075e+00
3.300000e+00	3.400000e+00	9.391135e+00	9.584787e-01	9.584787e-01
3.400000e+00	3.500000e+00	8.804189e+00	9.584787e-01	9.584787e-01
3.500000e+00	3.600000e+00	6.456405e+00	8.300669e-01	8.300669e-01
3.600000e+00	3.700000e+00	4.402094e+00	6.562255e-01	6.562255e-01
3.700000e+00	3.800000e+00	4.793392e+00	6.847703e-01	6.847703e-01
3.800000e+00	3.900000e+00	3.326027e+00	5.704089e-01	5.704089e-01
3.900000e+00	4.000000e+00	2.543432e+00	5.358058e-01	5.358058e-01
4.000000e+00	4.100000e+00	1.956486e+00	4.374837e-01	4.374837e-01
4.100000e+00	4.200000e+00	8.804189e-01	2.934730e-01	2.934730e-01
4.200000e+00	4.300000e+00	1.076068e+00	3.244466e-01	3.244466e-01
4.300000e+00	4.400000e+00	9.782432e-01	3.093477e-01	3.093477e-01
4.400000e+00	4.500000e+00	3.912973e-01	1.956486e-01	1.956486e-01
4.500000e+00	4.600000e+00	8.804189e-01	3.244466e-01	3.244466e-01
4.600000e+00	4.700000e+00	3.912973e-01	1.956486e-01	1.956486e-01
4.700000e+00	4.800000e+00	1.956486e-01	1.383445e-01	1.383445e-01
4.800000e+00	4.900000e+00	9.782432e-02	1.694367e-01	1.694367e-01
4.900000e+00	5.000000e+00	2.934730e-01	1.694367e-01	1.694367e-01
# END HISTO1D


# BEGIN HISTO1D //eos/home-y/yiyu/monobc/C1000.yoda.gz/JetMETAnalysis/jet12_deta
ErrorBars=1
LineColor=blue
LineStyle=dashed
Path=//eos/home-y/yiyu/monobc/C1000.yoda.gz/JetMETAnalysis/jet12_deta
ScaledBy=4.98836569259182364e-06
Title=C1000
# xlow	 xhigh	 val	 errminus	 errplus
0.000000e+00	1.000000e-01	3.418392e+01	6.073424e-01	6.073424e-01
1.000000e-01	2.000000e-01	3.278251e+01	5.974138e-01	5.974138e-01
2.000000e-01	3.000000e-01	3.324965e+01	5.998441e-01	5.998441e-01
3.000000e-01	4.000000e-01	3.171329e+01	5.867668e-01	5.867668e-01
4.000000e-01	5.000000e-01	3.103854e+01	5.846510e-01	5.846510e-01
5.000000e-01	6.000000e-01	3.098664e+01	5.780708e-01	5.780708e-01
6.000000e-01	7.000000e-01	2.957485e+01	5.675355e-01	5.675355e-01
7.000000e-01	8.000000e-01	2.783088e+01	5.480228e-01	5.480228e-01
8.000000e-01	9.000000e-01	2.616996e+01	5.340810e-01	5.340810e-01
9.000000e-01	1.000000e+00	2.437408e+01	5.138225e-01	5.138225e-01
1.000000e+00	1.100000e+00	2.260935e+01	4.987099e-01	4.987099e-01
1.100000e+00	1.200000e+00	2.136365e+01	4.781925e-01	4.781925e-01
1.200000e+00	1.300000e+00	1.876846e+01	4.543890e-01	4.543890e-01
1.300000e+00	1.400000e+00	1.747086e+01	4.371038e-01	4.371038e-01
1.400000e+00	1.500000e+00	1.523899e+01	4.102709e-01	4.102709e-01
1.500000e+00	1.600000e+00	1.370263e+01	3.897980e-01	3.897980e-01
1.600000e+00	1.700000e+00	1.225971e+01	3.703772e-01	3.703772e-01
1.700000e+00	1.800000e+00	1.105553e+01	3.500341e-01	3.500341e-01
1.800000e+00	1.900000e+00	9.467275e+00	3.223062e-01	3.223062e-01
1.900000e+00	2.000000e+00	8.429196e+00	3.047781e-01	3.047781e-01
2.000000e+00	2.100000e+00	6.674844e+00	2.728784e-01	2.728784e-01
2.100000e+00	2.200000e+00	5.875523e+00	2.605556e-01	2.605556e-01
2.200000e+00	2.300000e+00	4.733637e+00	2.362626e-01	2.362626e-01
2.300000e+00	2.400000e+00	3.799367e+00	2.081341e-01	2.081341e-01
2.400000e+00	2.500000e+00	3.923936e+00	2.107069e-01	2.107069e-01
2.500000e+00	2.600000e+00	2.678242e+00	1.773869e-01	1.773869e-01
2.600000e+00	2.700000e+00	2.429103e+00	1.647898e-01	1.647898e-01
2.700000e+00	2.800000e+00	1.536356e+00	1.369320e-01	1.369320e-01
2.800000e+00	2.900000e+00	1.515594e+00	1.296559e-01	1.296559e-01
2.900000e+00	3.000000e+00	1.287217e+00	1.237013e-01	1.237013e-01
3.000000e+00	3.100000e+00	1.048459e+00	1.160607e-01	1.160607e-01
3.100000e+00	3.200000e+00	7.577972e-01	9.793211e-02	9.793211e-02
3.200000e+00	3.300000e+00	6.436086e-01	8.560213e-02	8.560213e-02
3.300000e+00	3.400000e+00	3.840890e-01	7.116706e-02	7.116706e-02
3.400000e+00	3.500000e+00	4.048506e-01	7.116706e-02	7.116706e-02
3.500000e+00	3.600000e+00	1.868541e-01	5.492995e-02	5.492995e-02
3.600000e+00	3.700000e+00	3.010427e-01	5.963306e-02	5.963306e-02
3.700000e+00	3.800000e+00	1.245694e-01	5.085525e-02	5.085525e-02
3.800000e+00	3.900000e+00	9.342705e-02	3.742845e-02	3.742845e-02
3.900000e+00	4.000000e+00	7.266548e-02	3.442916e-02	3.442916e-02
4.000000e+00	4.100000e+00	7.266548e-02	2.746497e-02	2.746497e-02
4.100000e+00	4.200000e+00	1.141886e-01	3.442916e-02	3.442916e-02
4.200000e+00	4.300000e+00	5.190392e-02	2.746497e-02	2.746497e-02
4.300000e+00	4.400000e+00	8.304627e-02	2.936129e-02	2.936129e-02
4.400000e+00	4.500000e+00	2.076157e-02	1.468064e-02	1.468064e-02
4.500000e+00	4.600000e+00	1.038078e-02	1.038079e-02	1.038079e-02
4.600000e+00	4.700000e+00	1.038078e-02	1.038079e-02	1.038079e-02
4.700000e+00	4.800000e+00	2.076157e-02	1.468064e-02	1.468064e-02
4.800000e+00	4.900000e+00	0.000000e+00	0.000000e+00	0.000000e+00
4.900000e+00	5.000000e+00	0.000000e+00	0.000000e+00	0.000000e+00
# END HISTO1D


# BEGIN HISTO1D //eos/home-y/yiyu/monobc/C1500.yoda.gz/JetMETAnalysis/jet12_deta
ErrorBars=1
LineColor=green
LineStyle=dashed
Path=//eos/home-y/yiyu/monobc/C1500.yoda.gz/JetMETAnalysis/jet12_deta
ScaledBy=4.29919801299068407e-06
Title=C1500
# xlow	 xhigh	 val	 errminus	 errplus
0.000000e+00	1.000000e-01	2.780902e+00	5.422201e-02	5.422201e-02
1.000000e-01	2.000000e-01	2.720254e+00	5.394255e-02	5.394255e-02
2.000000e-01	3.000000e-01	2.767524e+00	5.378749e-02	5.378749e-02
3.000000e-01	4.000000e-01	2.572201e+00	5.238648e-02	5.238648e-02
4.000000e-01	5.000000e-01	2.588255e+00	5.218871e-02	5.218871e-02
5.000000e-01	6.000000e-01	2.466066e+00	5.108728e-02	5.108728e-02
6.000000e-01	7.000000e-01	2.299284e+00	4.962609e-02	4.962609e-02
7.000000e-01	8.000000e-01	2.063826e+00	4.722790e-02	4.722790e-02
8.000000e-01	9.000000e-01	2.083447e+00	4.700844e-02	4.700844e-02
9.000000e-01	1.000000e+00	1.845313e+00	4.460325e-02	4.460325e-02
1.000000e+00	1.100000e+00	1.690125e+00	4.212689e-02	4.212689e-02
1.100000e+00	1.200000e+00	1.493018e+00	4.030301e-02	4.030301e-02
1.200000e+00	1.300000e+00	1.341397e+00	3.823688e-02	3.823688e-02
1.300000e+00	1.400000e+00	1.224560e+00	3.727830e-02	3.727830e-02
1.400000e+00	1.500000e+00	1.015859e+00	3.425355e-02	3.425355e-02
1.500000e+00	1.600000e+00	8.802921e-01	3.096016e-02	3.096016e-02
1.600000e+00	1.700000e+00	7.804008e-01	3.057233e-02	3.057233e-02
1.700000e+00	1.800000e+00	6.287801e-01	2.773466e-02	2.773466e-02
1.800000e+00	1.900000e+00	5.351320e-01	2.578771e-02	2.578771e-02
1.900000e+00	2.000000e+00	4.432676e-01	2.303417e-02	2.303417e-02
2.000000e+00	2.100000e+00	4.040246e-01	2.236840e-02	2.236840e-02
2.100000e+00	2.200000e+00	3.192954e-01	1.949951e-02	1.949951e-02
2.200000e+00	2.300000e+00	2.639984e-01	1.836507e-02	1.836507e-02
2.300000e+00	2.400000e+00	2.336743e-01	1.678074e-02	1.678074e-02
2.400000e+00	2.500000e+00	1.828368e-01	1.542216e-02	1.542216e-02
2.500000e+00	2.600000e+00	1.498369e-01	1.340799e-02	1.340799e-02
2.600000e+00	2.700000e+00	1.319992e-01	1.222893e-02	1.222893e-02
2.700000e+00	2.800000e+00	9.008055e-02	1.124626e-02	1.124626e-02
2.800000e+00	2.900000e+00	5.708074e-02	9.268757e-03	9.268757e-03
2.900000e+00	3.000000e+00	6.510772e-02	8.874160e-03	8.874160e-03
3.000000e+00	3.100000e+00	3.478358e-02	7.826273e-03	7.826273e-03
3.100000e+00	3.200000e+00	2.318905e-02	6.908524e-03	6.908524e-03
3.200000e+00	3.300000e+00	2.586471e-02	6.850711e-03	6.850711e-03
3.300000e+00	3.400000e+00	2.051339e-02	5.710861e-03	5.710861e-03
3.400000e+00	3.500000e+00	2.408094e-02	5.276472e-03	5.276472e-03
3.500000e+00	3.600000e+00	7.135093e-03	3.988638e-03	3.988638e-03
3.600000e+00	3.700000e+00	6.243206e-03	3.677343e-03	3.677343e-03
3.700000e+00	3.800000e+00	2.675660e-03	3.215743e-03	3.215743e-03
3.800000e+00	3.900000e+00	6.243206e-03	3.215743e-03	3.215743e-03
3.900000e+00	4.000000e+00	5.351320e-03	2.184667e-03	2.184667e-03
4.000000e+00	4.100000e+00	4.459433e-03	2.359710e-03	2.359710e-03
4.100000e+00	4.200000e+00	1.783773e-03	2.184667e-03	2.184667e-03
4.200000e+00	4.300000e+00	8.918866e-04	1.544793e-03	1.544793e-03
4.300000e+00	4.400000e+00	0.000000e+00	-nan	-nan
4.400000e+00	4.500000e+00	0.000000e+00	0.000000e+00	0.000000e+00
4.500000e+00	4.600000e+00	1.783773e-03	1.261318e-03	1.261318e-03
4.600000e+00	4.700000e+00	1.783773e-03	1.261318e-03	1.261318e-03
4.700000e+00	4.800000e+00	0.000000e+00	0.000000e+00	0.000000e+00
4.800000e+00	4.900000e+00	-8.918866e-04	8.918866e-04	8.918866e-04
4.900000e+00	5.000000e+00	0.000000e+00	0.000000e+00	0.000000e+00
# END HISTO1D


# BEGIN HISTO1D //eos/home-y/yiyu/monobc/C2000.yoda.gz/JetMETAnalysis/jet12_deta
ErrorBars=1
LineColor=orange
LineStyle=dashed
Path=//eos/home-y/yiyu/monobc/C2000.yoda.gz/JetMETAnalysis/jet12_deta
ScaledBy=3.73896889920239138e-06
Title=C2000
# xlow	 xhigh	 val	 errminus	 errplus
0.000000e+00	1.000000e-01	1.900662e-01	5.783968e-03	5.783968e-03
1.000000e-01	2.000000e-01	2.026673e-01	5.816961e-03	5.816961e-03
2.000000e-01	3.000000e-01	2.009490e-01	5.820094e-03	5.820094e-03
3.000000e-01	4.000000e-01	1.928346e-01	5.764240e-03	5.764240e-03
4.000000e-01	5.000000e-01	1.854840e-01	5.630681e-03	5.630681e-03
5.000000e-01	6.000000e-01	1.809973e-01	5.559831e-03	5.559831e-03
6.000000e-01	7.000000e-01	1.483490e-01	5.254785e-03	5.254785e-03
7.000000e-01	8.000000e-01	1.462489e-01	5.207750e-03	5.207750e-03
8.000000e-01	9.000000e-01	1.323113e-01	4.980555e-03	4.980555e-03
9.000000e-01	1.000000e+00	1.144598e-01	4.731908e-03	4.731908e-03
1.000000e+00	1.100000e+00	1.075865e-01	4.452084e-03	4.452084e-03
1.100000e+00	1.200000e+00	9.336252e-02	4.305357e-03	4.305357e-03
1.200000e+00	1.300000e+00	8.333893e-02	4.064739e-03	4.064739e-03
1.300000e+00	1.400000e+00	7.197887e-02	3.751089e-03	3.751089e-03
1.400000e+00	1.500000e+00	6.100066e-02	3.514013e-03	3.514013e-03
1.500000e+00	1.600000e+00	5.307726e-02	3.436657e-03	3.436657e-03
1.600000e+00	1.700000e+00	4.324460e-02	3.190511e-03	3.190511e-03
1.700000e+00	1.800000e+00	3.761230e-02	2.923715e-03	2.923715e-03
1.800000e+00	1.900000e+00	2.968890e-02	2.735302e-03	2.735302e-03
1.900000e+00	2.000000e+00	2.176549e-02	2.500321e-03	2.500321e-03
2.000000e+00	2.100000e+00	2.319744e-02	2.304984e-03	2.304984e-03
2.100000e+00	2.200000e+00	2.042902e-02	2.073981e-03	2.073981e-03
2.200000e+00	2.300000e+00	1.393755e-02	1.870679e-03	1.870679e-03
2.300000e+00	2.400000e+00	1.374663e-02	1.707688e-03	1.707688e-03
2.400000e+00	2.500000e+00	1.021451e-02	1.554020e-03	1.554020e-03
2.500000e+00	2.600000e+00	9.164419e-03	1.396499e-03	1.396499e-03
2.600000e+00	2.700000e+00	7.827941e-03	1.343279e-03	1.343279e-03
2.700000e+00	2.800000e+00	5.059523e-03	1.233650e-03	1.233650e-03
2.800000e+00	2.900000e+00	3.436657e-03	9.353396e-04	9.353396e-04
2.900000e+00	3.000000e+00	2.004717e-03	8.697066e-04	8.697066e-04
3.000000e+00	3.100000e+00	3.341194e-03	8.156336e-04	8.156336e-04
3.100000e+00	3.200000e+00	1.813791e-03	7.813959e-04	7.813959e-04
3.200000e+00	3.300000e+00	2.863881e-03	6.883913e-04	6.883913e-04
3.300000e+00	3.400000e+00	2.768418e-03	6.682389e-04	6.682389e-04
3.400000e+00	3.500000e+00	1.909254e-03	5.051411e-04	5.051411e-04
3.500000e+00	3.600000e+00	1.718329e-03	5.400185e-04	5.400185e-04
3.600000e+00	3.700000e+00	6.682389e-04	3.441956e-04	3.441956e-04
3.700000e+00	3.800000e+00	5.727762e-04	3.306925e-04	3.306925e-04
3.800000e+00	3.900000e+00	4.773135e-04	3.441956e-04	3.441956e-04
3.900000e+00	4.000000e+00	4.773135e-04	2.525705e-04	2.525705e-04
4.000000e+00	4.100000e+00	6.682389e-04	2.525705e-04	2.525705e-04
4.100000e+00	4.200000e+00	4.773135e-04	2.863881e-04	2.863881e-04
4.200000e+00	4.300000e+00	9.546270e-05	1.653462e-04	1.653462e-04
4.300000e+00	4.400000e+00	1.909254e-04	1.350046e-04	1.350046e-04
4.400000e+00	4.500000e+00	9.546270e-05	1.653462e-04	1.653462e-04
4.500000e+00	4.600000e+00	9.546270e-05	9.546269e-05	9.546269e-05
4.600000e+00	4.700000e+00	9.546270e-05	9.546269e-05	9.546269e-05
4.700000e+00	4.800000e+00	9.546270e-05	9.546269e-05	9.546269e-05
4.800000e+00	4.900000e+00	9.546270e-05	1.653462e-04	1.653462e-04
4.900000e+00	5.000000e+00	0.000000e+00	0.000000e+00	0.000000e+00
# END HISTO1D


# BEGIN HISTO1D //eos/home-y/yiyu/monobc/C2600.yoda.gz/JetMETAnalysis/jet12_deta
ErrorBars=1
LineColor=lilac
LineStyle=dashed
Path=//eos/home-y/yiyu/monobc/C2600.yoda.gz/JetMETAnalysis/jet12_deta
ScaledBy=3.48760473830657204e-06
Title=C2600
# xlow	 xhigh	 val	 errminus	 errplus
0.000000e+00	1.000000e-01	8.661289e-03	6.492284e-04	6.492284e-04
1.000000e-01	2.000000e-01	6.346541e-03	6.364602e-04	6.364602e-04
2.000000e-01	3.000000e-01	6.802970e-03	6.410824e-04	6.410824e-04
3.000000e-01	4.000000e-01	5.607560e-03	6.310562e-04	6.310562e-04
4.000000e-01	5.000000e-01	7.096389e-03	6.270196e-04	6.270196e-04
5.000000e-01	6.000000e-01	6.813837e-03	6.049717e-04	6.049717e-04
6.000000e-01	7.000000e-01	6.324806e-03	5.942372e-04	5.942372e-04
7.000000e-01	8.000000e-01	5.064192e-03	5.785277e-04	5.785277e-04
8.000000e-01	9.000000e-01	6.085724e-03	5.554063e-04	5.554063e-04
9.000000e-01	1.000000e+00	5.346743e-03	5.411904e-04	5.411904e-04
1.000000e+00	1.100000e+00	4.031792e-03	5.105348e-04	5.105348e-04
1.100000e+00	1.200000e+00	3.814445e-03	4.851520e-04	4.851520e-04
1.200000e+00	1.300000e+00	3.031995e-03	4.487313e-04	4.487313e-04
1.300000e+00	1.400000e+00	3.727506e-03	4.340149e-04	4.340149e-04
1.400000e+00	1.500000e+00	3.390618e-03	4.089364e-04	4.089364e-04
1.500000e+00	1.600000e+00	3.466689e-03	3.756714e-04	3.756714e-04
1.600000e+00	1.700000e+00	2.619035e-03	3.573034e-04	3.573034e-04
1.700000e+00	1.800000e+00	3.281944e-03	3.419336e-04	3.419336e-04
1.800000e+00	1.900000e+00	2.684239e-03	3.128971e-04	3.128971e-04
1.900000e+00	2.000000e+00	2.021330e-03	2.821332e-04	2.821332e-04
2.000000e+00	2.100000e+00	1.825717e-03	2.653062e-04	2.653062e-04
2.100000e+00	2.200000e+00	1.608370e-03	2.415392e-04	2.415392e-04
2.200000e+00	2.300000e+00	1.347553e-03	2.263962e-04	2.263962e-04
2.300000e+00	2.400000e+00	1.803982e-03	2.248258e-04	2.248258e-04
2.400000e+00	2.500000e+00	1.608370e-03	1.894790e-04	1.894790e-04
2.500000e+00	2.600000e+00	1.586635e-03	1.718281e-04	1.718281e-04
2.600000e+00	2.700000e+00	1.184543e-03	1.615550e-04	1.615550e-04
2.700000e+00	2.800000e+00	1.065002e-03	1.441719e-04	1.441719e-04
2.800000e+00	2.900000e+00	7.933176e-04	1.387452e-04	1.387452e-04
2.900000e+00	3.000000e+00	9.237260e-04	1.195410e-04	1.195410e-04
3.000000e+00	3.100000e+00	4.998988e-04	1.150094e-04	1.150094e-04
3.100000e+00	3.200000e+00	5.216335e-04	1.007798e-04	1.007798e-04
3.200000e+00	3.300000e+00	4.998988e-04	8.276338e-05	8.276338e-05
3.300000e+00	3.400000e+00	4.238272e-04	8.487683e-05	8.487683e-05
3.400000e+00	3.500000e+00	3.151536e-04	6.610359e-05	6.610359e-05
3.500000e+00	3.600000e+00	2.390820e-04	7.042857e-05	7.042857e-05
3.600000e+00	3.700000e+00	2.173473e-04	6.336708e-05	6.336708e-05
3.700000e+00	3.800000e+00	1.847452e-04	5.211805e-05	5.211805e-05
3.800000e+00	3.900000e+00	2.608167e-04	5.952300e-05	5.952300e-05
3.900000e+00	4.000000e+00	1.412757e-04	4.208912e-05	4.208912e-05
4.000000e+00	4.100000e+00	1.521431e-04	4.066195e-05	4.066195e-05
4.100000e+00	4.200000e+00	1.195410e-04	3.918284e-05	3.918284e-05
4.200000e+00	4.300000e+00	1.738778e-04	4.860033e-05	4.860033e-05
4.300000e+00	4.400000e+00	1.086736e-04	3.436562e-05	3.436562e-05
4.400000e+00	4.500000e+00	3.260209e-05	1.882283e-05	1.882283e-05
4.500000e+00	4.600000e+00	5.433682e-05	2.430016e-05	2.430016e-05
4.600000e+00	4.700000e+00	3.260209e-05	1.882283e-05	1.882283e-05
4.700000e+00	4.800000e+00	1.086736e-05	1.086736e-05	1.086736e-05
4.800000e+00	4.900000e+00	0.000000e+00	0.000000e+00	0.000000e+00
4.900000e+00	5.000000e+00	1.086736e-05	1.086736e-05	1.086736e-05
# END HISTO1D


# BEGIN HISTO1D //eos/home-y/yiyu/monobc/D600.yoda.gz/JetMETAnalysis/jet12_deta
ErrorBars=1
LineColor=red
LineStyle=dashdotted
Path=//eos/home-y/yiyu/monobc/D600.yoda.gz/JetMETAnalysis/jet12_deta
ScaledBy=6.26160614830790851e-06
Title=D600
# xlow	 xhigh	 val	 errminus	 errplus
0.000000e+00	1.000000e-01	3.187457e+02	5.728310e+00	5.728310e+00
1.000000e-01	2.000000e-01	3.101751e+02	5.673526e+00	5.673526e+00
2.000000e-01	3.000000e-01	2.968090e+02	5.523842e+00	5.523842e+00
3.000000e-01	4.000000e-01	2.944623e+02	5.517242e+00	5.517242e+00
4.000000e-01	5.000000e-01	3.056857e+02	5.608938e+00	5.608938e+00
5.000000e-01	6.000000e-01	2.829327e+02	5.415353e+00	5.415353e+00
6.000000e-01	7.000000e-01	2.794637e+02	5.374831e+00	5.374831e+00
7.000000e-01	8.000000e-01	2.550782e+02	5.132082e+00	5.132082e+00
8.000000e-01	9.000000e-01	2.467116e+02	5.042038e+00	5.042038e+00
9.000000e-01	1.000000e+00	2.412020e+02	4.996409e+00	4.996409e+00
1.000000e+00	1.100000e+00	2.178368e+02	4.749663e+00	4.749663e+00
1.100000e+00	1.200000e+00	2.137555e+02	4.692330e+00	4.692330e+00
1.200000e+00	1.300000e+00	1.929412e+02	4.471950e+00	4.471950e+00
1.300000e+00	1.400000e+00	1.769222e+02	4.273150e+00	4.273150e+00
1.400000e+00	1.500000e+00	1.602911e+02	4.087623e+00	4.087623e+00
1.500000e+00	1.600000e+00	1.584546e+02	4.041521e+00	4.041521e+00
1.600000e+00	1.700000e+00	1.360077e+02	3.761344e+00	3.761344e+00
1.700000e+00	1.800000e+00	1.267229e+02	3.630364e+00	3.630364e+00
1.800000e+00	1.900000e+00	1.102958e+02	3.400872e+00	3.400872e+00
1.900000e+00	2.000000e+00	9.560331e+01	3.156380e+00	3.156380e+00
2.000000e+00	2.100000e+00	8.591034e+01	3.002564e+00	3.002564e+00
2.100000e+00	2.200000e+00	7.489096e+01	2.786780e+00	2.786780e+00
2.200000e+00	2.300000e+00	6.744268e+01	2.678200e+00	2.678200e+00
2.300000e+00	2.400000e+00	5.611720e+01	2.418809e+00	2.418809e+00
2.400000e+00	2.500000e+00	5.132173e+01	2.319950e+00	2.319950e+00
2.500000e+00	2.600000e+00	4.111861e+01	2.073521e+00	2.073521e+00
2.600000e+00	2.700000e+00	3.989423e+01	2.043175e+00	2.043175e+00
2.700000e+00	2.800000e+00	3.173173e+01	1.845046e+00	1.845046e+00
2.800000e+00	2.900000e+00	2.724235e+01	1.685833e+00	1.685833e+00
2.900000e+00	3.000000e+00	2.305907e+01	1.560778e+00	1.560778e+00
3.000000e+00	3.100000e+00	1.959001e+01	1.421131e+00	1.421131e+00
3.100000e+00	3.200000e+00	1.591688e+01	1.306638e+00	1.306638e+00
3.200000e+00	3.300000e+00	1.173360e+01	1.094164e+00	1.094164e+00
3.300000e+00	3.400000e+00	8.774690e+00	1.010058e+00	1.010058e+00
3.400000e+00	3.500000e+00	9.284847e+00	9.839541e-01	9.839541e-01
3.500000e+00	3.600000e+00	7.856409e+00	8.953208e-01	8.953208e-01
3.600000e+00	3.700000e+00	6.121877e+00	7.903309e-01	7.903309e-01
3.700000e+00	3.800000e+00	5.815783e+00	7.703193e-01	7.703193e-01
3.800000e+00	3.900000e+00	3.060938e+00	5.588484e-01	5.588484e-01
3.900000e+00	4.000000e+00	2.550782e+00	5.494553e-01	5.494553e-01
4.000000e+00	4.100000e+00	3.367032e+00	6.036252e-01	6.036252e-01
4.100000e+00	4.200000e+00	1.836563e+00	5.202595e-01	5.202595e-01
4.200000e+00	4.300000e+00	1.734532e+00	4.206857e-01	4.206857e-01
4.300000e+00	4.400000e+00	1.632501e+00	4.328821e-01	4.328821e-01
4.400000e+00	4.500000e+00	9.182815e-01	3.383995e-01	3.383995e-01
4.500000e+00	4.600000e+00	3.060938e-01	1.767234e-01	1.767234e-01
4.600000e+00	4.700000e+00	6.121877e-01	2.499246e-01	2.499246e-01
4.700000e+00	4.800000e+00	1.020313e-01	1.020313e-01	1.020313e-01
4.800000e+00	4.900000e+00	4.081251e-01	2.040626e-01	2.040626e-01
4.900000e+00	5.000000e+00	2.040626e-01	2.040626e-01	2.040626e-01
# END HISTO1D


# BEGIN HISTO1D //eos/home-y/yiyu/monobc/D1000.yoda.gz/JetMETAnalysis/jet12_deta
ErrorBars=1
LineColor=blue
LineStyle=dashdotted
Path=//eos/home-y/yiyu/monobc/D1000.yoda.gz/JetMETAnalysis/jet12_deta
ScaledBy=5.55495214013862181e-06
Title=D1000
# xlow	 xhigh	 val	 errminus	 errplus
0.000000e+00	1.000000e-01	3.744453e+01	6.728029e-01	6.728029e-01
1.000000e-01	2.000000e-01	3.653686e+01	6.642129e-01	6.642129e-01
2.000000e-01	3.000000e-01	3.567514e+01	6.547044e-01	6.547044e-01
3.000000e-01	4.000000e-01	3.641047e+01	6.593256e-01	6.593256e-01
4.000000e-01	5.000000e-01	3.444575e+01	6.458737e-01	6.458737e-01
5.000000e-01	6.000000e-01	3.348063e+01	6.334916e-01	6.334916e-01
6.000000e-01	7.000000e-01	3.165379e+01	6.188394e-01	6.188394e-01
7.000000e-01	8.000000e-01	3.016014e+01	6.024090e-01	6.024090e-01
8.000000e-01	9.000000e-01	2.880437e+01	5.877680e-01	5.877680e-01
9.000000e-01	1.000000e+00	2.727626e+01	5.751679e-01	5.751679e-01
1.000000e+00	1.100000e+00	2.535750e+01	5.535306e-01	5.535306e-01
1.100000e+00	1.200000e+00	2.253106e+01	5.213534e-01	5.213534e-01
1.200000e+00	1.300000e+00	2.154296e+01	5.160087e-01	5.160087e-01
1.300000e+00	1.400000e+00	1.910717e+01	4.818779e-01	4.818779e-01
1.400000e+00	1.500000e+00	1.671734e+01	4.516150e-01	4.516150e-01
1.500000e+00	1.600000e+00	1.495943e+01	4.292860e-01	4.292860e-01
1.600000e+00	1.700000e+00	1.345430e+01	4.083247e-01	4.083247e-01
1.700000e+00	1.800000e+00	1.202959e+01	3.822767e-01	3.822767e-01
1.800000e+00	1.900000e+00	1.045552e+01	3.578409e-01	3.578409e-01
1.900000e+00	2.000000e+00	8.433350e+00	3.221183e-01	3.221183e-01
2.000000e+00	2.100000e+00	7.629080e+00	3.112806e-01	3.112806e-01
2.100000e+00	2.200000e+00	6.560549e+00	2.844686e-01	2.844686e-01
2.200000e+00	2.300000e+00	6.009049e+00	2.740692e-01	2.740692e-01
2.300000e+00	2.400000e+00	4.791154e+00	2.488230e-01	2.488230e-01
2.400000e+00	2.500000e+00	4.090290e+00	2.309377e-01	2.309377e-01
2.500000e+00	2.600000e+00	3.033249e+00	2.003276e-01	2.003276e-01
2.600000e+00	2.700000e+00	2.228978e+00	1.734888e-01	1.734888e-01
2.700000e+00	2.800000e+00	2.171530e+00	1.676849e-01	1.676849e-01
2.800000e+00	2.900000e+00	1.436197e+00	1.439640e-01	1.439640e-01
2.900000e+00	3.000000e+00	1.608541e+00	1.480329e-01	1.480329e-01
3.000000e+00	3.100000e+00	1.459176e+00	1.354601e-01	1.354601e-01
3.100000e+00	3.200000e+00	1.275343e+00	1.242788e-01	1.242788e-01
3.200000e+00	3.300000e+00	8.157600e-01	1.059287e-01	1.059287e-01
3.300000e+00	3.400000e+00	5.170310e-01	8.042705e-02	8.042705e-02
3.400000e+00	3.500000e+00	7.008643e-01	9.404625e-02	9.404625e-02
3.500000e+00	3.600000e+00	4.021352e-01	6.988838e-02	6.988838e-02
3.600000e+00	3.700000e+00	1.723437e-01	5.008191e-02	5.008191e-02
3.700000e+00	3.800000e+00	1.723437e-01	5.510208e-02	5.510208e-02
3.800000e+00	3.900000e+00	1.148958e-01	5.138295e-02	5.138295e-02
3.900000e+00	4.000000e+00	1.493645e-01	4.737275e-02	4.737275e-02
4.000000e+00	4.100000e+00	1.493645e-01	4.142626e-02	4.142626e-02
4.100000e+00	4.200000e+00	5.744789e-02	3.039857e-02	3.039857e-02
4.200000e+00	4.300000e+00	4.595831e-02	2.814360e-02	2.814360e-02
4.300000e+00	4.400000e+00	9.191662e-02	3.633324e-02	3.633324e-02
4.400000e+00	4.500000e+00	2.297916e-02	2.297916e-02	2.297916e-02
4.500000e+00	4.600000e+00	3.446873e-02	2.569148e-02	2.569148e-02
4.600000e+00	4.700000e+00	0.000000e+00	0.000000e+00	0.000000e+00
4.700000e+00	4.800000e+00	1.148958e-02	1.148958e-02	1.148958e-02
4.800000e+00	4.900000e+00	1.148958e-02	1.148958e-02	1.148958e-02
4.900000e+00	5.000000e+00	0.000000e+00	0.000000e+00	0.000000e+00
# END HISTO1D


# BEGIN HISTO1D //eos/home-y/yiyu/monobc/D1500.yoda.gz/JetMETAnalysis/jet12_deta
ErrorBars=1
LineColor=green
LineStyle=dashdotted
Path=//eos/home-y/yiyu/monobc/D1500.yoda.gz/JetMETAnalysis/jet12_deta
ScaledBy=5.09488537008347615e-06
Title=D1500
# xlow	 xhigh	 val	 errminus	 errplus
0.000000e+00	1.000000e-01	3.265898e+00	6.435425e-02	6.435425e-02
1.000000e-01	2.000000e-01	3.236390e+00	6.364275e-02	6.364275e-02
2.000000e-01	3.000000e-01	3.231121e+00	6.331908e-02	6.331908e-02
3.000000e-01	4.000000e-01	3.105712e+00	6.248038e-02	6.248038e-02
4.000000e-01	5.000000e-01	2.819063e+00	6.016213e-02	6.016213e-02
5.000000e-01	6.000000e-01	2.773747e+00	5.922255e-02	5.922255e-02
6.000000e-01	7.000000e-01	2.578784e+00	5.807690e-02	5.807690e-02
7.000000e-01	8.000000e-01	2.519768e+00	5.695696e-02	5.695696e-02
8.000000e-01	9.000000e-01	2.281597e+00	5.424029e-02	5.424029e-02
9.000000e-01	1.000000e+00	2.158296e+00	5.319621e-02	5.319621e-02
1.000000e+00	1.100000e+00	1.921178e+00	4.993318e-02	4.993318e-02
1.100000e+00	1.200000e+00	1.818954e+00	4.847735e-02	4.847735e-02
1.200000e+00	1.300000e+00	1.573406e+00	4.592441e-02	4.592441e-02
1.300000e+00	1.400000e+00	1.326804e+00	4.307936e-02	4.307936e-02
1.400000e+00	1.500000e+00	1.172941e+00	4.028155e-02	4.028155e-02
1.500000e+00	1.600000e+00	1.003270e+00	3.740815e-02	3.740815e-02
1.600000e+00	1.700000e+00	9.210696e-01	3.610897e-02	3.610897e-02
1.700000e+00	1.800000e+00	7.650990e-01	3.325912e-02	3.325912e-02
1.800000e+00	1.900000e+00	6.713059e-01	3.103063e-02	3.103063e-02
1.900000e+00	2.000000e+00	5.522202e-01	2.839549e-02	2.839549e-02
2.000000e+00	2.100000e+00	4.795042e-01	2.659811e-02	2.659811e-02
2.100000e+00	2.200000e+00	3.909803e-01	2.423867e-02	2.423867e-02
2.200000e+00	2.300000e+00	2.982411e-01	2.177685e-02	2.177685e-02
2.300000e+00	2.400000e+00	2.655716e-01	1.965942e-02	1.965942e-02
2.400000e+00	2.500000e+00	1.907478e-01	1.810056e-02	1.810056e-02
2.500000e+00	2.600000e+00	1.570245e-01	1.636024e-02	1.636024e-02
2.600000e+00	2.700000e+00	1.032778e-01	1.429519e-02	1.429519e-02
2.700000e+00	2.800000e+00	1.190857e-01	1.328861e-02	1.328861e-02
2.800000e+00	2.900000e+00	8.114686e-02	1.159241e-02	1.159241e-02
2.900000e+00	3.000000e+00	7.903915e-02	1.090117e-02	1.090117e-02
3.000000e+00	3.100000e+00	5.585434e-02	9.829709e-03	9.829709e-03
3.100000e+00	3.200000e+00	3.899265e-02	8.364718e-03	8.364718e-03
3.200000e+00	3.300000e+00	4.110036e-02	8.230874e-03	8.230874e-03
3.300000e+00	3.400000e+00	2.634638e-02	6.747967e-03	6.747967e-03
3.400000e+00	3.500000e+00	1.580783e-02	6.581325e-03	6.581325e-03
3.500000e+00	3.600000e+00	2.107711e-02	6.323132e-03	6.323132e-03
3.600000e+00	3.700000e+00	2.213096e-02	5.867619e-03	5.867619e-03
3.700000e+00	3.800000e+00	-6.323132e-03	4.215422e-03	4.215422e-03
3.800000e+00	3.900000e+00	5.269277e-03	3.161566e-03	3.161566e-03
3.900000e+00	4.000000e+00	8.430843e-03	3.943166e-03	3.943166e-03
4.000000e+00	4.100000e+00	2.107711e-03	2.581408e-03	2.581408e-03
4.100000e+00	4.200000e+00	3.161566e-03	1.825331e-03	1.825331e-03
4.200000e+00	4.300000e+00	2.107711e-03	1.490376e-03	1.490376e-03
4.300000e+00	4.400000e+00	2.107711e-03	2.107711e-03	2.107711e-03
4.400000e+00	4.500000e+00	1.053855e-03	1.825331e-03	1.825331e-03
4.500000e+00	4.600000e+00	1.053855e-03	1.825331e-03	1.825331e-03
4.600000e+00	4.700000e+00	1.053855e-03	1.053855e-03	1.053855e-03
4.700000e+00	4.800000e+00	0.000000e+00	0.000000e+00	0.000000e+00
4.800000e+00	4.900000e+00	0.000000e+00	0.000000e+00	0.000000e+00
4.900000e+00	5.000000e+00	0.000000e+00	0.000000e+00	0.000000e+00
# END HISTO1D


# BEGIN HISTO1D //eos/home-y/yiyu/monobc/D2000.yoda.gz/JetMETAnalysis/jet12_deta
ErrorBars=1
LineColor=orange
LineStyle=dashdotted
Path=//eos/home-y/yiyu/monobc/D2000.yoda.gz/JetMETAnalysis/jet12_deta
ScaledBy=4.61553418144346189e-06
Title=D2000
# xlow	 xhigh	 val	 errminus	 errplus
0.000000e+00	1.000000e-01	2.497755e-01	7.284569e-03	7.284569e-03
1.000000e-01	2.000000e-01	2.308246e-01	7.053622e-03	7.053622e-03
2.000000e-01	3.000000e-01	2.491870e-01	7.185949e-03	7.185949e-03
3.000000e-01	4.000000e-01	2.330610e-01	7.046744e-03	7.046744e-03
4.000000e-01	5.000000e-01	2.225851e-01	6.870535e-03	6.870535e-03
5.000000e-01	6.000000e-01	2.055175e-01	6.778159e-03	6.778159e-03
6.000000e-01	7.000000e-01	1.993967e-01	6.579001e-03	6.579001e-03
7.000000e-01	8.000000e-01	1.656146e-01	6.254029e-03	6.254029e-03
8.000000e-01	9.000000e-01	1.591407e-01	6.093571e-03	6.093571e-03
9.000000e-01	1.000000e+00	1.520782e-01	5.971848e-03	5.971848e-03
1.000000e+00	1.100000e+00	1.321856e-01	5.624157e-03	5.624157e-03
1.100000e+00	1.200000e+00	1.152357e-01	5.361836e-03	5.361836e-03
1.200000e+00	1.300000e+00	9.616710e-02	4.897258e-03	4.897258e-03
1.300000e+00	1.400000e+00	9.640252e-02	4.868885e-03	4.868885e-03
1.400000e+00	1.500000e+00	7.627452e-02	4.457374e-03	4.457374e-03
1.500000e+00	1.600000e+00	6.885894e-02	4.287854e-03	4.287854e-03
1.600000e+00	1.700000e+00	5.308612e-02	3.930447e-03	3.930447e-03
1.700000e+00	1.800000e+00	4.461118e-02	3.595385e-03	3.595385e-03
1.800000e+00	1.900000e+00	3.801955e-02	3.297914e-03	3.297914e-03
1.900000e+00	2.000000e+00	3.801955e-02	3.129783e-03	3.129783e-03
2.000000e+00	2.100000e+00	2.495401e-02	2.795400e-03	2.795400e-03
2.100000e+00	2.200000e+00	2.059883e-02	2.510789e-03	2.510789e-03
2.200000e+00	2.300000e+00	1.730302e-02	2.339392e-03	2.339392e-03
2.300000e+00	2.400000e+00	1.318325e-02	2.195807e-03	2.195807e-03
2.400000e+00	2.500000e+00	9.652022e-03	1.846171e-03	1.846171e-03
2.500000e+00	2.600000e+00	7.768701e-03	1.681201e-03	1.681201e-03
2.600000e+00	2.700000e+00	5.532257e-03	1.583594e-03	1.583594e-03
2.700000e+00	2.800000e+00	6.120795e-03	1.488896e-03	1.488896e-03
2.800000e+00	2.900000e+00	6.120795e-03	1.300123e-03	1.300123e-03
2.900000e+00	3.000000e+00	4.002058e-03	1.165246e-03	1.165246e-03
3.000000e+00	3.100000e+00	3.531228e-03	9.706416e-04	9.706416e-04
3.100000e+00	3.200000e+00	3.295813e-03	8.488015e-04	8.488015e-04
3.200000e+00	3.300000e+00	2.236444e-03	8.069626e-04	8.069626e-04
3.300000e+00	3.400000e+00	2.001029e-03	7.896065e-04	7.896065e-04
3.400000e+00	3.500000e+00	2.354152e-03	6.001933e-04	6.001933e-04
3.500000e+00	3.600000e+00	7.062455e-04	6.001933e-04	6.001933e-04
3.600000e+00	3.700000e+00	5.885380e-04	4.853208e-04	4.853208e-04
3.700000e+00	3.800000e+00	1.177076e-03	4.077510e-04	4.077510e-04
3.800000e+00	3.900000e+00	7.062455e-04	5.264043e-04	5.264043e-04
3.900000e+00	4.000000e+00	8.239531e-04	3.531228e-04	3.531228e-04
4.000000e+00	4.100000e+00	4.708304e-04	2.883235e-04	2.883235e-04
4.100000e+00	4.200000e+00	2.354152e-04	4.077510e-04	4.077510e-04
4.200000e+00	4.300000e+00	2.354152e-04	1.664637e-04	1.664637e-04
4.300000e+00	4.400000e+00	1.177076e-04	2.038755e-04	2.038755e-04
4.400000e+00	4.500000e+00	-1.177076e-04	2.038755e-04	2.038755e-04
4.500000e+00	4.600000e+00	3.531228e-04	2.038755e-04	2.038755e-04
4.600000e+00	4.700000e+00	2.354152e-04	1.664637e-04	1.664637e-04
4.700000e+00	4.800000e+00	0.000000e+00	0.000000e+00	0.000000e+00
4.800000e+00	4.900000e+00	0.000000e+00	0.000000e+00	0.000000e+00
4.900000e+00	5.000000e+00	0.000000e+00	0.000000e+00	0.000000e+00
# END HISTO1D


# BEGIN HISTO1D //eos/home-y/yiyu/monobc/D2600.yoda.gz/JetMETAnalysis/jet12_deta
ErrorBars=1
LineColor=lilac
LineStyle=dashdotted
Path=//eos/home-y/yiyu/monobc/D2600.yoda.gz/JetMETAnalysis/jet12_deta
ScaledBy=4.26955399294807099e-06
Title=D2600
# xlow	 xhigh	 val	 errminus	 errplus
0.000000e+00	1.000000e-01	7.653959e-03	8.117713e-04	8.117713e-04
1.000000e-01	2.000000e-01	7.944282e-03	7.946429e-04	7.946429e-04
2.000000e-01	3.000000e-01	7.429619e-03	7.903580e-04	7.903580e-04
3.000000e-01	4.000000e-01	7.231672e-03	7.880410e-04	7.880410e-04
4.000000e-01	5.000000e-01	6.875367e-03	7.675544e-04	7.675544e-04
5.000000e-01	6.000000e-01	7.825513e-03	7.417080e-04	7.417080e-04
6.000000e-01	7.000000e-01	7.746334e-03	7.315423e-04	7.315423e-04
7.000000e-01	8.000000e-01	5.859238e-03	6.997869e-04	6.997869e-04
8.000000e-01	9.000000e-01	4.895894e-03	6.743131e-04	6.743131e-04
9.000000e-01	1.000000e+00	4.565982e-03	6.531925e-04	6.531925e-04
1.000000e+00	1.100000e+00	4.922287e-03	6.168561e-04	6.168561e-04
1.100000e+00	1.200000e+00	5.265396e-03	5.993876e-04	5.993876e-04
1.200000e+00	1.300000e+00	3.853372e-03	5.573853e-04	5.573853e-04
1.300000e+00	1.400000e+00	3.351906e-03	5.363683e-04	5.363683e-04
1.400000e+00	1.500000e+00	3.444282e-03	5.050995e-04	5.050995e-04
1.500000e+00	1.600000e+00	2.982405e-03	4.695425e-04	4.695425e-04
1.600000e+00	1.700000e+00	2.533724e-03	4.404542e-04	4.404542e-04
1.700000e+00	1.800000e+00	2.217009e-03	4.084518e-04	4.084518e-04
1.800000e+00	1.900000e+00	2.612903e-03	3.680849e-04	3.680849e-04
1.900000e+00	2.000000e+00	2.824047e-03	3.400496e-04	3.400496e-04
2.000000e+00	2.100000e+00	2.388563e-03	3.218967e-04	3.218967e-04
2.100000e+00	2.200000e+00	2.045455e-03	2.953772e-04	2.953772e-04
2.200000e+00	2.300000e+00	1.570381e-03	2.746010e-04	2.746010e-04
2.300000e+00	2.400000e+00	1.609971e-03	2.440457e-04	2.440457e-04
2.400000e+00	2.500000e+00	1.464809e-03	2.251151e-04	2.251151e-04
2.500000e+00	2.600000e+00	1.108504e-03	2.168403e-04	2.168403e-04
2.600000e+00	2.700000e+00	1.425220e-03	2.001346e-04	2.001346e-04
2.700000e+00	2.800000e+00	6.466276e-04	1.621611e-04	1.621611e-04
2.800000e+00	2.900000e+00	9.501466e-04	1.605421e-04	1.605421e-04
2.900000e+00	3.000000e+00	9.501466e-04	1.504630e-04	1.504630e-04
3.000000e+00	3.100000e+00	4.750733e-04	1.292986e-04	1.292986e-04
3.100000e+00	3.200000e+00	5.674487e-04	1.080179e-04	1.080179e-04
3.200000e+00	3.300000e+00	3.167155e-04	9.697393e-05	9.697393e-05
3.300000e+00	3.400000e+00	2.771261e-04	8.449870e-05	8.449870e-05
3.400000e+00	3.500000e+00	4.090909e-04	8.852469e-05	8.852469e-05
3.500000e+00	3.600000e+00	3.035191e-04	7.106522e-05	7.106522e-05
3.600000e+00	3.700000e+00	2.507331e-04	6.857093e-05	6.857093e-05
3.700000e+00	3.800000e+00	3.299120e-04	7.347489e-05	7.347489e-05
3.800000e+00	3.900000e+00	1.979472e-04	6.328810e-05	6.328810e-05
3.900000e+00	4.000000e+00	1.319648e-04	4.571395e-05	4.571395e-05
4.000000e+00	4.100000e+00	1.847507e-04	5.278593e-05	5.278593e-05
4.100000e+00	4.200000e+00	9.237537e-05	3.958944e-05	3.958944e-05
4.200000e+00	4.300000e+00	1.055718e-04	3.732529e-05	3.732529e-05
4.300000e+00	4.400000e+00	3.958944e-05	3.491461e-05	3.491461e-05
4.400000e+00	4.500000e+00	7.917889e-05	3.232465e-05	3.232465e-05
4.500000e+00	4.600000e+00	1.187683e-04	3.958944e-05	3.958944e-05
4.600000e+00	4.700000e+00	2.639296e-05	1.866264e-05	1.866264e-05
4.700000e+00	4.800000e+00	3.958944e-05	2.285697e-05	2.285697e-05
4.800000e+00	4.900000e+00	2.639296e-05	1.866264e-05	1.866264e-05
4.900000e+00	5.000000e+00	1.319648e-05	1.319648e-05	1.319648e-05
# END HISTO1D

