# BEGIN PLOT
Legend=1
LogY=1
LegendPlacement=manual
LegendAlign=r
LegendXPos=1.225
RightMargin=2.5
Title=Di-jet invariant mass
XLabel=$m_{jj}$ [GeV]
YLabel=$\sigma$ [pb]
LogX=1
DrawOnly=//eos/home-y/yiyu/monobc/A600.yoda.gz/JetMETAnalysis/jet12_m //eos/home-y/yiyu/monobc/A1000.yoda.gz/JetMETAnalysis/jet12_m //eos/home-y/yiyu/monobc/A1500.yoda.gz/JetMETAnalysis/jet12_m //eos/home-y/yiyu/monobc/A2000.yoda.gz/JetMETAnalysis/jet12_m //eos/home-y/yiyu/monobc/A2600.yoda.gz/JetMETAnalysis/jet12_m //eos/home-y/yiyu/monobc/C600.yoda.gz/JetMETAnalysis/jet12_m //eos/home-y/yiyu/monobc/C1000.yoda.gz/JetMETAnalysis/jet12_m //eos/home-y/yiyu/monobc/C1500.yoda.gz/JetMETAnalysis/jet12_m //eos/home-y/yiyu/monobc/C2000.yoda.gz/JetMETAnalysis/jet12_m //eos/home-y/yiyu/monobc/C2600.yoda.gz/JetMETAnalysis/jet12_m //eos/home-y/yiyu/monobc/D600.yoda.gz/JetMETAnalysis/jet12_m //eos/home-y/yiyu/monobc/D1000.yoda.gz/JetMETAnalysis/jet12_m //eos/home-y/yiyu/monobc/D1500.yoda.gz/JetMETAnalysis/jet12_m //eos/home-y/yiyu/monobc/D2000.yoda.gz/JetMETAnalysis/jet12_m //eos/home-y/yiyu/monobc/D2600.yoda.gz/JetMETAnalysis/jet12_m
LegendOnly=//eos/home-y/yiyu/monobc/A600.yoda.gz/JetMETAnalysis/jet12_m //eos/home-y/yiyu/monobc/A1000.yoda.gz/JetMETAnalysis/jet12_m //eos/home-y/yiyu/monobc/A1500.yoda.gz/JetMETAnalysis/jet12_m //eos/home-y/yiyu/monobc/A2000.yoda.gz/JetMETAnalysis/jet12_m //eos/home-y/yiyu/monobc/A2600.yoda.gz/JetMETAnalysis/jet12_m //eos/home-y/yiyu/monobc/C600.yoda.gz/JetMETAnalysis/jet12_m //eos/home-y/yiyu/monobc/C1000.yoda.gz/JetMETAnalysis/jet12_m //eos/home-y/yiyu/monobc/C1500.yoda.gz/JetMETAnalysis/jet12_m //eos/home-y/yiyu/monobc/C2000.yoda.gz/JetMETAnalysis/jet12_m //eos/home-y/yiyu/monobc/C2600.yoda.gz/JetMETAnalysis/jet12_m //eos/home-y/yiyu/monobc/D600.yoda.gz/JetMETAnalysis/jet12_m //eos/home-y/yiyu/monobc/D1000.yoda.gz/JetMETAnalysis/jet12_m //eos/home-y/yiyu/monobc/D1500.yoda.gz/JetMETAnalysis/jet12_m //eos/home-y/yiyu/monobc/D2000.yoda.gz/JetMETAnalysis/jet12_m //eos/home-y/yiyu/monobc/D2600.yoda.gz/JetMETAnalysis/jet12_m
RatioPlot=1
RatioPlotReference=//eos/home-y/yiyu/monobc/A600.yoda.gz/JetMETAnalysis/jet12_m
RatioPlotYLabel=Ratio
# END PLOT

# BEGIN HISTO1D //eos/home-y/yiyu/monobc/A600.yoda.gz/JetMETAnalysis/jet12_m
ErrorBars=1
LineColor=red
LineStyle=solid
Path=//eos/home-y/yiyu/monobc/A600.yoda.gz/JetMETAnalysis/jet12_m
ScaledBy=5.21401125168643785e-06
Title=A600
# xlow	 xhigh	 val	 errminus	 errplus
5.000000e+01	5.426665e+01	4.068782e-03	2.877063e-03	2.877063e-03
5.426665e+01	5.889739e+01	7.497752e-03	3.748876e-03	3.748876e-03
5.889739e+01	6.392328e+01	3.454129e-03	2.442438e-03	2.442438e-03
6.392328e+01	6.937805e+01	4.773822e-03	2.756168e-03	2.756168e-03
6.937805e+01	7.529829e+01	1.026314e-02	3.879101e-03	3.879101e-03
7.529829e+01	8.172373e+01	5.403543e-03	2.701771e-03	2.701771e-03
8.172373e+01	8.869746e+01	1.867014e-02	4.820610e-03	4.820610e-03
8.869746e+01	9.626628e+01	2.064266e-02	4.865523e-03	4.865523e-03
9.626628e+01	1.044810e+02	8.453151e-03	2.988640e-03	2.988640e-03
1.044810e+02	1.133967e+02	1.655065e-02	4.014121e-03	4.014121e-03
1.133967e+02	1.230731e+02	1.614656e-02	4.011646e-03	4.011646e-03
1.230731e+02	1.335753e+02	1.487694e-02	3.506529e-03	3.506529e-03
1.335753e+02	1.449737e+02	2.817600e-02	4.632105e-03	4.632105e-03
1.449737e+02	1.573448e+02	2.034750e-02	3.778437e-03	3.778437e-03
1.573448e+02	1.707715e+02	2.521255e-02	4.037239e-03	4.037239e-03
1.707715e+02	1.853439e+02	3.037809e-02	4.253784e-03	4.253784e-03
1.853439e+02	2.011599e+02	3.841694e-02	4.591703e-03	4.591703e-03
2.011599e+02	2.183255e+02	4.095882e-02	4.550980e-03	4.550980e-03
2.183255e+02	2.369559e+02	4.472708e-02	4.564938e-03	4.564938e-03
2.369559e+02	2.571760e+02	5.537678e-02	4.950670e-03	4.950670e-03
2.571760e+02	2.791217e+02	6.367922e-02	5.080587e-03	5.080587e-03
2.791217e+02	3.029400e+02	8.126726e-02	5.490648e-03	5.490648e-03
3.029400e+02	3.287907e+02	1.044262e-01	5.959425e-03	5.959425e-03
3.287907e+02	3.568475e+02	1.475712e-01	6.785094e-03	6.785094e-03
3.568475e+02	3.872983e+02	1.932646e-01	7.444146e-03	7.444146e-03
3.872983e+02	4.203477e+02	2.681536e-01	8.424915e-03	8.424915e-03
4.203477e+02	4.562172e+02	3.518524e-01	9.259053e-03	9.259053e-03
4.562172e+02	4.951476e+02	4.778094e-01	1.034557e-02	1.034557e-02
4.951476e+02	5.374001e+02	6.372515e-01	1.150055e-02	1.150055e-02
5.374001e+02	5.832581e+02	7.609085e-01	1.211101e-02	1.211101e-02
5.832581e+02	6.330293e+02	6.770158e-01	1.094135e-02	1.094135e-02
6.330293e+02	6.870476e+02	5.688317e-01	9.595579e-03	9.595579e-03
6.870476e+02	7.456754e+02	5.415786e-01	9.005726e-03	9.005726e-03
7.456754e+02	8.093062e+02	5.026800e-01	8.341262e-03	8.341262e-03
8.093062e+02	8.783667e+02	4.613985e-01	7.681341e-03	7.681341e-03
8.783667e+02	9.533204e+02	3.939696e-01	6.788204e-03	6.788204e-03
9.533204e+02	1.034670e+03	3.250093e-01	5.921631e-03	5.921631e-03
1.034670e+03	1.122962e+03	2.642587e-01	5.131019e-03	5.131019e-03
1.122962e+03	1.218787e+03	1.915812e-01	4.205002e-03	4.205002e-03
1.218787e+03	1.322790e+03	1.355382e-01	3.398348e-03	3.398348e-03
1.322790e+03	1.435668e+03	9.366112e-02	2.718737e-03	2.718737e-03
1.435668e+03	1.558178e+03	6.348307e-02	2.149037e-03	2.149037e-03
1.558178e+03	1.691142e+03	3.929922e-02	1.641141e-03	1.641141e-03
1.691142e+03	1.835452e+03	2.291659e-02	1.183261e-03	1.183261e-03
1.835452e+03	1.992077e+03	1.330061e-02	8.970382e-04	8.970382e-04
1.992077e+03	2.162067e+03	7.352933e-03	6.169849e-04	6.169849e-04
2.162067e+03	2.346563e+03	3.763782e-03	4.609673e-04	4.609673e-04
2.346563e+03	2.546802e+03	1.994025e-03	3.125896e-04	3.125896e-04
2.546802e+03	2.764129e+03	1.078379e-03	2.075342e-04	2.075342e-04
2.764129e+03	3.000000e+03	3.679992e-04	1.471997e-04	1.471997e-04
# END HISTO1D


# BEGIN HISTO1D //eos/home-y/yiyu/monobc/A1000.yoda.gz/JetMETAnalysis/jet12_m
ErrorBars=1
LineColor=blue
LineStyle=solid
Path=//eos/home-y/yiyu/monobc/A1000.yoda.gz/JetMETAnalysis/jet12_m
ScaledBy=4.00138196213606137e-06
Title=A1000
# xlow	 xhigh	 val	 errminus	 errplus
5.000000e+01	5.426665e+01	0.000000e+00	0.000000e+00	0.000000e+00
5.426665e+01	5.889739e+01	3.600651e-04	2.546046e-04	2.546046e-04
5.889739e+01	6.392328e+01	4.976339e-04	2.873090e-04	2.873090e-04
6.392328e+01	6.937805e+01	1.528358e-04	1.528358e-04	1.528358e-04
6.937805e+01	7.529829e+01	5.632773e-04	2.816386e-04	2.816386e-04
7.529829e+01	8.172373e+01	1.297474e-03	4.102974e-04	4.102974e-04
8.172373e+01	8.869746e+01	1.315010e-03	3.964905e-04	3.964905e-04
8.869746e+01	9.626628e+01	1.101472e-03	3.483160e-04	3.483160e-04
9.626628e+01	1.044810e+02	1.217839e-03	3.515600e-04	3.515600e-04
1.044810e+02	1.133967e+02	1.589626e-03	3.855410e-04	3.855410e-04
1.133967e+02	1.230731e+02	8.615644e-04	2.984547e-04	2.984547e-04
1.230731e+02	1.335753e+02	7.144368e-04	2.381456e-04	2.381456e-04
1.335753e+02	1.449737e+02	4.388427e-04	1.791568e-04	1.791568e-04
1.449737e+02	1.573448e+02	6.738966e-04	2.334446e-04	2.334446e-04
1.573448e+02	1.707715e+02	6.209152e-04	1.963506e-04	1.963506e-04
1.707715e+02	1.853439e+02	9.153571e-04	2.427207e-04	2.427207e-04
1.853439e+02	2.011599e+02	1.581344e-03	2.887125e-04	2.887125e-04
2.011599e+02	2.183255e+02	9.713427e-04	2.278001e-04	2.278001e-04
2.183255e+02	2.369559e+02	1.834692e-03	2.865308e-04	2.865308e-04
2.369559e+02	2.571760e+02	1.071992e-03	2.258286e-04	2.258286e-04
2.571760e+02	2.791217e+02	1.367586e-03	2.279310e-04	2.279310e-04
2.791217e+02	3.029400e+02	1.295068e-03	2.129079e-04	2.129079e-04
3.029400e+02	3.287907e+02	1.386749e-03	2.163393e-04	2.163393e-04
3.287907e+02	3.568475e+02	1.545136e-03	2.142719e-04	2.142719e-04
3.568475e+02	3.872983e+02	1.615306e-03	2.102950e-04	2.102950e-04
3.872983e+02	4.203477e+02	2.648667e-03	2.609335e-04	2.609335e-04
4.203477e+02	4.562172e+02	3.207416e-03	2.750048e-04	2.750048e-04
4.562172e+02	4.951476e+02	3.533431e-03	2.783916e-04	2.783916e-04
4.951476e+02	5.374001e+02	4.991944e-03	3.175404e-04	3.175404e-04
5.374001e+02	5.832581e+02	6.453790e-03	3.482728e-04	3.482728e-04
5.832581e+02	6.330293e+02	8.458918e-03	3.859853e-04	3.859853e-04
6.330293e+02	6.870476e+02	1.245473e-02	4.491614e-04	4.491614e-04
6.870476e+02	7.456754e+02	1.800245e-02	5.134957e-04	5.134957e-04
7.456754e+02	8.093062e+02	2.307244e-02	5.615505e-04	5.615505e-04
8.093062e+02	8.783667e+02	3.319744e-02	6.433258e-04	6.433258e-04
8.783667e+02	9.533204e+02	4.518022e-02	7.232292e-04	7.232292e-04
9.533204e+02	1.034670e+03	4.822787e-02	7.159061e-04	7.159061e-04
1.034670e+03	1.122962e+03	3.640027e-02	5.981565e-04	5.981565e-04
1.122962e+03	1.218787e+03	3.379977e-02	5.544204e-04	5.544204e-04
1.218787e+03	1.322790e+03	3.190353e-02	5.150217e-04	5.150217e-04
1.322790e+03	1.435668e+03	2.894460e-02	4.737805e-04	4.737805e-04
1.435668e+03	1.558178e+03	2.444367e-02	4.171655e-04	4.171655e-04
1.558178e+03	1.691142e+03	1.969407e-02	3.619805e-04	3.619805e-04
1.691142e+03	1.835452e+03	1.414797e-02	2.955337e-04	2.955337e-04
1.835452e+03	1.992077e+03	1.005477e-02	2.397627e-04	2.397627e-04
1.992077e+03	2.162067e+03	6.257903e-03	1.829776e-04	1.829776e-04
2.162067e+03	2.346563e+03	4.044247e-03	1.423932e-04	1.423932e-04
2.346563e+03	2.546802e+03	2.369001e-03	1.070419e-04	1.070419e-04
2.546802e+03	2.764129e+03	1.204530e-03	7.458196e-05	7.458196e-05
2.764129e+03	3.000000e+03	5.655189e-04	5.097517e-05	5.097517e-05
# END HISTO1D


# BEGIN HISTO1D //eos/home-y/yiyu/monobc/A1500.yoda.gz/JetMETAnalysis/jet12_m
ErrorBars=1
LineColor=green
LineStyle=solid
Path=//eos/home-y/yiyu/monobc/A1500.yoda.gz/JetMETAnalysis/jet12_m
ScaledBy=3.22616518003077697e-06
Title=A1500
# xlow	 xhigh	 val	 errminus	 errplus
5.000000e+01	5.426665e+01	6.278153e-05	3.139077e-05	3.139077e-05
5.426665e+01	5.889739e+01	4.338402e-05	2.504778e-05	2.504778e-05
5.889739e+01	6.392328e+01	1.199191e-04	3.997304e-05	3.997304e-05
6.392328e+01	6.937805e+01	1.227672e-04	3.882241e-05	3.882241e-05
6.937805e+01	7.529829e+01	2.149181e-04	4.930562e-05	4.930562e-05
7.529829e+01	8.172373e+01	1.563319e-04	4.036470e-05	4.036470e-05
8.172373e+01	8.869746e+01	1.344379e-04	3.593005e-05	3.593005e-05
8.869746e+01	9.626628e+01	1.592588e-04	3.753764e-05	3.753764e-05
9.626628e+01	1.044810e+02	2.201050e-04	4.235923e-05	4.235923e-05
1.044810e+02	1.133967e+02	1.877775e-04	3.755550e-05	3.755550e-05
1.133967e+02	1.230731e+02	1.868568e-04	3.596061e-05	3.596061e-05
1.230731e+02	1.335753e+02	2.295520e-04	3.825867e-05	3.825867e-05
1.335753e+02	1.449737e+02	1.703778e-04	3.163836e-05	3.163836e-05
1.449737e+02	1.573448e+02	1.245026e-04	2.596059e-05	2.596059e-05
1.573448e+02	1.707715e+02	1.745652e-04	2.950691e-05	2.950691e-05
1.707715e+02	1.853439e+02	1.562452e-04	2.679583e-05	2.679583e-05
1.853439e+02	2.011599e+02	8.468222e-05	1.893552e-05	1.893552e-05
2.011599e+02	2.183255e+02	1.092340e-04	2.064329e-05	2.064329e-05
2.183255e+02	2.369559e+02	1.114291e-04	2.064875e-05	2.064875e-05
2.369559e+02	2.571760e+02	6.292585e-05	1.443618e-05	1.443618e-05
2.571760e+02	2.791217e+02	9.459566e-05	1.698988e-05	1.698988e-05
2.791217e+02	3.029400e+02	1.124626e-04	1.778190e-05	1.778190e-05
3.029400e+02	3.287907e+02	8.807761e-05	1.596903e-05	1.596903e-05
3.287907e+02	3.568475e+02	8.353893e-05	1.412065e-05	1.412065e-05
3.568475e+02	3.872983e+02	8.356874e-05	1.355664e-05	1.355664e-05
3.872983e+02	4.203477e+02	8.712921e-05	1.359257e-05	1.359257e-05
4.203477e+02	4.562172e+02	1.101503e-04	1.458138e-05	1.458138e-05
4.562172e+02	4.951476e+02	8.084774e-05	1.252299e-05	1.252299e-05
4.951476e+02	5.374001e+02	9.351009e-05	1.277801e-05	1.277801e-05
5.374001e+02	5.832581e+02	1.022214e-04	1.273065e-05	1.273065e-05
5.832581e+02	6.330293e+02	1.157122e-04	1.304502e-05	1.304502e-05
6.330293e+02	6.870476e+02	1.388469e-04	1.435061e-05	1.435061e-05
6.870476e+02	7.456754e+02	1.793308e-04	1.511034e-05	1.511034e-05
7.456754e+02	8.093062e+02	2.389007e-04	1.673986e-05	1.673986e-05
8.093062e+02	8.783667e+02	3.229040e-04	1.892743e-05	1.892743e-05
8.783667e+02	9.533204e+02	4.502942e-04	2.181167e-05	2.181167e-05
9.533204e+02	1.034670e+03	6.445628e-04	2.440607e-05	2.440607e-05
1.034670e+03	1.122962e+03	8.646541e-04	2.738901e-05	2.738901e-05
1.122962e+03	1.218787e+03	1.219482e-03	3.141689e-05	3.141689e-05
1.218787e+03	1.322790e+03	1.743016e-03	3.576355e-05	3.576355e-05
1.322790e+03	1.435668e+03	2.422899e-03	4.038570e-05	4.038570e-05
1.435668e+03	1.558178e+03	2.676263e-03	4.129803e-05	4.129803e-05
1.558178e+03	1.691142e+03	1.829240e-03	3.312593e-05	3.312593e-05
1.691142e+03	1.835452e+03	1.658970e-03	3.048266e-05	3.048266e-05
1.835452e+03	1.992077e+03	1.532378e-03	2.814116e-05	2.814116e-05
1.992077e+03	2.162067e+03	1.321685e-03	2.510452e-05	2.510452e-05
2.162067e+03	2.346563e+03	1.026119e-03	2.155632e-05	2.155632e-05
2.346563e+03	2.546802e+03	7.401021e-04	1.805633e-05	1.805633e-05
2.546802e+03	2.764129e+03	5.068869e-04	1.471016e-05	1.471016e-05
2.764129e+03	3.000000e+03	2.918619e-04	1.136359e-05	1.136359e-05
# END HISTO1D


# BEGIN HISTO1D //eos/home-y/yiyu/monobc/A2000.yoda.gz/JetMETAnalysis/jet12_m
ErrorBars=1
LineColor=orange
LineStyle=solid
Path=//eos/home-y/yiyu/monobc/A2000.yoda.gz/JetMETAnalysis/jet12_m
ScaledBy=2.74469287009081753e-06
Title=A2000
# xlow	 xhigh	 val	 errminus	 errplus
5.000000e+01	5.426665e+01	1.477026e-05	4.923421e-06	4.923421e-06
5.426665e+01	5.889739e+01	2.721792e-05	6.415324e-06	6.415324e-06
5.889739e+01	6.392328e+01	3.204408e-05	6.681648e-06	6.681648e-06
6.392328e+01	6.937805e+01	4.492875e-05	7.594345e-06	7.594345e-06
6.937805e+01	7.529829e+01	4.257905e-05	7.096509e-06	7.096509e-06
7.529829e+01	8.172373e+01	7.628302e-05	9.117566e-06	9.117566e-06
8.172373e+01	8.869746e+01	5.622839e-05	7.513835e-06	7.513835e-06
8.869746e+01	9.626628e+01	6.198397e-05	7.572547e-06	7.572547e-06
9.626628e+01	1.044810e+02	5.114359e-05	6.602610e-06	6.602610e-06
1.044810e+02	1.133967e+02	5.026403e-05	6.283003e-06	6.283003e-06
1.133967e+02	1.230731e+02	6.078525e-05	6.632215e-06	6.632215e-06
1.230731e+02	1.335753e+02	4.800484e-05	5.735461e-06	5.735461e-06
1.335753e+02	1.449737e+02	4.730201e-05	5.390565e-06	5.390565e-06
1.449737e+02	1.573448e+02	4.301680e-05	4.934365e-06	4.934365e-06
1.573448e+02	1.707715e+02	3.754879e-05	4.425168e-06	4.425168e-06
1.707715e+02	1.853439e+02	3.699920e-05	4.270859e-06	4.270859e-06
1.853439e+02	2.011599e+02	3.674635e-05	4.033436e-06	4.033436e-06
2.011599e+02	2.183255e+02	2.692264e-05	3.363785e-06	3.363785e-06
2.183255e+02	2.369559e+02	3.119527e-05	3.424125e-06	3.424125e-06
2.369559e+02	2.571760e+02	2.631862e-05	3.018952e-06	3.018952e-06
2.571760e+02	2.791217e+02	2.233476e-05	2.669515e-06	2.669515e-06
2.791217e+02	3.029400e+02	2.146075e-05	2.545966e-06	2.545966e-06
3.029400e+02	3.287907e+02	1.733566e-05	2.200556e-06	2.200556e-06
3.287907e+02	3.568475e+02	1.996570e-05	2.259964e-06	2.259964e-06
3.568475e+02	3.872983e+02	1.609652e-05	1.923903e-06	1.923903e-06
3.872983e+02	4.203477e+02	1.716146e-05	1.906829e-06	1.906829e-06
4.203477e+02	4.562172e+02	1.190796e-05	1.573853e-06	1.573853e-06
4.562172e+02	4.951476e+02	1.456897e-05	1.696832e-06	1.696832e-06
4.951476e+02	5.374001e+02	1.126910e-05	1.500677e-06	1.500677e-06
5.374001e+02	5.832581e+02	1.145194e-05	1.407755e-06	1.407755e-06
5.832581e+02	6.330293e+02	1.167704e-05	1.356738e-06	1.356738e-06
6.330293e+02	6.870476e+02	1.075895e-05	1.236552e-06	1.236552e-06
6.870476e+02	7.456754e+02	1.051022e-05	1.182339e-06	1.182339e-06
7.456754e+02	8.093062e+02	1.111442e-05	1.240130e-06	1.240130e-06
8.093062e+02	8.783667e+02	1.186285e-05	1.254148e-06	1.254148e-06
8.783667e+02	9.533204e+02	1.382615e-05	1.340828e-06	1.340828e-06
9.533204e+02	1.034670e+03	1.514921e-05	1.377201e-06	1.377201e-06
1.034670e+03	1.122962e+03	2.006466e-05	1.451556e-06	1.451556e-06
1.122962e+03	1.218787e+03	2.484464e-05	1.663102e-06	1.663102e-06
1.218787e+03	1.322790e+03	3.366332e-05	1.841356e-06	1.841356e-06
1.322790e+03	1.435668e+03	4.658685e-05	2.086194e-06	2.086194e-06
1.435668e+03	1.558178e+03	6.418610e-05	2.344786e-06	2.344786e-06
1.558178e+03	1.691142e+03	8.478611e-05	2.601319e-06	2.601319e-06
1.691142e+03	1.835452e+03	1.172770e-04	2.971734e-06	2.971734e-06
1.835452e+03	1.992077e+03	1.774852e-04	3.560285e-06	3.560285e-06
1.992077e+03	2.162067e+03	1.102701e-04	2.824860e-06	2.824860e-06
2.162067e+03	2.346563e+03	8.607737e-05	2.460219e-06	2.460219e-06
2.346563e+03	2.546802e+03	7.612768e-05	2.254624e-06	2.254624e-06
2.546802e+03	2.764129e+03	6.115264e-05	2.049425e-06	2.049425e-06
2.764129e+03	3.000000e+03	4.571711e-05	1.763285e-06	1.763285e-06
# END HISTO1D


# BEGIN HISTO1D //eos/home-y/yiyu/monobc/A2600.yoda.gz/JetMETAnalysis/jet12_m
ErrorBars=1
LineColor=lilac
LineStyle=solid
Path=//eos/home-y/yiyu/monobc/A2600.yoda.gz/JetMETAnalysis/jet12_m
ScaledBy=2.62727164953756670e-06
Title=A2600
# xlow	 xhigh	 val	 errminus	 errplus
5.000000e+01	5.426665e+01	6.903725e-06	1.150621e-06	1.150621e-06
5.426665e+01	5.889739e+01	1.183838e-05	1.446289e-06	1.446289e-06
5.889739e+01	6.392328e+01	1.481482e-05	1.553015e-06	1.553015e-06
6.392328e+01	6.937805e+01	1.980001e-05	1.723370e-06	1.723370e-06
6.937805e+01	7.529829e+01	2.128382e-05	1.715099e-06	1.715099e-06
7.529829e+01	8.172373e+01	2.661408e-05	1.840934e-06	1.840934e-06
8.172373e+01	8.869746e+01	2.452163e-05	1.704293e-06	1.704293e-06
8.869746e+01	9.626628e+01	2.691778e-05	1.705845e-06	1.705845e-06
9.626628e+01	1.044810e+02	2.659417e-05	1.627537e-06	1.627537e-06
1.044810e+02	1.133967e+02	2.578807e-05	1.543853e-06	1.543853e-06
1.133967e+02	1.230731e+02	2.080125e-05	1.326239e-06	1.326239e-06
1.230731e+02	1.335753e+02	2.049008e-05	1.263472e-06	1.263472e-06
1.335753e+02	1.449737e+02	2.081719e-05	1.226636e-06	1.226636e-06
1.449737e+02	1.573448e+02	2.017249e-05	1.155074e-06	1.155074e-06
1.573448e+02	1.707715e+02	1.901312e-05	1.076406e-06	1.076406e-06
1.707715e+02	1.853439e+02	1.746213e-05	9.933656e-07	9.933656e-07
1.853439e+02	2.011599e+02	1.702030e-05	9.383598e-07	9.383598e-07
2.011599e+02	2.183255e+02	1.539613e-05	8.593118e-07	8.593118e-07
2.183255e+02	2.369559e+02	1.251673e-05	7.466118e-07	7.466118e-07
2.369559e+02	2.571760e+02	1.319175e-05	7.328611e-07	7.328611e-07
2.571760e+02	2.791217e+02	1.163250e-05	6.585608e-07	6.585608e-07
2.791217e+02	3.029400e+02	1.133630e-05	6.278134e-07	6.278134e-07
3.029400e+02	3.287907e+02	1.142623e-05	6.013806e-07	6.013806e-07
3.287907e+02	3.568475e+02	9.682066e-06	5.345638e-07	5.345638e-07
3.568475e+02	3.872983e+02	8.947745e-06	4.903334e-07	4.903334e-07
3.872983e+02	4.203477e+02	7.352938e-06	4.266608e-07	4.266608e-07
4.203477e+02	4.562172e+02	7.025763e-06	4.016276e-07	4.016276e-07
4.562172e+02	4.951476e+02	6.410309e-06	3.718359e-07	3.718359e-07
4.951476e+02	5.374001e+02	5.828841e-06	3.404042e-07	3.404042e-07
5.374001e+02	5.832581e+02	5.263505e-06	3.116039e-07	3.116039e-07
5.832581e+02	6.330293e+02	5.014062e-06	2.899147e-07	2.899147e-07
6.330293e+02	6.870476e+02	3.862489e-06	2.502698e-07	2.502698e-07
6.870476e+02	7.456754e+02	3.600677e-06	2.276173e-07	2.276173e-07
7.456754e+02	8.093062e+02	2.970384e-06	2.020920e-07	2.020920e-07
8.093062e+02	8.783667e+02	2.440650e-06	1.827792e-07	1.827792e-07
8.783667e+02	9.533204e+02	2.652658e-06	1.763580e-07	1.763580e-07
9.533204e+02	1.034670e+03	2.132301e-06	1.558183e-07	1.558183e-07
1.034670e+03	1.122962e+03	1.862700e-06	1.514266e-07	1.514266e-07
1.122962e+03	1.218787e+03	1.776040e-06	1.403044e-07	1.403044e-07
1.218787e+03	1.322790e+03	1.636385e-06	1.407334e-07	1.407334e-07
1.322790e+03	1.435668e+03	1.645450e-06	1.381058e-07	1.381058e-07
1.435668e+03	1.558178e+03	1.516081e-06	1.458666e-07	1.458666e-07
1.558178e+03	1.691142e+03	2.030710e-06	1.559199e-07	1.559199e-07
1.691142e+03	1.835452e+03	2.262271e-06	1.731859e-07	1.731859e-07
1.835452e+03	1.992077e+03	2.397837e-06	1.887175e-07	1.887175e-07
1.992077e+03	2.162067e+03	3.017951e-06	2.111836e-07	2.111836e-07
2.162067e+03	2.346563e+03	4.009124e-06	2.435549e-07	2.435549e-07
2.346563e+03	2.546802e+03	5.765625e-06	2.889089e-07	2.889089e-07
2.546802e+03	2.764129e+03	2.225061e-06	2.595603e-07	2.595603e-07
2.764129e+03	3.000000e+03	2.393551e-07	1.969965e-07	1.969965e-07
# END HISTO1D


# BEGIN HISTO1D //eos/home-y/yiyu/monobc/C600.yoda.gz/JetMETAnalysis/jet12_m
ErrorBars=1
LineColor=red
LineStyle=dashed
Path=//eos/home-y/yiyu/monobc/C600.yoda.gz/JetMETAnalysis/jet12_m
ScaledBy=5.90211502197280713e-06
Title=C600
# xlow	 xhigh	 val	 errminus	 errplus
5.000000e+01	5.426665e+01	0.000000e+00	0.000000e+00	0.000000e+00
5.426665e+01	5.889739e+01	4.224996e-03	2.987525e-03	2.987525e-03
5.889739e+01	6.392328e+01	3.892815e-03	2.752637e-03	2.752637e-03
6.392328e+01	6.937805e+01	1.614035e-02	5.947943e-03	5.947943e-03
6.937805e+01	7.529829e+01	6.609484e-03	3.304742e-03	3.304742e-03
7.529829e+01	8.172373e+01	1.217963e-02	4.306148e-03	4.306148e-03
8.172373e+01	8.869746e+01	1.402755e-02	4.435900e-03	4.435900e-03
8.869746e+01	9.626628e+01	2.972668e-02	6.198443e-03	6.198443e-03
9.626628e+01	1.044810e+02	2.858021e-02	5.833910e-03	5.833910e-03
1.044810e+02	1.133967e+02	1.865264e-02	4.523930e-03	4.523930e-03
1.133967e+02	1.230731e+02	3.235065e-02	5.718841e-03	5.718841e-03
1.230731e+02	1.335753e+02	2.514956e-02	4.840034e-03	4.840034e-03
1.335753e+02	1.449737e+02	2.746331e-02	4.854873e-03	4.854873e-03
1.449737e+02	1.573448e+02	3.479294e-02	5.245234e-03	5.245234e-03
1.573448e+02	1.707715e+02	3.351471e-02	4.941474e-03	4.941474e-03
1.707715e+02	1.853439e+02	4.363441e-02	5.412183e-03	5.412183e-03
1.853439e+02	2.011599e+02	4.205902e-02	5.100405e-03	5.100405e-03
2.011599e+02	2.183255e+02	5.641870e-02	5.727282e-03	5.727282e-03
2.183255e+02	2.369559e+02	5.723361e-02	5.532050e-03	5.532050e-03
2.369559e+02	2.571760e+02	7.015064e-02	5.825693e-03	5.825693e-03
2.571760e+02	2.791217e+02	8.959701e-02	6.351048e-03	6.351048e-03
2.791217e+02	3.029400e+02	1.121240e-01	6.810867e-03	6.810867e-03
3.029400e+02	3.287907e+02	1.411508e-01	7.367059e-03	7.367059e-03
3.287907e+02	3.568475e+02	1.938579e-01	8.265647e-03	8.265647e-03
3.568475e+02	3.872983e+02	2.711381e-01	9.366074e-03	9.366074e-03
3.872983e+02	4.203477e+02	3.605209e-01	1.037248e-02	1.037248e-02
4.203477e+02	4.562172e+02	4.606289e-01	1.128097e-02	1.128097e-02
4.562172e+02	4.951476e+02	5.784467e-01	1.211368e-02	1.211368e-02
4.951476e+02	5.374001e+02	7.341599e-01	1.310716e-02	1.310716e-02
5.374001e+02	5.832581e+02	8.417611e-01	1.348480e-02	1.348480e-02
5.832581e+02	6.330293e+02	7.044283e-01	1.184844e-02	1.184844e-02
6.330293e+02	6.870476e+02	6.276745e-01	1.071983e-02	1.071983e-02
6.870476e+02	7.456754e+02	5.910058e-01	9.989121e-03	9.989121e-03
7.456754e+02	8.093062e+02	5.373121e-01	9.132828e-03	9.132828e-03
8.093062e+02	8.783667e+02	5.007334e-01	8.471817e-03	8.471817e-03
8.783667e+02	9.533204e+02	4.299098e-01	7.544961e-03	7.544961e-03
9.533204e+02	1.034670e+03	3.634008e-01	6.638942e-03	6.638942e-03
1.034670e+03	1.122962e+03	2.787636e-01	5.588356e-03	5.588356e-03
1.122962e+03	1.218787e+03	2.057041e-01	4.618777e-03	4.618777e-03
1.218787e+03	1.322790e+03	1.501184e-01	3.818384e-03	3.818384e-03
1.322790e+03	1.435668e+03	1.089364e-01	3.099366e-03	3.099366e-03
1.435668e+03	1.558178e+03	7.122627e-02	2.421973e-03	2.421973e-03
1.558178e+03	1.691142e+03	4.539395e-02	1.862695e-03	1.862695e-03
1.691142e+03	1.835452e+03	2.731841e-02	1.400762e-03	1.400762e-03
1.835452e+03	1.992077e+03	1.623899e-02	1.033858e-03	1.033858e-03
1.992077e+03	2.162067e+03	1.012829e-02	8.056594e-04	8.056594e-04
2.162067e+03	2.346563e+03	5.567356e-03	5.784067e-04	5.784067e-04
2.346563e+03	2.546802e+03	2.540397e-03	3.846751e-04	3.846751e-04
2.546802e+03	2.764129e+03	1.305362e-03	2.738004e-04	2.738004e-04
2.764129e+03	3.000000e+03	7.465259e-04	1.854758e-04	1.854758e-04
# END HISTO1D


# BEGIN HISTO1D //eos/home-y/yiyu/monobc/C1000.yoda.gz/JetMETAnalysis/jet12_m
ErrorBars=1
LineColor=blue
LineStyle=dashed
Path=//eos/home-y/yiyu/monobc/C1000.yoda.gz/JetMETAnalysis/jet12_m
ScaledBy=4.98836569259182364e-06
Title=C1000
# xlow	 xhigh	 val	 errminus	 errplus
5.000000e+01	5.426665e+01	2.433005e-04	2.433006e-04	2.433006e-04
5.426665e+01	5.889739e+01	0.000000e+00	0.000000e+00	0.000000e+00
5.889739e+01	6.392328e+01	6.196385e-04	3.577485e-04	3.577485e-04
6.392328e+01	6.937805e+01	1.141839e-03	4.661539e-04	4.661539e-04
6.937805e+01	7.529829e+01	7.013758e-04	3.506879e-04	3.506879e-04
7.529829e+01	8.172373e+01	4.846726e-04	2.798259e-04	2.798259e-04
8.172373e+01	8.869746e+01	1.637411e-03	4.936979e-04	4.936979e-04
8.869746e+01	9.626628e+01	1.234367e-03	4.114558e-04	4.114558e-04
9.626628e+01	1.044810e+02	1.263680e-03	3.996110e-04	3.996110e-04
1.044810e+02	1.133967e+02	8.150283e-04	3.080518e-04	3.080518e-04
1.133967e+02	1.230731e+02	6.436764e-04	2.627798e-04	2.627798e-04
1.230731e+02	1.335753e+02	6.919072e-04	2.615164e-04	2.615164e-04
1.335753e+02	1.449737e+02	1.457156e-03	3.642892e-04	3.642892e-04
1.449737e+02	1.573448e+02	1.594320e-03	3.657621e-04	3.657621e-04
1.573448e+02	1.707715e+02	1.778233e-03	3.707872e-04	3.707872e-04
1.707715e+02	1.853439e+02	1.139775e-03	2.849437e-04	2.849437e-04
1.853439e+02	2.011599e+02	8.532511e-04	2.366493e-04	2.366493e-04
2.011599e+02	2.183255e+02	1.269961e-03	2.771282e-04	2.771282e-04
2.183255e+02	2.369559e+02	1.448710e-03	2.841153e-04	2.841153e-04
2.369559e+02	2.571760e+02	1.694185e-03	2.949197e-04	2.949197e-04
2.571760e+02	2.791217e+02	2.412409e-03	3.378048e-04	3.378048e-04
2.791217e+02	3.029400e+02	1.307497e-03	2.387152e-04	2.387152e-04
3.029400e+02	3.287907e+02	1.807051e-03	2.753003e-04	2.753003e-04
3.287907e+02	3.568475e+02	2.219950e-03	2.959934e-04	2.959934e-04
3.568475e+02	3.872983e+02	2.590866e-03	3.010778e-04	3.010778e-04
3.872983e+02	4.203477e+02	3.643549e-03	3.440782e-04	3.440782e-04
4.203477e+02	4.562172e+02	4.109539e-03	3.496884e-04	3.496884e-04
4.562172e+02	4.951476e+02	4.906356e-03	3.675514e-04	3.675514e-04
4.951476e+02	5.374001e+02	6.559775e-03	4.059374e-04	4.059374e-04
5.374001e+02	5.832581e+02	9.575365e-03	4.732120e-04	4.732120e-04
5.832581e+02	6.330293e+02	1.222221e-02	5.142850e-04	5.142850e-04
6.330293e+02	6.870476e+02	1.714171e-02	5.841511e-04	5.841511e-04
6.870476e+02	7.456754e+02	2.298271e-02	6.471871e-04	6.471871e-04
7.456754e+02	8.093062e+02	3.075206e-02	7.191164e-04	7.191164e-04
8.093062e+02	8.783667e+02	4.192268e-02	8.132270e-04	8.132270e-04
8.783667e+02	9.533204e+02	5.805749e-02	9.147025e-04	9.147025e-04
9.533204e+02	1.034670e+03	5.840576e-02	8.803038e-04	8.803038e-04
1.034670e+03	1.122962e+03	4.533627e-02	7.443422e-04	7.443422e-04
1.122962e+03	1.218787e+03	4.208645e-02	6.894971e-04	6.894971e-04
1.218787e+03	1.322790e+03	3.762925e-02	6.279458e-04	6.279458e-04
1.322790e+03	1.435668e+03	3.541558e-02	5.806895e-04	5.806895e-04
1.435668e+03	1.558178e+03	2.938581e-02	5.133240e-04	5.133240e-04
1.558178e+03	1.691142e+03	2.380420e-02	4.447372e-04	4.447372e-04
1.691142e+03	1.835452e+03	1.704834e-02	3.623928e-04	3.623928e-04
1.835452e+03	1.992077e+03	1.230781e-02	2.958848e-04	2.958848e-04
1.992077e+03	2.162067e+03	8.011995e-03	2.304421e-04	2.304421e-04
2.162067e+03	2.346563e+03	4.872604e-03	1.775713e-04	1.775713e-04
2.346563e+03	2.546802e+03	2.835756e-03	1.304317e-04	1.304317e-04
2.546802e+03	2.764129e+03	1.662248e-03	9.742337e-05	9.742337e-05
2.764129e+03	3.000000e+03	6.953648e-04	6.732301e-05	6.732301e-05
# END HISTO1D


# BEGIN HISTO1D //eos/home-y/yiyu/monobc/C1500.yoda.gz/JetMETAnalysis/jet12_m
ErrorBars=1
LineColor=green
LineStyle=dashed
Path=//eos/home-y/yiyu/monobc/C1500.yoda.gz/JetMETAnalysis/jet12_m
ScaledBy=4.29919801299068407e-06
Title=C1500
# xlow	 xhigh	 val	 errminus	 errplus
5.000000e+01	5.426665e+01	6.271103e-05	3.620622e-05	3.620622e-05
5.426665e+01	5.889739e+01	7.704052e-05	3.852026e-05	3.852026e-05
5.889739e+01	6.392328e+01	1.952043e-04	5.885631e-05	5.885631e-05
6.392328e+01	6.937805e+01	1.471552e-04	4.905174e-05	4.905174e-05
6.937805e+01	7.529829e+01	2.410407e-04	6.026017e-05	6.026017e-05
7.529829e+01	8.172373e+01	2.498500e-04	5.889020e-05	5.889020e-05
8.172373e+01	8.869746e+01	2.174169e-04	5.273136e-05	5.273136e-05
8.869746e+01	9.626628e+01	2.121065e-04	4.999398e-05	4.999398e-05
9.626628e+01	1.044810e+02	2.280007e-04	4.975384e-05	4.975384e-05
1.044810e+02	1.133967e+02	2.500887e-04	5.001775e-05	5.001775e-05
1.133967e+02	1.230731e+02	1.843426e-04	4.122026e-05	4.122026e-05
1.230731e+02	1.335753e+02	1.613552e-04	3.701742e-05	3.701742e-05
1.335753e+02	1.449737e+02	2.582140e-04	4.494928e-05	4.494928e-05
1.449737e+02	1.573448e+02	2.307020e-04	4.078273e-05	4.078273e-05
1.573448e+02	1.707715e+02	1.328527e-04	2.970676e-05	2.970676e-05
1.707715e+02	1.853439e+02	1.591299e-04	3.120795e-05	3.120795e-05
1.853439e+02	2.011599e+02	1.353394e-04	2.762604e-05	2.762604e-05
2.011599e+02	2.183255e+02	1.766565e-04	3.029634e-05	3.029634e-05
2.183255e+02	2.369559e+02	1.340434e-04	2.533183e-05	2.533183e-05
2.369559e+02	2.571760e+02	1.190941e-04	2.291966e-05	2.291966e-05
2.571760e+02	2.791217e+02	1.219218e-04	2.225978e-05	2.225978e-05
2.791217e+02	3.029400e+02	1.273145e-04	2.183425e-05	2.183425e-05
3.029400e+02	3.287907e+02	1.173049e-04	2.011763e-05	2.011763e-05
3.287907e+02	3.568475e+02	9.536583e-05	1.798235e-05	1.798235e-05
3.568475e+02	3.872983e+02	8.201039e-05	1.604248e-05	1.604248e-05
3.872983e+02	4.203477e+02	9.445264e-05	1.641523e-05	1.641523e-05
4.203477e+02	4.562172e+02	1.069185e-04	1.667979e-05	1.667979e-05
4.562172e+02	4.951476e+02	1.076759e-04	1.636085e-05	1.636085e-05
4.951476e+02	5.374001e+02	1.118750e-04	1.593656e-05	1.593656e-05
5.374001e+02	5.832581e+02	1.633706e-04	1.782519e-05	1.782519e-05
5.832581e+02	6.330293e+02	1.666535e-04	1.853632e-05	1.853632e-05
6.330293e+02	6.870476e+02	1.898745e-04	1.932543e-05	1.932543e-05
6.870476e+02	7.456754e+02	2.707859e-04	2.118883e-05	2.118883e-05
7.456754e+02	8.093062e+02	3.462097e-04	2.324388e-05	2.324388e-05
8.093062e+02	8.783667e+02	4.390953e-04	2.563469e-05	2.563469e-05
8.783667e+02	9.533204e+02	5.949584e-04	2.835899e-05	2.835899e-05
9.533204e+02	1.034670e+03	8.924392e-04	3.303674e-05	3.303674e-05
1.034670e+03	1.122962e+03	1.170771e-03	3.679797e-05	3.679797e-05
1.122962e+03	1.218787e+03	1.653004e-03	4.176962e-05	4.176962e-05
1.218787e+03	1.322790e+03	2.308548e-03	4.760802e-05	4.760802e-05
1.322790e+03	1.435668e+03	3.303547e-03	5.483889e-05	5.483889e-05
1.435668e+03	1.558178e+03	3.417285e-03	5.400057e-05	5.400057e-05
1.558178e+03	1.691142e+03	2.504667e-03	4.443333e-05	4.443333e-05
1.691142e+03	1.835452e+03	2.262627e-03	4.059790e-05	4.059790e-05
1.835452e+03	1.992077e+03	2.135403e-03	3.800350e-05	3.800350e-05
1.992077e+03	2.162067e+03	1.804340e-03	3.362394e-05	3.362394e-05
2.162067e+03	2.346563e+03	1.343418e-03	2.894458e-05	2.894458e-05
2.346563e+03	2.546802e+03	9.803495e-04	2.413043e-05	2.413043e-05
2.546802e+03	2.764129e+03	6.250227e-04	1.898023e-05	1.898023e-05
2.764129e+03	3.000000e+03	3.819060e-04	1.470317e-05	1.470317e-05
# END HISTO1D


# BEGIN HISTO1D //eos/home-y/yiyu/monobc/C2000.yoda.gz/JetMETAnalysis/jet12_m
ErrorBars=1
LineColor=orange
LineStyle=dashed
Path=//eos/home-y/yiyu/monobc/C2000.yoda.gz/JetMETAnalysis/jet12_m
ScaledBy=3.73896889920239138e-06
Title=C2000
# xlow	 xhigh	 val	 errminus	 errplus
5.000000e+01	5.426665e+01	1.789933e-05	6.328367e-06	6.328367e-06
5.426665e+01	5.889739e+01	2.473799e-05	7.141244e-06	7.141244e-06
5.889739e+01	6.392328e+01	1.899419e-05	6.006489e-06	6.006489e-06
6.392328e+01	6.937805e+01	4.900216e-05	9.260538e-06	9.260538e-06
6.937805e+01	7.529829e+01	5.482433e-05	9.402294e-06	9.402294e-06
7.529829e+01	8.172373e+01	3.565678e-05	7.278408e-06	7.278408e-06
8.172373e+01	8.869746e+01	4.243560e-05	7.863675e-06	7.863675e-06
8.869746e+01	9.626628e+01	5.549556e-05	8.366270e-06	8.366270e-06
9.626628e+01	1.044810e+02	4.532163e-05	7.257269e-06	7.257269e-06
1.044810e+02	1.133967e+02	4.068757e-05	6.600397e-06	6.600397e-06
1.133967e+02	1.230731e+02	4.735448e-05	6.835031e-06	6.835031e-06
1.230731e+02	1.335753e+02	5.272073e-05	6.922571e-06	6.922571e-06
1.335753e+02	1.449737e+02	4.438801e-05	6.097162e-06	6.097162e-06
1.449737e+02	1.573448e+02	3.781129e-05	5.401612e-06	5.401612e-06
1.573448e+02	1.707715e+02	3.483858e-05	4.976941e-06	4.976941e-06
1.707715e+02	1.853439e+02	3.603008e-05	4.858296e-06	4.858296e-06
1.853439e+02	2.011599e+02	4.164723e-05	5.085881e-06	5.085881e-06
2.011599e+02	2.183255e+02	3.670444e-05	4.518005e-06	4.518005e-06
2.183255e+02	2.369559e+02	2.305813e-05	3.437303e-06	3.437303e-06
2.369559e+02	2.571760e+02	3.446460e-05	4.033776e-06	4.033776e-06
2.571760e+02	2.791217e+02	3.349462e-05	3.817065e-06	3.817065e-06
2.791217e+02	3.029400e+02	2.164296e-05	2.945234e-06	2.945234e-06
3.029400e+02	3.287907e+02	1.994138e-05	2.713678e-06	2.713678e-06
3.287907e+02	3.568475e+02	2.483810e-05	2.946634e-06	2.946634e-06
3.568475e+02	3.872983e+02	1.536141e-05	2.366859e-06	2.366859e-06
3.872983e+02	4.203477e+02	1.704206e-05	2.292664e-06	2.292664e-06
4.203477e+02	4.562172e+02	1.676675e-05	2.145680e-06	2.145680e-06
4.562172e+02	4.951476e+02	1.618411e-05	2.109408e-06	2.109408e-06
4.951476e+02	5.374001e+02	1.310416e-05	1.779005e-06	1.779005e-06
5.374001e+02	5.832581e+02	1.207387e-05	1.665362e-06	1.665362e-06
5.832581e+02	6.330293e+02	1.285081e-05	1.726228e-06	1.726228e-06
6.330293e+02	6.870476e+02	1.378438e-05	1.638861e-06	1.638861e-06
6.870476e+02	7.456754e+02	1.270061e-05	1.692162e-06	1.692162e-06
7.456754e+02	8.093062e+02	1.320228e-05	1.615829e-06	1.615829e-06
8.093062e+02	8.783667e+02	1.562004e-05	1.764810e-06	1.764810e-06
8.783667e+02	9.533204e+02	1.910433e-05	1.792145e-06	1.792145e-06
9.533204e+02	1.034670e+03	2.264830e-05	1.866545e-06	1.866545e-06
1.034670e+03	1.122962e+03	2.692227e-05	2.019878e-06	2.019878e-06
1.122962e+03	1.218787e+03	3.755746e-05	2.338464e-06	2.338464e-06
1.218787e+03	1.322790e+03	5.213581e-05	2.533759e-06	2.533759e-06
1.322790e+03	1.435668e+03	6.241382e-05	2.857968e-06	2.857968e-06
1.435668e+03	1.558178e+03	8.244184e-05	3.134378e-06	3.134378e-06
1.558178e+03	1.691142e+03	1.196120e-04	3.612697e-06	3.612697e-06
1.691142e+03	1.835452e+03	1.625995e-04	4.125837e-06	4.125837e-06
1.835452e+03	1.992077e+03	2.480659e-04	4.947836e-06	4.947836e-06
1.992077e+03	2.162067e+03	1.448872e-04	3.842608e-06	3.842608e-06
2.162067e+03	2.346563e+03	1.195767e-04	3.373590e-06	3.373590e-06
2.346563e+03	2.546802e+03	1.023092e-04	3.132754e-06	3.132754e-06
2.546802e+03	2.764129e+03	8.301983e-05	2.799561e-06	2.799561e-06
2.764129e+03	3.000000e+03	5.763273e-05	2.393012e-06	2.393012e-06
# END HISTO1D


# BEGIN HISTO1D //eos/home-y/yiyu/monobc/C2600.yoda.gz/JetMETAnalysis/jet12_m
ErrorBars=1
LineColor=lilac
LineStyle=dashed
Path=//eos/home-y/yiyu/monobc/C2600.yoda.gz/JetMETAnalysis/jet12_m
ScaledBy=3.48760473830657204e-06
Title=C2600
# xlow	 xhigh	 val	 errminus	 errplus
5.000000e+01	5.426665e+01	1.120701e-05	1.689521e-06	1.689521e-06
5.426665e+01	5.889739e+01	1.314201e-05	1.756175e-06	1.756175e-06
5.889739e+01	6.392328e+01	1.600085e-05	1.860061e-06	1.860061e-06
6.392328e+01	6.937805e+01	2.291109e-05	2.154967e-06	2.154967e-06
6.937805e+01	7.529829e+01	2.331248e-05	2.068649e-06	2.068649e-06
7.529829e+01	8.172373e+01	2.317085e-05	1.979619e-06	1.979619e-06
8.172373e+01	8.869746e+01	2.789408e-05	2.084902e-06	2.084902e-06
8.869746e+01	9.626628e+01	2.641885e-05	1.947623e-06	1.947623e-06
9.626628e+01	1.044810e+02	2.381245e-05	1.784708e-06	1.784708e-06
1.044810e+02	1.133967e+02	2.242780e-05	1.662361e-06	1.662361e-06
1.133967e+02	1.230731e+02	2.616775e-05	1.714306e-06	1.714306e-06
1.230731e+02	1.335753e+02	2.669707e-05	1.662087e-06	1.662087e-06
1.335753e+02	1.449737e+02	2.192846e-05	1.445920e-06	1.445920e-06
1.449737e+02	1.573448e+02	2.363024e-05	1.440761e-06	1.440761e-06
1.573448e+02	1.707715e+02	2.177245e-05	1.327489e-06	1.327489e-06
1.707715e+02	1.853439e+02	1.722682e-05	1.133442e-06	1.133442e-06
1.853439e+02	2.011599e+02	1.738393e-05	1.092919e-06	1.092919e-06
2.011599e+02	2.183255e+02	1.614379e-05	1.014920e-06	1.014920e-06
2.183255e+02	2.369559e+02	1.551614e-05	9.549253e-07	9.549253e-07
2.369559e+02	2.571760e+02	1.252267e-05	8.239007e-07	8.239007e-07
2.571760e+02	2.791217e+02	1.064666e-05	7.328192e-07	7.328192e-07
2.791217e+02	3.029400e+02	1.277531e-05	7.661927e-07	7.661927e-07
3.029400e+02	3.287907e+02	1.013139e-05	6.526200e-07	6.526200e-07
3.287907e+02	3.568475e+02	9.722092e-06	6.160931e-07	6.160931e-07
3.568475e+02	3.872983e+02	7.565913e-06	5.245083e-07	5.245083e-07
3.872983e+02	4.203477e+02	7.990369e-06	5.167841e-07	5.167841e-07
4.203477e+02	4.562172e+02	6.938000e-06	4.584760e-07	4.584760e-07
4.562172e+02	4.951476e+02	5.471310e-06	3.947756e-07	3.947756e-07
4.951476e+02	5.374001e+02	5.478372e-06	3.823560e-07	3.823560e-07
5.374001e+02	5.832581e+02	5.142435e-06	3.570442e-07	3.570442e-07
5.832581e+02	6.330293e+02	4.323259e-06	3.194133e-07	3.194133e-07
6.330293e+02	6.870476e+02	3.782170e-06	2.873415e-07	2.873415e-07
6.870476e+02	7.456754e+02	3.169689e-06	2.493790e-07	2.493790e-07
7.456754e+02	8.093062e+02	2.630132e-06	2.239861e-07	2.239861e-07
8.093062e+02	8.783667e+02	2.659386e-06	2.274928e-07	2.274928e-07
8.783667e+02	9.533204e+02	2.377799e-06	1.987971e-07	1.987971e-07
9.533204e+02	1.034670e+03	1.870238e-06	1.792277e-07	1.792277e-07
1.034670e+03	1.122962e+03	1.870882e-06	1.817319e-07	1.817319e-07
1.122962e+03	1.218787e+03	1.995989e-06	1.764221e-07	1.764221e-07
1.218787e+03	1.322790e+03	1.755446e-06	1.754700e-07	1.754700e-07
1.322790e+03	1.435668e+03	1.896624e-06	1.864363e-07	1.864363e-07
1.435668e+03	1.558178e+03	1.898307e-06	1.935335e-07	1.935335e-07
1.558178e+03	1.691142e+03	2.615412e-06	2.174737e-07	2.174737e-07
1.691142e+03	1.835452e+03	2.063376e-06	2.333261e-07	2.333261e-07
1.835452e+03	1.992077e+03	3.101492e-06	2.578458e-07	2.578458e-07
1.992077e+03	2.162067e+03	3.528905e-06	2.940754e-07	2.940754e-07
2.162067e+03	2.346563e+03	5.201133e-06	3.417896e-07	3.417896e-07
2.346563e+03	2.546802e+03	6.832840e-06	4.047903e-07	4.047903e-07
2.546802e+03	2.764129e+03	2.830264e-06	3.444882e-07	3.444882e-07
2.764129e+03	3.000000e+03	-4.883775e-07	2.783531e-07	2.783531e-07
# END HISTO1D


# BEGIN HISTO1D //eos/home-y/yiyu/monobc/D600.yoda.gz/JetMETAnalysis/jet12_m
ErrorBars=1
LineColor=red
LineStyle=dashdotted
Path=//eos/home-y/yiyu/monobc/D600.yoda.gz/JetMETAnalysis/jet12_m
ScaledBy=6.26160614830790851e-06
Title=D600
# xlow	 xhigh	 val	 errminus	 errplus
5.000000e+01	5.426665e+01	1.434821e-02	5.857630e-03	5.857630e-03
5.426665e+01	5.889739e+01	6.610041e-03	3.816310e-03	3.816310e-03
5.889739e+01	6.392328e+01	1.218068e-02	4.972743e-03	4.972743e-03
6.392328e+01	6.937805e+01	1.683447e-02	5.611489e-03	5.611489e-03
6.937805e+01	7.529829e+01	1.723432e-02	5.449968e-03	5.449968e-03
7.529829e+01	8.172373e+01	1.746719e-02	5.266557e-03	5.266557e-03
8.172373e+01	8.869746e+01	2.048313e-02	5.474347e-03	5.474347e-03
8.869746e+01	9.626628e+01	3.504923e-02	6.873719e-03	6.873719e-03
9.626628e+01	1.044810e+02	3.105136e-02	6.453903e-03	6.453903e-03
1.044810e+02	1.133967e+02	3.089881e-02	5.946477e-03	5.946477e-03
1.133967e+02	1.230731e+02	4.428624e-02	6.833516e-03	6.833516e-03
1.230731e+02	1.335753e+02	5.634833e-02	7.398898e-03	7.398898e-03
1.335753e+02	1.449737e+02	3.401520e-02	5.801150e-03	5.801150e-03
1.449737e+02	1.573448e+02	2.969118e-02	5.084132e-03	5.084132e-03
1.573448e+02	1.707715e+02	5.775341e-02	6.624771e-03	6.624771e-03
1.707715e+02	1.853439e+02	4.551092e-02	5.644935e-03	5.644935e-03
1.853439e+02	2.011599e+02	4.515800e-02	5.397414e-03	5.397414e-03
2.011599e+02	2.183255e+02	5.052348e-02	5.480041e-03	5.480041e-03
2.183255e+02	2.369559e+02	7.283880e-02	6.410197e-03	6.410197e-03
2.369559e+02	2.571760e+02	7.922270e-02	6.322661e-03	6.322661e-03
2.571760e+02	2.791217e+02	1.092576e-01	7.157446e-03	7.157446e-03
2.791217e+02	3.029400e+02	1.443619e-01	7.910424e-03	7.910424e-03
3.029400e+02	3.287907e+02	1.847170e-01	8.556772e-03	8.556772e-03
3.287907e+02	3.568475e+02	2.389244e-01	9.349663e-03	9.349663e-03
3.568475e+02	3.872983e+02	3.397602e-01	1.073268e-02	1.073268e-02
3.872983e+02	4.203477e+02	4.785215e-01	1.221703e-02	1.221703e-02
4.203477e+02	4.562172e+02	5.976323e-01	1.310639e-02	1.310639e-02
4.562172e+02	4.951476e+02	7.369870e-01	1.399649e-02	1.399649e-02
4.951476e+02	5.374001e+02	8.881631e-01	1.473225e-02	1.473225e-02
5.374001e+02	5.832581e+02	8.221152e-01	1.360128e-02	1.360128e-02
5.832581e+02	6.330293e+02	6.967971e-01	1.203583e-02	1.203583e-02
6.330293e+02	6.870476e+02	6.469235e-01	1.109918e-02	1.109918e-02
6.870476e+02	7.456754e+02	6.065024e-01	1.034138e-02	1.034138e-02
7.456754e+02	8.093062e+02	5.390930e-01	9.344365e-03	9.344365e-03
8.093062e+02	8.783667e+02	4.748423e-01	8.445875e-03	8.445875e-03
8.783667e+02	9.533204e+02	4.021154e-01	7.453429e-03	7.453429e-03
9.533204e+02	1.034670e+03	3.386427e-01	6.591584e-03	6.591584e-03
1.034670e+03	1.122962e+03	2.671774e-01	5.602036e-03	5.602036e-03
1.122962e+03	1.218787e+03	1.975142e-01	4.620401e-03	4.620401e-03
1.218787e+03	1.322790e+03	1.495108e-01	3.852385e-03	3.852385e-03
1.322790e+03	1.435668e+03	9.942983e-02	3.049266e-03	3.049266e-03
1.435668e+03	1.558178e+03	6.979203e-02	2.445206e-03	2.445206e-03
1.558178e+03	1.691142e+03	4.396974e-02	1.878074e-03	1.878074e-03
1.691142e+03	1.835452e+03	2.842255e-02	1.466125e-03	1.466125e-03
1.835452e+03	1.992077e+03	1.687221e-02	1.068436e-03	1.068436e-03
1.992077e+03	2.162067e+03	9.483464e-03	7.779731e-04	7.779731e-04
2.162067e+03	2.346563e+03	4.645428e-03	5.304449e-04	5.304449e-04
2.346563e+03	2.546802e+03	3.515878e-03	4.528957e-04	4.528957e-04
2.546802e+03	2.764129e+03	1.784035e-03	2.894086e-04	2.894086e-04
2.764129e+03	3.000000e+03	6.056014e-04	1.835249e-04	1.835249e-04
# END HISTO1D


# BEGIN HISTO1D //eos/home-y/yiyu/monobc/D1000.yoda.gz/JetMETAnalysis/jet12_m
ErrorBars=1
LineColor=blue
LineStyle=dashdotted
Path=//eos/home-y/yiyu/monobc/D1000.yoda.gz/JetMETAnalysis/jet12_m
ScaledBy=5.55495214013862181e-06
Title=D1000
# xlow	 xhigh	 val	 errminus	 errplus
5.000000e+01	5.426665e+01	2.692881e-04	2.692880e-04	2.692880e-04
5.426665e+01	5.889739e+01	2.481154e-04	2.481154e-04	2.481154e-04
5.889739e+01	6.392328e+01	9.144313e-04	4.572157e-04	4.572157e-04
6.392328e+01	6.937805e+01	6.319007e-04	3.648281e-04	3.648281e-04
6.937805e+01	7.529829e+01	7.762913e-04	3.881457e-04	3.881457e-04
7.529829e+01	8.172373e+01	1.430511e-03	5.057620e-04	5.057620e-04
8.172373e+01	8.869746e+01	1.153286e-03	4.359011e-04	4.359011e-04
8.869746e+01	9.626628e+01	1.669816e-03	5.034684e-04	5.034684e-04
9.626628e+01	1.044810e+02	1.118926e-03	3.956000e-04	3.956000e-04
1.044810e+02	1.133967e+02	1.675298e-03	4.646439e-04	4.646439e-04
1.133967e+02	1.230731e+02	1.662334e-03	4.442775e-04	4.442775e-04
1.230731e+02	1.335753e+02	1.312819e-03	3.789784e-04	3.789784e-04
1.335753e+02	1.449737e+02	1.310399e-03	3.634393e-04	3.634393e-04
1.449737e+02	1.573448e+02	2.321859e-03	4.643717e-04	4.643717e-04
1.573448e+02	1.707715e+02	2.053743e-03	4.192185e-04	4.192185e-04
1.707715e+02	1.853439e+02	1.498051e-03	3.613122e-04	3.613122e-04
1.853439e+02	2.011599e+02	1.525551e-03	3.632264e-04	3.632264e-04
2.011599e+02	2.183255e+02	2.208814e-03	3.959853e-04	3.959853e-04
2.183255e+02	2.369559e+02	1.850134e-03	3.488646e-04	3.488646e-04
2.369559e+02	2.571760e+02	2.727483e-03	4.097533e-04	4.097533e-04
2.571760e+02	2.791217e+02	2.670083e-03	3.738865e-04	3.738865e-04
2.791217e+02	3.029400e+02	2.556638e-03	3.511812e-04	3.511812e-04
3.029400e+02	3.287907e+02	2.711200e-03	3.527784e-04	3.527784e-04
3.287907e+02	3.568475e+02	3.276091e-03	3.753233e-04	3.753233e-04
3.568475e+02	3.872983e+02	4.188209e-03	4.010926e-04	4.010926e-04
3.872983e+02	4.203477e+02	4.693256e-03	4.069123e-04	4.069123e-04
4.203477e+02	4.562172e+02	5.669594e-03	4.285537e-04	4.285537e-04
4.562172e+02	4.951476e+02	6.817533e-03	4.543488e-04	4.543488e-04
4.951476e+02	5.374001e+02	9.680587e-03	5.216456e-04	5.216456e-04
5.374001e+02	5.832581e+02	1.285306e-02	5.784324e-04	5.784324e-04
5.832581e+02	6.330293e+02	1.629786e-02	6.271251e-04	6.271251e-04
6.330293e+02	6.870476e+02	2.080186e-02	6.826243e-04	6.826243e-04
6.870476e+02	7.456754e+02	2.882791e-02	7.668105e-04	7.668105e-04
7.456754e+02	8.093062e+02	4.013989e-02	8.695350e-04	8.695350e-04
8.093062e+02	8.783667e+02	5.149143e-02	9.477237e-04	9.477237e-04
8.783667e+02	9.533204e+02	6.732454e-02	1.035126e-03	1.035126e-03
9.533204e+02	1.034670e+03	5.906534e-02	9.302366e-04	9.302366e-04
1.034670e+03	1.122962e+03	4.710763e-02	7.985882e-04	7.985882e-04
1.122962e+03	1.218787e+03	4.370416e-02	7.409690e-04	7.409690e-04
1.218787e+03	1.322790e+03	4.203517e-02	6.966843e-04	6.966843e-04
1.322790e+03	1.435668e+03	3.641959e-02	6.263039e-04	6.263039e-04
1.435668e+03	1.558178e+03	3.185871e-02	5.620051e-04	5.620051e-04
1.558178e+03	1.691142e+03	2.403096e-02	4.714758e-04	4.714758e-04
1.691142e+03	1.835452e+03	1.816072e-02	3.928775e-04	3.928775e-04
1.835452e+03	1.992077e+03	1.283018e-02	3.203453e-04	3.203453e-04
1.992077e+03	2.162067e+03	8.300018e-03	2.507205e-04	2.507205e-04
2.162067e+03	2.346563e+03	5.380602e-03	1.943554e-04	1.943554e-04
2.346563e+03	2.546802e+03	2.926346e-03	1.442494e-04	1.442494e-04
2.546802e+03	2.764129e+03	1.623038e-03	1.031936e-04	1.031936e-04
2.764129e+03	3.000000e+03	8.329629e-04	7.208611e-05	7.208611e-05
# END HISTO1D


# BEGIN HISTO1D //eos/home-y/yiyu/monobc/D1500.yoda.gz/JetMETAnalysis/jet12_m
ErrorBars=1
LineColor=green
LineStyle=dashdotted
Path=//eos/home-y/yiyu/monobc/D1500.yoda.gz/JetMETAnalysis/jet12_m
ScaledBy=5.09488537008347615e-06
Title=D1500
# xlow	 xhigh	 val	 errminus	 errplus
5.000000e+01	5.426665e+01	2.469982e-05	2.469983e-05	2.469983e-05
5.426665e+01	5.889739e+01	9.103128e-05	4.551564e-05	4.551564e-05
5.889739e+01	6.392328e+01	1.677483e-04	5.930797e-05	5.930797e-05
6.392328e+01	6.937805e+01	1.545591e-04	5.464489e-05	5.464489e-05
6.937805e+01	7.529829e+01	2.492125e-04	6.660484e-05	6.660484e-05
7.529829e+01	8.172373e+01	2.952234e-04	6.958480e-05	6.958480e-05
8.172373e+01	8.869746e+01	2.871240e-04	6.587076e-05	6.587076e-05
8.869746e+01	9.626628e+01	2.506256e-04	5.907301e-05	5.907301e-05
9.626628e+01	1.044810e+02	1.539463e-04	4.444049e-05	4.444049e-05
1.044810e+02	1.133967e+02	2.600449e-04	5.544175e-05	5.544175e-05
1.133967e+02	1.230731e+02	2.396017e-04	5.108326e-05	5.108326e-05
1.230731e+02	1.335753e+02	3.311423e-04	5.764448e-05	5.764448e-05
1.335753e+02	1.449737e+02	2.218954e-04	4.529422e-05	4.529422e-05
1.449737e+02	1.573448e+02	2.300046e-04	4.426440e-05	4.426440e-05
1.573448e+02	1.707715e+02	1.805259e-04	3.764226e-05	3.764226e-05
1.707715e+02	1.853439e+02	1.446372e-04	3.234185e-05	3.234185e-05
1.853439e+02	2.011599e+02	1.132748e-04	2.747317e-05	2.747317e-05
2.011599e+02	2.183255e+02	1.780410e-04	3.306138e-05	3.306138e-05
2.183255e+02	2.369559e+02	1.583860e-04	2.993214e-05	2.993214e-05
2.369559e+02	2.571760e+02	1.824172e-04	3.254843e-05	3.254843e-05
2.571760e+02	2.791217e+02	1.104484e-04	2.401052e-05	2.401052e-05
2.791217e+02	3.029400e+02	1.327368e-04	2.502910e-05	2.502910e-05
3.029400e+02	3.287907e+02	1.304544e-04	2.306130e-05	2.306130e-05
3.287907e+02	3.568475e+02	1.727829e-04	2.547545e-05	2.547545e-05
3.568475e+02	3.872983e+02	1.176688e-04	2.018003e-05	2.018003e-05
3.872983e+02	4.203477e+02	1.084167e-04	2.016729e-05	2.016729e-05
4.203477e+02	4.562172e+02	1.263351e-04	2.098171e-05	2.098171e-05
4.562172e+02	4.951476e+02	1.488863e-04	2.079305e-05	2.079305e-05
4.951476e+02	5.374001e+02	1.945464e-04	2.285958e-05	2.285958e-05
5.374001e+02	5.832581e+02	1.930391e-04	2.320951e-05	2.320951e-05
5.832581e+02	6.330293e+02	2.562054e-04	2.386188e-05	2.386188e-05
6.330293e+02	6.870476e+02	3.101967e-04	2.639159e-05	2.639159e-05
6.870476e+02	7.456754e+02	3.810774e-04	2.784730e-05	2.784730e-05
7.456754e+02	8.093062e+02	4.339252e-04	2.868628e-05	2.868628e-05
8.093062e+02	8.783667e+02	6.287073e-04	3.272881e-05	3.272881e-05
8.783667e+02	9.533204e+02	8.900034e-04	3.738502e-05	3.738502e-05
9.533204e+02	1.034670e+03	1.129645e-03	4.100713e-05	4.100713e-05
1.034670e+03	1.122962e+03	1.544522e-03	4.619720e-05	4.619720e-05
1.122962e+03	1.218787e+03	2.109361e-03	5.177106e-05	5.177106e-05
1.218787e+03	1.322790e+03	2.819996e-03	5.779326e-05	5.779326e-05
1.322790e+03	1.435668e+03	4.140620e-03	6.698057e-05	6.698057e-05
1.435668e+03	1.558178e+03	3.737656e-03	6.190595e-05	6.190595e-05
1.558178e+03	1.691142e+03	2.667055e-03	5.019648e-05	5.019648e-05
1.691142e+03	1.835452e+03	2.683019e-03	4.812043e-05	4.812043e-05
1.835452e+03	1.992077e+03	2.353638e-03	4.381299e-05	4.381299e-05
1.992077e+03	2.162067e+03	1.913170e-03	3.882500e-05	3.882500e-05
2.162067e+03	2.346563e+03	1.535406e-03	3.372545e-05	3.372545e-05
2.346563e+03	2.546802e+03	1.103122e-03	2.804733e-05	2.804733e-05
2.546802e+03	2.764129e+03	6.847028e-04	2.217932e-05	2.217932e-05
2.764129e+03	3.000000e+03	4.347296e-04	1.729845e-05	1.729845e-05
# END HISTO1D


# BEGIN HISTO1D //eos/home-y/yiyu/monobc/D2000.yoda.gz/JetMETAnalysis/jet12_m
ErrorBars=1
LineColor=orange
LineStyle=dashdotted
Path=//eos/home-y/yiyu/monobc/D2000.yoda.gz/JetMETAnalysis/jet12_m
ScaledBy=4.61553418144346189e-06
Title=D2000
# xlow	 xhigh	 val	 errminus	 errplus
5.000000e+01	5.426665e+01	3.310539e-05	9.556702e-06	9.556702e-06
5.426665e+01	5.889739e+01	5.592124e-05	1.192245e-05	1.192245e-05
5.889739e+01	6.392328e+01	5.620859e-05	1.147353e-05	1.147353e-05
6.392328e+01	6.937805e+01	7.121017e-05	1.239610e-05	1.239610e-05
6.937805e+01	7.529829e+01	7.555248e-05	1.257463e-05	1.257463e-05
7.529829e+01	8.172373e+01	7.877166e-05	1.201257e-05	1.201257e-05
8.172373e+01	8.869746e+01	7.932996e-05	1.157146e-05	1.157146e-05
8.869746e+01	9.626628e+01	8.553405e-05	1.153341e-05	1.153341e-05
9.626628e+01	1.044810e+02	7.737586e-05	1.052952e-05	1.052952e-05
1.044810e+02	1.133967e+02	7.789347e-05	1.014087e-05	1.014087e-05
1.133967e+02	1.230731e+02	5.473980e-05	8.160127e-06	8.160127e-06
1.230731e+02	1.335753e+02	8.742161e-05	9.898548e-06	9.898548e-06
1.335753e+02	1.449737e+02	5.886206e-05	7.796470e-06	7.796470e-06
1.449737e+02	1.573448e+02	5.518539e-05	7.246197e-06	7.246197e-06
1.573448e+02	1.707715e+02	5.172342e-05	6.733815e-06	6.733815e-06
1.707715e+02	1.853439e+02	5.250331e-05	6.512235e-06	6.512235e-06
1.853439e+02	2.011599e+02	5.060771e-05	6.137087e-06	6.137087e-06
2.011599e+02	2.183255e+02	4.457166e-05	5.612843e-06	5.612843e-06
2.183255e+02	2.369559e+02	4.106725e-05	5.171538e-06	5.171538e-06
2.369559e+02	2.571760e+02	4.249561e-05	4.973735e-06	4.973735e-06
2.571760e+02	2.791217e+02	3.379057e-05	4.257212e-06	4.257212e-06
2.791217e+02	3.029400e+02	3.706423e-05	4.279809e-06	4.279809e-06
3.029400e+02	3.287907e+02	3.278421e-05	3.863656e-06	3.863656e-06
3.287907e+02	3.568475e+02	2.391339e-05	3.276659e-06	3.276659e-06
3.568475e+02	3.872983e+02	2.783161e-05	3.369866e-06	3.369866e-06
3.872983e+02	4.203477e+02	3.490333e-05	3.525770e-06	3.525770e-06
4.203477e+02	4.562172e+02	2.100193e-05	2.706036e-06	2.706036e-06
4.562172e+02	4.951476e+02	2.176948e-05	2.670318e-06	2.670318e-06
4.951476e+02	5.374001e+02	1.866495e-05	2.507232e-06	2.507232e-06
5.374001e+02	5.832581e+02	1.488735e-05	2.208032e-06	2.208032e-06
5.832581e+02	6.330293e+02	1.608182e-05	2.061737e-06	2.061737e-06
6.330293e+02	6.870476e+02	1.699645e-05	2.200714e-06	2.200714e-06
6.870476e+02	7.456754e+02	2.128171e-05	2.235691e-06	2.235691e-06
7.456754e+02	8.093062e+02	1.572375e-05	2.051585e-06	2.051585e-06
8.093062e+02	8.783667e+02	2.249824e-05	2.273970e-06	2.273970e-06
8.783667e+02	9.533204e+02	2.544055e-05	2.339849e-06	2.339849e-06
9.533204e+02	1.034670e+03	3.197727e-05	2.485193e-06	2.485193e-06
1.034670e+03	1.122962e+03	3.799513e-05	2.622640e-06	2.622640e-06
1.122962e+03	1.218787e+03	4.716903e-05	2.948064e-06	2.948064e-06
1.218787e+03	1.322790e+03	6.575590e-05	3.246823e-06	3.246823e-06
1.322790e+03	1.435668e+03	8.550844e-05	3.680902e-06	3.680902e-06
1.435668e+03	1.558178e+03	1.143352e-04	4.071797e-06	4.071797e-06
1.558178e+03	1.691142e+03	1.321692e-04	4.506134e-06	4.506134e-06
1.691142e+03	1.835452e+03	2.139471e-04	5.294242e-06	5.294242e-06
1.835452e+03	1.992077e+03	2.752084e-04	6.009380e-06	6.009380e-06
1.992077e+03	2.162067e+03	1.666007e-04	4.571142e-06	4.571142e-06
2.162067e+03	2.346563e+03	1.498013e-04	4.181669e-06	4.181669e-06
2.346563e+03	2.546802e+03	1.193306e-04	3.811423e-06	3.811423e-06
2.546802e+03	2.764129e+03	9.635333e-05	3.445541e-06	3.445541e-06
2.764129e+03	3.000000e+03	6.786858e-05	2.961588e-06	2.961588e-06
# END HISTO1D


# BEGIN HISTO1D //eos/home-y/yiyu/monobc/D2600.yoda.gz/JetMETAnalysis/jet12_m
ErrorBars=1
LineColor=lilac
LineStyle=dashdotted
Path=//eos/home-y/yiyu/monobc/D2600.yoda.gz/JetMETAnalysis/jet12_m
ScaledBy=4.26955399294807099e-06
Title=D2600
# xlow	 xhigh	 val	 errminus	 errplus
5.000000e+01	5.426665e+01	9.278811e-06	1.694071e-06	1.694071e-06
5.426665e+01	5.889739e+01	1.481873e-05	2.054989e-06	2.054989e-06
5.889739e+01	6.392328e+01	1.943018e-05	2.258713e-06	2.258713e-06
6.392328e+01	6.937805e+01	2.032174e-05	2.217284e-06	2.217284e-06
6.937805e+01	7.529829e+01	3.187535e-05	2.665550e-06	2.665550e-06
7.529829e+01	8.172373e+01	2.895839e-05	2.438736e-06	2.438736e-06
8.172373e+01	8.869746e+01	3.065547e-05	2.408521e-06	2.408521e-06
8.869746e+01	9.626628e+01	2.789651e-05	2.205413e-06	2.205413e-06
9.626628e+01	1.044810e+02	2.971920e-05	2.184999e-06	2.184999e-06
1.044810e+02	1.133967e+02	2.693855e-05	1.996817e-06	1.996817e-06
1.133967e+02	1.230731e+02	2.154772e-05	1.714245e-06	1.714245e-06
1.230731e+02	1.335753e+02	2.538220e-05	1.785885e-06	1.785885e-06
1.335753e+02	1.449737e+02	2.431272e-05	1.677737e-06	1.677737e-06
1.449737e+02	1.573448e+02	2.080101e-05	1.489591e-06	1.489591e-06
1.573448e+02	1.707715e+02	1.965707e-05	1.389965e-06	1.389965e-06
1.707715e+02	1.853439e+02	1.829272e-05	1.293428e-06	1.293428e-06
1.853439e+02	2.011599e+02	1.518563e-05	1.125634e-06	1.125634e-06
2.011599e+02	2.183255e+02	1.468360e-05	1.062468e-06	1.062468e-06
2.183255e+02	2.369559e+02	1.629160e-05	1.074236e-06	1.074236e-06
2.369559e+02	2.571760e+02	1.416232e-05	9.658216e-07	9.658216e-07
2.571760e+02	2.791217e+02	1.377032e-05	9.139337e-07	9.139337e-07
2.791217e+02	3.029400e+02	1.252149e-05	8.365941e-07	8.365941e-07
3.029400e+02	3.287907e+02	9.801375e-06	7.110280e-07	7.110280e-07
3.287907e+02	3.568475e+02	1.011250e-05	6.896667e-07	6.896667e-07
3.568475e+02	3.872983e+02	9.360805e-06	6.427924e-07	6.427924e-07
3.872983e+02	4.203477e+02	8.385208e-06	5.813832e-07	5.813832e-07
4.203477e+02	4.562172e+02	7.836323e-06	5.444461e-07	5.444461e-07
4.562172e+02	4.951476e+02	6.711729e-06	4.793848e-07	4.793848e-07
4.951476e+02	5.374001e+02	5.371978e-06	4.143449e-07	4.143449e-07
5.374001e+02	5.832581e+02	4.805731e-06	3.871527e-07	3.871527e-07
5.832581e+02	6.330293e+02	4.242287e-06	3.517518e-07	3.517518e-07
6.330293e+02	6.870476e+02	4.153041e-06	3.259322e-07	3.259322e-07
6.870476e+02	7.456754e+02	3.511391e-06	2.934803e-07	2.934803e-07
7.456754e+02	8.093062e+02	2.903479e-06	2.719913e-07	2.719913e-07
8.093062e+02	8.783667e+02	2.808962e-06	2.469373e-07	2.469373e-07
8.783667e+02	9.533204e+02	2.147954e-06	2.227025e-07	2.227025e-07
9.533204e+02	1.034670e+03	2.335959e-06	2.212377e-07	2.212377e-07
1.034670e+03	1.122962e+03	2.137336e-06	2.097828e-07	2.097828e-07
1.122962e+03	1.218787e+03	1.845372e-06	2.051898e-07	2.051898e-07
1.218787e+03	1.322790e+03	2.169743e-06	2.142075e-07	2.142075e-07
1.322790e+03	1.435668e+03	2.034221e-06	2.205839e-07	2.205839e-07
1.435668e+03	1.558178e+03	2.908375e-06	2.484519e-07	2.484519e-07
1.558178e+03	1.691142e+03	3.314901e-06	2.725271e-07	2.725271e-07
1.691142e+03	1.835452e+03	3.886428e-06	2.989858e-07	2.989858e-07
1.835452e+03	1.992077e+03	3.783061e-06	3.352259e-07	3.352259e-07
1.992077e+03	2.162067e+03	4.704434e-06	3.708451e-07	3.708451e-07
2.162067e+03	2.346563e+03	6.394529e-06	4.213431e-07	4.213431e-07
2.346563e+03	2.546802e+03	7.638232e-06	5.118045e-07	5.118045e-07
2.546802e+03	2.764129e+03	1.396601e-06	4.102204e-07	4.102204e-07
2.764129e+03	3.000000e+03	-9.231398e-07	3.412820e-07	3.412820e-07
# END HISTO1D

