# BEGIN PLOT
Legend=1
LogY=1
LegendPlacement=manual
LegendAlign=r
LegendXPos=1.225
RightMargin=2.5
Title=Di-jet $\Delta R$
XLabel=$\Delta R_{jj}$
YLabel=$\sigma$ [pb]
DrawOnly=//eos/home-y/yiyu/monobc/A600.yoda.gz/JetMETAnalysis/jet12_dR //eos/home-y/yiyu/monobc/A1000.yoda.gz/JetMETAnalysis/jet12_dR //eos/home-y/yiyu/monobc/A1500.yoda.gz/JetMETAnalysis/jet12_dR //eos/home-y/yiyu/monobc/A2000.yoda.gz/JetMETAnalysis/jet12_dR //eos/home-y/yiyu/monobc/A2600.yoda.gz/JetMETAnalysis/jet12_dR //eos/home-y/yiyu/monobc/C600.yoda.gz/JetMETAnalysis/jet12_dR //eos/home-y/yiyu/monobc/C1000.yoda.gz/JetMETAnalysis/jet12_dR //eos/home-y/yiyu/monobc/C1500.yoda.gz/JetMETAnalysis/jet12_dR //eos/home-y/yiyu/monobc/C2000.yoda.gz/JetMETAnalysis/jet12_dR //eos/home-y/yiyu/monobc/C2600.yoda.gz/JetMETAnalysis/jet12_dR //eos/home-y/yiyu/monobc/D600.yoda.gz/JetMETAnalysis/jet12_dR //eos/home-y/yiyu/monobc/D1000.yoda.gz/JetMETAnalysis/jet12_dR //eos/home-y/yiyu/monobc/D1500.yoda.gz/JetMETAnalysis/jet12_dR //eos/home-y/yiyu/monobc/D2000.yoda.gz/JetMETAnalysis/jet12_dR //eos/home-y/yiyu/monobc/D2600.yoda.gz/JetMETAnalysis/jet12_dR
LegendOnly=//eos/home-y/yiyu/monobc/A600.yoda.gz/JetMETAnalysis/jet12_dR //eos/home-y/yiyu/monobc/A1000.yoda.gz/JetMETAnalysis/jet12_dR //eos/home-y/yiyu/monobc/A1500.yoda.gz/JetMETAnalysis/jet12_dR //eos/home-y/yiyu/monobc/A2000.yoda.gz/JetMETAnalysis/jet12_dR //eos/home-y/yiyu/monobc/A2600.yoda.gz/JetMETAnalysis/jet12_dR //eos/home-y/yiyu/monobc/C600.yoda.gz/JetMETAnalysis/jet12_dR //eos/home-y/yiyu/monobc/C1000.yoda.gz/JetMETAnalysis/jet12_dR //eos/home-y/yiyu/monobc/C1500.yoda.gz/JetMETAnalysis/jet12_dR //eos/home-y/yiyu/monobc/C2000.yoda.gz/JetMETAnalysis/jet12_dR //eos/home-y/yiyu/monobc/C2600.yoda.gz/JetMETAnalysis/jet12_dR //eos/home-y/yiyu/monobc/D600.yoda.gz/JetMETAnalysis/jet12_dR //eos/home-y/yiyu/monobc/D1000.yoda.gz/JetMETAnalysis/jet12_dR //eos/home-y/yiyu/monobc/D1500.yoda.gz/JetMETAnalysis/jet12_dR //eos/home-y/yiyu/monobc/D2000.yoda.gz/JetMETAnalysis/jet12_dR //eos/home-y/yiyu/monobc/D2600.yoda.gz/JetMETAnalysis/jet12_dR
RatioPlot=1
RatioPlotReference=//eos/home-y/yiyu/monobc/A600.yoda.gz/JetMETAnalysis/jet12_dR
RatioPlotYLabel=Ratio
# END PLOT

# BEGIN HISTO1D //eos/home-y/yiyu/monobc/A600.yoda.gz/JetMETAnalysis/jet12_dR
ErrorBars=1
LineColor=red
LineStyle=solid
Path=//eos/home-y/yiyu/monobc/A600.yoda.gz/JetMETAnalysis/jet12_dR
ScaledBy=5.21401125168643785e-06
Title=A600
# xlow	 xhigh	 val	 errminus	 errplus
0.000000e+00	1.000000e-01	0.000000e+00	0.000000e+00	0.000000e+00
1.000000e-01	2.000000e-01	0.000000e+00	0.000000e+00	0.000000e+00
2.000000e-01	3.000000e-01	0.000000e+00	0.000000e+00	0.000000e+00
3.000000e-01	4.000000e-01	0.000000e+00	0.000000e+00	0.000000e+00
4.000000e-01	5.000000e-01	2.430410e+00	4.593043e-01	4.593043e-01
5.000000e-01	6.000000e-01	4.079616e+00	5.950732e-01	5.950732e-01
6.000000e-01	7.000000e-01	3.472014e+00	5.489736e-01	5.489736e-01
7.000000e-01	8.000000e-01	5.034420e+00	6.610517e-01	6.610517e-01
8.000000e-01	9.000000e-01	4.166416e+00	6.137711e-01	6.137711e-01
9.000000e-01	1.000000e+00	6.162824e+00	7.313926e-01	7.313926e-01
1.000000e+00	1.100000e+00	6.770427e+00	7.763658e-01	7.763658e-01
1.100000e+00	1.200000e+00	9.461237e+00	9.062222e-01	9.062222e-01
1.200000e+00	1.300000e+00	1.032924e+01	9.468799e-01	9.468799e-01
1.300000e+00	1.400000e+00	1.206525e+01	1.045214e+00	1.045214e+00
1.400000e+00	1.500000e+00	1.987728e+01	1.324950e+00	1.324950e+00
1.500000e+00	1.600000e+00	2.473810e+01	1.470491e+00	1.470491e+00
1.600000e+00	1.700000e+00	3.567494e+01	1.780994e+00	1.780994e+00
1.700000e+00	1.800000e+00	4.591738e+01	2.015189e+00	2.015189e+00
1.800000e+00	1.900000e+00	5.537862e+01	2.199323e+00	2.199323e+00
1.900000e+00	2.000000e+00	7.143668e+01	2.505209e+00	2.505209e+00
2.000000e+00	2.100000e+00	9.348397e+01	2.874913e+00	2.874913e+00
2.100000e+00	2.200000e+00	1.224753e+02	3.283532e+00	3.283532e+00
2.200000e+00	2.300000e+00	1.459982e+02	3.583078e+00	3.583078e+00
2.300000e+00	2.400000e+00	1.829751e+02	4.009762e+00	4.009762e+00
2.400000e+00	2.500000e+00	2.152648e+02	4.346955e+00	4.346955e+00
2.500000e+00	2.600000e+00	2.534570e+02	4.725639e+00	4.725639e+00
2.600000e+00	2.700000e+00	2.874827e+02	5.022433e+00	5.022433e+00
2.700000e+00	2.800000e+00	3.312301e+02	5.391413e+00	5.391413e+00
2.800000e+00	2.900000e+00	3.587458e+02	5.621956e+00	5.621956e+00
2.900000e+00	3.000000e+00	3.879975e+02	5.831795e+00	5.831795e+00
3.000000e+00	3.100000e+00	4.116940e+02	6.015583e+00	6.015583e+00
3.100000e+00	3.200000e+00	3.584854e+02	5.627983e+00	5.627983e+00
3.200000e+00	3.300000e+00	2.150912e+02	4.357342e+00	4.357342e+00
3.300000e+00	3.400000e+00	1.504250e+02	3.642513e+00	3.642513e+00
3.400000e+00	3.500000e+00	1.090212e+02	3.105463e+00	3.105463e+00
3.500000e+00	3.600000e+00	8.133192e+01	2.682397e+00	2.682397e+00
3.600000e+00	3.700000e+00	6.067344e+01	2.343609e+00	2.343609e+00
3.700000e+00	3.800000e+00	4.513618e+01	2.002061e+00	2.002061e+00
3.800000e+00	3.900000e+00	3.715055e+01	1.804111e+00	1.804111e+00
3.900000e+00	4.000000e+00	2.760251e+01	1.562406e+00	1.562406e+00
4.000000e+00	4.100000e+00	1.961688e+01	1.327790e+00	1.327790e+00
4.100000e+00	4.200000e+00	1.579766e+01	1.208989e+00	1.208989e+00
4.200000e+00	4.300000e+00	1.024244e+01	9.508501e-01	9.508501e-01
4.300000e+00	4.400000e+00	9.548038e+00	9.103697e-01	9.103697e-01
4.400000e+00	4.500000e+00	6.336425e+00	7.616699e-01	7.616699e-01
4.500000e+00	4.600000e+00	5.294821e+00	6.889563e-01	6.889563e-01
4.600000e+00	4.700000e+00	2.170009e+00	4.674342e-01	4.674342e-01
4.700000e+00	4.800000e+00	2.343609e+00	4.510278e-01	4.510278e-01
4.800000e+00	4.900000e+00	2.517210e+00	4.674342e-01	4.674342e-01
4.900000e+00	5.000000e+00	1.215205e+00	3.247772e-01	3.247772e-01
# END HISTO1D


# BEGIN HISTO1D //eos/home-y/yiyu/monobc/A1000.yoda.gz/JetMETAnalysis/jet12_dR
ErrorBars=1
LineColor=blue
LineStyle=solid
Path=//eos/home-y/yiyu/monobc/A1000.yoda.gz/JetMETAnalysis/jet12_dR
ScaledBy=4.00138196213606137e-06
Title=A1000
# xlow	 xhigh	 val	 errminus	 errplus
0.000000e+00	1.000000e-01	0.000000e+00	0.000000e+00	0.000000e+00
1.000000e-01	2.000000e-01	0.000000e+00	0.000000e+00	0.000000e+00
2.000000e-01	3.000000e-01	0.000000e+00	0.000000e+00	0.000000e+00
3.000000e-01	4.000000e-01	0.000000e+00	0.000000e+00	0.000000e+00
4.000000e-01	5.000000e-01	2.167579e-01	4.411442e-02	4.411442e-02
5.000000e-01	6.000000e-01	2.584421e-01	4.789151e-02	4.789151e-02
6.000000e-01	7.000000e-01	3.334737e-01	5.402891e-02	5.402891e-02
7.000000e-01	8.000000e-01	2.250947e-01	4.641757e-02	4.641757e-02
8.000000e-01	9.000000e-01	3.251368e-01	5.338183e-02	5.338183e-02
9.000000e-01	1.000000e+00	4.335158e-01	6.238721e-02	6.238721e-02
1.000000e+00	1.100000e+00	5.585684e-01	6.925101e-02	6.925101e-02
1.100000e+00	1.200000e+00	6.752842e-01	7.503158e-02	7.503158e-02
1.200000e+00	1.300000e+00	8.670316e-01	8.501944e-02	8.501944e-02
1.300000e+00	1.400000e+00	1.225516e+00	1.051236e-01	1.051236e-01
1.400000e+00	1.500000e+00	1.742400e+00	1.233740e-01	1.233740e-01
1.500000e+00	1.600000e+00	2.426021e+00	1.446388e-01	1.446388e-01
1.600000e+00	1.700000e+00	2.884547e+00	1.586192e-01	1.586192e-01
1.700000e+00	1.800000e+00	3.926653e+00	1.851079e-01	1.851079e-01
1.800000e+00	1.900000e+00	5.493979e+00	2.207296e-01	2.207296e-01
1.900000e+00	2.000000e+00	7.669895e+00	2.577689e-01	2.577689e-01
2.000000e+00	2.100000e+00	9.053811e+00	2.812372e-01	2.812372e-01
2.100000e+00	2.200000e+00	1.203840e+01	3.250300e-01	3.250300e-01
2.200000e+00	2.300000e+00	1.454779e+01	3.539969e-01	3.539969e-01
2.300000e+00	2.400000e+00	1.800758e+01	3.947475e-01	3.947475e-01
2.400000e+00	2.500000e+00	2.185086e+01	4.355152e-01	4.355152e-01
2.500000e+00	2.600000e+00	2.690299e+01	4.834650e-01	4.834650e-01
2.600000e+00	2.700000e+00	2.874543e+01	5.014595e-01	5.014595e-01
2.700000e+00	2.800000e+00	3.185507e+01	5.272022e-01	5.272022e-01
2.800000e+00	2.900000e+00	3.478964e+01	5.510520e-01	5.510520e-01
2.900000e+00	3.000000e+00	3.689886e+01	5.670279e-01	5.670279e-01
3.000000e+00	3.100000e+00	3.774922e+01	5.779542e-01	5.779542e-01
3.100000e+00	3.200000e+00	3.243865e+01	5.331018e-01	5.331018e-01
3.200000e+00	3.300000e+00	1.824935e+01	4.026790e-01	4.026790e-01
3.300000e+00	3.400000e+00	1.183832e+01	3.256708e-01	3.256708e-01
3.400000e+00	3.500000e+00	8.495242e+00	2.756206e-01	2.756206e-01
3.500000e+00	3.600000e+00	6.294316e+00	2.344714e-01	2.344714e-01
3.600000e+00	3.700000e+00	4.368505e+00	2.014689e-01	2.014689e-01
3.700000e+00	3.800000e+00	3.376421e+00	1.746762e-01	1.746762e-01
3.800000e+00	3.900000e+00	2.325979e+00	1.446388e-01	1.446388e-01
3.900000e+00	4.000000e+00	1.809095e+00	1.283441e-01	1.283441e-01
4.000000e+00	4.100000e+00	1.275537e+00	1.115394e-01	1.115394e-01
4.100000e+00	4.200000e+00	8.670316e-01	9.056128e-02	9.056128e-02
4.200000e+00	4.300000e+00	6.752842e-01	8.378423e-02	8.378423e-02
4.300000e+00	4.400000e+00	4.335158e-01	6.238721e-02	6.238721e-02
4.400000e+00	4.500000e+00	3.751579e-01	5.953696e-02	5.953696e-02
4.500000e+00	4.600000e+00	2.334316e-01	4.566276e-02	4.566276e-02
4.600000e+00	4.700000e+00	1.667368e-01	4.716030e-02	4.716030e-02
4.700000e+00	4.800000e+00	1.250526e-01	3.633946e-02	3.633946e-02
4.800000e+00	4.900000e+00	5.002105e-02	2.887967e-02	2.887967e-02
4.900000e+00	5.000000e+00	7.503158e-02	2.765018e-02	2.765018e-02
# END HISTO1D


# BEGIN HISTO1D //eos/home-y/yiyu/monobc/A1500.yoda.gz/JetMETAnalysis/jet12_dR
ErrorBars=1
LineColor=green
LineStyle=solid
Path=//eos/home-y/yiyu/monobc/A1500.yoda.gz/JetMETAnalysis/jet12_dR
ScaledBy=3.22616518003077697e-06
Title=A1500
# xlow	 xhigh	 val	 errminus	 errplus
0.000000e+00	1.000000e-01	0.000000e+00	0.000000e+00	0.000000e+00
1.000000e-01	2.000000e-01	0.000000e+00	0.000000e+00	0.000000e+00
2.000000e-01	3.000000e-01	0.000000e+00	0.000000e+00	0.000000e+00
3.000000e-01	4.000000e-01	0.000000e+00	0.000000e+00	0.000000e+00
4.000000e-01	5.000000e-01	1.272367e-02	2.919011e-03	2.919011e-03
5.000000e-01	6.000000e-01	1.607201e-02	3.543545e-03	3.543545e-03
6.000000e-01	7.000000e-01	1.942034e-02	3.846944e-03	3.846944e-03
7.000000e-01	8.000000e-01	2.343835e-02	4.287961e-03	4.287961e-03
8.000000e-01	9.000000e-01	2.812601e-02	4.639589e-03	4.639589e-03
9.000000e-01	1.000000e+00	2.410801e-02	4.442068e-03	4.442068e-03
1.000000e+00	1.100000e+00	2.879568e-02	4.966383e-03	4.966383e-03
1.100000e+00	1.200000e+00	4.687669e-02	6.064093e-03	6.064093e-03
1.200000e+00	1.300000e+00	5.558236e-02	6.663103e-03	6.663103e-03
1.300000e+00	1.400000e+00	8.906571e-02	8.705671e-03	8.705671e-03
1.400000e+00	1.500000e+00	1.252277e-01	9.494169e-03	9.494169e-03
1.500000e+00	1.600000e+00	1.540234e-01	1.112534e-02	1.112534e-02
1.600000e+00	1.700000e+00	2.102754e-01	1.332620e-02	1.332620e-02
1.700000e+00	1.800000e+00	3.113952e-01	1.534400e-02	1.534400e-02
1.800000e+00	1.900000e+00	3.830495e-01	1.799399e-02	1.799399e-02
1.900000e+00	2.000000e+00	5.223403e-01	2.022350e-02	2.022350e-02
2.000000e+00	2.100000e+00	6.864087e-01	2.349568e-02	2.349568e-02
2.100000e+00	2.200000e+00	8.558344e-01	2.614276e-02	2.614276e-02
2.200000e+00	2.300000e+00	1.094236e+00	2.966255e-02	2.966255e-02
2.300000e+00	2.400000e+00	1.297145e+00	3.253921e-02	3.253921e-02
2.400000e+00	2.500000e+00	1.563672e+00	3.549235e-02	3.549235e-02
2.500000e+00	2.600000e+00	1.871050e+00	3.864391e-02	3.864391e-02
2.600000e+00	2.700000e+00	2.049181e+00	4.065711e-02	4.065711e-02
2.700000e+00	2.800000e+00	2.189811e+00	4.252254e-02	4.252254e-02
2.800000e+00	2.900000e+00	2.432900e+00	4.444591e-02	4.444591e-02
2.900000e+00	3.000000e+00	2.629113e+00	4.621187e-02	4.621187e-02
3.000000e+00	3.100000e+00	2.540717e+00	4.627976e-02	4.627976e-02
3.100000e+00	3.200000e+00	2.235348e+00	4.291098e-02	4.291098e-02
3.200000e+00	3.300000e+00	1.210088e+00	3.168735e-02	3.168735e-02
3.300000e+00	3.400000e+00	7.694474e-01	2.596201e-02	2.596201e-02
3.400000e+00	3.500000e+00	4.968929e-01	2.117673e-02	2.117673e-02
3.500000e+00	3.600000e+00	3.642989e-01	1.814291e-02	1.814291e-02
3.600000e+00	3.700000e+00	2.283565e-01	1.450258e-02	1.450258e-02
3.700000e+00	3.800000e+00	1.640684e-01	1.268838e-02	1.268838e-02
3.800000e+00	3.900000e+00	9.777138e-02	9.887515e-03	9.887515e-03
3.900000e+00	4.000000e+00	7.902071e-02	8.833515e-03	8.833515e-03
4.000000e+00	4.100000e+00	6.294870e-02	7.751956e-03	7.751956e-03
4.100000e+00	4.200000e+00	3.080468e-02	6.137600e-03	6.137600e-03
4.200000e+00	4.300000e+00	1.674168e-02	5.230267e-03	5.230267e-03
4.300000e+00	4.400000e+00	2.410801e-02	5.100032e-03	5.100032e-03
4.400000e+00	4.500000e+00	7.366337e-03	4.182069e-03	4.182069e-03
4.500000e+00	4.600000e+00	1.205401e-02	3.414645e-03	3.414645e-03
4.600000e+00	4.700000e+00	1.138434e-02	2.919011e-03	2.919011e-03
4.700000e+00	4.800000e+00	4.687669e-03	2.221034e-03	2.221034e-03
4.800000e+00	4.900000e+00	8.705671e-03	2.593609e-03	2.593609e-03
4.900000e+00	5.000000e+00	4.018002e-03	1.640342e-03	1.640342e-03
# END HISTO1D


# BEGIN HISTO1D //eos/home-y/yiyu/monobc/A2000.yoda.gz/JetMETAnalysis/jet12_dR
ErrorBars=1
LineColor=orange
LineStyle=solid
Path=//eos/home-y/yiyu/monobc/A2000.yoda.gz/JetMETAnalysis/jet12_dR
ScaledBy=2.74469287009081753e-06
Title=A2000
# xlow	 xhigh	 val	 errminus	 errplus
0.000000e+00	1.000000e-01	0.000000e+00	0.000000e+00	0.000000e+00
1.000000e-01	2.000000e-01	0.000000e+00	0.000000e+00	0.000000e+00
2.000000e-01	3.000000e-01	0.000000e+00	0.000000e+00	0.000000e+00
3.000000e-01	4.000000e-01	7.002172e-05	7.002172e-05	7.002172e-05
4.000000e-01	5.000000e-01	1.540478e-03	3.430350e-04	3.430350e-04
5.000000e-01	6.000000e-01	9.102823e-04	3.638435e-04	3.638435e-04
6.000000e-01	7.000000e-01	1.820565e-03	4.428562e-04	4.428562e-04
7.000000e-01	8.000000e-01	1.330413e-03	4.022442e-04	4.022442e-04
8.000000e-01	9.000000e-01	2.240695e-03	5.145524e-04	5.145524e-04
9.000000e-01	1.000000e+00	2.030630e-03	4.697199e-04	4.697199e-04
1.000000e+00	1.100000e+00	3.220999e-03	6.104352e-04	6.104352e-04
1.100000e+00	1.200000e+00	2.590804e-03	6.144381e-04	6.144381e-04
1.200000e+00	1.300000e+00	4.411368e-03	7.243103e-04	7.243103e-04
1.300000e+00	1.400000e+00	6.932150e-03	9.420459e-04	9.420459e-04
1.400000e+00	1.500000e+00	6.021868e-03	9.498208e-04	9.498208e-04
1.500000e+00	1.600000e+00	1.036321e-02	1.200622e-03	1.200622e-03
1.600000e+00	1.700000e+00	1.463454e-02	1.315588e-03	1.315588e-03
1.700000e+00	1.800000e+00	1.491463e-02	1.542068e-03	1.542068e-03
1.800000e+00	1.900000e+00	2.618812e-02	1.790695e-03	1.790695e-03
1.900000e+00	2.000000e+00	3.206995e-02	2.043867e-03	2.043867e-03
2.000000e+00	2.100000e+00	4.327342e-02	2.330787e-03	2.330787e-03
2.100000e+00	2.200000e+00	4.978544e-02	2.643262e-03	2.643262e-03
2.200000e+00	2.300000e+00	6.680072e-02	3.060197e-03	3.060197e-03
2.300000e+00	2.400000e+00	8.073504e-02	3.331003e-03	3.331003e-03
2.400000e+00	2.500000e+00	9.613982e-02	3.652557e-03	3.652557e-03
2.500000e+00	2.600000e+00	1.137153e-01	3.893610e-03	3.893610e-03
2.600000e+00	2.700000e+00	1.358421e-01	4.226900e-03	4.226900e-03
2.700000e+00	2.800000e+00	1.541878e-01	4.453953e-03	4.453953e-03
2.800000e+00	2.900000e+00	1.618202e-01	4.567542e-03	4.567542e-03
2.900000e+00	3.000000e+00	1.797458e-01	4.841636e-03	4.841636e-03
3.000000e+00	3.100000e+00	1.940302e-01	4.956727e-03	4.956727e-03
3.100000e+00	3.200000e+00	1.740740e-01	4.629914e-03	4.629914e-03
3.200000e+00	3.300000e+00	8.290571e-02	3.369783e-03	3.369783e-03
3.300000e+00	3.400000e+00	5.090579e-02	2.689235e-03	2.689235e-03
3.400000e+00	3.500000e+00	3.220999e-02	2.247250e-03	2.247250e-03
3.500000e+00	3.600000e+00	2.261701e-02	1.843314e-03	1.843314e-03
3.600000e+00	3.700000e+00	1.421441e-02	1.579762e-03	1.579762e-03
3.700000e+00	3.800000e+00	9.522954e-03	1.224880e-03	1.224880e-03
3.800000e+00	3.900000e+00	1.057328e-02	1.156949e-03	1.156949e-03
3.900000e+00	4.000000e+00	6.652063e-03	9.626394e-04	9.626394e-04
4.000000e+00	4.100000e+00	3.991238e-03	7.702389e-04	7.702389e-04
4.100000e+00	4.200000e+00	2.940912e-03	7.071847e-04	7.071847e-04
4.200000e+00	4.300000e+00	2.520782e-03	5.774139e-04	5.774139e-04
4.300000e+00	4.400000e+00	7.702389e-04	4.591632e-04	4.591632e-04
4.400000e+00	4.500000e+00	1.540478e-03	4.316429e-04	4.316429e-04
4.500000e+00	4.600000e+00	9.102823e-04	3.208799e-04	3.208799e-04
4.600000e+00	4.700000e+00	5.601737e-04	2.970770e-04	2.970770e-04
4.700000e+00	4.800000e+00	7.002172e-04	2.970770e-04	2.970770e-04
4.800000e+00	4.900000e+00	4.201303e-04	2.425623e-04	2.425623e-04
4.900000e+00	5.000000e+00	7.702389e-04	2.524669e-04	2.524669e-04
# END HISTO1D


# BEGIN HISTO1D //eos/home-y/yiyu/monobc/A2600.yoda.gz/JetMETAnalysis/jet12_dR
ErrorBars=1
LineColor=lilac
LineStyle=solid
Path=//eos/home-y/yiyu/monobc/A2600.yoda.gz/JetMETAnalysis/jet12_dR
ScaledBy=2.62727164953756670e-06
Title=A2600
# xlow	 xhigh	 val	 errminus	 errplus
0.000000e+00	1.000000e-01	0.000000e+00	0.000000e+00	0.000000e+00
1.000000e-01	2.000000e-01	0.000000e+00	0.000000e+00	0.000000e+00
2.000000e-01	3.000000e-01	0.000000e+00	0.000000e+00	0.000000e+00
3.000000e-01	4.000000e-01	0.000000e+00	0.000000e+00	0.000000e+00
4.000000e-01	5.000000e-01	3.272865e-04	5.668768e-05	5.668768e-05
5.000000e-01	6.000000e-01	4.091081e-04	6.942795e-05	6.942795e-05
6.000000e-01	7.000000e-01	3.927438e-04	7.038562e-05	7.038562e-05
7.000000e-01	8.000000e-01	3.436508e-04	6.647220e-05	6.647220e-05
8.000000e-01	9.000000e-01	1.963719e-04	5.900241e-05	5.900241e-05
9.000000e-01	1.000000e+00	1.472789e-04	5.668768e-05	5.668768e-05
1.000000e+00	1.100000e+00	2.291005e-04	6.337875e-05	6.337875e-05
1.100000e+00	1.200000e+00	2.454649e-04	6.942795e-05	6.942795e-05
1.200000e+00	1.300000e+00	2.209184e-04	8.141148e-05	8.141148e-05
1.300000e+00	1.400000e+00	1.881897e-04	9.293149e-05	9.293149e-05
1.400000e+00	1.500000e+00	1.472789e-04	1.015380e-04	1.015380e-04
1.500000e+00	1.600000e+00	2.372827e-04	1.160022e-04	1.160022e-04
1.600000e+00	1.700000e+00	4.745654e-04	1.412460e-04	1.412460e-04
1.700000e+00	1.800000e+00	5.727513e-05	1.658781e-04	1.658781e-04
1.800000e+00	1.900000e+00	3.927438e-04	1.829587e-04	1.829587e-04
1.900000e+00	2.000000e+00	9.000378e-05	2.125788e-04	2.125788e-04
2.000000e+00	2.100000e+00	1.800076e-04	2.451920e-04	2.451920e-04
2.100000e+00	2.200000e+00	4.418367e-04	2.765038e-04	2.765038e-04
2.200000e+00	2.300000e+00	5.400227e-04	3.200470e-04	3.200470e-04
2.300000e+00	2.400000e+00	1.071863e-03	3.503074e-04	3.503074e-04
2.400000e+00	2.500000e+00	1.112774e-03	3.867316e-04	3.867316e-04
2.500000e+00	2.600000e+00	2.716478e-03	4.215203e-04	4.215203e-04
2.600000e+00	2.700000e+00	3.493783e-03	4.560775e-04	4.560775e-04
2.700000e+00	2.800000e+00	5.261130e-03	4.878517e-04	4.878517e-04
2.800000e+00	2.900000e+00	7.519407e-03	5.191000e-04	5.191000e-04
2.900000e+00	3.000000e+00	1.215051e-02	5.581290e-04	5.581290e-04
3.000000e+00	3.100000e+00	1.660979e-02	5.964566e-04	5.964566e-04
3.100000e+00	3.200000e+00	1.811531e-02	5.684100e-04	5.684100e-04
3.200000e+00	3.300000e+00	8.934921e-03	4.191312e-04	4.191312e-04
3.300000e+00	3.400000e+00	6.815741e-03	3.443320e-04	3.443320e-04
3.400000e+00	3.500000e+00	4.614739e-03	2.834384e-04	2.834384e-04
3.500000e+00	3.600000e+00	3.673791e-03	2.400875e-04	2.400875e-04
3.600000e+00	3.700000e+00	2.904667e-03	2.038984e-04	2.038984e-04
3.700000e+00	3.800000e+00	2.397373e-03	1.845980e-04	1.845980e-04
3.800000e+00	3.900000e+00	1.939172e-03	1.479592e-04	1.479592e-04
3.900000e+00	4.000000e+00	1.513700e-03	1.321869e-04	1.321869e-04
4.000000e+00	4.100000e+00	1.104592e-03	1.106862e-04	1.106862e-04
4.100000e+00	4.200000e+00	1.080045e-03	1.060530e-04	1.060530e-04
4.200000e+00	4.300000e+00	7.200302e-04	8.812458e-05	8.812458e-05
4.300000e+00	4.400000e+00	4.909297e-04	7.133044e-05	7.133044e-05
4.400000e+00	4.500000e+00	4.336546e-04	6.697388e-05	6.697388e-05
4.500000e+00	4.600000e+00	3.354686e-04	6.068053e-05	6.068053e-05
4.600000e+00	4.700000e+00	3.681973e-04	6.284837e-05	6.284837e-05
4.700000e+00	4.800000e+00	1.963719e-04	4.329594e-05	4.329594e-05
4.800000e+00	4.900000e+00	1.800076e-04	3.837774e-05	3.837774e-05
4.900000e+00	5.000000e+00	1.145503e-04	3.272864e-05	3.272864e-05
# END HISTO1D


# BEGIN HISTO1D //eos/home-y/yiyu/monobc/C600.yoda.gz/JetMETAnalysis/jet12_dR
ErrorBars=1
LineColor=red
LineStyle=dashed
Path=//eos/home-y/yiyu/monobc/C600.yoda.gz/JetMETAnalysis/jet12_dR
ScaledBy=5.90211502197280713e-06
Title=C600
# xlow	 xhigh	 val	 errminus	 errplus
0.000000e+00	1.000000e-01	0.000000e+00	0.000000e+00	0.000000e+00
1.000000e-01	2.000000e-01	0.000000e+00	0.000000e+00	0.000000e+00
2.000000e-01	3.000000e-01	0.000000e+00	0.000000e+00	0.000000e+00
3.000000e-01	4.000000e-01	0.000000e+00	0.000000e+00	0.000000e+00
4.000000e-01	5.000000e-01	4.695567e+00	6.917224e-01	6.917224e-01
5.000000e-01	6.000000e-01	4.891216e+00	6.917224e-01	6.917224e-01
6.000000e-01	7.000000e-01	5.478162e+00	7.320502e-01	7.320502e-01
7.000000e-01	8.000000e-01	5.771635e+00	7.640324e-01	7.640324e-01
8.000000e-01	9.000000e-01	7.728121e+00	8.694816e-01	8.694816e-01
9.000000e-01	1.000000e+00	9.586784e+00	9.684114e-01	9.684114e-01
1.000000e+00	1.100000e+00	9.586784e+00	9.684114e-01	9.684114e-01
1.100000e+00	1.200000e+00	1.213022e+01	1.089325e+00	1.089325e+00
1.200000e+00	1.300000e+00	1.183674e+01	1.084924e+00	1.084924e+00
1.300000e+00	1.400000e+00	1.721708e+01	1.297786e+00	1.297786e+00
1.400000e+00	1.500000e+00	2.396696e+01	1.537430e+00	1.537430e+00
1.500000e+00	1.600000e+00	3.316245e+01	1.811732e+00	1.811732e+00
1.600000e+00	1.700000e+00	3.805366e+01	1.944220e+00	1.944220e+00
1.700000e+00	1.800000e+00	5.155342e+01	2.249959e+00	2.249959e+00
1.800000e+00	1.900000e+00	6.495535e+01	2.535896e+00	2.535896e+00
1.900000e+00	2.000000e+00	8.657453e+01	2.926566e+00	2.926566e+00
2.000000e+00	2.100000e+00	1.104437e+02	3.301480e+00	3.301480e+00
2.100000e+00	2.200000e+00	1.341171e+02	3.627423e+00	3.627423e+00
2.200000e+00	2.300000e+00	1.714860e+02	4.121412e+00	4.121412e+00
2.300000e+00	2.400000e+00	2.027898e+02	4.481807e+00	4.481807e+00
2.400000e+00	2.500000e+00	2.462238e+02	4.931161e+00	4.931161e+00
2.500000e+00	2.600000e+00	2.859405e+02	5.317721e+00	5.317721e+00
2.600000e+00	2.700000e+00	3.128422e+02	5.580275e+00	5.580275e+00
2.700000e+00	2.800000e+00	3.623413e+02	5.987296e+00	5.987296e+00
2.800000e+00	2.900000e+00	4.010797e+02	6.288210e+00	6.288210e+00
2.900000e+00	3.000000e+00	4.298401e+02	6.538881e+00	6.538881e+00
3.000000e+00	3.100000e+00	4.636873e+02	6.788754e+00	6.788754e+00
3.100000e+00	3.200000e+00	3.925690e+02	6.243154e+00	6.243154e+00
3.200000e+00	3.300000e+00	2.354631e+02	4.866699e+00	4.866699e+00
3.300000e+00	3.400000e+00	1.700187e+02	4.117928e+00	4.117928e+00
3.400000e+00	3.500000e+00	1.326498e+02	3.636644e+00	3.636644e+00
3.500000e+00	3.600000e+00	9.410700e+01	3.056130e+00	3.056130e+00
3.600000e+00	3.700000e+00	7.229217e+01	2.691503e+00	2.691503e+00
3.700000e+00	3.800000e+00	5.243384e+01	2.277438e+00	2.277438e+00
3.800000e+00	3.900000e+00	4.137969e+01	2.035592e+00	2.035592e+00
3.900000e+00	4.000000e+00	2.905382e+01	1.697189e+00	1.697189e+00
4.000000e+00	4.100000e+00	2.220612e+01	1.531193e+00	1.531193e+00
4.100000e+00	4.200000e+00	1.751055e+01	1.344862e+00	1.344862e+00
4.200000e+00	4.300000e+00	1.164109e+01	1.093709e+00	1.093709e+00
4.300000e+00	4.400000e+00	1.007591e+01	1.030643e+00	1.030643e+00
4.400000e+00	4.500000e+00	7.043351e+00	8.415167e-01	8.415167e-01
4.500000e+00	4.600000e+00	5.282513e+00	7.320502e-01	7.320502e-01
4.600000e+00	4.700000e+00	3.717324e+00	6.186953e-01	6.186953e-01
4.700000e+00	4.800000e+00	4.010797e+00	6.263813e-01	6.263813e-01
4.800000e+00	4.900000e+00	2.249959e+00	4.691490e-01	4.691490e-01
4.900000e+00	5.000000e+00	1.173892e+00	3.660251e-01	3.660251e-01
# END HISTO1D


# BEGIN HISTO1D //eos/home-y/yiyu/monobc/C1000.yoda.gz/JetMETAnalysis/jet12_dR
ErrorBars=1
LineColor=blue
LineStyle=dashed
Path=//eos/home-y/yiyu/monobc/C1000.yoda.gz/JetMETAnalysis/jet12_dR
ScaledBy=4.98836569259182364e-06
Title=C1000
# xlow	 xhigh	 val	 errminus	 errplus
0.000000e+00	1.000000e-01	0.000000e+00	0.000000e+00	0.000000e+00
1.000000e-01	2.000000e-01	0.000000e+00	0.000000e+00	0.000000e+00
2.000000e-01	3.000000e-01	0.000000e+00	0.000000e+00	0.000000e+00
3.000000e-01	4.000000e-01	1.038078e-02	1.038079e-02	1.038079e-02
4.000000e-01	5.000000e-01	2.906619e-01	5.492995e-02	5.492995e-02
5.000000e-01	6.000000e-01	3.529466e-01	6.052985e-02	6.052985e-02
6.000000e-01	7.000000e-01	4.152313e-01	6.565384e-02	6.565384e-02
7.000000e-01	8.000000e-01	4.463737e-01	6.963641e-02	6.963641e-02
8.000000e-01	9.000000e-01	4.567545e-01	7.192018e-02	7.192018e-02
9.000000e-01	1.000000e+00	5.709431e-01	7.698595e-02	7.698595e-02
1.000000e+00	1.100000e+00	7.266548e-01	8.808387e-02	8.808387e-02
1.100000e+00	1.200000e+00	8.927474e-01	9.848076e-02	9.848076e-02
1.200000e+00	1.300000e+00	1.214552e+00	1.141886e-01	1.141886e-01
1.300000e+00	1.400000e+00	1.432548e+00	1.228271e-01	1.228271e-01
1.400000e+00	1.500000e+00	2.283772e+00	1.587955e-01	1.587955e-01
1.500000e+00	1.600000e+00	3.249185e+00	1.865655e-01	1.865655e-01
1.600000e+00	1.700000e+00	3.903175e+00	2.044777e-01	2.044777e-01
1.700000e+00	1.800000e+00	4.806303e+00	2.267197e-01	2.267197e-01
1.800000e+00	1.900000e+00	6.923983e+00	2.748458e-01	2.748458e-01
1.900000e+00	2.000000e+00	9.135089e+00	3.141795e-01	3.141795e-01
2.000000e+00	2.100000e+00	1.146039e+01	3.535568e-01	3.535568e-01
2.100000e+00	2.200000e+00	1.494833e+01	4.017779e-01	4.017779e-01
2.200000e+00	2.300000e+00	1.950549e+01	4.561642e-01	4.561642e-01
2.300000e+00	2.400000e+00	2.322181e+01	5.022626e-01	5.022626e-01
2.400000e+00	2.500000e+00	2.715613e+01	5.417934e-01	5.417934e-01
2.500000e+00	2.600000e+00	3.088283e+01	5.784435e-01	5.784435e-01
2.600000e+00	2.700000e+00	3.702825e+01	6.335681e-01	6.335681e-01
2.700000e+00	2.800000e+00	3.985183e+01	6.603843e-01	6.603843e-01
2.800000e+00	2.900000e+00	4.243664e+01	6.832417e-01	6.832417e-01
2.900000e+00	3.000000e+00	4.426366e+01	6.971374e-01	6.971374e-01
3.000000e+00	3.100000e+00	4.735713e+01	7.205490e-01	7.205490e-01
3.100000e+00	3.200000e+00	4.052658e+01	6.658284e-01	6.658284e-01
3.200000e+00	3.300000e+00	2.321143e+01	5.077041e-01	5.077041e-01
3.300000e+00	3.400000e+00	1.564384e+01	4.171732e-01	4.171732e-01
3.400000e+00	3.500000e+00	1.050535e+01	3.420937e-01	3.420937e-01
3.500000e+00	3.600000e+00	7.173121e+00	2.867427e-01	2.867427e-01
3.600000e+00	3.700000e+00	5.750954e+00	2.546997e-01	2.546997e-01
3.700000e+00	3.800000e+00	3.768224e+00	2.114726e-01	2.114726e-01
3.800000e+00	3.900000e+00	2.574434e+00	1.699408e-01	1.699408e-01
3.900000e+00	4.000000e+00	1.951587e+00	1.518578e-01	1.518578e-01
4.000000e+00	4.100000e+00	1.380644e+00	1.258603e-01	1.258603e-01
4.100000e+00	4.200000e+00	9.654129e-01	1.073797e-01	1.073797e-01
4.200000e+00	4.300000e+00	7.681780e-01	9.956898e-02	9.956898e-02
4.300000e+00	4.400000e+00	5.917047e-01	8.869346e-02	8.869346e-02
4.400000e+00	4.500000e+00	3.425659e-01	7.413362e-02	7.413362e-02
4.500000e+00	4.600000e+00	2.179965e-01	5.590223e-02	5.590223e-02
4.600000e+00	4.700000e+00	1.349502e-01	4.020460e-02	4.020460e-02
4.700000e+00	4.800000e+00	9.342705e-02	3.742845e-02	3.742845e-02
4.800000e+00	4.900000e+00	9.342705e-02	3.442916e-02	3.442916e-02
4.900000e+00	5.000000e+00	8.304627e-02	3.596009e-02	3.596009e-02
# END HISTO1D


# BEGIN HISTO1D //eos/home-y/yiyu/monobc/C1500.yoda.gz/JetMETAnalysis/jet12_dR
ErrorBars=1
LineColor=green
LineStyle=dashed
Path=//eos/home-y/yiyu/monobc/C1500.yoda.gz/JetMETAnalysis/jet12_dR
ScaledBy=4.29919801299068407e-06
Title=C1500
# xlow	 xhigh	 val	 errminus	 errplus
0.000000e+00	1.000000e-01	0.000000e+00	0.000000e+00	0.000000e+00
1.000000e-01	2.000000e-01	0.000000e+00	0.000000e+00	0.000000e+00
2.000000e-01	3.000000e-01	0.000000e+00	0.000000e+00	0.000000e+00
3.000000e-01	4.000000e-01	0.000000e+00	0.000000e+00	0.000000e+00
4.000000e-01	5.000000e-01	2.051339e-02	4.459433e-03	4.459433e-03
5.000000e-01	6.000000e-01	3.299980e-02	5.710861e-03	5.710861e-03
6.000000e-01	7.000000e-01	2.943226e-02	5.276472e-03	5.276472e-03
7.000000e-01	8.000000e-01	2.051339e-02	4.634379e-03	4.634379e-03
8.000000e-01	9.000000e-01	4.191867e-02	6.114466e-03	6.114466e-03
9.000000e-01	1.000000e+00	3.656735e-02	5.982957e-03	5.982957e-03
1.000000e+00	1.100000e+00	4.548622e-02	7.190620e-03	7.190620e-03
1.100000e+00	1.200000e+00	7.581036e-02	8.414041e-03	8.414041e-03
1.200000e+00	1.300000e+00	8.472923e-02	9.480884e-03	9.480884e-03
1.300000e+00	1.400000e+00	1.221885e-01	1.081355e-02	1.081355e-02
1.400000e+00	1.500000e+00	1.676747e-01	1.316855e-02	1.316855e-02
1.500000e+00	1.600000e+00	2.372418e-01	1.529267e-02	1.529267e-02
1.600000e+00	1.700000e+00	3.175116e-01	1.810332e-02	1.810332e-02
1.700000e+00	1.800000e+00	3.817275e-01	2.053277e-02	2.053277e-02
1.800000e+00	1.900000e+00	5.190780e-01	2.373156e-02	2.373156e-02
1.900000e+00	2.000000e+00	7.322389e-01	2.750426e-02	2.750426e-02
2.000000e+00	2.100000e+00	9.364809e-01	3.130509e-02	3.130509e-02
2.100000e+00	2.200000e+00	1.162128e+00	3.498880e-02	3.498880e-02
2.200000e+00	2.300000e+00	1.524234e+00	4.011507e-02	4.011507e-02
2.300000e+00	2.400000e+00	1.847097e+00	4.413713e-02	4.413713e-02
2.400000e+00	2.500000e+00	2.160149e+00	4.778049e-02	4.778049e-02
2.500000e+00	2.600000e+00	2.349229e+00	5.019983e-02	5.019983e-02
2.600000e+00	2.700000e+00	2.708660e+00	5.447814e-02	5.447814e-02
2.700000e+00	2.800000e+00	3.157279e+00	5.844410e-02	5.844410e-02
2.800000e+00	2.900000e+00	3.221494e+00	5.889154e-02	5.889154e-02
2.900000e+00	3.000000e+00	3.272332e+00	5.998227e-02	5.998227e-02
3.000000e+00	3.100000e+00	3.452493e+00	6.173376e-02	6.173376e-02
3.100000e+00	3.200000e+00	3.044009e+00	5.722688e-02	5.722688e-02
3.200000e+00	3.300000e+00	1.549207e+00	4.218350e-02	4.218350e-02
3.300000e+00	3.400000e+00	9.739402e-01	3.398544e-02	3.398544e-02
3.400000e+00	3.500000e+00	6.510772e-01	2.794894e-02	2.794894e-02
3.500000e+00	3.600000e+00	4.379163e-01	2.330880e-02	2.330880e-02
3.600000e+00	3.700000e+00	3.103765e-01	1.954026e-02	1.954026e-02
3.700000e+00	3.800000e+00	2.345662e-01	1.736318e-02	1.736318e-02
3.800000e+00	3.900000e+00	1.427019e-01	1.340799e-02	1.340799e-02
3.900000e+00	4.000000e+00	1.061345e-01	1.193263e-02	1.193263e-02
4.000000e+00	4.100000e+00	4.905376e-02	8.963349e-03	8.963349e-03
4.100000e+00	4.200000e+00	3.567546e-02	7.672299e-03	7.672299e-03
4.200000e+00	4.300000e+00	2.675660e-02	6.792406e-03	6.792406e-03
4.300000e+00	4.400000e+00	1.427019e-02	5.351319e-03	5.351319e-03
4.400000e+00	4.500000e+00	2.140528e-02	5.780086e-03	5.780086e-03
4.500000e+00	4.600000e+00	9.810753e-03	4.087138e-03	4.087138e-03
4.600000e+00	4.700000e+00	5.351320e-03	3.089586e-03	3.089586e-03
4.700000e+00	4.800000e+00	6.243206e-03	3.215743e-03	3.215743e-03
4.800000e+00	4.900000e+00	8.918866e-04	1.544793e-03	1.544793e-03
4.900000e+00	5.000000e+00	5.351320e-03	2.184667e-03	2.184667e-03
# END HISTO1D


# BEGIN HISTO1D //eos/home-y/yiyu/monobc/C2000.yoda.gz/JetMETAnalysis/jet12_dR
ErrorBars=1
LineColor=orange
LineStyle=dashed
Path=//eos/home-y/yiyu/monobc/C2000.yoda.gz/JetMETAnalysis/jet12_dR
ScaledBy=3.73896889920239138e-06
Title=C2000
# xlow	 xhigh	 val	 errminus	 errplus
0.000000e+00	1.000000e-01	0.000000e+00	0.000000e+00	0.000000e+00
1.000000e-01	2.000000e-01	0.000000e+00	0.000000e+00	0.000000e+00
2.000000e-01	3.000000e-01	0.000000e+00	0.000000e+00	0.000000e+00
3.000000e-01	4.000000e-01	0.000000e+00	0.000000e+00	0.000000e+00
4.000000e-01	5.000000e-01	1.145552e-03	4.269221e-04	4.269221e-04
5.000000e-01	6.000000e-01	2.482030e-03	5.400185e-04	5.400185e-04
6.000000e-01	7.000000e-01	2.386567e-03	5.806769e-04	5.806769e-04
7.000000e-01	8.000000e-01	3.627582e-03	6.750232e-04	6.750232e-04
8.000000e-01	9.000000e-01	3.723045e-03	6.682389e-04	6.682389e-04
9.000000e-01	1.000000e+00	3.532120e-03	7.577117e-04	7.577117e-04
1.000000e+00	1.100000e+00	3.818508e-03	7.986982e-04	7.986982e-04
1.100000e+00	1.200000e+00	5.059523e-03	9.106561e-04	9.106561e-04
1.200000e+00	1.300000e+00	5.154986e-03	9.828486e-04	9.828486e-04
1.300000e+00	1.400000e+00	8.496180e-03	1.125489e-03	1.125489e-03
1.400000e+00	1.500000e+00	1.174191e-02	1.399758e-03	1.399758e-03
1.500000e+00	1.600000e+00	1.680143e-02	1.631267e-03	1.631267e-03
1.600000e+00	1.700000e+00	1.909254e-02	1.831292e-03	1.831292e-03
1.700000e+00	1.800000e+00	2.338836e-02	2.170596e-03	2.170596e-03
1.800000e+00	1.900000e+00	3.894878e-02	2.547262e-03	2.547262e-03
1.900000e+00	2.000000e+00	4.209905e-02	2.846326e-03	2.846326e-03
2.000000e+00	2.100000e+00	5.756401e-02	3.297266e-03	3.297266e-03
2.100000e+00	2.200000e+00	7.818395e-02	3.718146e-03	3.718146e-03
2.200000e+00	2.300000e+00	9.231243e-02	4.140264e-03	4.140264e-03
2.300000e+00	2.400000e+00	1.164645e-01	4.684486e-03	4.684486e-03
2.400000e+00	2.500000e+00	1.381345e-01	5.102568e-03	5.102568e-03
2.500000e+00	2.600000e+00	1.504492e-01	5.340795e-03	5.340795e-03
2.600000e+00	2.700000e+00	1.869160e-01	5.855218e-03	5.855218e-03
2.700000e+00	2.800000e+00	1.982760e-01	6.035327e-03	6.035327e-03
2.800000e+00	2.900000e+00	2.179413e-01	6.350243e-03	6.350243e-03
2.900000e+00	3.000000e+00	2.292059e-01	6.542503e-03	6.542503e-03
3.000000e+00	3.100000e+00	2.482030e-01	6.694652e-03	6.694652e-03
3.100000e+00	3.200000e+00	2.102089e-01	6.214614e-03	6.214614e-03
3.200000e+00	3.300000e+00	1.068228e-01	4.563276e-03	4.563276e-03
3.300000e+00	3.400000e+00	5.985511e-02	3.588433e-03	3.588433e-03
3.400000e+00	3.500000e+00	4.515386e-02	3.047339e-03	3.047339e-03
3.500000e+00	3.600000e+00	2.434299e-02	2.516669e-03	2.516669e-03
3.600000e+00	3.700000e+00	2.023809e-02	2.100179e-03	2.100179e-03
3.700000e+00	3.800000e+00	1.336478e-02	1.775709e-03	1.775709e-03
3.800000e+00	3.900000e+00	8.591643e-03	1.376782e-03	1.376782e-03
3.900000e+00	4.000000e+00	8.018866e-03	1.273631e-03	1.273631e-03
4.000000e+00	4.100000e+00	5.536836e-03	1.028165e-03	1.028165e-03
4.100000e+00	4.200000e+00	3.532120e-03	8.156336e-04	8.156336e-04
4.200000e+00	4.300000e+00	2.768418e-03	7.929727e-04	7.929727e-04
4.300000e+00	4.400000e+00	3.341194e-03	7.455875e-04	7.455875e-04
4.400000e+00	4.500000e+00	2.768418e-03	5.483915e-04	5.483915e-04
4.500000e+00	4.600000e+00	1.431940e-03	4.374651e-04	4.374651e-04
4.600000e+00	4.700000e+00	8.591643e-04	4.578230e-04	4.578230e-04
4.700000e+00	4.800000e+00	7.637016e-04	3.571887e-04	3.571887e-04
4.800000e+00	4.900000e+00	5.727762e-04	3.018795e-04	3.018795e-04
4.900000e+00	5.000000e+00	3.818508e-04	1.909254e-04	1.909254e-04
# END HISTO1D


# BEGIN HISTO1D //eos/home-y/yiyu/monobc/C2600.yoda.gz/JetMETAnalysis/jet12_dR
ErrorBars=1
LineColor=lilac
LineStyle=dashed
Path=//eos/home-y/yiyu/monobc/C2600.yoda.gz/JetMETAnalysis/jet12_dR
ScaledBy=3.48760473830657204e-06
Title=C2600
# xlow	 xhigh	 val	 errminus	 errplus
0.000000e+00	1.000000e-01	0.000000e+00	0.000000e+00	0.000000e+00
1.000000e-01	2.000000e-01	0.000000e+00	0.000000e+00	0.000000e+00
2.000000e-01	3.000000e-01	0.000000e+00	0.000000e+00	0.000000e+00
3.000000e-01	4.000000e-01	1.086736e-05	1.086736e-05	1.086736e-05
4.000000e-01	5.000000e-01	2.934188e-04	7.290049e-05	7.290049e-05
5.000000e-01	6.000000e-01	4.020925e-04	8.487683e-05	8.487683e-05
6.000000e-01	7.000000e-01	6.085724e-04	8.961458e-05	8.961458e-05
7.000000e-01	8.000000e-01	4.998988e-04	8.961458e-05	8.961458e-05
8.000000e-01	9.000000e-01	2.825515e-04	7.985849e-05	7.985849e-05
9.000000e-01	1.000000e+00	2.499494e-04	8.761549e-05	8.761549e-05
1.000000e+00	1.100000e+00	3.586230e-04	9.900640e-05	9.900640e-05
1.100000e+00	1.200000e+00	2.934188e-04	1.001922e-04	1.001922e-04
1.200000e+00	1.300000e+00	4.564293e-04	1.129370e-04	1.129370e-04
1.300000e+00	1.400000e+00	4.129598e-04	1.219859e-04	1.219859e-04
1.400000e+00	1.500000e+00	1.630105e-04	1.486090e-04	1.486090e-04
1.500000e+00	1.600000e+00	1.956126e-04	1.844253e-04	1.844253e-04
1.600000e+00	1.700000e+00	3.803577e-04	1.953104e-04	1.953104e-04
1.700000e+00	1.800000e+00	4.564293e-04	2.173473e-04	2.173473e-04
1.800000e+00	1.900000e+00	2.934188e-04	2.664167e-04	2.664167e-04
1.900000e+00	2.000000e+00	-7.281134e-04	2.997896e-04	2.997896e-04
2.000000e+00	2.100000e+00	3.151536e-04	3.462241e-04	3.462241e-04
2.100000e+00	2.200000e+00	7.607155e-04	3.884988e-04	3.884988e-04
2.200000e+00	2.300000e+00	3.260209e-05	4.301884e-04	4.301884e-04
2.300000e+00	2.400000e+00	3.477557e-04	4.864891e-04	4.864891e-04
2.400000e+00	2.500000e+00	6.303071e-04	5.319461e-04	5.319461e-04
2.500000e+00	2.600000e+00	1.760513e-03	5.821906e-04	5.821906e-04
2.600000e+00	2.700000e+00	3.727506e-03	6.232412e-04	6.232412e-04
2.700000e+00	2.800000e+00	5.194600e-03	6.590678e-04	6.590678e-04
2.800000e+00	2.900000e+00	8.954708e-03	7.114597e-04	7.114597e-04
2.900000e+00	3.000000e+00	1.363854e-02	7.417723e-04	7.417723e-04
3.000000e+00	3.100000e+00	1.724651e-02	7.847862e-04	7.847862e-04
3.100000e+00	3.200000e+00	1.725737e-02	7.416927e-04	7.416927e-04
3.200000e+00	3.300000e+00	9.693689e-03	5.492052e-04	5.492052e-04
3.300000e+00	3.400000e+00	7.487614e-03	4.391545e-04	4.391545e-04
3.400000e+00	3.500000e+00	4.814242e-03	3.670853e-04	3.670853e-04
3.500000e+00	3.600000e+00	3.521026e-03	3.160890e-04	3.160890e-04
3.600000e+00	3.700000e+00	2.238677e-03	2.530020e-04	2.530020e-04
3.700000e+00	3.800000e+00	2.771178e-03	2.287315e-04	2.287315e-04
3.800000e+00	3.900000e+00	1.999595e-03	1.944013e-04	1.944013e-04
3.900000e+00	4.000000e+00	1.901789e-03	1.673010e-04	1.673010e-04
4.000000e+00	4.100000e+00	9.454607e-04	1.361677e-04	1.361677e-04
4.100000e+00	4.200000e+00	8.911239e-04	1.239070e-04	1.239070e-04
4.200000e+00	4.300000e+00	7.389808e-04	1.075814e-04	1.075814e-04
4.300000e+00	4.400000e+00	5.977050e-04	9.157004e-05	9.157004e-05
4.400000e+00	4.500000e+00	4.238272e-04	8.487683e-05	8.487683e-05
4.500000e+00	4.600000e+00	2.716841e-04	6.242825e-05	6.242825e-05
4.600000e+00	4.700000e+00	2.716841e-04	6.050693e-05	6.050693e-05
4.700000e+00	4.800000e+00	2.282146e-04	6.429219e-05	6.429219e-05
4.800000e+00	4.900000e+00	1.847452e-04	4.480729e-05	4.480729e-05
4.900000e+00	5.000000e+00	1.956126e-04	4.610632e-05	4.610632e-05
# END HISTO1D


# BEGIN HISTO1D //eos/home-y/yiyu/monobc/D600.yoda.gz/JetMETAnalysis/jet12_dR
ErrorBars=1
LineColor=red
LineStyle=dashdotted
Path=//eos/home-y/yiyu/monobc/D600.yoda.gz/JetMETAnalysis/jet12_dR
ScaledBy=6.26160614830790851e-06
Title=D600
# xlow	 xhigh	 val	 errminus	 errplus
0.000000e+00	1.000000e-01	0.000000e+00	0.000000e+00	0.000000e+00
1.000000e-01	2.000000e-01	0.000000e+00	0.000000e+00	0.000000e+00
2.000000e-01	3.000000e-01	0.000000e+00	0.000000e+00	0.000000e+00
3.000000e-01	4.000000e-01	0.000000e+00	0.000000e+00	0.000000e+00
4.000000e-01	5.000000e-01	8.264534e+00	9.295492e-01	9.295492e-01
5.000000e-01	6.000000e-01	8.570628e+00	9.571383e-01	9.571383e-01
6.000000e-01	7.000000e-01	7.754377e+00	8.894881e-01	8.894881e-01
7.000000e-01	8.000000e-01	7.856409e+00	9.182815e-01	9.182815e-01
8.000000e-01	9.000000e-01	7.958440e+00	9.125955e-01	9.125955e-01
9.000000e-01	1.000000e+00	9.488909e+00	9.839541e-01	9.839541e-01
1.000000e+00	1.100000e+00	1.122344e+01	1.079798e+00	1.079798e+00
1.100000e+00	1.200000e+00	1.316204e+01	1.158852e+00	1.158852e+00
1.200000e+00	1.300000e+00	1.540672e+01	1.270279e+00	1.270279e+00
1.300000e+00	1.400000e+00	2.254891e+01	1.523652e+00	1.523652e+00
1.400000e+00	1.500000e+00	2.928298e+01	1.734532e+00	1.734532e+00
1.500000e+00	1.600000e+00	3.530282e+01	1.919707e+00	1.919707e+00
1.600000e+00	1.700000e+00	4.805673e+01	2.223720e+00	2.223720e+00
1.700000e+00	1.800000e+00	6.305533e+01	2.552822e+00	2.552822e+00
1.800000e+00	1.900000e+00	7.784987e+01	2.840431e+00	2.840431e+00
1.900000e+00	2.000000e+00	9.764394e+01	3.172828e+00	3.172828e+00
2.000000e+00	2.100000e+00	1.168258e+02	3.476557e+00	3.476557e+00
2.100000e+00	2.200000e+00	1.387625e+02	3.793040e+00	3.793040e+00
2.200000e+00	2.300000e+00	1.794730e+02	4.291383e+00	4.291383e+00
2.300000e+00	2.400000e+00	2.151840e+02	4.712255e+00	4.712255e+00
2.400000e+00	2.500000e+00	2.463035e+02	5.042038e+00	5.042038e+00
2.500000e+00	2.600000e+00	2.993598e+02	5.556725e+00	5.556725e+00
2.600000e+00	2.700000e+00	3.302753e+02	5.839007e+00	5.839007e+00
2.700000e+00	2.800000e+00	3.688431e+02	6.175211e+00	6.175211e+00
2.800000e+00	2.900000e+00	4.074109e+02	6.489222e+00	6.489222e+00
2.900000e+00	3.000000e+00	4.375101e+02	6.730972e+00	6.730972e+00
3.000000e+00	3.100000e+00	4.665891e+02	6.944876e+00	6.944876e+00
3.100000e+00	3.200000e+00	4.011870e+02	6.448183e+00	6.448183e+00
3.200000e+00	3.300000e+00	2.458954e+02	5.046167e+00	5.046167e+00
3.300000e+00	3.400000e+00	1.850847e+02	4.383785e+00	4.383785e+00
3.400000e+00	3.500000e+00	1.256005e+02	3.631797e+00	3.631797e+00
3.500000e+00	3.600000e+00	9.121597e+01	3.098124e+00	3.098124e+00
3.600000e+00	3.700000e+00	7.060565e+01	2.718708e+00	2.718708e+00
3.700000e+00	3.800000e+00	5.805580e+01	2.488811e+00	2.488811e+00
3.800000e+00	3.900000e+00	4.254704e+01	2.132917e+00	2.132917e+00
3.900000e+00	4.000000e+00	3.479267e+01	1.911555e+00	1.911555e+00
4.000000e+00	4.100000e+00	2.622204e+01	1.654669e+00	1.654669e+00
4.100000e+00	4.200000e+00	1.652907e+01	1.322476e+00	1.322476e+00
4.200000e+00	4.300000e+00	1.244782e+01	1.172250e+00	1.172250e+00
4.300000e+00	4.400000e+00	1.081532e+01	1.060340e+00	1.060340e+00
4.400000e+00	4.500000e+00	6.223908e+00	8.351620e-01	8.351620e-01
4.500000e+00	4.600000e+00	5.713752e+00	7.770471e-01	7.770471e-01
4.600000e+00	4.700000e+00	4.693439e+00	6.920098e-01	6.920098e-01
4.700000e+00	4.800000e+00	3.775157e+00	6.206321e-01	6.206321e-01
4.800000e+00	4.900000e+00	2.652813e+00	5.771761e-01	5.771761e-01
4.900000e+00	5.000000e+00	1.632501e+00	4.081251e-01	4.081251e-01
# END HISTO1D


# BEGIN HISTO1D //eos/home-y/yiyu/monobc/D1000.yoda.gz/JetMETAnalysis/jet12_dR
ErrorBars=1
LineColor=blue
LineStyle=dashdotted
Path=//eos/home-y/yiyu/monobc/D1000.yoda.gz/JetMETAnalysis/jet12_dR
ScaledBy=5.55495214013862181e-06
Title=D1000
# xlow	 xhigh	 val	 errminus	 errplus
0.000000e+00	1.000000e-01	0.000000e+00	0.000000e+00	0.000000e+00
1.000000e-01	2.000000e-01	0.000000e+00	0.000000e+00	0.000000e+00
2.000000e-01	3.000000e-01	0.000000e+00	0.000000e+00	0.000000e+00
3.000000e-01	4.000000e-01	0.000000e+00	0.000000e+00	0.000000e+00
4.000000e-01	5.000000e-01	4.940519e-01	7.707443e-02	7.707443e-02
5.000000e-01	6.000000e-01	4.480935e-01	7.534220e-02	7.534220e-02
6.000000e-01	7.000000e-01	5.629893e-01	8.364539e-02	8.364539e-02
7.000000e-01	8.000000e-01	7.468226e-01	9.404625e-02	9.404625e-02
8.000000e-01	9.000000e-01	7.468226e-01	9.543960e-02	9.543960e-02
9.000000e-01	1.000000e+00	7.468226e-01	9.543960e-02	9.543960e-02
1.000000e+00	1.100000e+00	9.995933e-01	1.083925e-01	1.083925e-01
1.100000e+00	1.200000e+00	1.022572e+00	1.119866e-01	1.119866e-01
1.200000e+00	1.300000e+00	1.574072e+00	1.383528e-01	1.383528e-01
1.300000e+00	1.400000e+00	2.033655e+00	1.562751e-01	1.562751e-01
1.400000e+00	1.500000e+00	2.585155e+00	1.776246e-01	1.776246e-01
1.500000e+00	1.600000e+00	3.527300e+00	2.090345e-01	2.090345e-01
1.600000e+00	1.700000e+00	4.710727e+00	2.360262e-01	2.360262e-01
1.700000e+00	1.800000e+00	5.974581e+00	2.669937e-01	2.669937e-01
1.800000e+00	1.900000e+00	8.203559e+00	3.117044e-01	3.117044e-01
1.900000e+00	2.000000e+00	1.026019e+01	3.531994e-01	3.531994e-01
2.000000e+00	2.100000e+00	1.340834e+01	4.021352e-01	4.021352e-01
2.100000e+00	2.200000e+00	1.686670e+01	4.508836e-01	4.508836e-01
2.200000e+00	2.300000e+00	2.130168e+01	5.047575e-01	5.047575e-01
2.300000e+00	2.400000e+00	2.557580e+01	5.522173e-01	5.522173e-01
2.400000e+00	2.500000e+00	3.029802e+01	6.021898e-01	6.021898e-01
2.500000e+00	2.600000e+00	3.405511e+01	6.436215e-01	6.436215e-01
2.600000e+00	2.700000e+00	3.860498e+01	6.853415e-01	6.853415e-01
2.700000e+00	2.800000e+00	4.225867e+01	7.138349e-01	7.138349e-01
2.800000e+00	2.900000e+00	4.592384e+01	7.482353e-01	7.482353e-01
2.900000e+00	3.000000e+00	4.938221e+01	7.762058e-01	7.762058e-01
3.000000e+00	3.100000e+00	5.185247e+01	7.924478e-01	7.924478e-01
3.100000e+00	3.200000e+00	4.382125e+01	7.302890e-01	7.302890e-01
3.200000e+00	3.300000e+00	2.539197e+01	5.567409e-01	5.567409e-01
3.300000e+00	3.400000e+00	1.675180e+01	4.543834e-01	4.543834e-01
3.400000e+00	3.500000e+00	1.150107e+01	3.795042e-01	3.795042e-01
3.500000e+00	3.600000e+00	8.559736e+00	3.280069e-01	3.280069e-01
3.600000e+00	3.700000e+00	6.169903e+00	2.821387e-01	2.821387e-01
3.700000e+00	3.800000e+00	4.722217e+00	2.440014e-01	2.440014e-01
3.800000e+00	3.900000e+00	3.010269e+00	1.970052e-01	1.970052e-01
3.900000e+00	4.000000e+00	2.320895e+00	1.727262e-01	1.727262e-01
4.000000e+00	4.100000e+00	1.608541e+00	1.506844e-01	1.506844e-01
4.100000e+00	4.200000e+00	1.148958e+00	1.279425e-01	1.279425e-01
4.200000e+00	4.300000e+00	9.306558e-01	1.096036e-01	1.096036e-01
4.300000e+00	4.400000e+00	6.089476e-01	8.973648e-02	8.973648e-02
4.400000e+00	4.500000e+00	3.102186e-01	6.797326e-02	6.797326e-02
4.500000e+00	4.600000e+00	4.595831e-01	7.621324e-02	7.621324e-02
4.600000e+00	4.700000e+00	2.872395e-01	5.744789e-02	5.744789e-02
4.700000e+00	4.800000e+00	9.191662e-02	4.299007e-02	4.299007e-02
4.800000e+00	4.900000e+00	9.191662e-02	3.980107e-02	3.980107e-02
4.900000e+00	5.000000e+00	9.191662e-02	3.633324e-02	3.633324e-02
# END HISTO1D


# BEGIN HISTO1D //eos/home-y/yiyu/monobc/D1500.yoda.gz/JetMETAnalysis/jet12_dR
ErrorBars=1
LineColor=green
LineStyle=dashdotted
Path=//eos/home-y/yiyu/monobc/D1500.yoda.gz/JetMETAnalysis/jet12_dR
ScaledBy=5.09488537008347615e-06
Title=D1500
# xlow	 xhigh	 val	 errminus	 errplus
0.000000e+00	1.000000e-01	0.000000e+00	0.000000e+00	0.000000e+00
1.000000e-01	2.000000e-01	0.000000e+00	0.000000e+00	0.000000e+00
2.000000e-01	3.000000e-01	0.000000e+00	0.000000e+00	0.000000e+00
3.000000e-01	4.000000e-01	0.000000e+00	0.000000e+00	0.000000e+00
4.000000e-01	5.000000e-01	2.529253e-02	5.373629e-03	5.373629e-03
5.000000e-01	6.000000e-01	3.266952e-02	6.410352e-03	6.410352e-03
6.000000e-01	7.000000e-01	3.899265e-02	7.069477e-03	7.069477e-03
7.000000e-01	8.000000e-01	4.215422e-02	6.665167e-03	6.665167e-03
8.000000e-01	9.000000e-01	4.953120e-02	8.364718e-03	8.364718e-03
9.000000e-01	1.000000e+00	6.639289e-02	9.004145e-03	9.004145e-03
1.000000e+00	1.100000e+00	6.428518e-02	9.247543e-03	9.247543e-03
1.100000e+00	1.200000e+00	9.379313e-02	1.059111e-02	1.059111e-02
1.200000e+00	1.300000e+00	1.306781e-01	1.238000e-02	1.238000e-02
1.300000e+00	1.400000e+00	1.475398e-01	1.413895e-02	1.413895e-02
1.400000e+00	1.500000e+00	1.981248e-01	1.591287e-02	1.591287e-02
1.500000e+00	1.600000e+00	2.613561e-01	1.831405e-02	1.831405e-02
1.600000e+00	1.700000e+00	3.793879e-01	2.180233e-02	2.180233e-02
1.700000e+00	1.800000e+00	4.953120e-01	2.493877e-02	2.493877e-02
1.800000e+00	1.900000e+00	6.386364e-01	2.823860e-02	2.823860e-02
1.900000e+00	2.000000e+00	8.083071e-01	3.159809e-02	3.159809e-02
2.000000e+00	2.100000e+00	1.094956e+00	3.694511e-02	3.694511e-02
2.100000e+00	2.200000e+00	1.364743e+00	4.136970e-02	4.136970e-02
2.200000e+00	2.300000e+00	1.807362e+00	4.791276e-02	4.791276e-02
2.300000e+00	2.400000e+00	2.055018e+00	5.184283e-02	5.184283e-02
2.400000e+00	2.500000e+00	2.423867e+00	5.610234e-02	5.610234e-02
2.500000e+00	2.600000e+00	2.882294e+00	6.016213e-02	6.016213e-02
2.600000e+00	2.700000e+00	3.157351e+00	6.441462e-02	6.441462e-02
2.700000e+00	2.800000e+00	3.519877e+00	6.734787e-02	6.734787e-02
2.800000e+00	2.900000e+00	3.651609e+00	6.919426e-02	6.919426e-02
2.900000e+00	3.000000e+00	3.866595e+00	7.148372e-02	7.148372e-02
3.000000e+00	3.100000e+00	4.104767e+00	7.335469e-02	7.335469e-02
3.100000e+00	3.200000e+00	3.531469e+00	6.802880e-02	6.802880e-02
3.200000e+00	3.300000e+00	1.748346e+00	4.923885e-02	4.923885e-02
3.300000e+00	3.400000e+00	1.046478e+00	3.862060e-02	3.862060e-02
3.400000e+00	3.500000e+00	7.176755e-01	3.294036e-02	3.294036e-02
3.500000e+00	3.600000e+00	5.406278e-01	2.860980e-02	2.860980e-02
3.600000e+00	3.700000e+00	3.288029e-01	2.323267e-02	2.323267e-02
3.700000e+00	3.800000e+00	2.276328e-01	1.954610e-02	1.954610e-02
3.800000e+00	3.900000e+00	1.759938e-01	1.728451e-02	1.728451e-02
3.900000e+00	4.000000e+00	1.117087e-01	1.365953e-02	1.365953e-02
4.000000e+00	4.100000e+00	7.587759e-02	1.182950e-02	1.182950e-02
4.100000e+00	4.200000e+00	6.112361e-02	9.886040e-03	9.886040e-03
4.200000e+00	4.300000e+00	5.163891e-02	8.879943e-03	8.879943e-03
4.300000e+00	4.400000e+00	2.107711e-02	6.144980e-03	6.144980e-03
4.400000e+00	4.500000e+00	2.529253e-02	6.496401e-03	6.496401e-03
4.500000e+00	4.600000e+00	1.686169e-02	5.772204e-03	5.772204e-03
4.600000e+00	4.700000e+00	7.376988e-03	4.593649e-03	4.593649e-03
4.700000e+00	4.800000e+00	3.161566e-03	3.495242e-03	3.495242e-03
4.800000e+00	4.900000e+00	0.000000e+00	-nan	-nan
4.900000e+00	5.000000e+00	4.215422e-03	2.581408e-03	2.581408e-03
# END HISTO1D


# BEGIN HISTO1D //eos/home-y/yiyu/monobc/D2000.yoda.gz/JetMETAnalysis/jet12_dR
ErrorBars=1
LineColor=orange
LineStyle=dashdotted
Path=//eos/home-y/yiyu/monobc/D2000.yoda.gz/JetMETAnalysis/jet12_dR
ScaledBy=4.61553418144346189e-06
Title=D2000
# xlow	 xhigh	 val	 errminus	 errplus
0.000000e+00	1.000000e-01	0.000000e+00	0.000000e+00	0.000000e+00
1.000000e-01	2.000000e-01	0.000000e+00	0.000000e+00	0.000000e+00
2.000000e-01	3.000000e-01	0.000000e+00	0.000000e+00	0.000000e+00
3.000000e-01	4.000000e-01	0.000000e+00	0.000000e+00	0.000000e+00
4.000000e-01	5.000000e-01	1.765614e-03	5.394039e-04	5.394039e-04
5.000000e-01	6.000000e-01	3.295813e-03	7.444482e-04	7.444482e-04
6.000000e-01	7.000000e-01	2.824982e-03	6.863473e-04	6.863473e-04
7.000000e-01	8.000000e-01	3.413520e-03	8.069626e-04	8.069626e-04
8.000000e-01	9.000000e-01	5.061426e-03	9.193257e-04	9.193257e-04
9.000000e-01	1.000000e+00	2.942690e-03	8.569242e-04	8.569242e-04
1.000000e+00	1.100000e+00	6.120795e-03	1.039565e-03	1.039565e-03
1.100000e+00	1.200000e+00	6.591625e-03	1.211874e-03	1.211874e-03
1.200000e+00	1.300000e+00	1.094681e-02	1.347225e-03	1.347225e-03
1.300000e+00	1.400000e+00	1.082910e-02	1.507393e-03	1.507393e-03
1.400000e+00	1.500000e+00	1.600823e-02	1.721913e-03	1.721913e-03
1.500000e+00	1.600000e+00	2.012800e-02	2.082460e-03	2.082460e-03
1.600000e+00	1.700000e+00	2.365923e-02	2.285468e-03	2.285468e-03
1.700000e+00	1.800000e+00	3.119251e-02	2.697020e-03	2.697020e-03
1.800000e+00	1.900000e+00	4.402264e-02	3.051330e-03	3.051330e-03
1.900000e+00	2.000000e+00	5.614652e-02	3.595385e-03	3.595385e-03
2.000000e+00	2.100000e+00	7.521515e-02	4.133196e-03	4.133196e-03
2.100000e+00	2.200000e+00	9.275358e-02	4.687659e-03	4.687659e-03
2.200000e+00	2.300000e+00	1.139409e-01	5.176458e-03	5.176458e-03
2.300000e+00	2.400000e+00	1.527845e-01	5.785661e-03	5.785661e-03
2.400000e+00	2.500000e+00	1.782093e-01	6.290477e-03	6.290477e-03
2.500000e+00	2.600000e+00	1.825645e-01	6.701067e-03	6.701067e-03
2.600000e+00	2.700000e+00	2.329433e-01	7.184021e-03	7.184021e-03
2.700000e+00	2.800000e+00	2.365923e-01	7.459356e-03	7.459356e-03
2.800000e+00	2.900000e+00	2.708452e-01	7.856486e-03	7.856486e-03
2.900000e+00	3.000000e+00	2.622525e-01	7.953759e-03	7.953759e-03
3.000000e+00	3.100000e+00	3.034502e-01	8.293166e-03	8.293166e-03
3.100000e+00	3.200000e+00	2.569557e-01	7.614690e-03	7.614690e-03
3.200000e+00	3.300000e+00	1.353637e-01	5.669548e-03	5.669548e-03
3.300000e+00	3.400000e+00	7.603910e-02	4.522178e-03	4.522178e-03
3.400000e+00	3.500000e+00	4.531742e-02	3.556640e-03	3.556640e-03
3.500000e+00	3.600000e+00	2.966231e-02	3.010186e-03	3.010186e-03
3.600000e+00	3.700000e+00	2.012800e-02	2.494179e-03	2.494179e-03
3.700000e+00	3.800000e+00	9.769730e-03	2.035355e-03	2.035355e-03
3.800000e+00	3.900000e+00	9.769730e-03	1.842415e-03	1.842415e-03
3.900000e+00	4.000000e+00	8.592654e-03	1.484236e-03	1.484236e-03
4.000000e+00	4.100000e+00	6.120795e-03	1.310736e-03	1.310736e-03
4.100000e+00	4.200000e+00	3.413520e-03	1.059368e-03	1.059368e-03
4.200000e+00	4.300000e+00	2.589567e-03	8.649706e-04	8.649706e-04
4.300000e+00	4.400000e+00	3.178105e-03	7.896065e-04	7.896065e-04
4.400000e+00	4.500000e+00	2.118737e-03	6.001933e-04	6.001933e-04
4.500000e+00	4.600000e+00	1.647906e-03	6.001933e-04	6.001933e-04
4.600000e+00	4.700000e+00	1.177076e-03	4.708303e-04	4.708303e-04
4.700000e+00	4.800000e+00	1.177076e-04	3.903919e-04	3.903919e-04
4.800000e+00	4.900000e+00	4.708304e-04	4.077510e-04	4.077510e-04
4.900000e+00	5.000000e+00	1.177076e-04	3.531228e-04	3.531228e-04
# END HISTO1D


# BEGIN HISTO1D //eos/home-y/yiyu/monobc/D2600.yoda.gz/JetMETAnalysis/jet12_dR
ErrorBars=1
LineColor=lilac
LineStyle=dashdotted
Path=//eos/home-y/yiyu/monobc/D2600.yoda.gz/JetMETAnalysis/jet12_dR
ScaledBy=4.26955399294807099e-06
Title=D2600
# xlow	 xhigh	 val	 errminus	 errplus
0.000000e+00	1.000000e-01	0.000000e+00	0.000000e+00	0.000000e+00
1.000000e-01	2.000000e-01	0.000000e+00	0.000000e+00	0.000000e+00
2.000000e-01	3.000000e-01	0.000000e+00	0.000000e+00	0.000000e+00
3.000000e-01	4.000000e-01	0.000000e+00	0.000000e+00	0.000000e+00
4.000000e-01	5.000000e-01	6.202346e-04	9.963125e-05	9.963125e-05
5.000000e-01	6.000000e-01	4.486804e-04	9.875342e-05	9.875342e-05
6.000000e-01	7.000000e-01	5.410557e-04	1.063934e-04	1.063934e-04
7.000000e-01	8.000000e-01	6.466276e-04	1.142849e-04	1.142849e-04
8.000000e-01	9.000000e-01	5.410557e-04	1.013641e-04	1.013641e-04
9.000000e-01	1.000000e+00	3.958944e-04	1.005014e-04	1.005014e-04
1.000000e+00	1.100000e+00	5.278592e-04	1.165481e-04	1.165481e-04
1.100000e+00	1.200000e+00	4.750733e-04	1.292986e-04	1.292986e-04
1.200000e+00	1.300000e+00	3.695015e-04	1.433505e-04	1.433505e-04
1.300000e+00	1.400000e+00	6.466276e-04	1.632315e-04	1.632315e-04
1.400000e+00	1.500000e+00	5.146628e-04	1.775405e-04	1.775405e-04
1.500000e+00	1.600000e+00	1.055718e-04	2.216066e-04	2.216066e-04
1.600000e+00	1.700000e+00	6.202346e-04	2.472360e-04	2.472360e-04
1.700000e+00	1.800000e+00	1.979472e-04	2.930094e-04	2.930094e-04
1.800000e+00	1.900000e+00	-1.055718e-04	3.333255e-04	3.333255e-04
1.900000e+00	2.000000e+00	6.070381e-04	3.914709e-04	3.914709e-04
2.000000e+00	2.100000e+00	4.354839e-04	4.318699e-04	4.318699e-04
2.100000e+00	2.200000e+00	7.653959e-04	4.873774e-04	4.873774e-04
2.200000e+00	2.300000e+00	6.070381e-04	5.457028e-04	5.457028e-04
2.300000e+00	2.400000e+00	5.674487e-04	6.145934e-04	6.145934e-04
2.400000e+00	2.500000e+00	9.897361e-04	6.701682e-04	6.701682e-04
2.500000e+00	2.600000e+00	3.629032e-03	7.246058e-04	7.246058e-04
2.600000e+00	2.700000e+00	2.705279e-03	7.714018e-04	7.714018e-04
2.700000e+00	2.800000e+00	6.690616e-03	8.294909e-04	8.294909e-04
2.800000e+00	2.900000e+00	9.197947e-03	8.690662e-04	8.690662e-04
2.900000e+00	3.000000e+00	1.311730e-02	9.135168e-04	9.135168e-04
3.000000e+00	3.100000e+00	1.865982e-02	9.450007e-04	9.450007e-04
3.100000e+00	3.200000e+00	1.821114e-02	8.883888e-04	8.883888e-04
3.200000e+00	3.300000e+00	9.593842e-03	6.452796e-04	6.452796e-04
3.300000e+00	3.400000e+00	6.281525e-03	5.228872e-04	5.228872e-04
3.400000e+00	3.500000e+00	4.552786e-03	4.382742e-04	4.382742e-04
3.500000e+00	3.600000e+00	3.404692e-03	3.545902e-04	3.545902e-04
3.600000e+00	3.700000e+00	2.995601e-03	3.125644e-04	3.125644e-04
3.700000e+00	3.800000e+00	2.296188e-03	2.592697e-04	2.592697e-04
3.800000e+00	3.900000e+00	1.570381e-03	2.227822e-04	2.227822e-04
3.900000e+00	4.000000e+00	1.596774e-03	1.970655e-04	1.970655e-04
4.000000e+00	4.100000e+00	8.577713e-04	1.589067e-04	1.589067e-04
4.100000e+00	4.200000e+00	9.501466e-04	1.493011e-04	1.493011e-04
4.200000e+00	4.300000e+00	7.521994e-04	1.172929e-04	1.172929e-04
4.300000e+00	4.400000e+00	5.014663e-04	9.142790e-05	9.142790e-05
4.400000e+00	4.500000e+00	4.750733e-04	9.875342e-05	9.875342e-05
4.500000e+00	4.600000e+00	2.375367e-04	7.694805e-05	7.694805e-05
4.600000e+00	4.700000e+00	3.563050e-04	7.106522e-05	7.106522e-05
4.700000e+00	4.800000e+00	2.111437e-04	6.464929e-05	6.464929e-05
4.800000e+00	4.900000e+00	2.243402e-04	6.047387e-05	6.047387e-05
4.900000e+00	5.000000e+00	1.319648e-04	4.937672e-05	4.937672e-05
# END HISTO1D

