# BEGIN PLOT
Legend=1
LogY=1
LegendPlacement=manual
LegendAlign=r
LegendXPos=1.225
RightMargin=2.5
Title=Di-jet $\Delta\phi$
XLabel=$\Delta\phi_{jj}$ [rad]
YLabel=$\mathrm{d}\sigma/\mathrm{d}\Delta\phi_{jj}$ [pb/rad]
XMin=0
DrawOnly=//eos/home-y/yiyu/monobc/A600.yoda.gz/JetMETAnalysis/jet12_dphi //eos/home-y/yiyu/monobc/A1000.yoda.gz/JetMETAnalysis/jet12_dphi //eos/home-y/yiyu/monobc/A1500.yoda.gz/JetMETAnalysis/jet12_dphi //eos/home-y/yiyu/monobc/A2000.yoda.gz/JetMETAnalysis/jet12_dphi //eos/home-y/yiyu/monobc/A2600.yoda.gz/JetMETAnalysis/jet12_dphi //eos/home-y/yiyu/monobc/C600.yoda.gz/JetMETAnalysis/jet12_dphi //eos/home-y/yiyu/monobc/C1000.yoda.gz/JetMETAnalysis/jet12_dphi //eos/home-y/yiyu/monobc/C1500.yoda.gz/JetMETAnalysis/jet12_dphi //eos/home-y/yiyu/monobc/C2000.yoda.gz/JetMETAnalysis/jet12_dphi //eos/home-y/yiyu/monobc/C2600.yoda.gz/JetMETAnalysis/jet12_dphi //eos/home-y/yiyu/monobc/D600.yoda.gz/JetMETAnalysis/jet12_dphi //eos/home-y/yiyu/monobc/D1000.yoda.gz/JetMETAnalysis/jet12_dphi //eos/home-y/yiyu/monobc/D1500.yoda.gz/JetMETAnalysis/jet12_dphi //eos/home-y/yiyu/monobc/D2000.yoda.gz/JetMETAnalysis/jet12_dphi //eos/home-y/yiyu/monobc/D2600.yoda.gz/JetMETAnalysis/jet12_dphi
LegendOnly=//eos/home-y/yiyu/monobc/A600.yoda.gz/JetMETAnalysis/jet12_dphi //eos/home-y/yiyu/monobc/A1000.yoda.gz/JetMETAnalysis/jet12_dphi //eos/home-y/yiyu/monobc/A1500.yoda.gz/JetMETAnalysis/jet12_dphi //eos/home-y/yiyu/monobc/A2000.yoda.gz/JetMETAnalysis/jet12_dphi //eos/home-y/yiyu/monobc/A2600.yoda.gz/JetMETAnalysis/jet12_dphi //eos/home-y/yiyu/monobc/C600.yoda.gz/JetMETAnalysis/jet12_dphi //eos/home-y/yiyu/monobc/C1000.yoda.gz/JetMETAnalysis/jet12_dphi //eos/home-y/yiyu/monobc/C1500.yoda.gz/JetMETAnalysis/jet12_dphi //eos/home-y/yiyu/monobc/C2000.yoda.gz/JetMETAnalysis/jet12_dphi //eos/home-y/yiyu/monobc/C2600.yoda.gz/JetMETAnalysis/jet12_dphi //eos/home-y/yiyu/monobc/D600.yoda.gz/JetMETAnalysis/jet12_dphi //eos/home-y/yiyu/monobc/D1000.yoda.gz/JetMETAnalysis/jet12_dphi //eos/home-y/yiyu/monobc/D1500.yoda.gz/JetMETAnalysis/jet12_dphi //eos/home-y/yiyu/monobc/D2000.yoda.gz/JetMETAnalysis/jet12_dphi //eos/home-y/yiyu/monobc/D2600.yoda.gz/JetMETAnalysis/jet12_dphi
RatioPlot=1
RatioPlotReference=//eos/home-y/yiyu/monobc/A600.yoda.gz/JetMETAnalysis/jet12_dphi
RatioPlotYLabel=Ratio
# END PLOT

# BEGIN HISTO1D //eos/home-y/yiyu/monobc/A600.yoda.gz/JetMETAnalysis/jet12_dphi
ErrorBars=1
LineColor=red
LineStyle=solid
Path=//eos/home-y/yiyu/monobc/A600.yoda.gz/JetMETAnalysis/jet12_dphi
ScaledBy=5.21401125168643785e-06
Title=A600
# xlow	 xhigh	 val	 errminus	 errplus
0.000000e+00	6.283185e-02	3.315529e+00	6.767796e-01	6.767796e-01
6.283185e-02	1.256637e-01	3.868118e+00	7.310055e-01	7.310055e-01
1.256637e-01	1.884956e-01	4.696996e+00	8.288816e-01	8.288816e-01
1.884956e-01	2.513274e-01	6.354769e+00	9.369596e-01	9.369596e-01
2.513274e-01	3.141593e-01	5.525878e+00	8.952945e-01	8.952945e-01
3.141593e-01	3.769911e-01	5.802180e+00	8.952959e-01	8.952959e-01
3.769911e-01	4.398230e-01	6.769200e+00	9.865665e-01	9.865665e-01
4.398230e-01	5.026548e-01	7.183652e+00	9.961933e-01	9.961933e-01
5.026548e-01	5.654867e-01	7.736228e+00	1.070082e+00	1.070082e+00
5.654867e-01	6.283185e-01	5.940328e+00	9.267193e-01	9.267193e-01
6.283185e-01	6.911504e-01	8.565109e+00	1.087770e+00	1.087770e+00
6.911504e-01	7.539822e-01	9.532154e+00	1.147536e+00	1.147536e+00
7.539822e-01	8.168141e-01	8.012522e+00	1.070082e+00	1.070082e+00
8.168141e-01	8.796459e-01	1.091362e+01	1.227879e+00	1.227879e+00
8.796459e-01	9.424778e-01	1.215693e+01	1.295933e+00	1.295933e+00
9.424778e-01	1.005310e+00	1.257131e+01	1.332234e+00	1.332234e+00
1.005310e+00	1.068142e+00	1.491984e+01	1.448895e+00	1.448895e+00
1.068142e+00	1.130973e+00	1.726861e+01	1.569070e+00	1.569070e+00
1.130973e+00	1.193805e+00	1.837352e+01	1.616966e+00	1.616966e+00
1.193805e+00	1.256637e+00	2.141274e+01	1.730973e+00	1.730973e+00
1.256637e+00	1.319469e+00	2.624787e+01	1.934054e+00	1.934054e+00
1.319469e+00	1.382301e+00	2.942525e+01	2.053698e+00	2.053698e+00
1.382301e+00	1.445133e+00	3.453669e+01	2.184291e+00	2.184291e+00
1.445133e+00	1.507964e+00	4.116837e+01	2.408709e+00	2.408709e+00
1.507964e+00	1.570796e+00	4.724618e+01	2.584488e+00	2.584488e+00
1.570796e+00	1.633628e+00	4.876579e+01	2.610205e+00	2.610205e+00
1.633628e+00	1.696460e+00	6.603412e+01	3.039228e+00	3.039228e+00
1.696460e+00	1.759292e+00	7.017852e+01	3.162323e+00	3.162323e+00
1.759292e+00	1.822124e+00	8.592725e+01	3.461947e+00	3.461947e+00
1.822124e+00	1.884956e+00	9.822231e+01	3.719714e+00	3.719714e+00
1.884956e+00	1.947787e+00	1.131440e+02	3.963213e+00	3.963213e+00
1.947787e+00	2.010619e+00	1.305486e+02	4.287002e+00	4.287002e+00
2.010619e+00	2.073451e+00	1.413241e+02	4.474333e+00	4.474333e+00
2.073451e+00	2.136283e+00	1.704730e+02	4.876403e+00	4.876403e+00
2.136283e+00	2.199115e+00	1.903662e+02	5.168977e+00	5.168977e+00
2.199115e+00	2.261947e+00	2.051479e+02	5.373533e+00	5.373533e+00
2.261947e+00	2.324779e+00	2.325010e+02	5.687553e+00	5.687553e+00
2.324779e+00	2.387610e+00	2.724297e+02	6.165837e+00	6.165837e+00
2.387610e+00	2.450442e+00	2.706295e+02	6.148693e+00	6.148693e+00
2.450442e+00	2.513274e+00	2.880359e+02	6.365252e+00	6.365252e+00
2.513274e+00	2.576106e+00	3.327954e+02	6.830932e+00	6.830932e+00
2.576106e+00	2.638938e+00	3.479916e+02	6.977435e+00	6.977435e+00
2.638938e+00	2.701770e+00	3.678847e+02	7.161011e+00	7.161011e+00
2.701770e+00	2.764602e+00	3.968955e+02	7.463759e+00	7.463759e+00
2.764602e+00	2.827433e+00	4.125126e+02	7.596934e+00	7.596934e+00
2.827433e+00	2.890265e+00	4.281167e+02	7.744845e+00	7.744845e+00
2.890265e+00	2.953097e+00	4.290837e+02	7.770675e+00	7.770675e+00
2.953097e+00	3.015929e+00	4.314322e+02	7.766991e+00	7.766991e+00
3.015929e+00	3.078761e+00	4.478716e+02	7.923890e+00	7.923890e+00
3.078761e+00	3.141593e+00	4.506345e+02	7.959936e+00	7.959936e+00
# END HISTO1D


# BEGIN HISTO1D //eos/home-y/yiyu/monobc/A1000.yoda.gz/JetMETAnalysis/jet12_dphi
ErrorBars=1
LineColor=blue
LineStyle=solid
Path=//eos/home-y/yiyu/monobc/A1000.yoda.gz/JetMETAnalysis/jet12_dphi
ScaledBy=4.00138196213606137e-06
Title=A1000
# xlow	 xhigh	 val	 errminus	 errplus
0.000000e+00	6.283185e-02	1.857590e-01	5.307399e-02	5.307399e-02
6.283185e-02	1.256637e-01	2.255644e-01	5.470742e-02	5.470742e-02
1.256637e-01	1.884956e-01	3.449807e-01	6.765626e-02	6.765626e-02
1.884956e-01	2.513274e-01	2.919071e-01	6.500214e-02	6.500214e-02
2.513274e-01	3.141593e-01	2.122958e-01	5.307395e-02	5.307395e-02
3.141593e-01	3.769911e-01	3.582496e-01	7.145310e-02	7.145310e-02
3.769911e-01	4.398230e-01	3.980547e-01	7.736791e-02	7.736791e-02
4.398230e-01	5.026548e-01	4.643978e-01	8.070919e-02	8.070919e-02
5.026548e-01	5.654867e-01	4.643971e-01	8.495976e-02	8.495976e-02
5.654867e-01	6.283185e-01	6.766938e-01	9.659620e-02	9.659620e-02
6.283185e-01	6.911504e-01	5.174709e-01	8.700728e-02	8.700728e-02
6.911504e-01	7.539822e-01	5.970828e-01	9.287955e-02	9.287955e-02
7.539822e-01	8.168141e-01	8.093777e-01	1.069740e-01	1.069740e-01
8.168141e-01	8.796459e-01	7.828420e-01	1.036304e-01	1.036304e-01
8.796459e-01	9.424778e-01	7.695721e-01	1.044762e-01	1.044762e-01
9.424778e-01	1.005310e+00	1.021669e+00	1.164299e-01	1.164299e-01
1.005310e+00	1.068142e+00	1.021672e+00	1.194162e-01	1.194162e-01
1.068142e+00	1.130973e+00	1.114569e+00	1.272687e-01	1.272687e-01
1.130973e+00	1.193805e+00	1.817779e+00	1.564329e-01	1.564329e-01
1.193805e+00	1.256637e+00	1.698364e+00	1.524431e-01	1.524431e-01
1.256637e+00	1.319469e+00	2.348518e+00	1.814435e-01	1.814435e-01
1.319469e+00	1.382301e+00	2.587350e+00	1.927356e-01	1.927356e-01
1.382301e+00	1.445133e+00	2.759841e+00	1.950058e-01	1.950058e-01
1.445133e+00	1.507964e+00	3.648887e+00	2.216306e-01	2.216306e-01
1.507964e+00	1.570796e+00	4.139762e+00	2.424900e-01	2.424900e-01
1.570796e+00	1.633628e+00	5.015479e+00	2.633715e-01	2.633715e-01
1.633628e+00	1.696460e+00	5.745246e+00	2.836474e-01	2.836474e-01
1.696460e+00	1.759292e+00	6.461742e+00	2.999378e-01	2.999378e-01
1.759292e+00	1.822124e+00	7.151703e+00	3.225629e-01	3.225629e-01
1.822124e+00	1.884956e+00	9.181778e+00	3.555355e-01	3.555355e-01
1.884956e+00	1.947787e+00	1.061494e+01	3.877542e-01	3.877542e-01
1.947787e+00	2.010619e+00	1.206103e+01	4.078839e-01	4.078839e-01
2.010619e+00	2.073451e+00	1.425033e+01	4.428568e-01	4.428568e-01
2.073451e+00	2.136283e+00	1.565679e+01	4.687356e-01	4.687356e-01
2.136283e+00	2.199115e+00	1.777975e+01	4.950400e-01	4.950400e-01
2.199115e+00	2.261947e+00	2.045997e+01	5.343751e-01	5.343751e-01
2.261947e+00	2.324779e+00	2.303406e+01	5.638707e-01	5.638707e-01
2.324779e+00	2.387610e+00	2.645774e+01	6.045626e-01	6.045626e-01
2.387610e+00	2.450442e+00	2.737285e+01	6.168052e-01	6.168052e-01
2.450442e+00	2.513274e+00	2.970809e+01	6.447163e-01	6.447163e-01
2.513274e+00	2.576106e+00	3.232199e+01	6.689729e-01	6.689729e-01
2.576106e+00	2.638938e+00	3.321098e+01	6.831649e-01	6.831649e-01
2.638938e+00	2.701770e+00	3.433879e+01	6.932693e-01	6.932693e-01
2.701770e+00	2.764602e+00	3.587793e+01	7.088392e-01	7.088392e-01
2.764602e+00	2.827433e+00	3.607753e+01	7.136772e-01	7.136772e-01
2.827433e+00	2.890265e+00	3.899602e+01	7.367286e-01	7.367286e-01
2.890265e+00	2.953097e+00	4.045555e+01	7.485813e-01	7.485813e-01
2.953097e+00	3.015929e+00	3.926140e+01	7.426786e-01	7.426786e-01
3.015929e+00	3.078761e+00	3.887661e+01	7.380416e-01	7.380416e-01
3.078761e+00	3.141593e+00	3.955330e+01	7.488166e-01	7.488166e-01
# END HISTO1D


# BEGIN HISTO1D //eos/home-y/yiyu/monobc/A1500.yoda.gz/JetMETAnalysis/jet12_dphi
ErrorBars=1
LineColor=green
LineStyle=solid
Path=//eos/home-y/yiyu/monobc/A1500.yoda.gz/JetMETAnalysis/jet12_dphi
ScaledBy=3.22616518003077697e-06
Title=A1500
# xlow	 xhigh	 val	 errminus	 errplus
0.000000e+00	6.283185e-02	1.918455e-02	4.766439e-03	4.766439e-03
6.283185e-02	1.256637e-01	8.526465e-03	3.987889e-03	3.987889e-03
1.256637e-01	1.884956e-01	1.172388e-02	4.645746e-03	4.645746e-03
1.884956e-01	2.513274e-01	1.492133e-02	4.263236e-03	4.263236e-03
2.513274e-01	3.141593e-01	2.344776e-02	6.029116e-03	6.029116e-03
3.141593e-01	3.769911e-01	1.705294e-02	4.766443e-03	4.766443e-03
3.769911e-01	4.398230e-01	1.492130e-02	3.987886e-03	3.987886e-03
4.398230e-01	5.026548e-01	2.877685e-02	6.122607e-03	6.122607e-03
5.026548e-01	5.654867e-01	2.877680e-02	5.538099e-03	5.538099e-03
5.654867e-01	6.283185e-01	2.451361e-02	5.934173e-03	5.934173e-03
6.283185e-01	6.911504e-01	2.664519e-02	5.934164e-03	5.934164e-03
6.911504e-01	7.539822e-01	2.557942e-02	6.394854e-03	6.394854e-03
7.539822e-01	8.168141e-01	5.755360e-02	8.392175e-03	8.392175e-03
8.168141e-01	8.796459e-01	3.410588e-02	7.069777e-03	7.069777e-03
8.796459e-01	9.424778e-01	4.796134e-02	8.459584e-03	8.459584e-03
9.424778e-01	1.005310e+00	5.115851e-02	8.255668e-03	8.255668e-03
1.005310e+00	1.068142e+00	6.607994e-02	9.532855e-03	9.532855e-03
1.068142e+00	1.130973e+00	8.952910e-02	1.044289e-02	1.044289e-02
1.130973e+00	1.193805e+00	8.313285e-02	1.033337e-02	1.033337e-02
1.193805e+00	1.256637e+00	1.129754e-01	1.196364e-02	1.196364e-02
1.256637e+00	1.319469e+00	1.321599e-01	1.305340e-02	1.305340e-02
1.319469e+00	1.382301e+00	1.747921e-01	1.492128e-02	1.492128e-02
1.382301e+00	1.445133e+00	1.843844e-01	1.598708e-02	1.598708e-02
1.445133e+00	1.507964e+00	2.504682e-01	1.818157e-02	1.818157e-02
1.507964e+00	1.570796e+00	2.728463e-01	1.900603e-02	1.900603e-02
1.570796e+00	1.633628e+00	3.058862e-01	1.991089e-02	1.991089e-02
1.633628e+00	1.696460e+00	3.613081e-01	2.197215e-02	2.197215e-02
1.696460e+00	1.759292e+00	4.550990e-01	2.390353e-02	2.390353e-02
1.759292e+00	1.822124e+00	5.552847e-01	2.677273e-02	2.677273e-02
1.822124e+00	1.884956e+00	6.586679e-01	2.911035e-02	2.911035e-02
1.884956e+00	1.947787e+00	7.087721e-01	3.046463e-02	3.046463e-02
1.947787e+00	2.010619e+00	8.696974e-01	3.370373e-02	3.370373e-02
2.010619e+00	2.073451e+00	9.496328e-01	3.533270e-02	3.533270e-02
2.073451e+00	2.136283e+00	1.078595e+00	3.777225e-02	3.777225e-02
2.136283e+00	2.199115e+00	1.254453e+00	4.028971e-02	4.028971e-02
2.199115e+00	2.261947e+00	1.390876e+00	4.253887e-02	4.253887e-02
2.261947e+00	2.324779e+00	1.526234e+00	4.526852e-02	4.526852e-02
2.324779e+00	2.387610e+00	1.704251e+00	4.739017e-02	4.739017e-02
2.387610e+00	2.450442e+00	1.909923e+00	4.962582e-02	4.962582e-02
2.450442e+00	2.513274e+00	2.045281e+00	5.112534e-02	5.112534e-02
2.513274e+00	2.576106e+00	2.139072e+00	5.336484e-02	5.336484e-02
2.576106e+00	2.638938e+00	2.326654e+00	5.485534e-02	5.485534e-02
2.638938e+00	2.701770e+00	2.375681e+00	5.553450e-02	5.553450e-02
2.701770e+00	2.764602e+00	2.466274e+00	5.719713e-02	5.719713e-02
2.764602e+00	2.827433e+00	2.566501e+00	5.847472e-02	5.847472e-02
2.827433e+00	2.890265e+00	2.600567e+00	5.843492e-02	5.843492e-02
2.890265e+00	2.953097e+00	2.707146e+00	5.987515e-02	5.987515e-02
2.953097e+00	3.015929e+00	2.761502e+00	6.024395e-02	6.024395e-02
3.015929e+00	3.078761e+00	2.792412e+00	6.089101e-02	6.089101e-02
3.078761e+00	3.141593e+00	2.815858e+00	6.051673e-02	6.051673e-02
# END HISTO1D


# BEGIN HISTO1D //eos/home-y/yiyu/monobc/A2000.yoda.gz/JetMETAnalysis/jet12_dphi
ErrorBars=1
LineColor=orange
LineStyle=solid
Path=//eos/home-y/yiyu/monobc/A2000.yoda.gz/JetMETAnalysis/jet12_dphi
ScaledBy=2.74469287009081753e-06
Title=A2000
# xlow	 xhigh	 val	 errminus	 errplus
0.000000e+00	6.283185e-02	1.002987e-03	4.316170e-04	4.316170e-04
6.283185e-02	1.256637e-01	1.894531e-03	5.344619e-04	5.344619e-04
1.256637e-01	1.884956e-01	-2.228858e-04	4.983880e-04	4.983880e-04
1.884956e-01	2.513274e-01	1.002988e-03	4.316173e-04	4.316173e-04
2.513274e-01	3.141593e-01	1.894530e-03	5.572147e-04	5.572147e-04
3.141593e-01	3.769911e-01	4.457725e-04	3.860503e-04	3.860503e-04
3.769911e-01	4.398230e-01	1.894530e-03	5.572147e-04	5.572147e-04
4.398230e-01	5.026548e-01	4.457725e-04	6.103990e-04	6.103990e-04
5.026548e-01	5.654867e-01	3.231846e-03	6.778809e-04	6.778809e-04
5.654867e-01	6.283185e-01	2.005976e-03	6.498195e-04	6.498195e-04
6.283185e-01	6.911504e-01	2.340302e-03	6.959610e-04	6.959610e-04
6.911504e-01	7.539822e-01	2.005976e-03	7.222339e-04	7.222339e-04
7.539822e-01	8.168141e-01	3.231846e-03	7.801006e-04	7.801006e-04
8.168141e-01	8.796459e-01	2.674635e-03	7.721006e-04	7.721006e-04
8.796459e-01	9.424778e-01	3.789059e-03	8.339626e-04	8.339626e-04
9.424778e-01	1.005310e+00	3.008944e-03	8.703930e-04	8.703930e-04
1.005310e+00	1.068142e+00	5.126367e-03	1.009157e-03	1.009157e-03
1.068142e+00	1.130973e+00	2.563225e-03	1.003001e-03	1.003001e-03
1.130973e+00	1.193805e+00	4.123383e-03	1.119986e-03	1.119986e-03
1.193805e+00	1.256637e+00	9.472635e-03	1.285221e-03	1.285221e-03
1.256637e+00	1.319469e+00	7.466665e-03	1.313891e-03	1.313891e-03
1.319469e+00	1.382301e+00	1.014129e-02	1.540170e-03	1.540170e-03
1.382301e+00	1.445133e+00	1.002985e-02	1.583899e-03	1.583899e-03
1.445133e+00	1.507964e+00	1.069868e-02	1.682775e-03	1.682775e-03
1.507964e+00	1.570796e+00	1.671642e-02	1.831191e-03	1.831191e-03
1.570796e+00	1.633628e+00	1.872239e-02	2.078938e-03	2.078938e-03
1.633628e+00	1.696460e+00	2.072835e-02	2.251034e-03	2.251034e-03
1.696460e+00	1.759292e+00	2.318010e-02	2.294747e-03	2.294747e-03
1.759292e+00	1.822124e+00	2.763781e-02	2.679266e-03	2.679266e-03
1.822124e+00	1.884956e+00	4.368556e-02	2.888927e-03	2.888927e-03
1.884956e+00	1.947787e+00	4.301759e-02	3.128397e-03	3.128397e-03
1.947787e+00	2.010619e+00	5.104079e-02	3.358109e-03	3.358109e-03
2.010619e+00	2.073451e+00	6.162785e-02	3.550462e-03	3.550462e-03
2.073451e+00	2.136283e+00	6.842585e-02	3.879745e-03	3.879745e-03
2.136283e+00	2.199115e+00	6.608556e-02	4.007293e-03	4.007293e-03
2.199115e+00	2.261947e+00	8.514227e-02	4.440963e-03	4.440963e-03
2.261947e+00	2.324779e+00	9.461491e-02	4.580013e-03	4.580013e-03
2.324779e+00	2.387610e+00	1.085470e-01	4.883255e-03	4.883255e-03
2.387610e+00	2.450442e+00	1.193552e-01	5.078906e-03	5.078906e-03
2.450442e+00	2.513274e+00	1.262647e-01	5.285020e-03	5.285020e-03
2.513274e+00	2.576106e+00	1.374089e-01	5.440189e-03	5.440189e-03
2.576106e+00	2.638938e+00	1.488875e-01	5.671551e-03	5.671551e-03
2.638938e+00	2.701770e+00	1.540139e-01	5.827081e-03	5.827081e-03
2.701770e+00	2.764602e+00	1.735164e-01	6.002411e-03	6.002411e-03
2.764602e+00	2.827433e+00	1.930219e-01	6.114233e-03	6.114233e-03
2.827433e+00	2.890265e+00	1.876697e-01	6.260664e-03	6.260664e-03
2.890265e+00	2.953097e+00	1.888955e-01	6.279482e-03	6.279482e-03
2.953097e+00	3.015929e+00	2.082865e-01	6.451179e-03	6.451179e-03
3.015929e+00	3.078761e+00	2.198765e-01	6.483823e-03	6.483823e-03
3.078761e+00	3.141593e+00	2.318010e-01	6.662376e-03	6.662376e-03
# END HISTO1D


# BEGIN HISTO1D //eos/home-y/yiyu/monobc/A2600.yoda.gz/JetMETAnalysis/jet12_dphi
ErrorBars=1
LineColor=lilac
LineStyle=solid
Path=//eos/home-y/yiyu/monobc/A2600.yoda.gz/JetMETAnalysis/jet12_dphi
ScaledBy=2.62727164953756670e-06
Title=A2600
# xlow	 xhigh	 val	 errminus	 errplus
0.000000e+00	6.283185e-02	2.344017e-04	6.890762e-05	6.890762e-05
6.283185e-02	1.256637e-01	1.823125e-04	6.108007e-05	6.108007e-05
1.256637e-01	1.884956e-01	1.562677e-04	6.108003e-05	6.108003e-05
1.884956e-01	2.513274e-01	2.213795e-04	6.511162e-05	6.511162e-05
2.513274e-01	3.141593e-01	3.776469e-04	7.921160e-05	7.921160e-05
3.141593e-01	3.769911e-01	2.734688e-04	8.132440e-05	8.132440e-05
3.769911e-01	4.398230e-01	3.125354e-04	7.813383e-05	7.813383e-05
4.398230e-01	5.026548e-01	2.734688e-04	8.735642e-05	8.735642e-05
5.026548e-01	5.654867e-01	2.734684e-04	9.299786e-05	9.299786e-05
5.654867e-01	6.283185e-01	3.906699e-04	9.208176e-05	9.208176e-05
6.283185e-01	6.911504e-01	2.995130e-04	8.735628e-05	8.735628e-05
6.911504e-01	7.539822e-01	1.823126e-04	8.027500e-05	8.027500e-05
7.539822e-01	8.168141e-01	2.213791e-04	9.480381e-05	9.480381e-05
8.168141e-01	8.796459e-01	2.604465e-04	9.569417e-05	9.569417e-05
8.796459e-01	9.424778e-01	2.995130e-04	9.831625e-05	9.831625e-05
9.424778e-01	1.005310e+00	2.864894e-04	9.917445e-05	9.917445e-05
1.005310e+00	1.068142e+00	2.864903e-04	1.073845e-04	1.073845e-04
1.068142e+00	1.130973e+00	3.906748e-04	1.179237e-04	1.179237e-04
1.130973e+00	1.193805e+00	1.302228e-04	1.193512e-04	1.193512e-04
1.193805e+00	1.256637e+00	2.344011e-04	1.235402e-04	1.235402e-04
1.256637e+00	1.319469e+00	2.474234e-04	1.444241e-04	1.444241e-04
1.319469e+00	1.382301e+00	3.906686e-04	1.540817e-04	1.540817e-04
1.382301e+00	1.445133e+00	-1.302228e-04	1.584229e-04	1.584229e-04
1.445133e+00	1.507964e+00	1.953373e-04	1.751997e-04	1.751997e-04
1.507964e+00	1.570796e+00	1.302228e-05	1.970629e-04	1.970629e-04
1.570796e+00	1.633628e+00	2.995125e-04	2.190687e-04	2.190687e-04
1.633628e+00	1.696460e+00	1.692897e-04	2.446665e-04	2.446665e-04
1.696460e+00	1.759292e+00	7.813371e-05	2.551836e-04	2.551836e-04
1.759292e+00	1.822124e+00	9.506268e-04	2.783846e-04	2.783846e-04
1.822124e+00	1.884956e+00	5.339136e-04	2.955227e-04	2.955227e-04
1.884956e+00	1.947787e+00	1.172024e-04	3.322650e-04	3.322650e-04
1.947787e+00	2.010619e+00	3.385794e-04	3.455202e-04	3.455202e-04
2.010619e+00	2.073451e+00	1.106894e-03	3.767471e-04	3.767471e-04
2.073451e+00	2.136283e+00	7.292480e-04	4.047396e-04	4.047396e-04
2.136283e+00	2.199115e+00	1.679875e-03	4.281540e-04	4.281540e-04
2.199115e+00	2.261947e+00	1.185028e-03	4.657174e-04	4.657174e-04
2.261947e+00	2.324779e+00	1.718941e-03	4.910627e-04	4.910627e-04
2.324779e+00	2.387610e+00	2.057554e-03	5.212251e-04	5.212251e-04
2.387610e+00	2.450442e+00	2.721658e-03	5.557023e-04	5.557023e-04
2.450442e+00	2.513274e+00	3.828552e-03	5.774028e-04	5.774028e-04
2.513274e+00	2.576106e+00	5.625627e-03	6.146738e-04	6.146738e-04
2.576106e+00	2.638938e+00	6.914833e-03	6.348949e-04	6.348949e-04
2.638938e+00	2.701770e+00	7.474792e-03	6.573352e-04	6.573352e-04
2.701770e+00	2.764602e+00	1.019645e-02	6.825217e-04	6.825217e-04
2.764602e+00	2.827433e+00	1.250159e-02	7.094570e-04	7.094570e-04
2.827433e+00	2.890265e+00	1.501469e-02	7.351537e-04	7.351537e-04
2.890265e+00	2.953097e+00	1.923391e-02	7.770933e-04	7.770933e-04
2.953097e+00	3.015929e+00	2.182534e-02	8.006323e-04	8.006323e-04
3.015929e+00	3.078761e+00	2.582320e-02	8.208172e-04	8.208172e-04
3.078761e+00	3.141593e+00	2.970383e-02	8.520396e-04	8.520396e-04
# END HISTO1D


# BEGIN HISTO1D //eos/home-y/yiyu/monobc/C600.yoda.gz/JetMETAnalysis/jet12_dphi
ErrorBars=1
LineColor=red
LineStyle=dashed
Path=//eos/home-y/yiyu/monobc/C600.yoda.gz/JetMETAnalysis/jet12_dphi
ScaledBy=5.90211502197280713e-06
Title=C600
# xlow	 xhigh	 val	 errminus	 errplus
0.000000e+00	6.283185e-02	7.317536e+00	1.067372e+00	1.067372e+00
6.283185e-02	1.256637e-01	5.916305e+00	9.597515e-01	9.597515e-01
1.256637e-01	1.884956e-01	7.006145e+00	1.067371e+00	1.067371e+00
1.884956e-01	2.513274e-01	8.096004e+00	1.122714e+00	1.122714e+00
2.513274e-01	3.141593e-01	7.784606e+00	1.100910e+00	1.100910e+00
3.141593e-01	3.769911e-01	1.012000e+01	1.255232e+00	1.255232e+00
3.769911e-01	4.398230e-01	9.497220e+00	1.215994e+00	1.215994e+00
4.398230e-01	5.026548e-01	9.341542e+00	1.245539e+00	1.245539e+00
5.026548e-01	5.654867e-01	1.229968e+01	1.383822e+00	1.383822e+00
5.654867e-01	6.283185e-01	1.136554e+01	1.330236e+00	1.330236e+00
6.283185e-01	6.911504e-01	9.185836e+00	1.195894e+00	1.195894e+00
6.911504e-01	7.539822e-01	1.167693e+01	1.383824e+00	1.383824e+00
7.539822e-01	8.168141e-01	1.323383e+01	1.435410e+00	1.435410e+00
8.168141e-01	8.796459e-01	1.728185e+01	1.640321e+00	1.640321e+00
8.796459e-01	9.424778e-01	1.588060e+01	1.572413e+00	1.572413e+00
9.424778e-01	1.005310e+00	1.681467e+01	1.617993e+00	1.617993e+00
1.005310e+00	1.068142e+00	1.728180e+01	1.640315e+00	1.640315e+00
1.068142e+00	1.130973e+00	2.164151e+01	1.835609e+00	1.835609e+00
1.130973e+00	1.193805e+00	2.428793e+01	1.969364e+00	1.969364e+00
1.193805e+00	1.256637e+00	2.615624e+01	2.029974e+00	2.029974e+00
1.256637e+00	1.319469e+00	3.503067e+01	2.366312e+00	2.366312e+00
1.319469e+00	1.382301e+00	3.549776e+01	2.381628e+00	2.381628e+00
1.382301e+00	1.445133e+00	4.343804e+01	2.628381e+00	2.628381e+00
1.445133e+00	1.507964e+00	5.262469e+01	2.862406e+00	2.862406e+00
1.507964e+00	1.570796e+00	5.542631e+01	2.962240e+00	2.962240e+00
1.570796e+00	1.633628e+00	6.461212e+01	3.194530e+00	3.194530e+00
1.633628e+00	1.696460e+00	7.862440e+01	3.519463e+00	3.519463e+00
1.696460e+00	1.759292e+00	8.656468e+01	3.697477e+00	3.697477e+00
1.759292e+00	1.822124e+00	9.902004e+01	3.944877e+00	3.944877e+00
1.822124e+00	1.884956e+00	1.035351e+02	4.044994e+00	4.044994e+00
1.884956e+00	1.947787e+00	1.270466e+02	4.469269e+00	4.469269e+00
1.947787e+00	2.010619e+00	1.502427e+02	4.861477e+00	4.861477e+00
2.010619e+00	2.073451e+00	1.560033e+02	4.957754e+00	4.957754e+00
2.073451e+00	2.136283e+00	2.005311e+02	5.609231e+00	5.609231e+00
2.136283e+00	2.199115e+00	2.146990e+02	5.819212e+00	5.819212e+00
2.199115e+00	2.261947e+00	2.364959e+02	6.123661e+00	6.123661e+00
2.261947e+00	2.324779e+00	2.582929e+02	6.364352e+00	6.364352e+00
2.324779e+00	2.387610e+00	2.874118e+02	6.725564e+00	6.725564e+00
2.387610e+00	2.450442e+00	3.211924e+02	7.115988e+00	7.115988e+00
2.450442e+00	2.513274e+00	3.401867e+02	7.330757e+00	7.330757e+00
2.513274e+00	2.576106e+00	3.543548e+02	7.476453e+00	7.476453e+00
2.576106e+00	2.638938e+00	3.903196e+02	7.845079e+00	7.845079e+00
2.638938e+00	2.701770e+00	3.893853e+02	7.860514e+00	7.860514e+00
2.701770e+00	2.764602e+00	4.264400e+02	8.213392e+00	8.213392e+00
2.764602e+00	2.827433e+00	4.557174e+02	8.472120e+00	8.472120e+00
2.827433e+00	2.890265e+00	4.670757e+02	8.609634e+00	8.609634e+00
2.890265e+00	2.953097e+00	4.804652e+02	8.738185e+00	8.738185e+00
2.953097e+00	3.015929e+00	5.045973e+02	8.947882e+00	8.947882e+00
3.015929e+00	3.078761e+00	5.025734e+02	8.935684e+00	8.935684e+00
3.078761e+00	3.141593e+00	4.849803e+02	8.742345e+00	8.742345e+00
# END HISTO1D


# BEGIN HISTO1D //eos/home-y/yiyu/monobc/C1000.yoda.gz/JetMETAnalysis/jet12_dphi
ErrorBars=1
LineColor=blue
LineStyle=dashed
Path=//eos/home-y/yiyu/monobc/C1000.yoda.gz/JetMETAnalysis/jet12_dphi
ScaledBy=4.98836569259182364e-06
Title=C1000
# xlow	 xhigh	 val	 errminus	 errplus
0.000000e+00	6.283185e-02	2.973876e-01	7.388653e-02	7.388653e-02
6.283185e-02	1.256637e-01	2.643444e-01	6.608613e-02	6.608613e-02
1.256637e-01	1.884956e-01	5.947746e-01	1.018455e-01	1.018455e-01
1.884956e-01	2.513274e-01	3.469525e-01	8.260773e-02	8.260773e-02
2.513274e-01	3.141593e-01	5.452102e-01	1.004965e-01	1.004965e-01
3.141593e-01	3.769911e-01	4.460818e-01	8.584846e-02	8.584846e-02
3.769911e-01	4.398230e-01	5.452102e-01	9.490889e-02	9.490889e-02
4.398230e-01	5.026548e-01	6.773833e-01	1.057895e-01	1.057895e-01
5.026548e-01	5.654867e-01	6.773822e-01	1.057893e-01	1.057893e-01
5.654867e-01	6.283185e-01	7.269480e-01	1.120546e-01	1.120546e-01
6.283185e-01	6.911504e-01	7.765113e-01	1.156506e-01	1.156506e-01
6.911504e-01	7.539822e-01	6.939048e-01	1.070718e-01	1.070718e-01
7.539822e-01	8.168141e-01	9.417266e-01	1.290372e-01	1.290372e-01
8.168141e-01	8.796459e-01	9.252065e-01	1.279753e-01	1.279753e-01
8.796459e-01	9.424778e-01	1.106942e+00	1.372380e-01	1.372380e-01
9.424778e-01	1.005310e+00	1.239108e+00	1.486930e-01	1.486930e-01
1.005310e+00	1.068142e+00	1.685192e+00	1.684868e-01	1.684868e-01
1.068142e+00	1.130973e+00	1.536523e+00	1.627204e-01	1.627204e-01
1.130973e+00	1.193805e+00	2.147794e+00	1.926720e-01	1.926720e-01
1.193805e+00	1.256637e+00	2.230402e+00	1.975683e-01	1.975683e-01
1.256637e+00	1.319469e+00	2.610396e+00	2.141430e-01	2.141430e-01
1.319469e+00	1.382301e+00	3.238213e+00	2.313009e-01	2.313009e-01
1.382301e+00	1.445133e+00	4.014722e+00	2.648597e-01	2.648597e-01
1.445133e+00	1.507964e+00	4.973048e+00	2.922997e-01	2.922997e-01
1.507964e+00	1.570796e+00	5.716436e+00	3.152100e-01	3.152100e-01
1.570796e+00	1.633628e+00	6.112952e+00	3.287735e-01	3.287735e-01
1.633628e+00	1.696460e+00	7.418150e+00	3.539612e-01	3.539612e-01
1.696460e+00	1.759292e+00	8.079009e+00	3.742036e-01	3.742036e-01
1.759292e+00	1.822124e+00	1.034245e+01	4.244448e-01	4.244448e-01
1.822124e+00	1.884956e+00	1.224243e+01	4.581550e-01	4.581550e-01
1.884956e+00	1.947787e+00	1.372958e+01	4.847946e-01	4.847946e-01
1.947787e+00	2.010619e+00	1.346502e+01	4.819634e-01	4.819634e-01
2.010619e+00	2.073451e+00	1.673626e+01	5.452093e-01	5.452093e-01
2.073451e+00	2.136283e+00	2.045361e+01	6.002556e-01	6.002556e-01
2.136283e+00	2.199115e+00	2.331183e+01	6.353797e-01	6.353797e-01
2.199115e+00	2.261947e+00	2.547614e+01	6.625098e-01	6.625098e-01
2.261947e+00	2.324779e+00	2.940825e+01	7.117676e-01	7.117676e-01
2.324779e+00	2.387610e+00	3.132525e+01	7.388753e-01	7.388753e-01
2.387610e+00	2.450442e+00	3.334037e+01	7.603477e-01	7.603477e-01
2.450442e+00	2.513274e+00	3.595076e+01	7.926874e-01	7.926874e-01
2.513274e+00	2.576106e+00	3.895768e+01	8.207706e-01	8.207706e-01
2.576106e+00	2.638938e+00	4.125417e+01	8.503353e-01	8.503353e-01
2.638938e+00	2.701770e+00	4.236111e+01	8.587997e-01	8.587997e-01
2.701770e+00	2.764602e+00	4.434368e+01	8.773519e-01	8.773519e-01
2.764602e+00	2.827433e+00	4.566614e+01	8.973610e-01	8.973610e-01
2.827433e+00	2.890265e+00	4.776364e+01	9.167567e-01	9.167567e-01
2.890265e+00	2.953097e+00	4.682191e+01	9.052209e-01	9.052209e-01
2.953097e+00	3.015929e+00	4.969665e+01	9.357642e-01	9.357642e-01
3.015929e+00	3.078761e+00	4.926709e+01	9.257934e-01	9.257934e-01
3.078761e+00	3.141593e+00	4.920100e+01	9.307922e-01	9.307922e-01
# END HISTO1D


# BEGIN HISTO1D //eos/home-y/yiyu/monobc/C1500.yoda.gz/JetMETAnalysis/jet12_dphi
ErrorBars=1
LineColor=green
LineStyle=dashed
Path=//eos/home-y/yiyu/monobc/C1500.yoda.gz/JetMETAnalysis/jet12_dphi
ScaledBy=4.29919801299068407e-06
Title=C1500
# xlow	 xhigh	 val	 errminus	 errplus
0.000000e+00	6.283185e-02	2.555067e-02	6.348114e-03	6.348114e-03
6.283185e-02	1.256637e-01	3.406756e-02	7.237964e-03	7.237964e-03
1.256637e-01	1.884956e-01	2.697014e-02	6.807590e-03	6.807590e-03
1.884956e-01	2.513274e-01	2.838965e-02	7.511197e-03	7.511197e-03
2.513274e-01	3.141593e-01	1.419481e-02	4.917225e-03	4.917225e-03
3.141593e-01	3.769911e-01	3.122863e-02	7.237970e-03	7.237970e-03
3.769911e-01	4.398230e-01	3.406754e-02	6.954006e-03	6.954006e-03
4.398230e-01	5.026548e-01	3.832604e-02	7.903345e-03	7.903345e-03
5.026548e-01	5.654867e-01	3.548701e-02	7.097402e-03	7.097402e-03
5.654867e-01	6.283185e-01	4.826241e-02	1.003726e-02	1.003726e-02
6.283185e-01	6.911504e-01	4.542338e-02	8.029794e-03	8.029794e-03
6.911504e-01	7.539822e-01	4.116500e-02	8.154308e-03	8.154308e-03
7.539822e-01	8.168141e-01	4.116493e-02	8.154296e-03	8.154296e-03
8.168141e-01	8.796459e-01	6.813518e-02	1.153193e-02	1.153193e-02
8.796459e-01	9.424778e-01	7.381298e-02	1.170534e-02	1.170534e-02
9.424778e-01	1.005310e+00	9.794370e-02	1.277526e-02	1.277526e-02
1.005310e+00	1.068142e+00	1.050414e-01	1.331589e-02	1.331589e-02
1.068142e+00	1.130973e+00	1.362721e-01	1.461466e-02	1.461466e-02
1.130973e+00	1.193805e+00	1.234946e-01	1.440613e-02	1.440613e-02
1.193805e+00	1.256637e+00	1.788542e-01	1.630856e-02	1.630856e-02
1.256637e+00	1.319469e+00	1.902101e-01	1.806701e-02	1.806701e-02
1.319469e+00	1.382301e+00	1.902101e-01	1.817819e-02	1.817819e-02
1.382301e+00	1.445133e+00	2.739593e-01	2.138660e-02	2.138660e-02
1.445133e+00	1.507964e+00	3.264852e-01	2.392185e-02	2.392185e-02
1.507964e+00	1.570796e+00	3.662253e-01	2.507299e-02	2.507299e-02
1.570796e+00	1.633628e+00	4.542330e-01	2.745140e-02	2.745140e-02
1.633628e+00	1.696460e+00	5.067537e-01	3.047749e-02	3.047749e-02
1.696460e+00	1.759292e+00	6.316678e-01	3.289394e-02	3.289394e-02
1.759292e+00	1.822124e+00	7.182560e-01	3.528767e-02	3.528767e-02
1.822124e+00	1.884956e+00	8.559454e-01	3.811504e-02	3.811504e-02
1.884956e+00	1.947787e+00	9.638411e-01	4.037476e-02	4.037476e-02
1.947787e+00	2.010619e+00	1.138422e+00	4.416380e-02	4.416380e-02
2.010619e+00	2.073451e+00	1.286047e+00	4.758959e-02	4.758959e-02
2.073451e+00	2.136283e+00	1.523100e+00	5.076497e-02	5.076497e-02
2.136283e+00	2.199115e+00	1.694858e+00	5.438659e-02	5.438659e-02
2.199115e+00	2.261947e+00	1.948943e+00	5.771187e-02	5.771187e-02
2.261947e+00	2.324779e+00	2.195934e+00	6.080604e-02	6.080604e-02
2.324779e+00	2.387610e+00	2.285396e+00	6.284398e-02	6.284398e-02
2.387610e+00	2.450442e+00	2.641649e+00	6.656429e-02	6.656429e-02
2.450442e+00	2.513274e+00	2.681395e+00	6.826791e-02	6.826791e-02
2.513274e+00	2.576106e+00	2.777919e+00	6.949648e-02	6.949648e-02
2.576106e+00	2.638938e+00	3.056137e+00	7.401731e-02	7.401731e-02
2.638938e+00	2.701770e+00	3.168276e+00	7.495060e-02	7.495060e-02
2.701770e+00	2.764602e+00	3.324417e+00	7.604483e-02	7.604483e-02
2.764602e+00	2.827433e+00	3.524620e+00	7.822725e-02	7.822725e-02
2.827433e+00	2.890265e+00	3.406748e+00	7.738435e-02	7.738435e-02
2.890265e+00	2.953097e+00	3.430879e+00	7.799384e-02	7.799384e-02
2.953097e+00	3.015929e+00	3.550115e+00	7.983224e-02	7.983224e-02
3.015929e+00	3.078761e+00	3.717614e+00	8.018481e-02	8.018481e-02
3.078761e+00	3.141593e+00	3.694902e+00	8.041066e-02	8.041066e-02
# END HISTO1D


# BEGIN HISTO1D //eos/home-y/yiyu/monobc/C2000.yoda.gz/JetMETAnalysis/jet12_dphi
ErrorBars=1
LineColor=orange
LineStyle=dashed
Path=//eos/home-y/yiyu/monobc/C2000.yoda.gz/JetMETAnalysis/jet12_dphi
ScaledBy=3.73896889920239138e-06
Title=C2000
# xlow	 xhigh	 val	 errminus	 errplus
0.000000e+00	6.283185e-02	1.671270e-03	5.884363e-04	5.884363e-04
6.283185e-02	1.256637e-01	1.519336e-03	6.077344e-04	6.077344e-04
1.256637e-01	1.884956e-01	2.430936e-03	7.747118e-04	7.747118e-04
1.884956e-01	2.513274e-01	1.671272e-03	5.884368e-04	5.884368e-04
2.513274e-01	3.141593e-01	2.886736e-03	6.962468e-04	6.962468e-04
3.141593e-01	3.769911e-01	2.430939e-03	6.446003e-04	6.446003e-04
3.769911e-01	4.398230e-01	2.430936e-03	7.126313e-04	7.126313e-04
4.398230e-01	5.026548e-01	2.430939e-03	8.594669e-04	8.594669e-04
5.026548e-01	5.654867e-01	2.886736e-03	8.181869e-04	8.181869e-04
5.654867e-01	6.283185e-01	3.190609e-03	9.488258e-04	9.488258e-04
6.283185e-01	6.911504e-01	3.646404e-03	9.116008e-04	9.116008e-04
6.911504e-01	7.539822e-01	5.773481e-03	1.052628e-03	1.052628e-03
7.539822e-01	8.168141e-01	3.646404e-03	1.176872e-03	1.176872e-03
8.168141e-01	8.796459e-01	3.190609e-03	1.147074e-03	1.147074e-03
8.796459e-01	9.424778e-01	3.798337e-03	1.085022e-03	1.085022e-03
9.424778e-01	1.005310e+00	3.646387e-03	1.196320e-03	1.196320e-03
1.005310e+00	1.068142e+00	5.621530e-03	1.315781e-03	1.315781e-03
1.068142e+00	1.130973e+00	6.685170e-03	1.375836e-03	1.375836e-03
1.130973e+00	1.193805e+00	6.685063e-03	1.425260e-03	1.425260e-03
1.193805e+00	1.256637e+00	7.292795e-03	1.718928e-03	1.718928e-03
1.256637e+00	1.319469e+00	1.261046e-02	1.927817e-03	1.927817e-03
1.319469e+00	1.382301e+00	1.382592e-02	2.044053e-03	2.044053e-03
1.382301e+00	1.445133e+00	1.488946e-02	2.222592e-03	2.222592e-03
1.445133e+00	1.507964e+00	2.491745e-02	2.459293e-03	2.459293e-03
1.507964e+00	1.570796e+00	2.506898e-02	2.662086e-03	2.662086e-03
1.570796e+00	1.633628e+00	2.749992e-02	3.004285e-03	3.004285e-03
1.633628e+00	1.696460e+00	3.084245e-02	3.072660e-03	3.072660e-03
1.696460e+00	1.759292e+00	3.342531e-02	3.314792e-03	3.314792e-03
1.759292e+00	1.822124e+00	4.512417e-02	3.706050e-03	3.706050e-03
1.822124e+00	1.884956e+00	4.694737e-02	3.941489e-03	3.941489e-03
1.884956e+00	1.947787e+00	6.062234e-02	4.262330e-03	4.262330e-03
1.947787e+00	2.010619e+00	6.457164e-02	4.595824e-03	4.595824e-03
2.010619e+00	2.073451e+00	8.447489e-02	4.941919e-03	4.941919e-03
2.073451e+00	2.136283e+00	9.617375e-02	5.243347e-03	5.243347e-03
2.136283e+00	2.199115e+00	1.078726e-01	5.692937e-03	5.692937e-03
2.199115e+00	2.261947e+00	1.163809e-01	6.069728e-03	6.069728e-03
2.261947e+00	2.324779e+00	1.248891e-01	6.381195e-03	6.381195e-03
2.324779e+00	2.387610e+00	1.583170e-01	6.794769e-03	6.794769e-03
2.387610e+00	2.450442e+00	1.504139e-01	6.942535e-03	6.942535e-03
2.450442e+00	2.513274e+00	1.745712e-01	7.394952e-03	7.394952e-03
2.513274e+00	2.576106e+00	1.988807e-01	7.582976e-03	7.582976e-03
2.576106e+00	2.638938e+00	1.973612e-01	7.769422e-03	7.769422e-03
2.638938e+00	2.701770e+00	2.125546e-01	7.963100e-03	7.963100e-03
2.701770e+00	2.764602e+00	2.136182e-01	8.059626e-03	8.059626e-03
2.764602e+00	2.827433e+00	2.345887e-01	8.274567e-03	8.274567e-03
2.827433e+00	2.890265e+00	2.455241e-01	8.459285e-03	8.459285e-03
2.890265e+00	2.953097e+00	2.522092e-01	8.709367e-03	8.709367e-03
2.953097e+00	3.015929e+00	2.611733e-01	8.606720e-03	8.606720e-03
3.015929e+00	3.078761e+00	2.712008e-01	8.797709e-03	8.797709e-03
3.078761e+00	3.141593e+00	2.847229e-01	8.861760e-03	8.861760e-03
# END HISTO1D


# BEGIN HISTO1D //eos/home-y/yiyu/monobc/C2600.yoda.gz/JetMETAnalysis/jet12_dphi
ErrorBars=1
LineColor=lilac
LineStyle=dashed
Path=//eos/home-y/yiyu/monobc/C2600.yoda.gz/JetMETAnalysis/jet12_dphi
ScaledBy=3.48760473830657204e-06
Title=C2600
# xlow	 xhigh	 val	 errminus	 errplus
0.000000e+00	6.283185e-02	1.556635e-04	8.647974e-05	8.647974e-05
6.283185e-02	1.256637e-01	1.037757e-04	6.918380e-05	6.918380e-05
1.256637e-01	1.884956e-01	2.421431e-04	9.784058e-05	9.784058e-05
1.884956e-01	2.513274e-01	2.767353e-04	9.784073e-05	9.784073e-05
2.513274e-01	3.141593e-01	2.767349e-04	8.819231e-05	8.819231e-05
3.141593e-01	3.769911e-01	2.248474e-04	8.647981e-05	8.647981e-05
3.769911e-01	4.398230e-01	5.534700e-04	1.247228e-04	1.247228e-04
4.398230e-01	5.026548e-01	6.399506e-04	1.259165e-04	1.259165e-04
5.026548e-01	5.654867e-01	5.188780e-04	1.270986e-04	1.270986e-04
5.654867e-01	6.283185e-01	5.188788e-04	1.198299e-04	1.198299e-04
6.283185e-01	6.911504e-01	2.248471e-04	1.052071e-04	1.052071e-04
6.911504e-01	7.539822e-01	5.361748e-04	1.134172e-04	1.134172e-04
7.539822e-01	8.168141e-01	2.767349e-04	1.037756e-04	1.037756e-04
8.168141e-01	8.796459e-01	2.767353e-04	1.093893e-04	1.093893e-04
8.796459e-01	9.424778e-01	3.632145e-04	1.328526e-04	1.328526e-04
9.424778e-01	1.005310e+00	2.248460e-04	1.372816e-04	1.372816e-04
1.005310e+00	1.068142e+00	2.940304e-04	1.631692e-04	1.631692e-04
1.068142e+00	1.130973e+00	3.459237e-04	1.467630e-04	1.467630e-04
1.130973e+00	1.193805e+00	2.421427e-04	1.546993e-04	1.546993e-04
1.193805e+00	1.256637e+00	1.902550e-04	1.870838e-04	1.870838e-04
1.256637e+00	1.319469e+00	4.842854e-04	2.017032e-04	2.017032e-04
1.319469e+00	1.382301e+00	-1.556632e-04	1.979607e-04	1.979607e-04
1.382301e+00	1.445133e+00	3.459182e-05	2.358847e-04	2.358847e-04
1.445133e+00	1.507964e+00	3.632197e-04	2.571262e-04	2.571262e-04
1.507964e+00	1.570796e+00	1.232499e-20	2.873412e-04	2.873412e-04
1.570796e+00	1.633628e+00	2.767345e-04	3.005708e-04	3.005708e-04
1.633628e+00	1.696460e+00	6.053567e-04	3.258799e-04	3.258799e-04
1.696460e+00	1.759292e+00	7.956118e-04	3.553036e-04	3.553036e-04
1.759292e+00	1.822124e+00	5.188772e-04	3.867482e-04	3.867482e-04
1.822124e+00	1.884956e+00	-8.129076e-04	4.081981e-04	4.081981e-04
1.884956e+00	1.947787e+00	-3.632197e-04	4.676371e-04	4.676371e-04
1.947787e+00	2.010619e+00	-1.556632e-04	4.827386e-04	4.827386e-04
2.010619e+00	2.073451e+00	8.993871e-04	5.297180e-04	5.297180e-04
2.073451e+00	2.136283e+00	7.437241e-04	5.531987e-04	5.531987e-04
2.136283e+00	2.199115e+00	2.127397e-03	6.083145e-04	6.083145e-04
2.199115e+00	2.261947e+00	9.858668e-04	6.399486e-04	6.399486e-04
2.261947e+00	2.324779e+00	1.158826e-03	6.898878e-04	6.898878e-04
2.324779e+00	2.387610e+00	2.213912e-03	7.210662e-04	7.210662e-04
2.387610e+00	2.450442e+00	2.992192e-03	7.489348e-04	7.489348e-04
2.450442e+00	2.513274e+00	3.735916e-03	7.765843e-04	7.765843e-04
2.513274e+00	2.576106e+00	4.531527e-03	8.152961e-04	8.152961e-04
2.576106e+00	2.638938e+00	7.177801e-03	8.520757e-04	8.520757e-04
2.638938e+00	2.701770e+00	7.662086e-03	8.972225e-04	8.972225e-04
2.701770e+00	2.764602e+00	1.110397e-02	9.285181e-04	9.285181e-04
2.764602e+00	2.827433e+00	1.304132e-02	9.294989e-04	9.294989e-04
2.827433e+00	2.890265e+00	1.736508e-02	9.768742e-04	9.768742e-04
2.890265e+00	2.953097e+00	2.013243e-02	1.023824e-03	1.023824e-03
2.953097e+00	3.015929e+00	2.258846e-02	1.030523e-03	1.030523e-03
3.015929e+00	3.078761e+00	2.677406e-02	1.077356e-03	1.077356e-03
3.078761e+00	3.141593e+00	2.822692e-02	1.097711e-03	1.097711e-03
# END HISTO1D


# BEGIN HISTO1D //eos/home-y/yiyu/monobc/D600.yoda.gz/JetMETAnalysis/jet12_dphi
ErrorBars=1
LineColor=red
LineStyle=dashdotted
Path=//eos/home-y/yiyu/monobc/D600.yoda.gz/JetMETAnalysis/jet12_dphi
ScaledBy=6.26160614830790851e-06
Title=D600
# xlow	 xhigh	 val	 errminus	 errplus
0.000000e+00	6.283185e-02	8.444168e+00	1.170995e+00	1.170995e+00
6.283185e-02	1.256637e-01	1.185431e+01	1.387442e+00	1.387442e+00
1.256637e-01	1.884956e-01	8.444161e+00	1.236708e+00	1.236708e+00
1.884956e-01	2.513274e-01	8.281786e+00	1.159682e+00	1.159682e+00
2.513274e-01	3.141593e-01	1.120475e+01	1.368303e+00	1.368303e+00
3.141593e-01	3.769911e-01	1.217910e+01	1.406321e+00	1.406321e+00
3.769911e-01	4.398230e-01	1.753787e+01	1.703137e+00	1.703137e+00
4.398230e-01	5.026548e-01	1.429014e+01	1.574410e+00	1.574410e+00
5.026548e-01	5.654867e-01	1.623877e+01	1.640035e+00	1.640035e+00
5.654867e-01	6.283185e-01	1.607641e+01	1.631979e+00	1.631979e+00
6.283185e-01	6.911504e-01	1.493967e+01	1.591068e+00	1.591068e+00
6.911504e-01	7.539822e-01	1.558924e+01	1.607558e+00	1.607558e+00
7.539822e-01	8.168141e-01	1.964892e+01	1.815550e+00	1.815550e+00
8.168141e-01	8.796459e-01	1.802506e+01	1.710863e+00	1.710863e+00
8.796459e-01	9.424778e-01	1.818742e+01	1.748969e+00	1.748969e+00
9.424778e-01	1.005310e+00	2.484521e+01	2.021701e+00	2.021701e+00
1.005310e+00	1.068142e+00	2.240947e+01	1.948649e+00	1.948649e+00
1.068142e+00	1.130973e+00	2.793108e+01	2.166553e+00	2.166553e+00
1.130973e+00	1.193805e+00	2.890497e+01	2.166519e+00	2.166519e+00
1.193805e+00	1.256637e+00	3.328942e+01	2.325034e+00	2.325034e+00
1.256637e+00	1.319469e+00	4.043448e+01	2.572701e+00	2.572701e+00
1.319469e+00	1.382301e+00	4.481893e+01	2.707540e+00	2.707540e+00
1.382301e+00	1.445133e+00	5.034011e+01	2.877513e+00	2.877513e+00
1.445133e+00	1.507964e+00	5.147765e+01	2.927528e+00	2.927528e+00
1.507964e+00	1.570796e+00	6.609169e+01	3.300103e+00	3.300103e+00
1.570796e+00	1.633628e+00	7.534777e+01	3.542876e+00	3.542876e+00
1.633628e+00	1.696460e+00	9.191130e+01	3.870139e+00	3.870139e+00
1.696460e+00	1.759292e+00	9.856918e+01	4.013960e+00	4.013960e+00
1.759292e+00	1.822124e+00	1.063638e+02	4.181280e+00	4.181280e+00
1.822124e+00	1.884956e+00	1.203291e+02	4.461963e+00	4.461963e+00
1.884956e+00	1.947787e+00	1.404674e+02	4.803562e+00	4.803562e+00
1.947787e+00	2.010619e+00	1.518323e+02	4.981352e+00	4.981352e+00
2.010619e+00	2.073451e+00	1.680710e+02	5.284459e+00	5.284459e+00
2.073451e+00	2.136283e+00	1.950274e+02	5.660314e+00	5.660314e+00
2.136283e+00	2.199115e+00	2.164625e+02	5.973122e+00	5.973122e+00
2.199115e+00	2.261947e+00	2.476409e+02	6.374612e+00	6.374612e+00
2.261947e+00	2.324779e+00	2.723238e+02	6.689496e+00	6.689496e+00
2.324779e+00	2.387610e+00	2.867807e+02	6.885797e+00	6.885797e+00
2.387610e+00	2.450442e+00	3.190914e+02	7.249467e+00	7.249467e+00
2.450442e+00	2.513274e+00	3.429623e+02	7.529596e+00	7.529596e+00
2.513274e+00	2.576106e+00	3.827472e+02	7.923775e+00	7.923775e+00
2.576106e+00	2.638938e+00	3.950886e+02	8.091720e+00	8.091720e+00
2.638938e+00	2.701770e+00	4.217201e+02	8.323049e+00	8.323049e+00
2.701770e+00	2.764602e+00	4.313011e+02	8.450391e+00	8.450391e+00
2.764602e+00	2.827433e+00	4.644355e+02	8.732901e+00	8.732901e+00
2.827433e+00	2.890265e+00	4.814789e+02	8.907658e+00	8.907658e+00
2.890265e+00	2.953097e+00	4.882991e+02	8.972550e+00	8.972550e+00
2.953097e+00	3.015929e+00	5.085975e+02	9.160150e+00	9.160150e+00
3.015929e+00	3.078761e+00	4.915468e+02	9.013601e+00	9.013601e+00
3.078761e+00	3.141593e+00	4.920340e+02	9.041351e+00	9.041351e+00
# END HISTO1D


# BEGIN HISTO1D //eos/home-y/yiyu/monobc/D1000.yoda.gz/JetMETAnalysis/jet12_dphi
ErrorBars=1
LineColor=blue
LineStyle=dashdotted
Path=//eos/home-y/yiyu/monobc/D1000.yoda.gz/JetMETAnalysis/jet12_dphi
ScaledBy=5.55495214013862181e-06
Title=D1000
# xlow	 xhigh	 val	 errminus	 errplus
0.000000e+00	6.283185e-02	6.217320e-01	1.127239e-01	1.127239e-01
6.283185e-02	1.256637e-01	6.400181e-01	1.081828e-01	1.081828e-01
1.256637e-01	1.884956e-01	6.583038e-01	1.156522e-01	1.156522e-01
1.884956e-01	2.513274e-01	5.668736e-01	1.050465e-01	1.050465e-01
2.513274e-01	3.141593e-01	8.594523e-01	1.280035e-01	1.280035e-01
3.141593e-01	3.769911e-01	7.314498e-01	1.212972e-01	1.212972e-01
3.769911e-01	4.398230e-01	9.143109e-01	1.343757e-01	1.343757e-01
4.398230e-01	5.026548e-01	1.078889e+00	1.474284e-01	1.474284e-01
5.026548e-01	5.654867e-01	8.228798e-01	1.253640e-01	1.253640e-01
5.654867e-01	6.283185e-01	9.874573e-01	1.392639e-01	1.392639e-01
6.283185e-01	6.911504e-01	1.042314e+00	1.404591e-01	1.404591e-01
6.911504e-01	7.539822e-01	1.152034e+00	1.474284e-01	1.474284e-01
7.539822e-01	8.168141e-01	1.133745e+00	1.485579e-01	1.485579e-01
8.168141e-01	8.796459e-01	1.572617e+00	1.810246e-01	1.810246e-01
8.796459e-01	9.424778e-01	1.280035e+00	1.635569e-01	1.635569e-01
9.424778e-01	1.005310e+00	1.590893e+00	1.800975e-01	1.800975e-01
1.005310e+00	1.068142e+00	1.974908e+00	1.935229e-01	1.935229e-01
1.068142e+00	1.130973e+00	2.267524e+00	2.084979e-01	2.084979e-01
1.130973e+00	1.193805e+00	2.907504e+00	2.348904e-01	2.348904e-01
1.193805e+00	1.256637e+00	2.779501e+00	2.269256e-01	2.269256e-01
1.256637e+00	1.319469e+00	3.529235e+00	2.618184e-01	2.618184e-01
1.319469e+00	1.382301e+00	3.584093e+00	2.637271e-01	2.637271e-01
1.382301e+00	1.445133e+00	4.205823e+00	2.914339e-01	2.914339e-01
1.445133e+00	1.507964e+00	5.211647e+00	3.224856e-01	3.224856e-01
1.507964e+00	1.570796e+00	6.528169e+00	3.541105e-01	3.541105e-01
1.570796e+00	1.633628e+00	6.985324e+00	3.693629e-01	3.693629e-01
1.633628e+00	1.696460e+00	9.453960e+00	4.268954e-01	4.268954e-01
1.696460e+00	1.759292e+00	9.490532e+00	4.276779e-01	4.276779e-01
1.759292e+00	1.822124e+00	1.093514e+01	4.575203e-01	4.575203e-01
1.822124e+00	1.884956e+00	1.369636e+01	5.136434e-01	5.136434e-01
1.884956e+00	1.947787e+00	1.554351e+01	5.492036e-01	5.492036e-01
1.947787e+00	2.010619e+00	1.762788e+01	5.857293e-01	5.857293e-01
2.010619e+00	2.073451e+00	1.934678e+01	6.092347e-01	6.092347e-01
2.073451e+00	2.136283e+00	2.190685e+01	6.588105e-01	6.588105e-01
2.136283e+00	2.199115e+00	2.521666e+01	6.917402e-01	6.917402e-01
2.199115e+00	2.261947e+00	2.763043e+01	7.243269e-01	7.243269e-01
2.261947e+00	2.324779e+00	2.997107e+01	7.638726e-01	7.638726e-01
2.324779e+00	2.387610e+00	3.375684e+01	8.058509e-01	8.058509e-01
2.387610e+00	2.450442e+00	3.704783e+01	8.415621e-01	8.415621e-01
2.450442e+00	2.513274e+00	4.004676e+01	8.750662e-01	8.750662e-01
2.513274e+00	2.576106e+00	4.088792e+01	8.887163e-01	8.887163e-01
2.576106e+00	2.638938e+00	4.439887e+01	9.302621e-01	9.302621e-01
2.638938e+00	2.701770e+00	4.460001e+01	9.308012e-01	9.308012e-01
2.701770e+00	2.764602e+00	4.917157e+01	9.784393e-01	9.784393e-01
2.764602e+00	2.827433e+00	5.047069e+01	9.925364e-01	9.925364e-01
2.827433e+00	2.890265e+00	5.156705e+01	1.001242e+00	1.001242e+00
2.890265e+00	2.953097e+00	5.308481e+01	1.013358e+00	1.013358e+00
2.953097e+00	3.015929e+00	5.273736e+01	1.016159e+00	1.016159e+00
3.015929e+00	3.078761e+00	5.359681e+01	1.017968e+00	1.017968e+00
3.078761e+00	3.141593e+00	5.520601e+01	1.032967e+00	1.032967e+00
# END HISTO1D


# BEGIN HISTO1D //eos/home-y/yiyu/monobc/D1500.yoda.gz/JetMETAnalysis/jet12_dphi
ErrorBars=1
LineColor=green
LineStyle=dashdotted
Path=//eos/home-y/yiyu/monobc/D1500.yoda.gz/JetMETAnalysis/jet12_dphi
ScaledBy=5.09488537008347615e-06
Title=D1500
# xlow	 xhigh	 val	 errminus	 errplus
0.000000e+00	6.283185e-02	3.186799e-02	7.686184e-03	7.686184e-03
6.283185e-02	1.256637e-01	3.522252e-02	7.686184e-03	7.686184e-03
1.256637e-01	1.884956e-01	2.683619e-02	7.116018e-03	7.116018e-03
1.884956e-01	2.513274e-01	3.522255e-02	9.032344e-03	9.032344e-03
2.513274e-01	3.141593e-01	4.360880e-02	1.006357e-02	1.006357e-02
3.141593e-01	3.769911e-01	5.199520e-02	9.338613e-03	9.338613e-03
3.769911e-01	4.398230e-01	5.031785e-02	1.060793e-02	1.060793e-02
4.398230e-01	5.026548e-01	5.534973e-02	1.020240e-02	1.020240e-02
5.026548e-01	5.654867e-01	6.541321e-02	1.099854e-02	1.099854e-02
5.654867e-01	6.283185e-01	5.031793e-02	1.086992e-02	1.086992e-02
6.283185e-01	6.911504e-01	4.193153e-02	9.922814e-03	9.922814e-03
6.911504e-01	7.539822e-01	7.212236e-02	1.197806e-02	1.197806e-02
7.539822e-01	8.168141e-01	1.073447e-01	1.442835e-02	1.442835e-02
8.168141e-01	8.796459e-01	8.889502e-02	1.413288e-02	1.413288e-02
8.796459e-01	9.424778e-01	1.157311e-01	1.546359e-02	1.546359e-02
9.424778e-01	1.005310e+00	9.392620e-02	1.403291e-02	1.403291e-02
1.005310e+00	1.068142e+00	1.056673e-01	1.490780e-02	1.490780e-02
1.068142e+00	1.130973e+00	1.492784e-01	1.767130e-02	1.767130e-02
1.130973e+00	1.193805e+00	1.794667e-01	1.977460e-02	1.977460e-02
1.193805e+00	1.256637e+00	2.012710e-01	2.026640e-02	2.026640e-02
1.256637e+00	1.319469e+00	2.331390e-01	2.206090e-02	2.206090e-02
1.319469e+00	1.382301e+00	2.817795e-01	2.487777e-02	2.487777e-02
1.382301e+00	1.445133e+00	3.203565e-01	2.614588e-02	2.614588e-02
1.445133e+00	1.507964e+00	3.757120e-01	2.836548e-02	2.836548e-02
1.507964e+00	1.570796e+00	4.562145e-01	3.028370e-02	3.028370e-02
1.570796e+00	1.633628e+00	5.249820e-01	3.350322e-02	3.350322e-02
1.633628e+00	1.696460e+00	6.272948e-01	3.469941e-02	3.469941e-02
1.696460e+00	1.759292e+00	7.078033e-01	3.772901e-02	3.772901e-02
1.759292e+00	1.822124e+00	8.503704e-01	4.193148e-02	4.193148e-02
1.822124e+00	1.884956e+00	9.778420e-01	4.516158e-02	4.516158e-02
1.884956e+00	1.947787e+00	1.159004e+00	4.858341e-02	4.858341e-02
1.947787e+00	2.010619e+00	1.336775e+00	5.258682e-02	5.258682e-02
2.010619e+00	2.073451e+00	1.558174e+00	5.595613e-02	5.595613e-02
2.073451e+00	2.136283e+00	1.823181e+00	6.137484e-02	6.137484e-02
2.136283e+00	2.199115e+00	1.898657e+00	6.289162e-02	6.289162e-02
2.199115e+00	2.261947e+00	2.333068e+00	6.909411e-02	6.909411e-02
2.261947e+00	2.324779e+00	2.440413e+00	7.184859e-02	7.184859e-02
2.324779e+00	2.387610e+00	2.571279e+00	7.343754e-02	7.343754e-02
2.387610e+00	2.450442e+00	2.899981e+00	7.815019e-02	7.815019e-02
2.450442e+00	2.513274e+00	3.183438e+00	8.120429e-02	8.120429e-02
2.513274e+00	2.576106e+00	3.299169e+00	8.398027e-02	8.398027e-02
2.576106e+00	2.638938e+00	3.466894e+00	8.586846e-02	8.586846e-02
2.638938e+00	2.701770e+00	3.728548e+00	8.864120e-02	8.864120e-02
2.701770e+00	2.764602e+00	3.844278e+00	9.022968e-02	9.022968e-02
2.764602e+00	2.827433e+00	3.859434e+00	9.027787e-02	9.027787e-02
2.827433e+00	2.890265e+00	4.115993e+00	9.235592e-02	9.235592e-02
2.890265e+00	2.953097e+00	4.062322e+00	9.269038e-02	9.269038e-02
2.953097e+00	3.015929e+00	4.151216e+00	9.391153e-02	9.391153e-02
3.015929e+00	3.078761e+00	4.142830e+00	9.347616e-02	9.347616e-02
3.078761e+00	3.141593e+00	4.178053e+00	9.432998e-02	9.432998e-02
# END HISTO1D


# BEGIN HISTO1D //eos/home-y/yiyu/monobc/D2000.yoda.gz/JetMETAnalysis/jet12_dphi
ErrorBars=1
LineColor=orange
LineStyle=dashdotted
Path=//eos/home-y/yiyu/monobc/D2000.yoda.gz/JetMETAnalysis/jet12_dphi
ScaledBy=4.61553418144346189e-06
Title=D2000
# xlow	 xhigh	 val	 errminus	 errplus
0.000000e+00	6.283185e-02	2.060713e-03	8.984389e-04	8.984389e-04
6.283185e-02	1.256637e-01	2.060713e-03	7.724121e-04	7.724121e-04
1.256637e-01	1.884956e-01	2.248048e-03	8.377979e-04	8.377979e-04
1.884956e-01	2.513274e-01	2.060714e-03	8.984396e-04	8.984396e-04
2.513274e-01	3.141593e-01	2.622722e-03	7.009521e-04	7.009521e-04
3.141593e-01	3.769911e-01	1.498701e-03	8.377992e-04	8.377992e-04
3.769911e-01	4.398230e-01	2.435386e-03	9.734332e-04	9.734332e-04
4.398230e-01	5.026548e-01	2.622726e-03	1.092357e-03	1.092357e-03
5.026548e-01	5.654867e-01	4.121421e-03	1.297911e-03	1.297911e-03
5.654867e-01	6.283185e-01	4.496102e-03	1.297913e-03	1.297913e-03
6.283185e-01	6.911504e-01	5.245445e-03	1.184825e-03	1.184825e-03
6.911504e-01	7.539822e-01	5.432790e-03	1.199546e-03	1.199546e-03
7.539822e-01	8.168141e-01	5.620120e-03	1.350909e-03	1.350909e-03
8.168141e-01	8.796459e-01	9.554218e-03	1.622391e-03	1.622391e-03
8.796459e-01	9.424778e-01	4.121421e-03	1.214084e-03	1.214084e-03
9.424778e-01	1.005310e+00	5.994765e-03	1.675588e-03	1.675588e-03
1.005310e+00	1.068142e+00	8.242828e-03	1.737292e-03	1.737292e-03
1.068142e+00	1.130973e+00	1.049104e-02	1.777263e-03	1.777263e-03
1.130973e+00	1.193805e+00	1.667300e-02	2.192724e-03	2.192724e-03
1.193805e+00	1.256637e+00	1.292625e-02	2.077668e-03	2.077668e-03
1.256637e+00	1.319469e+00	1.667300e-02	2.406388e-03	2.406388e-03
1.319469e+00	1.382301e+00	1.423761e-02	2.527314e-03	2.527314e-03
1.382301e+00	1.445133e+00	2.379179e-02	2.695310e-03	2.695310e-03
1.445133e+00	1.507964e+00	2.285549e-02	3.032363e-03	3.032363e-03
1.507964e+00	1.570796e+00	3.690540e-02	3.408298e-03	3.408298e-03
1.570796e+00	1.633628e+00	3.521936e-02	3.632599e-03	3.632599e-03
1.633628e+00	1.696460e+00	3.840409e-02	4.039709e-03	4.039709e-03
1.696460e+00	1.759292e+00	3.784207e-02	4.070002e-03	4.070002e-03
1.759292e+00	1.822124e+00	5.470241e-02	4.550400e-03	4.550400e-03
1.822124e+00	1.884956e+00	5.732512e-02	5.026779e-03	5.026779e-03
1.884956e+00	1.947787e+00	7.399930e-02	5.426396e-03	5.426396e-03
1.947787e+00	2.010619e+00	9.123313e-02	5.807448e-03	5.807448e-03
2.010619e+00	2.073451e+00	9.647856e-02	6.147966e-03	6.147966e-03
2.073451e+00	2.136283e+00	1.204577e-01	6.777874e-03	6.777874e-03
2.136283e+00	2.199115e+00	1.200830e-01	6.971857e-03	6.971857e-03
2.199115e+00	2.261947e+00	1.416268e-01	7.418167e-03	7.418167e-03
2.261947e+00	2.324779e+00	1.732867e-01	7.985480e-03	7.985480e-03
2.324779e+00	2.387610e+00	1.982057e-01	8.386472e-03	8.386472e-03
2.387610e+00	2.450442e+00	2.041974e-01	8.641903e-03	8.641903e-03
2.450442e+00	2.513274e+00	2.041974e-01	8.878272e-03	8.878272e-03
2.513274e+00	2.576106e+00	2.405406e-01	9.471179e-03	9.471179e-03
2.576106e+00	2.638938e+00	2.470975e-01	9.506315e-03	9.506315e-03
2.638938e+00	2.701770e+00	2.680793e-01	9.964145e-03	9.964145e-03
2.701770e+00	2.764602e+00	2.660186e-01	9.841881e-03	9.841881e-03
2.764602e+00	2.827433e+00	2.894402e-01	1.018723e-02	1.018723e-02
2.827433e+00	2.890265e+00	2.995518e-01	1.051927e-02	1.051927e-02
2.890265e+00	2.953097e+00	2.961798e-01	1.057583e-02	1.057583e-02
2.953097e+00	3.015929e+00	3.051720e-01	1.069135e-02	1.069135e-02
3.015929e+00	3.078761e+00	3.143514e-01	1.061723e-02	1.061723e-02
3.078761e+00	3.141593e+00	3.130402e-01	1.068807e-02	1.068807e-02
# END HISTO1D


# BEGIN HISTO1D //eos/home-y/yiyu/monobc/D2600.yoda.gz/JetMETAnalysis/jet12_dphi
ErrorBars=1
LineColor=lilac
LineStyle=dashdotted
Path=//eos/home-y/yiyu/monobc/D2600.yoda.gz/JetMETAnalysis/jet12_dphi
ScaledBy=4.26955399294807099e-06
Title=D2600
# xlow	 xhigh	 val	 errminus	 errplus
0.000000e+00	6.283185e-02	3.570485e-04	1.242546e-04	1.242546e-04
6.283185e-02	1.256637e-01	3.150428e-04	1.007261e-04	1.007261e-04
1.256637e-01	1.884956e-01	5.460737e-04	1.188100e-04	1.188100e-04
1.884956e-01	2.513274e-01	1.680229e-04	1.111367e-04	1.111367e-04
2.513274e-01	3.141593e-01	2.520341e-04	1.111366e-04	1.111366e-04
3.141593e-01	3.769911e-01	4.410603e-04	1.277555e-04	1.277555e-04
3.769911e-01	4.398230e-01	5.670766e-04	1.344838e-04	1.344838e-04
4.398230e-01	5.026548e-01	6.300860e-04	1.294704e-04	1.294704e-04
5.026548e-01	5.654867e-01	6.510879e-04	1.499903e-04	1.499903e-04
5.654867e-01	6.283185e-01	6.090831e-04	1.439884e-04	1.439884e-04
6.283185e-01	6.911504e-01	4.620624e-04	1.361139e-04	1.361139e-04
6.911504e-01	7.539822e-01	5.250717e-04	1.529032e-04	1.529032e-04
7.539822e-01	8.168141e-01	7.350992e-04	1.585679e-04	1.585679e-04
8.168141e-01	8.796459e-01	6.930947e-04	1.693305e-04	1.693305e-04
8.796459e-01	9.424778e-01	3.570483e-04	1.613258e-04	1.613258e-04
9.424778e-01	1.005310e+00	4.200547e-04	1.653757e-04	1.653757e-04
1.005310e+00	1.068142e+00	2.730365e-04	1.818896e-04	1.818896e-04
1.068142e+00	1.130973e+00	4.200627e-04	1.970269e-04	1.970269e-04
1.130973e+00	1.193805e+00	6.300840e-04	2.182675e-04	2.182675e-04
1.193805e+00	1.256637e+00	3.360448e-04	2.357559e-04	2.357559e-04
1.256637e+00	1.319469e+00	4.620617e-04	2.467271e-04	2.467271e-04
1.319469e+00	1.382301e+00	3.150420e-04	2.697859e-04	2.697859e-04
1.382301e+00	1.445133e+00	3.990532e-04	2.992439e-04	2.992439e-04
1.445133e+00	1.507964e+00	2.520377e-04	3.171404e-04	3.171404e-04
1.507964e+00	1.570796e+00	3.360448e-04	3.564294e-04	3.564294e-04
1.570796e+00	1.633628e+00	-3.570477e-04	3.809563e-04	3.809563e-04
1.633628e+00	1.696460e+00	8.821177e-04	4.231948e-04	4.231948e-04
1.696460e+00	1.759292e+00	6.720897e-04	4.375444e-04	4.375444e-04
1.759292e+00	1.822124e+00	9.451261e-04	4.974606e-04	4.974606e-04
1.822124e+00	1.884956e+00	5.880785e-04	5.329913e-04	5.329913e-04
1.884956e+00	1.947787e+00	8.191224e-04	5.778727e-04	5.778727e-04
1.947787e+00	2.010619e+00	4.410589e-04	6.353131e-04	6.353131e-04
2.010619e+00	2.073451e+00	-2.940392e-04	6.661565e-04	6.661565e-04
2.073451e+00	2.136283e+00	9.451261e-04	7.025743e-04	7.025743e-04
2.136283e+00	2.199115e+00	1.890252e-03	7.401812e-04	7.401812e-04
2.199115e+00	2.261947e+00	1.239165e-03	7.906098e-04	7.906098e-04
2.261947e+00	2.324779e+00	1.995267e-03	8.435182e-04	8.435182e-04
2.324779e+00	2.387610e+00	1.743260e-03	8.883607e-04	8.883607e-04
2.387610e+00	2.450442e+00	3.213429e-03	9.305451e-04	9.305451e-04
2.450442e+00	2.513274e+00	4.557608e-03	9.758961e-04	9.758961e-04
2.513274e+00	2.576106e+00	5.775770e-03	1.019231e-03	1.019231e-03
2.576106e+00	2.638938e+00	7.329978e-03	1.058716e-03	1.058716e-03
2.638938e+00	2.701770e+00	9.619283e-03	1.094566e-03	1.094566e-03
2.701770e+00	2.764602e+00	1.048040e-02	1.128107e-03	1.128107e-03
2.764602e+00	2.827433e+00	1.428213e-02	1.152305e-03	1.152305e-03
2.827433e+00	2.890265e+00	1.518503e-02	1.184566e-03	1.184566e-03
2.890265e+00	2.953097e+00	2.018370e-02	1.220875e-03	1.220875e-03
2.953097e+00	3.015929e+00	2.348114e-02	1.251034e-03	1.251034e-03
3.015929e+00	3.078761e+00	2.507735e-02	1.257715e-03	1.257715e-03
3.078761e+00	3.141593e+00	2.955095e-02	1.310447e-03	1.310447e-03
# END HISTO1D

