# BEGIN PLOT
Legend=1
LogY=1
LegendPlacement=manual
LegendAlign=r
LegendXPos=1.225
RightMargin=2.5
Title=Jet $\phi$ distribution
XLabel=$\phi^\mathrm{jet}$ [rad]
YLabel=$\sigma$ [pb]
XMin=0
DrawOnly=//eos/home-y/yiyu/monobc/A600.yoda.gz/JetMETAnalysis/jet_phi //eos/home-y/yiyu/monobc/A1000.yoda.gz/JetMETAnalysis/jet_phi //eos/home-y/yiyu/monobc/A1500.yoda.gz/JetMETAnalysis/jet_phi //eos/home-y/yiyu/monobc/A2000.yoda.gz/JetMETAnalysis/jet_phi //eos/home-y/yiyu/monobc/A2600.yoda.gz/JetMETAnalysis/jet_phi //eos/home-y/yiyu/monobc/C600.yoda.gz/JetMETAnalysis/jet_phi //eos/home-y/yiyu/monobc/C1000.yoda.gz/JetMETAnalysis/jet_phi //eos/home-y/yiyu/monobc/C1500.yoda.gz/JetMETAnalysis/jet_phi //eos/home-y/yiyu/monobc/C2000.yoda.gz/JetMETAnalysis/jet_phi //eos/home-y/yiyu/monobc/C2600.yoda.gz/JetMETAnalysis/jet_phi //eos/home-y/yiyu/monobc/D600.yoda.gz/JetMETAnalysis/jet_phi //eos/home-y/yiyu/monobc/D1000.yoda.gz/JetMETAnalysis/jet_phi //eos/home-y/yiyu/monobc/D1500.yoda.gz/JetMETAnalysis/jet_phi //eos/home-y/yiyu/monobc/D2000.yoda.gz/JetMETAnalysis/jet_phi //eos/home-y/yiyu/monobc/D2600.yoda.gz/JetMETAnalysis/jet_phi
LegendOnly=//eos/home-y/yiyu/monobc/A600.yoda.gz/JetMETAnalysis/jet_phi //eos/home-y/yiyu/monobc/A1000.yoda.gz/JetMETAnalysis/jet_phi //eos/home-y/yiyu/monobc/A1500.yoda.gz/JetMETAnalysis/jet_phi //eos/home-y/yiyu/monobc/A2000.yoda.gz/JetMETAnalysis/jet_phi //eos/home-y/yiyu/monobc/A2600.yoda.gz/JetMETAnalysis/jet_phi //eos/home-y/yiyu/monobc/C600.yoda.gz/JetMETAnalysis/jet_phi //eos/home-y/yiyu/monobc/C1000.yoda.gz/JetMETAnalysis/jet_phi //eos/home-y/yiyu/monobc/C1500.yoda.gz/JetMETAnalysis/jet_phi //eos/home-y/yiyu/monobc/C2000.yoda.gz/JetMETAnalysis/jet_phi //eos/home-y/yiyu/monobc/C2600.yoda.gz/JetMETAnalysis/jet_phi //eos/home-y/yiyu/monobc/D600.yoda.gz/JetMETAnalysis/jet_phi //eos/home-y/yiyu/monobc/D1000.yoda.gz/JetMETAnalysis/jet_phi //eos/home-y/yiyu/monobc/D1500.yoda.gz/JetMETAnalysis/jet_phi //eos/home-y/yiyu/monobc/D2000.yoda.gz/JetMETAnalysis/jet_phi //eos/home-y/yiyu/monobc/D2600.yoda.gz/JetMETAnalysis/jet_phi
RatioPlot=1
RatioPlotReference=//eos/home-y/yiyu/monobc/A600.yoda.gz/JetMETAnalysis/jet_phi
RatioPlotYLabel=Ratio
# END PLOT

# BEGIN HISTO1D //eos/home-y/yiyu/monobc/A600.yoda.gz/JetMETAnalysis/jet_phi
ErrorBars=1
LineColor=red
LineStyle=solid
Path=//eos/home-y/yiyu/monobc/A600.yoda.gz/JetMETAnalysis/jet_phi
ScaledBy=5.21401125168643785e-06
Title=A600
# xlow	 xhigh	 val	 errminus	 errplus
-3.141593e+00	-3.015929e+00	0.000000e+00	0.000000e+00	0.000000e+00
-3.015929e+00	-2.890265e+00	0.000000e+00	0.000000e+00	0.000000e+00
-2.890265e+00	-2.764602e+00	0.000000e+00	0.000000e+00	0.000000e+00
-2.764602e+00	-2.638938e+00	0.000000e+00	0.000000e+00	0.000000e+00
-2.638938e+00	-2.513274e+00	0.000000e+00	0.000000e+00	0.000000e+00
-2.513274e+00	-2.387610e+00	0.000000e+00	0.000000e+00	0.000000e+00
-2.387610e+00	-2.261947e+00	0.000000e+00	0.000000e+00	0.000000e+00
-2.261947e+00	-2.136283e+00	0.000000e+00	0.000000e+00	0.000000e+00
-2.136283e+00	-2.010619e+00	0.000000e+00	0.000000e+00	0.000000e+00
-2.010619e+00	-1.884956e+00	0.000000e+00	0.000000e+00	0.000000e+00
-1.884956e+00	-1.759292e+00	0.000000e+00	0.000000e+00	0.000000e+00
-1.759292e+00	-1.633628e+00	0.000000e+00	0.000000e+00	0.000000e+00
-1.633628e+00	-1.507964e+00	0.000000e+00	0.000000e+00	0.000000e+00
-1.507964e+00	-1.382301e+00	0.000000e+00	0.000000e+00	0.000000e+00
-1.382301e+00	-1.256637e+00	0.000000e+00	0.000000e+00	0.000000e+00
-1.256637e+00	-1.130973e+00	0.000000e+00	0.000000e+00	0.000000e+00
-1.130973e+00	-1.005310e+00	0.000000e+00	0.000000e+00	0.000000e+00
-1.005310e+00	-8.796459e-01	0.000000e+00	0.000000e+00	0.000000e+00
-8.796459e-01	-7.539822e-01	0.000000e+00	0.000000e+00	0.000000e+00
-7.539822e-01	-6.283185e-01	0.000000e+00	0.000000e+00	0.000000e+00
-6.283185e-01	-5.026548e-01	0.000000e+00	0.000000e+00	0.000000e+00
-5.026548e-01	-3.769911e-01	0.000000e+00	0.000000e+00	0.000000e+00
-3.769911e-01	-2.513274e-01	0.000000e+00	0.000000e+00	0.000000e+00
-2.513274e-01	-1.256637e-01	0.000000e+00	0.000000e+00	0.000000e+00
-1.256637e-01	4.440892e-16	0.000000e+00	0.000000e+00	0.000000e+00
4.440892e-16	1.256637e-01	4.632070e+02	5.692597e+00	5.692597e+00
1.256637e-01	2.513274e-01	4.541584e+02	5.639124e+00	5.639124e+00
2.513274e-01	3.769911e-01	4.536748e+02	5.630233e+00	5.630233e+00
3.769911e-01	5.026548e-01	4.444881e+02	5.591543e+00	5.591543e+00
5.026548e-01	6.283185e-01	4.625163e+02	5.703482e+00	5.703482e+00
6.283185e-01	7.539822e-01	4.484253e+02	5.604754e+00	5.604754e+00
7.539822e-01	8.796459e-01	4.423468e+02	5.567172e+00	5.567172e+00
8.796459e-01	1.005310e+00	4.551239e+02	5.652627e+00	5.652627e+00
1.005310e+00	1.130973e+00	4.536083e+02	5.635770e+00	5.635770e+00
1.130973e+00	1.256637e+00	4.567131e+02	5.660644e+00	5.660644e+00
1.256637e+00	1.382301e+00	4.592688e+02	5.671171e+00	5.671171e+00
1.382301e+00	1.507964e+00	4.480824e+02	5.608614e+00	5.608614e+00
1.507964e+00	1.633628e+00	4.543645e+02	5.647987e+00	5.647987e+00
1.633628e+00	1.759292e+00	4.544336e+02	5.642494e+00	5.642494e+00
1.759292e+00	1.884956e+00	4.556078e+02	5.653898e+00	5.653898e+00
1.884956e+00	2.010619e+00	4.511907e+02	5.627722e+00	5.627722e+00
2.010619e+00	2.136283e+00	4.602358e+02	5.674535e+00	5.674535e+00
2.136283e+00	2.261947e+00	4.643802e+02	5.710574e+00	5.710574e+00
2.261947e+00	2.387610e+00	4.565785e+02	5.665744e+00	5.665744e+00
2.387610e+00	2.513274e+00	4.531903e+02	5.639957e+00	5.639957e+00
2.513274e+00	2.638938e+00	4.538810e+02	5.632338e+00	5.632338e+00
2.638938e+00	2.764602e+00	4.489077e+02	5.621315e+00	5.621315e+00
2.764602e+00	2.890265e+00	4.552661e+02	5.661954e+00	5.661954e+00
2.890265e+00	3.015929e+00	4.607884e+02	5.672012e+00	5.672012e+00
3.015929e+00	3.141593e+00	4.495294e+02	5.626829e+00	5.626829e+00
# END HISTO1D


# BEGIN HISTO1D //eos/home-y/yiyu/monobc/A1000.yoda.gz/JetMETAnalysis/jet_phi
ErrorBars=1
LineColor=blue
LineStyle=solid
Path=//eos/home-y/yiyu/monobc/A1000.yoda.gz/JetMETAnalysis/jet_phi
ScaledBy=4.00138196213606137e-06
Title=A1000
# xlow	 xhigh	 val	 errminus	 errplus
-3.141593e+00	-3.015929e+00	0.000000e+00	0.000000e+00	0.000000e+00
-3.015929e+00	-2.890265e+00	0.000000e+00	0.000000e+00	0.000000e+00
-2.890265e+00	-2.764602e+00	0.000000e+00	0.000000e+00	0.000000e+00
-2.764602e+00	-2.638938e+00	0.000000e+00	0.000000e+00	0.000000e+00
-2.638938e+00	-2.513274e+00	0.000000e+00	0.000000e+00	0.000000e+00
-2.513274e+00	-2.387610e+00	0.000000e+00	0.000000e+00	0.000000e+00
-2.387610e+00	-2.261947e+00	0.000000e+00	0.000000e+00	0.000000e+00
-2.261947e+00	-2.136283e+00	0.000000e+00	0.000000e+00	0.000000e+00
-2.136283e+00	-2.010619e+00	0.000000e+00	0.000000e+00	0.000000e+00
-2.010619e+00	-1.884956e+00	0.000000e+00	0.000000e+00	0.000000e+00
-1.884956e+00	-1.759292e+00	0.000000e+00	0.000000e+00	0.000000e+00
-1.759292e+00	-1.633628e+00	0.000000e+00	0.000000e+00	0.000000e+00
-1.633628e+00	-1.507964e+00	0.000000e+00	0.000000e+00	0.000000e+00
-1.507964e+00	-1.382301e+00	0.000000e+00	0.000000e+00	0.000000e+00
-1.382301e+00	-1.256637e+00	0.000000e+00	0.000000e+00	0.000000e+00
-1.256637e+00	-1.130973e+00	0.000000e+00	0.000000e+00	0.000000e+00
-1.130973e+00	-1.005310e+00	0.000000e+00	0.000000e+00	0.000000e+00
-1.005310e+00	-8.796459e-01	0.000000e+00	0.000000e+00	0.000000e+00
-8.796459e-01	-7.539822e-01	0.000000e+00	0.000000e+00	0.000000e+00
-7.539822e-01	-6.283185e-01	0.000000e+00	0.000000e+00	0.000000e+00
-6.283185e-01	-5.026548e-01	0.000000e+00	0.000000e+00	0.000000e+00
-5.026548e-01	-3.769911e-01	0.000000e+00	0.000000e+00	0.000000e+00
-3.769911e-01	-2.513274e-01	0.000000e+00	0.000000e+00	0.000000e+00
-2.513274e-01	-1.256637e-01	0.000000e+00	0.000000e+00	0.000000e+00
-1.256637e-01	4.440892e-16	0.000000e+00	0.000000e+00	0.000000e+00
4.440892e-16	1.256637e-01	4.567680e+01	5.642232e-01	5.642232e-01
1.256637e-01	2.513274e-01	4.662550e+01	5.710081e-01	5.710081e-01
2.513274e-01	3.769911e-01	4.653262e+01	5.706996e-01	5.706996e-01
3.769911e-01	5.026548e-01	4.663877e+01	5.720092e-01	5.720092e-01
5.026548e-01	6.283185e-01	4.670511e+01	5.722400e-01	5.722400e-01
6.283185e-01	7.539822e-01	4.623408e+01	5.680327e-01	5.680327e-01
7.539822e-01	8.796459e-01	4.649945e+01	5.708153e-01	5.708153e-01
8.796459e-01	1.005310e+00	4.686418e+01	5.716225e-01	5.716225e-01
1.005310e+00	1.130973e+00	4.646653e+01	5.710112e-01	5.710112e-01
1.130973e+00	1.256637e+00	4.713622e+01	5.733528e-01	5.733528e-01
1.256637e+00	1.382301e+00	4.620080e+01	5.706211e-01	5.706211e-01
1.382301e+00	1.507964e+00	4.671201e+01	5.700469e-01	5.700469e-01
1.507964e+00	1.633628e+00	4.707651e+01	5.730072e-01	5.730072e-01
1.633628e+00	1.759292e+00	4.639982e+01	5.690764e-01	5.690764e-01
1.759292e+00	1.884956e+00	4.622734e+01	5.696175e-01	5.696175e-01
1.884956e+00	2.010619e+00	4.684469e+01	5.726661e-01	5.726661e-01
2.010619e+00	2.136283e+00	4.598186e+01	5.677988e-01	5.677988e-01
2.136283e+00	2.261947e+00	4.697700e+01	5.728920e-01	5.728920e-01
2.261947e+00	2.387610e+00	4.543822e+01	5.627423e-01	5.627423e-01
2.387610e+00	2.513274e+00	4.604157e+01	5.682250e-01	5.682250e-01
2.513274e+00	2.638938e+00	4.669173e+01	5.712379e-01	5.712379e-01
2.638938e+00	2.764602e+00	4.549756e+01	5.658966e-01	5.658966e-01
2.764602e+00	2.890265e+00	4.681152e+01	5.717815e-01	5.717815e-01
2.890265e+00	3.015929e+00	4.563025e+01	5.659743e-01	5.659743e-01
3.015929e+00	3.141593e+00	4.517249e+01	5.627378e-01	5.627378e-01
# END HISTO1D


# BEGIN HISTO1D //eos/home-y/yiyu/monobc/A1500.yoda.gz/JetMETAnalysis/jet_phi
ErrorBars=1
LineColor=green
LineStyle=solid
Path=//eos/home-y/yiyu/monobc/A1500.yoda.gz/JetMETAnalysis/jet_phi
ScaledBy=3.22616518003077697e-06
Title=A1500
# xlow	 xhigh	 val	 errminus	 errplus
-3.141593e+00	-3.015929e+00	0.000000e+00	0.000000e+00	0.000000e+00
-3.015929e+00	-2.890265e+00	0.000000e+00	0.000000e+00	0.000000e+00
-2.890265e+00	-2.764602e+00	0.000000e+00	0.000000e+00	0.000000e+00
-2.764602e+00	-2.638938e+00	0.000000e+00	0.000000e+00	0.000000e+00
-2.638938e+00	-2.513274e+00	0.000000e+00	0.000000e+00	0.000000e+00
-2.513274e+00	-2.387610e+00	0.000000e+00	0.000000e+00	0.000000e+00
-2.387610e+00	-2.261947e+00	0.000000e+00	0.000000e+00	0.000000e+00
-2.261947e+00	-2.136283e+00	0.000000e+00	0.000000e+00	0.000000e+00
-2.136283e+00	-2.010619e+00	0.000000e+00	0.000000e+00	0.000000e+00
-2.010619e+00	-1.884956e+00	0.000000e+00	0.000000e+00	0.000000e+00
-1.884956e+00	-1.759292e+00	0.000000e+00	0.000000e+00	0.000000e+00
-1.759292e+00	-1.633628e+00	0.000000e+00	0.000000e+00	0.000000e+00
-1.633628e+00	-1.507964e+00	0.000000e+00	0.000000e+00	0.000000e+00
-1.507964e+00	-1.382301e+00	0.000000e+00	0.000000e+00	0.000000e+00
-1.382301e+00	-1.256637e+00	0.000000e+00	0.000000e+00	0.000000e+00
-1.256637e+00	-1.130973e+00	0.000000e+00	0.000000e+00	0.000000e+00
-1.130973e+00	-1.005310e+00	0.000000e+00	0.000000e+00	0.000000e+00
-1.005310e+00	-8.796459e-01	0.000000e+00	0.000000e+00	0.000000e+00
-8.796459e-01	-7.539822e-01	0.000000e+00	0.000000e+00	0.000000e+00
-7.539822e-01	-6.283185e-01	0.000000e+00	0.000000e+00	0.000000e+00
-6.283185e-01	-5.026548e-01	0.000000e+00	0.000000e+00	0.000000e+00
-5.026548e-01	-3.769911e-01	0.000000e+00	0.000000e+00	0.000000e+00
-3.769911e-01	-2.513274e-01	0.000000e+00	0.000000e+00	0.000000e+00
-2.513274e-01	-1.256637e-01	0.000000e+00	0.000000e+00	0.000000e+00
-1.256637e-01	4.440892e-16	0.000000e+00	0.000000e+00	0.000000e+00
4.440892e-16	1.256637e-01	3.269900e+00	4.675000e-02	4.675000e-02
1.256637e-01	2.513274e-01	3.329584e+00	4.734756e-02	4.734756e-02
2.513274e-01	3.769911e-01	3.328519e+00	4.708291e-02	4.708291e-02
3.769911e-01	5.026548e-01	3.241655e+00	4.653995e-02	4.653995e-02
5.026548e-01	6.283185e-01	3.317328e+00	4.674089e-02	4.674089e-02
6.283185e-01	7.539822e-01	3.296011e+00	4.657655e-02	4.657655e-02
7.539822e-01	8.796459e-01	3.324788e+00	4.692280e-02	4.692280e-02
8.796459e-01	1.005310e+00	3.352489e+00	4.697104e-02	4.697104e-02
1.005310e+00	1.130973e+00	3.312550e+00	4.690188e-02	4.690188e-02
1.130973e+00	1.256637e+00	3.296537e+00	4.692572e-02	4.692572e-02
1.256637e+00	1.382301e+00	3.344498e+00	4.713103e-02	4.713103e-02
1.382301e+00	1.507964e+00	3.371171e+00	4.716754e-02	4.716754e-02
1.507964e+00	1.633628e+00	3.314656e+00	4.654899e-02	4.654899e-02
1.633628e+00	1.759292e+00	3.342899e+00	4.680149e-02	4.680149e-02
1.759292e+00	1.884956e+00	3.372742e+00	4.721231e-02	4.721231e-02
1.884956e+00	2.010619e+00	3.354650e+00	4.695937e-02	4.695937e-02
2.010619e+00	2.136283e+00	3.310925e+00	4.716416e-02	4.716416e-02
2.136283e+00	2.261947e+00	3.320517e+00	4.710993e-02	4.710993e-02
2.261947e+00	2.387610e+00	3.347722e+00	4.733583e-02	4.733583e-02
2.387610e+00	2.513274e+00	3.369012e+00	4.750314e-02	4.750314e-02
2.513274e+00	2.638938e+00	3.363150e+00	4.698317e-02	4.698317e-02
2.638938e+00	2.764602e+00	3.373808e+00	4.735045e-02	4.735045e-02
2.764602e+00	2.890265e+00	3.377032e+00	4.703791e-02	4.703791e-02
2.890265e+00	3.015929e+00	3.330110e+00	4.693479e-02	4.693479e-02
3.015929e+00	3.141593e+00	3.344498e+00	4.701036e-02	4.701036e-02
# END HISTO1D


# BEGIN HISTO1D //eos/home-y/yiyu/monobc/A2000.yoda.gz/JetMETAnalysis/jet_phi
ErrorBars=1
LineColor=orange
LineStyle=solid
Path=//eos/home-y/yiyu/monobc/A2000.yoda.gz/JetMETAnalysis/jet_phi
ScaledBy=2.74469287009081753e-06
Title=A2000
# xlow	 xhigh	 val	 errminus	 errplus
-3.141593e+00	-3.015929e+00	0.000000e+00	0.000000e+00	0.000000e+00
-3.015929e+00	-2.890265e+00	0.000000e+00	0.000000e+00	0.000000e+00
-2.890265e+00	-2.764602e+00	0.000000e+00	0.000000e+00	0.000000e+00
-2.764602e+00	-2.638938e+00	0.000000e+00	0.000000e+00	0.000000e+00
-2.638938e+00	-2.513274e+00	0.000000e+00	0.000000e+00	0.000000e+00
-2.513274e+00	-2.387610e+00	0.000000e+00	0.000000e+00	0.000000e+00
-2.387610e+00	-2.261947e+00	0.000000e+00	0.000000e+00	0.000000e+00
-2.261947e+00	-2.136283e+00	0.000000e+00	0.000000e+00	0.000000e+00
-2.136283e+00	-2.010619e+00	0.000000e+00	0.000000e+00	0.000000e+00
-2.010619e+00	-1.884956e+00	0.000000e+00	0.000000e+00	0.000000e+00
-1.884956e+00	-1.759292e+00	0.000000e+00	0.000000e+00	0.000000e+00
-1.759292e+00	-1.633628e+00	0.000000e+00	0.000000e+00	0.000000e+00
-1.633628e+00	-1.507964e+00	0.000000e+00	0.000000e+00	0.000000e+00
-1.507964e+00	-1.382301e+00	0.000000e+00	0.000000e+00	0.000000e+00
-1.382301e+00	-1.256637e+00	0.000000e+00	0.000000e+00	0.000000e+00
-1.256637e+00	-1.130973e+00	0.000000e+00	0.000000e+00	0.000000e+00
-1.130973e+00	-1.005310e+00	0.000000e+00	0.000000e+00	0.000000e+00
-1.005310e+00	-8.796459e-01	0.000000e+00	0.000000e+00	0.000000e+00
-8.796459e-01	-7.539822e-01	0.000000e+00	0.000000e+00	0.000000e+00
-7.539822e-01	-6.283185e-01	0.000000e+00	0.000000e+00	0.000000e+00
-6.283185e-01	-5.026548e-01	0.000000e+00	0.000000e+00	0.000000e+00
-5.026548e-01	-3.769911e-01	0.000000e+00	0.000000e+00	0.000000e+00
-3.769911e-01	-2.513274e-01	0.000000e+00	0.000000e+00	0.000000e+00
-2.513274e-01	-1.256637e-01	0.000000e+00	0.000000e+00	0.000000e+00
-1.256637e-01	4.440892e-16	0.000000e+00	0.000000e+00	0.000000e+00
4.440892e-16	1.256637e-01	2.239448e-01	4.922768e-03	4.922768e-03
1.256637e-01	2.513274e-01	2.202114e-01	4.989487e-03	4.989487e-03
2.513274e-01	3.769911e-01	2.197099e-01	4.942281e-03	4.942281e-03
3.769911e-01	5.026548e-01	2.168681e-01	4.963283e-03	4.963283e-03
5.026548e-01	6.283185e-01	2.207686e-01	4.947619e-03	4.947619e-03
6.283185e-01	7.539822e-01	2.192084e-01	4.971409e-03	4.971409e-03
7.539822e-01	8.796459e-01	2.223289e-01	4.961406e-03	4.961406e-03
8.796459e-01	1.005310e+00	2.177590e-01	4.973890e-03	4.973890e-03
1.005310e+00	1.130973e+00	2.350347e-01	5.044595e-03	5.044595e-03
1.130973e+00	1.256637e+00	2.214368e-01	4.961394e-03	4.961394e-03
1.256637e+00	1.382301e+00	2.189851e-01	4.971397e-03	4.971397e-03
1.382301e+00	1.507964e+00	2.195997e-01	4.991693e-03	4.991693e-03
1.507964e+00	1.633628e+00	2.366487e-01	4.967960e-03	4.967960e-03
1.633628e+00	1.759292e+00	2.265074e-01	4.956698e-03	4.956698e-03
1.759292e+00	1.884956e+00	2.207124e-01	4.923387e-03	4.923387e-03
1.884956e+00	2.010619e+00	2.114086e-01	4.942624e-03	4.942624e-03
2.010619e+00	2.136283e+00	2.228856e-01	4.988231e-03	4.988231e-03
2.136283e+00	2.261947e+00	2.240000e-01	4.980133e-03	4.980133e-03
2.261947e+00	2.387610e+00	2.275122e-01	4.991071e-03	4.991071e-03
2.387610e+00	2.513274e+00	2.135800e-01	4.956072e-03	4.956072e-03
2.513274e+00	2.638938e+00	2.234428e-01	5.019256e-03	5.019256e-03
2.638938e+00	2.764602e+00	2.212139e-01	4.933781e-03	4.933781e-03
2.764602e+00	2.890265e+00	2.169808e-01	4.941995e-03	4.941995e-03
2.890265e+00	3.015929e+00	2.266745e-01	4.973270e-03	4.973270e-03
3.015929e+00	3.141593e+00	2.149731e-01	4.943840e-03	4.943840e-03
# END HISTO1D


# BEGIN HISTO1D //eos/home-y/yiyu/monobc/A2600.yoda.gz/JetMETAnalysis/jet_phi
ErrorBars=1
LineColor=lilac
LineStyle=solid
Path=//eos/home-y/yiyu/monobc/A2600.yoda.gz/JetMETAnalysis/jet_phi
ScaledBy=2.62727164953756670e-06
Title=A2600
# xlow	 xhigh	 val	 errminus	 errplus
-3.141593e+00	-3.015929e+00	0.000000e+00	0.000000e+00	0.000000e+00
-3.015929e+00	-2.890265e+00	0.000000e+00	0.000000e+00	0.000000e+00
-2.890265e+00	-2.764602e+00	0.000000e+00	0.000000e+00	0.000000e+00
-2.764602e+00	-2.638938e+00	0.000000e+00	0.000000e+00	0.000000e+00
-2.638938e+00	-2.513274e+00	0.000000e+00	0.000000e+00	0.000000e+00
-2.513274e+00	-2.387610e+00	0.000000e+00	0.000000e+00	0.000000e+00
-2.387610e+00	-2.261947e+00	0.000000e+00	0.000000e+00	0.000000e+00
-2.261947e+00	-2.136283e+00	0.000000e+00	0.000000e+00	0.000000e+00
-2.136283e+00	-2.010619e+00	0.000000e+00	0.000000e+00	0.000000e+00
-2.010619e+00	-1.884956e+00	0.000000e+00	0.000000e+00	0.000000e+00
-1.884956e+00	-1.759292e+00	0.000000e+00	0.000000e+00	0.000000e+00
-1.759292e+00	-1.633628e+00	0.000000e+00	0.000000e+00	0.000000e+00
-1.633628e+00	-1.507964e+00	0.000000e+00	0.000000e+00	0.000000e+00
-1.507964e+00	-1.382301e+00	0.000000e+00	0.000000e+00	0.000000e+00
-1.382301e+00	-1.256637e+00	0.000000e+00	0.000000e+00	0.000000e+00
-1.256637e+00	-1.130973e+00	0.000000e+00	0.000000e+00	0.000000e+00
-1.130973e+00	-1.005310e+00	0.000000e+00	0.000000e+00	0.000000e+00
-1.005310e+00	-8.796459e-01	0.000000e+00	0.000000e+00	0.000000e+00
-8.796459e-01	-7.539822e-01	0.000000e+00	0.000000e+00	0.000000e+00
-7.539822e-01	-6.283185e-01	0.000000e+00	0.000000e+00	0.000000e+00
-6.283185e-01	-5.026548e-01	0.000000e+00	0.000000e+00	0.000000e+00
-5.026548e-01	-3.769911e-01	0.000000e+00	0.000000e+00	0.000000e+00
-3.769911e-01	-2.513274e-01	0.000000e+00	0.000000e+00	0.000000e+00
-2.513274e-01	-1.256637e-01	0.000000e+00	0.000000e+00	0.000000e+00
-1.256637e-01	4.440892e-16	0.000000e+00	0.000000e+00	0.000000e+00
4.440892e-16	1.256637e-01	8.418931e-03	5.560468e-04	5.560468e-04
1.256637e-01	2.513274e-01	8.737973e-03	5.537930e-04	5.537930e-04
2.513274e-01	3.769911e-01	7.891523e-03	5.502603e-04	5.502603e-04
3.769911e-01	5.026548e-01	7.188319e-03	5.542521e-04	5.542521e-04
5.026548e-01	6.283185e-01	8.138945e-03	5.547873e-04	5.547873e-04
6.283185e-01	7.539822e-01	8.874711e-03	5.577216e-04	5.577216e-04
7.539822e-01	8.796459e-01	8.080345e-03	5.583294e-04	5.583294e-04
8.796459e-01	1.005310e+00	8.536097e-03	5.555110e-04	5.555110e-04
1.005310e+00	1.130973e+00	8.985445e-03	5.560880e-04	5.560880e-04
1.130973e+00	1.256637e+00	8.731443e-03	5.610550e-04	5.610550e-04
1.256637e+00	1.382301e+00	7.650592e-03	5.562741e-04	5.562741e-04
1.382301e+00	1.507964e+00	8.256193e-03	5.536430e-04	5.536430e-04
1.507964e+00	1.633628e+00	8.601222e-03	5.572640e-04	5.572640e-04
1.633628e+00	1.759292e+00	8.034751e-03	5.579103e-04	5.579103e-04
1.759292e+00	1.884956e+00	7.878482e-03	5.555497e-04	5.555497e-04
1.884956e+00	2.010619e+00	7.520429e-03	5.547522e-04	5.547522e-04
2.010619e+00	2.136283e+00	8.842135e-03	5.562360e-04	5.562360e-04
2.136283e+00	2.261947e+00	7.605014e-03	5.569977e-04	5.569977e-04
2.261947e+00	2.387610e+00	8.034815e-03	5.561642e-04	5.561642e-04
2.387610e+00	2.513274e+00	8.418911e-03	5.588593e-04	5.588593e-04
2.513274e+00	2.638938e+00	9.219777e-03	5.595038e-04	5.595038e-04
2.638938e+00	2.764602e+00	8.952819e-03	5.606014e-04	5.606014e-04
2.764602e+00	2.890265e+00	8.607800e-03	5.534898e-04	5.534898e-04
2.890265e+00	3.015929e+00	8.243109e-03	5.585938e-04	5.585938e-04
3.015929e+00	3.141593e+00	7.611525e-03	5.469747e-04	5.469747e-04
# END HISTO1D


# BEGIN HISTO1D //eos/home-y/yiyu/monobc/C600.yoda.gz/JetMETAnalysis/jet_phi
ErrorBars=1
LineColor=red
LineStyle=dashed
Path=//eos/home-y/yiyu/monobc/C600.yoda.gz/JetMETAnalysis/jet_phi
ScaledBy=5.90211502197280713e-06
Title=C600
# xlow	 xhigh	 val	 errminus	 errplus
-3.141593e+00	-3.015929e+00	0.000000e+00	0.000000e+00	0.000000e+00
-3.015929e+00	-2.890265e+00	0.000000e+00	0.000000e+00	0.000000e+00
-2.890265e+00	-2.764602e+00	0.000000e+00	0.000000e+00	0.000000e+00
-2.764602e+00	-2.638938e+00	0.000000e+00	0.000000e+00	0.000000e+00
-2.638938e+00	-2.513274e+00	0.000000e+00	0.000000e+00	0.000000e+00
-2.513274e+00	-2.387610e+00	0.000000e+00	0.000000e+00	0.000000e+00
-2.387610e+00	-2.261947e+00	0.000000e+00	0.000000e+00	0.000000e+00
-2.261947e+00	-2.136283e+00	0.000000e+00	0.000000e+00	0.000000e+00
-2.136283e+00	-2.010619e+00	0.000000e+00	0.000000e+00	0.000000e+00
-2.010619e+00	-1.884956e+00	0.000000e+00	0.000000e+00	0.000000e+00
-1.884956e+00	-1.759292e+00	0.000000e+00	0.000000e+00	0.000000e+00
-1.759292e+00	-1.633628e+00	0.000000e+00	0.000000e+00	0.000000e+00
-1.633628e+00	-1.507964e+00	0.000000e+00	0.000000e+00	0.000000e+00
-1.507964e+00	-1.382301e+00	0.000000e+00	0.000000e+00	0.000000e+00
-1.382301e+00	-1.256637e+00	0.000000e+00	0.000000e+00	0.000000e+00
-1.256637e+00	-1.130973e+00	0.000000e+00	0.000000e+00	0.000000e+00
-1.130973e+00	-1.005310e+00	0.000000e+00	0.000000e+00	0.000000e+00
-1.005310e+00	-8.796459e-01	0.000000e+00	0.000000e+00	0.000000e+00
-8.796459e-01	-7.539822e-01	0.000000e+00	0.000000e+00	0.000000e+00
-7.539822e-01	-6.283185e-01	0.000000e+00	0.000000e+00	0.000000e+00
-6.283185e-01	-5.026548e-01	0.000000e+00	0.000000e+00	0.000000e+00
-5.026548e-01	-3.769911e-01	0.000000e+00	0.000000e+00	0.000000e+00
-3.769911e-01	-2.513274e-01	0.000000e+00	0.000000e+00	0.000000e+00
-2.513274e-01	-1.256637e-01	0.000000e+00	0.000000e+00	0.000000e+00
-1.256637e-01	4.440892e-16	0.000000e+00	0.000000e+00	0.000000e+00
4.440892e-16	1.256637e-01	5.445336e+02	6.560817e+00	6.560817e+00
1.256637e-01	2.513274e-01	5.558992e+02	6.626987e+00	6.626987e+00
2.513274e-01	3.769911e-01	5.425875e+02	6.544633e+00	6.544633e+00
3.769911e-01	5.026548e-01	5.502942e+02	6.582027e+00	6.582027e+00
5.026548e-01	6.283185e-01	5.442222e+02	6.572813e+00	6.572813e+00
6.283185e-01	7.539822e-01	5.520069e+02	6.596741e+00	6.596741e+00
7.539822e-01	8.796459e-01	5.597137e+02	6.632928e+00	6.632928e+00
8.796459e-01	1.005310e+00	5.327772e+02	6.486949e+00	6.486949e+00
1.005310e+00	1.130973e+00	5.457044e+02	6.572389e+00	6.572389e+00
1.130973e+00	1.256637e+00	5.455443e+02	6.572337e+00	6.572337e+00
1.256637e+00	1.382301e+00	5.370591e+02	6.509801e+00	6.509801e+00
1.382301e+00	1.507964e+00	5.383090e+02	6.527516e+00	6.527516e+00
1.507964e+00	1.633628e+00	5.455443e+02	6.569570e+00	6.569570e+00
1.633628e+00	1.759292e+00	5.506043e+02	6.599481e+00	6.599481e+00
1.759292e+00	1.884956e+00	5.337118e+02	6.495356e+00	6.495356e+00
1.884956e+00	2.010619e+00	5.391653e+02	6.523337e+00	6.523337e+00
2.010619e+00	2.136283e+00	5.464785e+02	6.575102e+00	6.575102e+00
2.136283e+00	2.261947e+00	5.438317e+02	6.566802e+00	6.566802e+00
2.261947e+00	2.387610e+00	5.502195e+02	6.595400e+00	6.595400e+00
2.387610e+00	2.513274e+00	5.534846e+02	6.610949e+00	6.610949e+00
2.513274e+00	2.638938e+00	5.481133e+02	6.585693e+00	6.585693e+00
2.638938e+00	2.764602e+00	5.510714e+02	6.605906e+00	6.605906e+00
2.764602e+00	2.890265e+00	5.406443e+02	6.537721e+00	6.537721e+00
2.890265e+00	3.015929e+00	5.411850e+02	6.546469e+00	6.546469e+00
3.015929e+00	3.141593e+00	5.520056e+02	6.605906e+00	6.605906e+00
# END HISTO1D


# BEGIN HISTO1D //eos/home-y/yiyu/monobc/C1000.yoda.gz/JetMETAnalysis/jet_phi
ErrorBars=1
LineColor=blue
LineStyle=dashed
Path=//eos/home-y/yiyu/monobc/C1000.yoda.gz/JetMETAnalysis/jet_phi
ScaledBy=4.98836569259182364e-06
Title=C1000
# xlow	 xhigh	 val	 errminus	 errplus
-3.141593e+00	-3.015929e+00	0.000000e+00	0.000000e+00	0.000000e+00
-3.015929e+00	-2.890265e+00	0.000000e+00	0.000000e+00	0.000000e+00
-2.890265e+00	-2.764602e+00	0.000000e+00	0.000000e+00	0.000000e+00
-2.764602e+00	-2.638938e+00	0.000000e+00	0.000000e+00	0.000000e+00
-2.638938e+00	-2.513274e+00	0.000000e+00	0.000000e+00	0.000000e+00
-2.513274e+00	-2.387610e+00	0.000000e+00	0.000000e+00	0.000000e+00
-2.387610e+00	-2.261947e+00	0.000000e+00	0.000000e+00	0.000000e+00
-2.261947e+00	-2.136283e+00	0.000000e+00	0.000000e+00	0.000000e+00
-2.136283e+00	-2.010619e+00	0.000000e+00	0.000000e+00	0.000000e+00
-2.010619e+00	-1.884956e+00	0.000000e+00	0.000000e+00	0.000000e+00
-1.884956e+00	-1.759292e+00	0.000000e+00	0.000000e+00	0.000000e+00
-1.759292e+00	-1.633628e+00	0.000000e+00	0.000000e+00	0.000000e+00
-1.633628e+00	-1.507964e+00	0.000000e+00	0.000000e+00	0.000000e+00
-1.507964e+00	-1.382301e+00	0.000000e+00	0.000000e+00	0.000000e+00
-1.382301e+00	-1.256637e+00	0.000000e+00	0.000000e+00	0.000000e+00
-1.256637e+00	-1.130973e+00	0.000000e+00	0.000000e+00	0.000000e+00
-1.130973e+00	-1.005310e+00	0.000000e+00	0.000000e+00	0.000000e+00
-1.005310e+00	-8.796459e-01	0.000000e+00	0.000000e+00	0.000000e+00
-8.796459e-01	-7.539822e-01	0.000000e+00	0.000000e+00	0.000000e+00
-7.539822e-01	-6.283185e-01	0.000000e+00	0.000000e+00	0.000000e+00
-6.283185e-01	-5.026548e-01	0.000000e+00	0.000000e+00	0.000000e+00
-5.026548e-01	-3.769911e-01	0.000000e+00	0.000000e+00	0.000000e+00
-3.769911e-01	-2.513274e-01	0.000000e+00	0.000000e+00	0.000000e+00
-2.513274e-01	-1.256637e-01	0.000000e+00	0.000000e+00	0.000000e+00
-1.256637e-01	4.440892e-16	0.000000e+00	0.000000e+00	0.000000e+00
4.440892e-16	1.256637e-01	6.167488e+01	7.331168e-01	7.331168e-01
1.256637e-01	2.513274e-01	6.183183e+01	7.350225e-01	7.350225e-01
2.513274e-01	3.769911e-01	6.117923e+01	7.318124e-01	7.318124e-01
3.769911e-01	5.026548e-01	6.198878e+01	7.342329e-01	7.342329e-01
5.026548e-01	6.283185e-01	6.075793e+01	7.287756e-01	7.287756e-01
6.283185e-01	7.539822e-01	6.037794e+01	7.253968e-01	7.253968e-01
7.539822e-01	8.796459e-01	6.131967e+01	7.286819e-01	7.286819e-01
8.796459e-01	1.005310e+00	6.171598e+01	7.353914e-01	7.353914e-01
1.005310e+00	1.130973e+00	5.980001e+01	7.241769e-01	7.241769e-01
1.130973e+00	1.256637e+00	6.004736e+01	7.268048e-01	7.268048e-01
1.256637e+00	1.382301e+00	5.944433e+01	7.193967e-01	7.193967e-01
1.382301e+00	1.507964e+00	6.090697e+01	7.278427e-01	7.278427e-01
1.507964e+00	1.633628e+00	5.946085e+01	7.205341e-01	7.205341e-01
1.633628e+00	1.759292e+00	6.131126e+01	7.316242e-01	7.316242e-01
1.759292e+00	1.884956e+00	6.144343e+01	7.329288e-01	7.329288e-01
1.884956e+00	2.010619e+00	6.049392e+01	7.266228e-01	7.266228e-01
2.010619e+00	2.136283e+00	6.095604e+01	7.264291e-01	7.264291e-01
2.136283e+00	2.261947e+00	6.094778e+01	7.299434e-01	7.299434e-01
2.261947e+00	2.387610e+00	6.083262e+01	7.294816e-01	7.294816e-01
2.387610e+00	2.513274e+00	6.098908e+01	7.291483e-01	7.291483e-01
2.513274e+00	2.638938e+00	6.201342e+01	7.312976e-01	7.312976e-01
2.638938e+00	2.764602e+00	6.000606e+01	7.220478e-01	7.220478e-01
2.764602e+00	2.890265e+00	5.990740e+01	7.246950e-01	7.246950e-01
2.890265e+00	3.015929e+00	6.103865e+01	7.320438e-01	7.320438e-01
3.015929e+00	3.141593e+00	6.216211e+01	7.344635e-01	7.344635e-01
# END HISTO1D


# BEGIN HISTO1D //eos/home-y/yiyu/monobc/C1500.yoda.gz/JetMETAnalysis/jet_phi
ErrorBars=1
LineColor=green
LineStyle=dashed
Path=//eos/home-y/yiyu/monobc/C1500.yoda.gz/JetMETAnalysis/jet_phi
ScaledBy=4.29919801299068407e-06
Title=C1500
# xlow	 xhigh	 val	 errminus	 errplus
-3.141593e+00	-3.015929e+00	0.000000e+00	0.000000e+00	0.000000e+00
-3.015929e+00	-2.890265e+00	0.000000e+00	0.000000e+00	0.000000e+00
-2.890265e+00	-2.764602e+00	0.000000e+00	0.000000e+00	0.000000e+00
-2.764602e+00	-2.638938e+00	0.000000e+00	0.000000e+00	0.000000e+00
-2.638938e+00	-2.513274e+00	0.000000e+00	0.000000e+00	0.000000e+00
-2.513274e+00	-2.387610e+00	0.000000e+00	0.000000e+00	0.000000e+00
-2.387610e+00	-2.261947e+00	0.000000e+00	0.000000e+00	0.000000e+00
-2.261947e+00	-2.136283e+00	0.000000e+00	0.000000e+00	0.000000e+00
-2.136283e+00	-2.010619e+00	0.000000e+00	0.000000e+00	0.000000e+00
-2.010619e+00	-1.884956e+00	0.000000e+00	0.000000e+00	0.000000e+00
-1.884956e+00	-1.759292e+00	0.000000e+00	0.000000e+00	0.000000e+00
-1.759292e+00	-1.633628e+00	0.000000e+00	0.000000e+00	0.000000e+00
-1.633628e+00	-1.507964e+00	0.000000e+00	0.000000e+00	0.000000e+00
-1.507964e+00	-1.382301e+00	0.000000e+00	0.000000e+00	0.000000e+00
-1.382301e+00	-1.256637e+00	0.000000e+00	0.000000e+00	0.000000e+00
-1.256637e+00	-1.130973e+00	0.000000e+00	0.000000e+00	0.000000e+00
-1.130973e+00	-1.005310e+00	0.000000e+00	0.000000e+00	0.000000e+00
-1.005310e+00	-8.796459e-01	0.000000e+00	0.000000e+00	0.000000e+00
-8.796459e-01	-7.539822e-01	0.000000e+00	0.000000e+00	0.000000e+00
-7.539822e-01	-6.283185e-01	0.000000e+00	0.000000e+00	0.000000e+00
-6.283185e-01	-5.026548e-01	0.000000e+00	0.000000e+00	0.000000e+00
-5.026548e-01	-3.769911e-01	0.000000e+00	0.000000e+00	0.000000e+00
-3.769911e-01	-2.513274e-01	0.000000e+00	0.000000e+00	0.000000e+00
-2.513274e-01	-1.256637e-01	0.000000e+00	0.000000e+00	0.000000e+00
-1.256637e-01	4.440892e-16	0.000000e+00	0.000000e+00	0.000000e+00
4.440892e-16	1.256637e-01	4.735391e+00	6.443415e-02	6.443415e-02
1.256637e-01	2.513274e-01	4.672224e+00	6.394367e-02	6.394367e-02
2.513274e-01	3.769911e-01	4.672933e+00	6.420704e-02	6.420704e-02
3.769911e-01	5.026548e-01	4.877339e+00	6.531159e-02	6.531159e-02
5.026548e-01	6.283185e-01	4.781524e+00	6.463320e-02	6.463320e-02
6.283185e-01	7.539822e-01	4.758103e+00	6.456691e-02	6.456691e-02
7.539822e-01	8.796459e-01	4.697065e+00	6.431678e-02	6.431678e-02
8.796459e-01	1.005310e+00	4.786477e+00	6.467584e-02	6.467584e-02
1.005310e+00	1.130973e+00	4.746774e+00	6.459068e-02	6.459068e-02
1.130973e+00	1.256637e+00	4.714088e+00	6.408123e-02	6.408123e-02
1.256637e+00	1.382301e+00	4.737509e+00	6.435969e-02	6.435969e-02
1.382301e+00	1.507964e+00	4.806392e+00	6.466083e-02	6.466083e-02
1.507964e+00	1.633628e+00	4.734669e+00	6.427353e-02	6.427353e-02
1.633628e+00	1.759292e+00	4.730411e+00	6.432837e-02	6.432837e-02
1.759292e+00	1.884956e+00	4.716926e+00	6.448870e-02	6.448870e-02
1.884956e+00	2.010619e+00	4.712705e+00	6.412103e-02	6.412103e-02
2.010619e+00	2.136283e+00	4.648791e+00	6.363159e-02	6.363159e-02
2.136283e+00	2.261947e+00	4.681439e+00	6.418334e-02	6.418334e-02
2.261947e+00	2.387610e+00	4.627536e+00	6.378233e-02	6.378233e-02
2.387610e+00	2.513274e+00	4.692795e+00	6.396321e-02	6.396321e-02
2.513274e+00	2.638938e+00	4.655179e+00	6.366720e-02	6.366720e-02
2.638938e+00	2.764602e+00	4.604787e+00	6.420688e-02	6.420688e-02
2.764602e+00	2.890265e+00	4.748192e+00	6.469977e-02	6.469977e-02
2.890265e+00	3.015929e+00	4.790740e+00	6.480816e-02	6.480816e-02
3.015929e+00	3.141593e+00	4.767318e+00	6.442227e-02	6.442227e-02
# END HISTO1D


# BEGIN HISTO1D //eos/home-y/yiyu/monobc/C2000.yoda.gz/JetMETAnalysis/jet_phi
ErrorBars=1
LineColor=orange
LineStyle=dashed
Path=//eos/home-y/yiyu/monobc/C2000.yoda.gz/JetMETAnalysis/jet_phi
ScaledBy=3.73896889920239138e-06
Title=C2000
# xlow	 xhigh	 val	 errminus	 errplus
-3.141593e+00	-3.015929e+00	0.000000e+00	0.000000e+00	0.000000e+00
-3.015929e+00	-2.890265e+00	0.000000e+00	0.000000e+00	0.000000e+00
-2.890265e+00	-2.764602e+00	0.000000e+00	0.000000e+00	0.000000e+00
-2.764602e+00	-2.638938e+00	0.000000e+00	0.000000e+00	0.000000e+00
-2.638938e+00	-2.513274e+00	0.000000e+00	0.000000e+00	0.000000e+00
-2.513274e+00	-2.387610e+00	0.000000e+00	0.000000e+00	0.000000e+00
-2.387610e+00	-2.261947e+00	0.000000e+00	0.000000e+00	0.000000e+00
-2.261947e+00	-2.136283e+00	0.000000e+00	0.000000e+00	0.000000e+00
-2.136283e+00	-2.010619e+00	0.000000e+00	0.000000e+00	0.000000e+00
-2.010619e+00	-1.884956e+00	0.000000e+00	0.000000e+00	0.000000e+00
-1.884956e+00	-1.759292e+00	0.000000e+00	0.000000e+00	0.000000e+00
-1.759292e+00	-1.633628e+00	0.000000e+00	0.000000e+00	0.000000e+00
-1.633628e+00	-1.507964e+00	0.000000e+00	0.000000e+00	0.000000e+00
-1.507964e+00	-1.382301e+00	0.000000e+00	0.000000e+00	0.000000e+00
-1.382301e+00	-1.256637e+00	0.000000e+00	0.000000e+00	0.000000e+00
-1.256637e+00	-1.130973e+00	0.000000e+00	0.000000e+00	0.000000e+00
-1.130973e+00	-1.005310e+00	0.000000e+00	0.000000e+00	0.000000e+00
-1.005310e+00	-8.796459e-01	0.000000e+00	0.000000e+00	0.000000e+00
-8.796459e-01	-7.539822e-01	0.000000e+00	0.000000e+00	0.000000e+00
-7.539822e-01	-6.283185e-01	0.000000e+00	0.000000e+00	0.000000e+00
-6.283185e-01	-5.026548e-01	0.000000e+00	0.000000e+00	0.000000e+00
-5.026548e-01	-3.769911e-01	0.000000e+00	0.000000e+00	0.000000e+00
-3.769911e-01	-2.513274e-01	0.000000e+00	0.000000e+00	0.000000e+00
-2.513274e-01	-1.256637e-01	0.000000e+00	0.000000e+00	0.000000e+00
-1.256637e-01	4.440892e-16	0.000000e+00	0.000000e+00	0.000000e+00
4.440892e-16	1.256637e-01	3.143506e-01	6.975722e-03	6.975722e-03
1.256637e-01	2.513274e-01	3.066020e-01	7.020253e-03	7.020253e-03
2.513274e-01	3.769911e-01	3.135910e-01	6.907551e-03	6.907551e-03
3.769911e-01	5.026548e-01	3.183009e-01	6.964959e-03	6.964959e-03
5.026548e-01	6.283185e-01	3.175413e-01	6.987294e-03	6.987294e-03
6.283185e-01	7.539822e-01	3.080454e-01	6.912979e-03	6.912979e-03
7.539822e-01	8.796459e-01	3.137429e-01	7.014496e-03	7.014496e-03
8.796459e-01	1.005310e+00	3.139698e-01	6.942945e-03	6.942945e-03
1.005310e+00	1.130973e+00	3.197461e-01	7.023169e-03	7.023169e-03
1.130973e+00	1.256637e+00	3.062214e-01	6.972809e-03	6.972809e-03
1.256637e+00	1.382301e+00	3.117670e-01	6.991406e-03	6.991406e-03
1.382301e+00	1.507964e+00	3.115416e-01	6.945499e-03	6.945499e-03
1.507964e+00	1.633628e+00	3.265046e-01	7.088952e-03	7.088952e-03
1.633628e+00	1.759292e+00	3.057657e-01	7.008307e-03	7.008307e-03
1.759292e+00	1.884956e+00	3.139700e-01	6.998418e-03	6.998418e-03
1.884956e+00	2.010619e+00	3.046286e-01	6.988985e-03	6.988985e-03
2.010619e+00	2.136283e+00	3.125267e-01	6.988929e-03	6.988929e-03
2.136283e+00	2.261947e+00	3.164010e-01	7.051814e-03	7.051814e-03
2.261947e+00	2.387610e+00	3.208855e-01	7.038354e-03	7.038354e-03
2.387610e+00	2.513274e+00	3.078927e-01	6.954577e-03	6.954577e-03
2.513274e+00	2.638938e+00	3.163250e-01	6.969912e-03	6.969912e-03
2.638938e+00	2.764602e+00	3.215667e-01	7.034608e-03	7.034608e-03
2.764602e+00	2.890265e+00	3.229367e-01	6.967897e-03	6.967897e-03
2.890265e+00	3.015929e+00	3.137421e-01	7.028452e-03	7.028452e-03
3.015929e+00	3.141593e+00	3.180722e-01	7.019826e-03	7.019826e-03
# END HISTO1D


# BEGIN HISTO1D //eos/home-y/yiyu/monobc/C2600.yoda.gz/JetMETAnalysis/jet_phi
ErrorBars=1
LineColor=lilac
LineStyle=dashed
Path=//eos/home-y/yiyu/monobc/C2600.yoda.gz/JetMETAnalysis/jet_phi
ScaledBy=3.48760473830657204e-06
Title=C2600
# xlow	 xhigh	 val	 errminus	 errplus
-3.141593e+00	-3.015929e+00	0.000000e+00	0.000000e+00	0.000000e+00
-3.015929e+00	-2.890265e+00	0.000000e+00	0.000000e+00	0.000000e+00
-2.890265e+00	-2.764602e+00	0.000000e+00	0.000000e+00	0.000000e+00
-2.764602e+00	-2.638938e+00	0.000000e+00	0.000000e+00	0.000000e+00
-2.638938e+00	-2.513274e+00	0.000000e+00	0.000000e+00	0.000000e+00
-2.513274e+00	-2.387610e+00	0.000000e+00	0.000000e+00	0.000000e+00
-2.387610e+00	-2.261947e+00	0.000000e+00	0.000000e+00	0.000000e+00
-2.261947e+00	-2.136283e+00	0.000000e+00	0.000000e+00	0.000000e+00
-2.136283e+00	-2.010619e+00	0.000000e+00	0.000000e+00	0.000000e+00
-2.010619e+00	-1.884956e+00	0.000000e+00	0.000000e+00	0.000000e+00
-1.884956e+00	-1.759292e+00	0.000000e+00	0.000000e+00	0.000000e+00
-1.759292e+00	-1.633628e+00	0.000000e+00	0.000000e+00	0.000000e+00
-1.633628e+00	-1.507964e+00	0.000000e+00	0.000000e+00	0.000000e+00
-1.507964e+00	-1.382301e+00	0.000000e+00	0.000000e+00	0.000000e+00
-1.382301e+00	-1.256637e+00	0.000000e+00	0.000000e+00	0.000000e+00
-1.256637e+00	-1.130973e+00	0.000000e+00	0.000000e+00	0.000000e+00
-1.130973e+00	-1.005310e+00	0.000000e+00	0.000000e+00	0.000000e+00
-1.005310e+00	-8.796459e-01	0.000000e+00	0.000000e+00	0.000000e+00
-8.796459e-01	-7.539822e-01	0.000000e+00	0.000000e+00	0.000000e+00
-7.539822e-01	-6.283185e-01	0.000000e+00	0.000000e+00	0.000000e+00
-6.283185e-01	-5.026548e-01	0.000000e+00	0.000000e+00	0.000000e+00
-5.026548e-01	-3.769911e-01	0.000000e+00	0.000000e+00	0.000000e+00
-3.769911e-01	-2.513274e-01	0.000000e+00	0.000000e+00	0.000000e+00
-2.513274e-01	-1.256637e-01	0.000000e+00	0.000000e+00	0.000000e+00
-1.256637e-01	4.440892e-16	0.000000e+00	0.000000e+00	0.000000e+00
4.440892e-16	1.256637e-01	8.561494e-03	7.762972e-04	7.762972e-04
1.256637e-01	2.513274e-01	7.670753e-03	7.751885e-04	7.751885e-04
2.513274e-01	3.769911e-01	8.812282e-03	7.816257e-04	7.816257e-04
3.769911e-01	5.026548e-01	9.642490e-03	7.760563e-04	7.760563e-04
5.026548e-01	6.283185e-01	7.117283e-03	7.781735e-04	7.781735e-04
6.283185e-01	7.539822e-01	9.530071e-03	7.783177e-04	7.783177e-04
7.539822e-01	8.796459e-01	8.924709e-03	7.759117e-04	7.759117e-04
8.796459e-01	1.005310e+00	9.045750e-03	7.798511e-04	7.798511e-04
1.005310e+00	1.130973e+00	1.022196e-02	7.765905e-04	7.765905e-04
1.130973e+00	1.256637e+00	8.379870e-03	7.754760e-04	7.754760e-04
1.256637e+00	1.382301e+00	1.059374e-02	7.724806e-04	7.724806e-04
1.382301e+00	1.507964e+00	9.443639e-03	7.851147e-04	7.851147e-04
1.507964e+00	1.633628e+00	9.512748e-03	7.739797e-04	7.739797e-04
1.633628e+00	1.759292e+00	8.526881e-03	7.771619e-04	7.771619e-04
1.759292e+00	1.884956e+00	8.622008e-03	7.776910e-04	7.776910e-04
1.884956e+00	2.010619e+00	9.071779e-03	7.732609e-04	7.732609e-04
2.010619e+00	2.136283e+00	9.037115e-03	7.627377e-04	7.627377e-04
2.136283e+00	2.261947e+00	8.691192e-03	7.753796e-04	7.753796e-04
2.261947e+00	2.387610e+00	8.137789e-03	7.718087e-04	7.718087e-04
2.387610e+00	2.513274e+00	8.691192e-03	7.733514e-04	7.733514e-04
2.513274e+00	2.638938e+00	1.069752e-02	7.764398e-04	7.764398e-04
2.638938e+00	2.764602e+00	9.106291e-03	7.709300e-04	7.709300e-04
2.764602e+00	2.890265e+00	8.924759e-03	7.775529e-04	7.775529e-04
2.890265e+00	3.015929e+00	7.065378e-03	7.665522e-04	7.665522e-04
3.015929e+00	3.141593e+00	8.812261e-03	7.733514e-04	7.733514e-04
# END HISTO1D


# BEGIN HISTO1D //eos/home-y/yiyu/monobc/D600.yoda.gz/JetMETAnalysis/jet_phi
ErrorBars=1
LineColor=red
LineStyle=dashdotted
Path=//eos/home-y/yiyu/monobc/D600.yoda.gz/JetMETAnalysis/jet_phi
ScaledBy=6.26160614830790851e-06
Title=D600
# xlow	 xhigh	 val	 errminus	 errplus
-3.141593e+00	-3.015929e+00	0.000000e+00	0.000000e+00	0.000000e+00
-3.015929e+00	-2.890265e+00	0.000000e+00	0.000000e+00	0.000000e+00
-2.890265e+00	-2.764602e+00	0.000000e+00	0.000000e+00	0.000000e+00
-2.764602e+00	-2.638938e+00	0.000000e+00	0.000000e+00	0.000000e+00
-2.638938e+00	-2.513274e+00	0.000000e+00	0.000000e+00	0.000000e+00
-2.513274e+00	-2.387610e+00	0.000000e+00	0.000000e+00	0.000000e+00
-2.387610e+00	-2.261947e+00	0.000000e+00	0.000000e+00	0.000000e+00
-2.261947e+00	-2.136283e+00	0.000000e+00	0.000000e+00	0.000000e+00
-2.136283e+00	-2.010619e+00	0.000000e+00	0.000000e+00	0.000000e+00
-2.010619e+00	-1.884956e+00	0.000000e+00	0.000000e+00	0.000000e+00
-1.884956e+00	-1.759292e+00	0.000000e+00	0.000000e+00	0.000000e+00
-1.759292e+00	-1.633628e+00	0.000000e+00	0.000000e+00	0.000000e+00
-1.633628e+00	-1.507964e+00	0.000000e+00	0.000000e+00	0.000000e+00
-1.507964e+00	-1.382301e+00	0.000000e+00	0.000000e+00	0.000000e+00
-1.382301e+00	-1.256637e+00	0.000000e+00	0.000000e+00	0.000000e+00
-1.256637e+00	-1.130973e+00	0.000000e+00	0.000000e+00	0.000000e+00
-1.130973e+00	-1.005310e+00	0.000000e+00	0.000000e+00	0.000000e+00
-1.005310e+00	-8.796459e-01	0.000000e+00	0.000000e+00	0.000000e+00
-8.796459e-01	-7.539822e-01	0.000000e+00	0.000000e+00	0.000000e+00
-7.539822e-01	-6.283185e-01	0.000000e+00	0.000000e+00	0.000000e+00
-6.283185e-01	-5.026548e-01	0.000000e+00	0.000000e+00	0.000000e+00
-5.026548e-01	-3.769911e-01	0.000000e+00	0.000000e+00	0.000000e+00
-3.769911e-01	-2.513274e-01	0.000000e+00	0.000000e+00	0.000000e+00
-2.513274e-01	-1.256637e-01	0.000000e+00	0.000000e+00	0.000000e+00
-1.256637e-01	4.440892e-16	0.000000e+00	0.000000e+00	0.000000e+00
4.440892e-16	1.256637e-01	6.255991e+02	7.187840e+00	7.187840e+00
1.256637e-01	2.513274e-01	6.182105e+02	7.149677e+00	7.149677e+00
2.513274e-01	3.769911e-01	6.343681e+02	7.248121e+00	7.248121e+00
3.769911e-01	5.026548e-01	6.296588e+02	7.203415e+00	7.203415e+00
5.026548e-01	6.283185e-01	6.333937e+02	7.221696e+00	7.221696e+00
6.283185e-01	7.539822e-01	6.277914e+02	7.195632e+00	7.195632e+00
7.539822e-01	8.796459e-01	6.369663e+02	7.257211e+00	7.257211e+00
8.796459e-01	1.005310e+00	6.275458e+02	7.200646e+00	7.200646e+00
1.005310e+00	1.130973e+00	6.208122e+02	7.162614e+00	7.162614e+00
1.130973e+00	1.256637e+00	6.319308e+02	7.214372e+00	7.214372e+00
1.256637e+00	1.382301e+00	6.406185e+02	7.265818e+00	7.265818e+00
1.382301e+00	1.507964e+00	6.135859e+02	7.126165e+00	7.126165e+00
1.507964e+00	1.633628e+00	6.389946e+02	7.257647e+00	7.257647e+00
1.633628e+00	1.759292e+00	6.237302e+02	7.176350e+00	7.176350e+00
1.759292e+00	1.884956e+00	6.360717e+02	7.244919e+00	7.244919e+00
1.884956e+00	2.010619e+00	6.243847e+02	7.188339e+00	7.188339e+00
2.010619e+00	2.136283e+00	6.342041e+02	7.224417e+00	7.224417e+00
2.136283e+00	2.261947e+00	6.231618e+02	7.171295e+00	7.171295e+00
2.261947e+00	2.387610e+00	6.353460e+02	7.232682e+00	7.232682e+00
2.387610e+00	2.513274e+00	6.273027e+02	7.203856e+00	7.203856e+00
2.513274e+00	2.638938e+00	6.288454e+02	7.207972e+00	7.207972e+00
2.638938e+00	2.764602e+00	6.480883e+02	7.306533e+00	7.306533e+00
2.764602e+00	2.890265e+00	6.315298e+02	7.217627e+00	7.217627e+00
2.890265e+00	3.015929e+00	6.305504e+02	7.218483e+00	7.218483e+00
3.015929e+00	3.141593e+00	6.235678e+02	7.169916e+00	7.169916e+00
# END HISTO1D


# BEGIN HISTO1D //eos/home-y/yiyu/monobc/D1000.yoda.gz/JetMETAnalysis/jet_phi
ErrorBars=1
LineColor=blue
LineStyle=dashdotted
Path=//eos/home-y/yiyu/monobc/D1000.yoda.gz/JetMETAnalysis/jet_phi
ScaledBy=5.55495214013862181e-06
Title=D1000
# xlow	 xhigh	 val	 errminus	 errplus
-3.141593e+00	-3.015929e+00	0.000000e+00	0.000000e+00	0.000000e+00
-3.015929e+00	-2.890265e+00	0.000000e+00	0.000000e+00	0.000000e+00
-2.890265e+00	-2.764602e+00	0.000000e+00	0.000000e+00	0.000000e+00
-2.764602e+00	-2.638938e+00	0.000000e+00	0.000000e+00	0.000000e+00
-2.638938e+00	-2.513274e+00	0.000000e+00	0.000000e+00	0.000000e+00
-2.513274e+00	-2.387610e+00	0.000000e+00	0.000000e+00	0.000000e+00
-2.387610e+00	-2.261947e+00	0.000000e+00	0.000000e+00	0.000000e+00
-2.261947e+00	-2.136283e+00	0.000000e+00	0.000000e+00	0.000000e+00
-2.136283e+00	-2.010619e+00	0.000000e+00	0.000000e+00	0.000000e+00
-2.010619e+00	-1.884956e+00	0.000000e+00	0.000000e+00	0.000000e+00
-1.884956e+00	-1.759292e+00	0.000000e+00	0.000000e+00	0.000000e+00
-1.759292e+00	-1.633628e+00	0.000000e+00	0.000000e+00	0.000000e+00
-1.633628e+00	-1.507964e+00	0.000000e+00	0.000000e+00	0.000000e+00
-1.507964e+00	-1.382301e+00	0.000000e+00	0.000000e+00	0.000000e+00
-1.382301e+00	-1.256637e+00	0.000000e+00	0.000000e+00	0.000000e+00
-1.256637e+00	-1.130973e+00	0.000000e+00	0.000000e+00	0.000000e+00
-1.130973e+00	-1.005310e+00	0.000000e+00	0.000000e+00	0.000000e+00
-1.005310e+00	-8.796459e-01	0.000000e+00	0.000000e+00	0.000000e+00
-8.796459e-01	-7.539822e-01	0.000000e+00	0.000000e+00	0.000000e+00
-7.539822e-01	-6.283185e-01	0.000000e+00	0.000000e+00	0.000000e+00
-6.283185e-01	-5.026548e-01	0.000000e+00	0.000000e+00	0.000000e+00
-5.026548e-01	-3.769911e-01	0.000000e+00	0.000000e+00	0.000000e+00
-3.769911e-01	-2.513274e-01	0.000000e+00	0.000000e+00	0.000000e+00
-2.513274e-01	-1.256637e-01	0.000000e+00	0.000000e+00	0.000000e+00
-1.256637e-01	4.440892e-16	0.000000e+00	0.000000e+00	0.000000e+00
4.440892e-16	1.256637e-01	7.332779e+01	8.452315e-01	8.452315e-01
1.256637e-01	2.513274e-01	7.377581e+01	8.455776e-01	8.455776e-01
2.513274e-01	3.769911e-01	7.443410e+01	8.515868e-01	8.515868e-01
3.769911e-01	5.026548e-01	7.434268e+01	8.507029e-01	8.507029e-01
5.026548e-01	6.283185e-01	7.419639e+01	8.496214e-01	8.496214e-01
6.283185e-01	7.539822e-01	7.466268e+01	8.503590e-01	8.503590e-01
7.539822e-01	8.796459e-01	7.311750e+01	8.424079e-01	8.424079e-01
8.796459e-01	1.005310e+00	7.408643e+01	8.495203e-01	8.495203e-01
1.005310e+00	1.130973e+00	7.513855e+01	8.548739e-01	8.548739e-01
1.130973e+00	1.256637e+00	7.583282e+01	8.572106e-01	8.572106e-01
1.256637e+00	1.382301e+00	7.492766e+01	8.528603e-01	8.528603e-01
1.382301e+00	1.507964e+00	7.472710e+01	8.542381e-01	8.542381e-01
1.507964e+00	1.633628e+00	7.321790e+01	8.454273e-01	8.454273e-01
1.633628e+00	1.759292e+00	7.432421e+01	8.504061e-01	8.504061e-01
1.759292e+00	1.884956e+00	7.438822e+01	8.491765e-01	8.491765e-01
1.884956e+00	2.010619e+00	7.467224e+01	8.504128e-01	8.504128e-01
2.010619e+00	2.136283e+00	7.418707e+01	8.507500e-01	8.507500e-01
2.136283e+00	2.261947e+00	7.434250e+01	8.492257e-01	8.492257e-01
2.261947e+00	2.387610e+00	7.270646e+01	8.410720e-01	8.410720e-01
2.387610e+00	2.513274e+00	7.397678e+01	8.487334e-01	8.487334e-01
2.513274e+00	2.638938e+00	7.500080e+01	8.523697e-01	8.523697e-01
2.638938e+00	2.764602e+00	7.406821e+01	8.488319e-01	8.488319e-01
2.764602e+00	2.890265e+00	7.502883e+01	8.533080e-01	8.533080e-01
2.890265e+00	3.015929e+00	7.334591e+01	8.466129e-01	8.466129e-01
3.015929e+00	3.141593e+00	7.293446e+01	8.419096e-01	8.419096e-01
# END HISTO1D


# BEGIN HISTO1D //eos/home-y/yiyu/monobc/D1500.yoda.gz/JetMETAnalysis/jet_phi
ErrorBars=1
LineColor=green
LineStyle=dashdotted
Path=//eos/home-y/yiyu/monobc/D1500.yoda.gz/JetMETAnalysis/jet_phi
ScaledBy=5.09488537008347615e-06
Title=D1500
# xlow	 xhigh	 val	 errminus	 errplus
-3.141593e+00	-3.015929e+00	0.000000e+00	0.000000e+00	0.000000e+00
-3.015929e+00	-2.890265e+00	0.000000e+00	0.000000e+00	0.000000e+00
-2.890265e+00	-2.764602e+00	0.000000e+00	0.000000e+00	0.000000e+00
-2.764602e+00	-2.638938e+00	0.000000e+00	0.000000e+00	0.000000e+00
-2.638938e+00	-2.513274e+00	0.000000e+00	0.000000e+00	0.000000e+00
-2.513274e+00	-2.387610e+00	0.000000e+00	0.000000e+00	0.000000e+00
-2.387610e+00	-2.261947e+00	0.000000e+00	0.000000e+00	0.000000e+00
-2.261947e+00	-2.136283e+00	0.000000e+00	0.000000e+00	0.000000e+00
-2.136283e+00	-2.010619e+00	0.000000e+00	0.000000e+00	0.000000e+00
-2.010619e+00	-1.884956e+00	0.000000e+00	0.000000e+00	0.000000e+00
-1.884956e+00	-1.759292e+00	0.000000e+00	0.000000e+00	0.000000e+00
-1.759292e+00	-1.633628e+00	0.000000e+00	0.000000e+00	0.000000e+00
-1.633628e+00	-1.507964e+00	0.000000e+00	0.000000e+00	0.000000e+00
-1.507964e+00	-1.382301e+00	0.000000e+00	0.000000e+00	0.000000e+00
-1.382301e+00	-1.256637e+00	0.000000e+00	0.000000e+00	0.000000e+00
-1.256637e+00	-1.130973e+00	0.000000e+00	0.000000e+00	0.000000e+00
-1.130973e+00	-1.005310e+00	0.000000e+00	0.000000e+00	0.000000e+00
-1.005310e+00	-8.796459e-01	0.000000e+00	0.000000e+00	0.000000e+00
-8.796459e-01	-7.539822e-01	0.000000e+00	0.000000e+00	0.000000e+00
-7.539822e-01	-6.283185e-01	0.000000e+00	0.000000e+00	0.000000e+00
-6.283185e-01	-5.026548e-01	0.000000e+00	0.000000e+00	0.000000e+00
-5.026548e-01	-3.769911e-01	0.000000e+00	0.000000e+00	0.000000e+00
-3.769911e-01	-2.513274e-01	0.000000e+00	0.000000e+00	0.000000e+00
-2.513274e-01	-1.256637e-01	0.000000e+00	0.000000e+00	0.000000e+00
-1.256637e-01	4.440892e-16	0.000000e+00	0.000000e+00	0.000000e+00
4.440892e-16	1.256637e-01	6.028084e+00	7.993877e-02	7.993877e-02
1.256637e-01	2.513274e-01	5.977765e+00	7.940915e-02	7.940915e-02
2.513274e-01	3.769911e-01	5.960993e+00	7.913412e-02	7.913412e-02
3.769911e-01	5.026548e-01	5.976088e+00	7.954189e-02	7.954189e-02
5.026548e-01	6.283185e-01	5.969379e+00	7.968324e-02	7.968324e-02
6.283185e-01	7.539822e-01	5.821780e+00	7.905409e-02	7.905409e-02
7.539822e-01	8.796459e-01	6.006279e+00	7.946227e-02	7.946227e-02
8.796459e-01	1.005310e+00	6.056578e+00	7.980643e-02	7.980643e-02
1.005310e+00	1.130973e+00	5.855358e+00	7.914344e-02	7.914344e-02
1.130973e+00	1.256637e+00	6.082580e+00	8.010121e-02	8.010121e-02
1.256637e+00	1.382301e+00	5.972719e+00	7.964772e-02	7.964772e-02
1.382301e+00	1.507964e+00	6.000442e+00	7.955559e-02	7.955559e-02
1.507964e+00	1.633628e+00	6.070000e+00	8.043851e-02	8.043851e-02
1.633628e+00	1.759292e+00	5.848602e+00	7.884902e-02	7.884902e-02
1.759292e+00	1.884956e+00	5.935819e+00	7.940896e-02	7.940896e-02
1.884956e+00	2.010619e+00	5.900644e+00	7.971896e-02	7.971896e-02
2.010619e+00	2.136283e+00	6.007103e+00	7.954612e-02	7.954612e-02
2.136283e+00	2.261947e+00	6.043164e+00	8.008800e-02	8.008800e-02
2.261947e+00	2.387610e+00	5.786590e+00	7.932098e-02	7.932098e-02
2.387610e+00	2.513274e+00	5.931626e+00	7.911171e-02	7.911171e-02
2.513274e+00	2.638938e+00	5.905629e+00	7.924938e-02	7.924938e-02
2.638938e+00	2.764602e+00	6.045680e+00	7.957264e-02	7.957264e-02
2.764602e+00	2.890265e+00	5.915740e+00	7.971896e-02	7.971896e-02
2.890265e+00	3.015929e+00	5.971881e+00	7.973156e-02	7.973156e-02
3.015929e+00	3.141593e+00	6.087611e+00	8.040792e-02	8.040792e-02
# END HISTO1D


# BEGIN HISTO1D //eos/home-y/yiyu/monobc/D2000.yoda.gz/JetMETAnalysis/jet_phi
ErrorBars=1
LineColor=orange
LineStyle=dashdotted
Path=//eos/home-y/yiyu/monobc/D2000.yoda.gz/JetMETAnalysis/jet_phi
ScaledBy=4.61553418144346189e-06
Title=D2000
# xlow	 xhigh	 val	 errminus	 errplus
-3.141593e+00	-3.015929e+00	0.000000e+00	0.000000e+00	0.000000e+00
-3.015929e+00	-2.890265e+00	0.000000e+00	0.000000e+00	0.000000e+00
-2.890265e+00	-2.764602e+00	0.000000e+00	0.000000e+00	0.000000e+00
-2.764602e+00	-2.638938e+00	0.000000e+00	0.000000e+00	0.000000e+00
-2.638938e+00	-2.513274e+00	0.000000e+00	0.000000e+00	0.000000e+00
-2.513274e+00	-2.387610e+00	0.000000e+00	0.000000e+00	0.000000e+00
-2.387610e+00	-2.261947e+00	0.000000e+00	0.000000e+00	0.000000e+00
-2.261947e+00	-2.136283e+00	0.000000e+00	0.000000e+00	0.000000e+00
-2.136283e+00	-2.010619e+00	0.000000e+00	0.000000e+00	0.000000e+00
-2.010619e+00	-1.884956e+00	0.000000e+00	0.000000e+00	0.000000e+00
-1.884956e+00	-1.759292e+00	0.000000e+00	0.000000e+00	0.000000e+00
-1.759292e+00	-1.633628e+00	0.000000e+00	0.000000e+00	0.000000e+00
-1.633628e+00	-1.507964e+00	0.000000e+00	0.000000e+00	0.000000e+00
-1.507964e+00	-1.382301e+00	0.000000e+00	0.000000e+00	0.000000e+00
-1.382301e+00	-1.256637e+00	0.000000e+00	0.000000e+00	0.000000e+00
-1.256637e+00	-1.130973e+00	0.000000e+00	0.000000e+00	0.000000e+00
-1.130973e+00	-1.005310e+00	0.000000e+00	0.000000e+00	0.000000e+00
-1.005310e+00	-8.796459e-01	0.000000e+00	0.000000e+00	0.000000e+00
-8.796459e-01	-7.539822e-01	0.000000e+00	0.000000e+00	0.000000e+00
-7.539822e-01	-6.283185e-01	0.000000e+00	0.000000e+00	0.000000e+00
-6.283185e-01	-5.026548e-01	0.000000e+00	0.000000e+00	0.000000e+00
-5.026548e-01	-3.769911e-01	0.000000e+00	0.000000e+00	0.000000e+00
-3.769911e-01	-2.513274e-01	0.000000e+00	0.000000e+00	0.000000e+00
-2.513274e-01	-1.256637e-01	0.000000e+00	0.000000e+00	0.000000e+00
-1.256637e-01	4.440892e-16	0.000000e+00	0.000000e+00	0.000000e+00
4.440892e-16	1.256637e-01	4.140158e-01	8.898036e-03	8.898036e-03
1.256637e-01	2.513274e-01	4.066160e-01	8.967283e-03	8.967283e-03
2.513274e-01	3.769911e-01	4.127981e-01	9.035513e-03	9.035513e-03
3.769911e-01	5.026548e-01	3.963124e-01	8.896555e-03	8.896555e-03
5.026548e-01	6.283185e-01	4.088640e-01	8.907400e-03	8.907400e-03
6.283185e-01	7.539822e-01	4.090514e-01	8.913306e-03	8.913306e-03
7.539822e-01	8.796459e-01	4.222586e-01	8.991223e-03	8.991223e-03
8.796459e-01	1.005310e+00	4.100804e-01	8.943251e-03	8.943251e-03
1.005310e+00	1.130973e+00	4.137371e-01	8.942837e-03	8.942837e-03
1.130973e+00	1.256637e+00	4.242247e-01	8.969218e-03	8.969218e-03
1.256637e+00	1.382301e+00	4.162628e-01	8.988271e-03	8.988271e-03
1.382301e+00	1.507964e+00	4.263825e-01	8.989322e-03	8.989322e-03
1.507964e+00	1.633628e+00	4.165439e-01	8.933932e-03	8.933932e-03
1.633628e+00	1.759292e+00	4.167312e-01	8.964327e-03	8.964327e-03
1.759292e+00	1.884956e+00	4.204779e-01	9.014104e-03	9.014104e-03
1.884956e+00	2.010619e+00	4.116764e-01	8.908434e-03	8.908434e-03
2.010619e+00	2.136283e+00	4.019316e-01	8.987785e-03	8.987785e-03
2.136283e+00	2.261947e+00	4.241310e-01	9.017511e-03	9.017511e-03
2.261947e+00	2.387610e+00	4.080233e-01	8.912865e-03	8.912865e-03
2.387610e+00	2.513274e+00	4.231006e-01	9.038403e-03	9.038403e-03
2.513274e+00	2.638938e+00	4.156072e-01	8.951592e-03	8.951592e-03
2.638938e+00	2.764602e+00	4.079264e-01	8.996567e-03	8.996567e-03
2.764602e+00	2.890265e+00	4.202940e-01	9.017095e-03	9.017095e-03
2.890265e+00	3.015929e+00	4.207589e-01	9.001929e-03	9.001929e-03
3.015929e+00	3.141593e+00	4.099870e-01	9.013131e-03	9.013131e-03
# END HISTO1D


# BEGIN HISTO1D //eos/home-y/yiyu/monobc/D2600.yoda.gz/JetMETAnalysis/jet_phi
ErrorBars=1
LineColor=lilac
LineStyle=dashdotted
Path=//eos/home-y/yiyu/monobc/D2600.yoda.gz/JetMETAnalysis/jet_phi
ScaledBy=4.26955399294807099e-06
Title=D2600
# xlow	 xhigh	 val	 errminus	 errplus
-3.141593e+00	-3.015929e+00	0.000000e+00	0.000000e+00	0.000000e+00
-3.015929e+00	-2.890265e+00	0.000000e+00	0.000000e+00	0.000000e+00
-2.890265e+00	-2.764602e+00	0.000000e+00	0.000000e+00	0.000000e+00
-2.764602e+00	-2.638938e+00	0.000000e+00	0.000000e+00	0.000000e+00
-2.638938e+00	-2.513274e+00	0.000000e+00	0.000000e+00	0.000000e+00
-2.513274e+00	-2.387610e+00	0.000000e+00	0.000000e+00	0.000000e+00
-2.387610e+00	-2.261947e+00	0.000000e+00	0.000000e+00	0.000000e+00
-2.261947e+00	-2.136283e+00	0.000000e+00	0.000000e+00	0.000000e+00
-2.136283e+00	-2.010619e+00	0.000000e+00	0.000000e+00	0.000000e+00
-2.010619e+00	-1.884956e+00	0.000000e+00	0.000000e+00	0.000000e+00
-1.884956e+00	-1.759292e+00	0.000000e+00	0.000000e+00	0.000000e+00
-1.759292e+00	-1.633628e+00	0.000000e+00	0.000000e+00	0.000000e+00
-1.633628e+00	-1.507964e+00	0.000000e+00	0.000000e+00	0.000000e+00
-1.507964e+00	-1.382301e+00	0.000000e+00	0.000000e+00	0.000000e+00
-1.382301e+00	-1.256637e+00	0.000000e+00	0.000000e+00	0.000000e+00
-1.256637e+00	-1.130973e+00	0.000000e+00	0.000000e+00	0.000000e+00
-1.130973e+00	-1.005310e+00	0.000000e+00	0.000000e+00	0.000000e+00
-1.005310e+00	-8.796459e-01	0.000000e+00	0.000000e+00	0.000000e+00
-8.796459e-01	-7.539822e-01	0.000000e+00	0.000000e+00	0.000000e+00
-7.539822e-01	-6.283185e-01	0.000000e+00	0.000000e+00	0.000000e+00
-6.283185e-01	-5.026548e-01	0.000000e+00	0.000000e+00	0.000000e+00
-5.026548e-01	-3.769911e-01	0.000000e+00	0.000000e+00	0.000000e+00
-3.769911e-01	-2.513274e-01	0.000000e+00	0.000000e+00	0.000000e+00
-2.513274e-01	-1.256637e-01	0.000000e+00	0.000000e+00	0.000000e+00
-1.256637e-01	4.440892e-16	0.000000e+00	0.000000e+00	0.000000e+00
4.440892e-16	1.256637e-01	8.947214e-03	1.004630e-03	1.004630e-03
1.256637e-01	2.513274e-01	1.030190e-02	9.953113e-04	9.953113e-04
2.513274e-01	3.769911e-01	1.094248e-02	9.944800e-04	9.944800e-04
3.769911e-01	5.026548e-01	9.283262e-03	9.880273e-04	9.880273e-04
5.026548e-01	6.283185e-01	1.075346e-02	9.914814e-04	9.914814e-04
6.283185e-01	7.539822e-01	1.031240e-02	9.810828e-04	9.810828e-04
7.539822e-01	8.796459e-01	9.545796e-03	9.839448e-04	9.839448e-04
8.796459e-01	1.005310e+00	1.059591e-02	9.888609e-04	9.888609e-04
1.005310e+00	1.130973e+00	1.272780e-02	9.789501e-04	9.789501e-04
1.130973e+00	1.256637e+00	1.022836e-02	9.905889e-04	9.905889e-04
1.256637e+00	1.382301e+00	1.163555e-02	9.998967e-04	9.998967e-04
1.382301e+00	1.507964e+00	1.071151e-02	9.929319e-04	9.929319e-04
1.507964e+00	1.633628e+00	1.081645e-02	9.854544e-04	9.854544e-04
1.633628e+00	1.759292e+00	1.093196e-02	9.905333e-04	9.905333e-04
1.759292e+00	1.884956e+00	9.314744e-03	9.887503e-04	9.887503e-04
1.884956e+00	2.010619e+00	1.215022e-02	1.003593e-03	1.003593e-03
2.010619e+00	2.136283e+00	1.096347e-02	9.919241e-04	9.919241e-04
2.136283e+00	2.261947e+00	9.545773e-03	9.897537e-04	9.897537e-04
2.261947e+00	2.387610e+00	1.049098e-02	9.889813e-04	9.889813e-04
2.387610e+00	2.513274e+00	1.192959e-02	9.943668e-04	9.943668e-04
2.513274e+00	2.638938e+00	1.302174e-02	9.842227e-04	9.842227e-04
2.638938e+00	2.764602e+00	1.294823e-02	9.878577e-04	9.878577e-04
2.764602e+00	2.890265e+00	1.187718e-02	9.895385e-04	9.895385e-04
2.890265e+00	3.015929e+00	1.115249e-02	9.889177e-04	9.889177e-04
3.015929e+00	3.141593e+00	1.157254e-02	9.929240e-04	9.929240e-04
# END HISTO1D

