# BEGIN PLOT
Legend=1
LogY=1
LegendPlacement=manual
LegendAlign=r
LegendXPos=1.225
RightMargin=2.5
Title=Jet $\eta$ distribution
XLabel=$\eta^\mathrm{jet}$
YLabel=$\sigma$ [pb]
DrawOnly=//eos/home-y/yiyu/monobc/A600.yoda.gz/JetMETAnalysis/jet_eta //eos/home-y/yiyu/monobc/A1000.yoda.gz/JetMETAnalysis/jet_eta //eos/home-y/yiyu/monobc/A1500.yoda.gz/JetMETAnalysis/jet_eta //eos/home-y/yiyu/monobc/A2000.yoda.gz/JetMETAnalysis/jet_eta //eos/home-y/yiyu/monobc/A2600.yoda.gz/JetMETAnalysis/jet_eta //eos/home-y/yiyu/monobc/C600.yoda.gz/JetMETAnalysis/jet_eta //eos/home-y/yiyu/monobc/C1000.yoda.gz/JetMETAnalysis/jet_eta //eos/home-y/yiyu/monobc/C1500.yoda.gz/JetMETAnalysis/jet_eta //eos/home-y/yiyu/monobc/C2000.yoda.gz/JetMETAnalysis/jet_eta //eos/home-y/yiyu/monobc/C2600.yoda.gz/JetMETAnalysis/jet_eta //eos/home-y/yiyu/monobc/D600.yoda.gz/JetMETAnalysis/jet_eta //eos/home-y/yiyu/monobc/D1000.yoda.gz/JetMETAnalysis/jet_eta //eos/home-y/yiyu/monobc/D1500.yoda.gz/JetMETAnalysis/jet_eta //eos/home-y/yiyu/monobc/D2000.yoda.gz/JetMETAnalysis/jet_eta //eos/home-y/yiyu/monobc/D2600.yoda.gz/JetMETAnalysis/jet_eta
LegendOnly=//eos/home-y/yiyu/monobc/A600.yoda.gz/JetMETAnalysis/jet_eta //eos/home-y/yiyu/monobc/A1000.yoda.gz/JetMETAnalysis/jet_eta //eos/home-y/yiyu/monobc/A1500.yoda.gz/JetMETAnalysis/jet_eta //eos/home-y/yiyu/monobc/A2000.yoda.gz/JetMETAnalysis/jet_eta //eos/home-y/yiyu/monobc/A2600.yoda.gz/JetMETAnalysis/jet_eta //eos/home-y/yiyu/monobc/C600.yoda.gz/JetMETAnalysis/jet_eta //eos/home-y/yiyu/monobc/C1000.yoda.gz/JetMETAnalysis/jet_eta //eos/home-y/yiyu/monobc/C1500.yoda.gz/JetMETAnalysis/jet_eta //eos/home-y/yiyu/monobc/C2000.yoda.gz/JetMETAnalysis/jet_eta //eos/home-y/yiyu/monobc/C2600.yoda.gz/JetMETAnalysis/jet_eta //eos/home-y/yiyu/monobc/D600.yoda.gz/JetMETAnalysis/jet_eta //eos/home-y/yiyu/monobc/D1000.yoda.gz/JetMETAnalysis/jet_eta //eos/home-y/yiyu/monobc/D1500.yoda.gz/JetMETAnalysis/jet_eta //eos/home-y/yiyu/monobc/D2000.yoda.gz/JetMETAnalysis/jet_eta //eos/home-y/yiyu/monobc/D2600.yoda.gz/JetMETAnalysis/jet_eta
RatioPlot=1
RatioPlotReference=//eos/home-y/yiyu/monobc/A600.yoda.gz/JetMETAnalysis/jet_eta
RatioPlotYLabel=Ratio
# END PLOT

# BEGIN HISTO1D //eos/home-y/yiyu/monobc/A600.yoda.gz/JetMETAnalysis/jet_eta
ErrorBars=1
LineColor=red
LineStyle=solid
Path=//eos/home-y/yiyu/monobc/A600.yoda.gz/JetMETAnalysis/jet_eta
ScaledBy=5.21401125168643785e-06
Title=A600
# xlow	 xhigh	 val	 errminus	 errplus
-2.500000e+00	-2.400000e+00	1.015564e+02	3.049152e+00	3.049152e+00
-2.400000e+00	-2.300000e+00	1.289853e+02	3.401864e+00	3.401864e+00
-2.300000e+00	-2.200000e+00	1.476474e+02	3.656963e+00	3.656963e+00
-2.200000e+00	-2.100000e+00	1.702155e+02	3.915648e+00	3.915648e+00
-2.100000e+00	-2.000000e+00	2.100568e+02	4.343488e+00	4.343488e+00
-2.000000e+00	-1.900000e+00	2.389613e+02	4.611868e+00	4.611868e+00
-1.900000e+00	-1.800000e+00	2.738551e+02	4.943049e+00	4.943049e+00
-1.800000e+00	-1.700000e+00	3.126548e+02	5.281286e+00	5.281286e+00
-1.700000e+00	-1.600000e+00	3.653426e+02	5.701798e+00	5.701798e+00
-1.600000e+00	-1.500000e+00	4.125620e+02	6.039333e+00	6.039333e+00
-1.500000e+00	-1.400000e+00	4.645554e+02	6.415009e+00	6.415009e+00
-1.400000e+00	-1.300000e+00	5.037892e+02	6.659346e+00	6.659346e+00
-1.300000e+00	-1.200000e+00	5.583866e+02	7.024395e+00	7.024395e+00
-1.200000e+00	-1.100000e+00	6.214904e+02	7.398934e+00	7.398934e+00
-1.100000e+00	-1.000000e+00	6.762615e+02	7.721328e+00	7.721328e+00
-1.000000e+00	-9.000000e-01	7.111552e+02	7.895015e+00	7.895015e+00
-9.000000e-01	-8.000000e-01	7.649714e+02	8.179982e+00	8.179982e+00
-8.000000e-01	-7.000000e-01	8.097604e+02	8.418738e+00	8.418738e+00
-7.000000e-01	-6.000000e-01	8.343249e+02	8.550605e+00	8.550605e+00
-6.000000e-01	-5.000000e-01	8.909187e+02	8.837452e+00	8.837452e+00
-5.000000e-01	-4.000000e-01	9.025499e+02	8.884217e+00	8.884217e+00
-4.000000e-01	-3.000000e-01	9.188684e+02	8.959376e+00	8.959376e+00
-3.000000e-01	-2.000000e-01	9.373569e+02	9.060975e+00	9.060975e+00
-2.000000e-01	-1.000000e-01	9.690390e+02	9.215564e+00	9.215564e+00
-1.000000e-01	0.000000e+00	9.584494e+02	9.160623e+00	9.160623e+00
0.000000e+00	1.000000e-01	9.732922e+02	9.229044e+00	9.229044e+00
1.000000e-01	2.000000e-01	9.649594e+02	9.186495e+00	9.186495e+00
2.000000e-01	3.000000e-01	9.570606e+02	9.155687e+00	9.155687e+00
3.000000e-01	4.000000e-01	9.209516e+02	8.982892e+00	8.982892e+00
4.000000e-01	5.000000e-01	9.041124e+02	8.900316e+00	8.900316e+00
5.000000e-01	6.000000e-01	8.691318e+02	8.727212e+00	8.727212e+00
6.000000e-01	7.000000e-01	8.380573e+02	8.579194e+00	8.579194e+00
7.000000e-01	8.000000e-01	8.130588e+02	8.438404e+00	8.438404e+00
8.000000e-01	9.000000e-01	7.631486e+02	8.190568e+00	8.190568e+00
9.000000e-01	1.000000e+00	7.209636e+02	7.953489e+00	7.953489e+00
1.000000e+00	1.100000e+00	6.528254e+02	7.584482e+00	7.584482e+00
1.100000e+00	1.200000e+00	6.268721e+02	7.420287e+00	7.420287e+00
1.200000e+00	1.300000e+00	5.728823e+02	7.110214e+00	7.110214e+00
1.300000e+00	1.400000e+00	5.013588e+02	6.668390e+00	6.668390e+00
1.400000e+00	1.500000e+00	4.693294e+02	6.461234e+00	6.461234e+00
1.500000e+00	1.600000e+00	4.056180e+02	6.001790e+00	6.001790e+00
1.600000e+00	1.700000e+00	3.698563e+02	5.736051e+00	5.736051e+00
1.700000e+00	1.800000e+00	3.222897e+02	5.351436e+00	5.351436e+00
1.800000e+00	1.900000e+00	2.702963e+02	4.922429e+00	4.922429e+00
1.900000e+00	2.000000e+00	2.457318e+02	4.673535e+00	4.673535e+00
2.000000e+00	2.100000e+00	2.066716e+02	4.316517e+00	4.316517e+00
2.100000e+00	2.200000e+00	1.821071e+02	4.049030e+00	4.049030e+00
2.200000e+00	2.300000e+00	1.408770e+02	3.582026e+00	3.582026e+00
2.300000e+00	2.400000e+00	1.264681e+02	3.385213e+00	3.385213e+00
2.400000e+00	2.500000e+00	1.003412e+02	3.026831e+00	3.026831e+00
# END HISTO1D


# BEGIN HISTO1D //eos/home-y/yiyu/monobc/A1000.yoda.gz/JetMETAnalysis/jet_eta
ErrorBars=1
LineColor=blue
LineStyle=solid
Path=//eos/home-y/yiyu/monobc/A1000.yoda.gz/JetMETAnalysis/jet_eta
ScaledBy=4.00138196213606137e-06
Title=A1000
# xlow	 xhigh	 val	 errminus	 errplus
-2.500000e+00	-2.400000e+00	6.986274e+00	2.574991e-01	2.574991e-01
-2.400000e+00	-2.300000e+00	8.962105e+00	2.920276e-01	2.920276e-01
-2.300000e+00	-2.200000e+00	1.065448e+01	3.170192e-01	3.170192e-01
-2.200000e+00	-2.100000e+00	1.358072e+01	3.536040e-01	3.536040e-01
-2.100000e+00	-2.000000e+00	1.669869e+01	3.902319e-01	3.902319e-01
-2.000000e+00	-1.900000e+00	1.903301e+01	4.154224e-01	4.154224e-01
-1.900000e+00	-1.800000e+00	2.279293e+01	4.578438e-01	4.578438e-01
-1.800000e+00	-1.700000e+00	2.783672e+01	5.019443e-01	5.019443e-01
-1.700000e+00	-1.600000e+00	3.253869e+01	5.404820e-01	5.404820e-01
-1.600000e+00	-1.500000e+00	3.731571e+01	5.789155e-01	5.789155e-01
-1.500000e+00	-1.400000e+00	4.240118e+01	6.151211e-01	6.151211e-01
-1.400000e+00	-1.300000e+00	4.877053e+01	6.578186e-01	6.578186e-01
-1.300000e+00	-1.200000e+00	5.436455e+01	6.938637e-01	6.938637e-01
-1.200000e+00	-1.100000e+00	6.051714e+01	7.325518e-01	7.325518e-01
-1.100000e+00	-1.000000e+00	6.618619e+01	7.630374e-01	7.630374e-01
-1.000000e+00	-9.000000e-01	7.291402e+01	8.010313e-01	8.010313e-01
-9.000000e-01	-8.000000e-01	8.040051e+01	8.375933e-01	8.375933e-01
-8.000000e-01	-7.000000e-01	8.651975e+01	8.676726e-01	8.676726e-01
-7.000000e-01	-6.000000e-01	9.202206e+01	8.936379e-01	8.936379e-01
-6.000000e-01	-5.000000e-01	9.768278e+01	9.217019e-01	9.217019e-01
-5.000000e-01	-4.000000e-01	1.002505e+02	9.322737e-01	9.322737e-01
-4.000000e-01	-3.000000e-01	1.037020e+02	9.478737e-01	9.478737e-01
-3.000000e-01	-2.000000e-01	1.076536e+02	9.663187e-01	9.663187e-01
-2.000000e-01	-1.000000e-01	1.079454e+02	9.672174e-01	9.672174e-01
-1.000000e-01	0.000000e+00	1.104632e+02	9.801375e-01	9.801375e-01
0.000000e+00	1.000000e-01	1.119971e+02	9.860056e-01	9.860056e-01
1.000000e-01	2.000000e-01	1.082039e+02	9.686176e-01	9.686176e-01
2.000000e-01	3.000000e-01	1.071117e+02	9.649872e-01	9.649872e-01
3.000000e-01	4.000000e-01	1.059946e+02	9.582655e-01	9.582655e-01
4.000000e-01	5.000000e-01	1.014344e+02	9.379966e-01	9.379966e-01
5.000000e-01	6.000000e-01	9.650728e+01	9.154597e-01	9.154597e-01
6.000000e-01	7.000000e-01	9.078821e+01	8.907556e-01	8.907556e-01
7.000000e-01	8.000000e-01	8.706164e+01	8.737790e-01	8.737790e-01
8.000000e-01	9.000000e-01	7.989196e+01	8.372199e-01	8.372199e-01
9.000000e-01	1.000000e+00	7.420623e+01	8.065222e-01	8.065222e-01
1.000000e+00	1.100000e+00	6.726164e+01	7.702448e-01	7.702448e-01
1.100000e+00	1.200000e+00	5.959175e+01	7.261193e-01	7.261193e-01
1.200000e+00	1.300000e+00	5.543166e+01	7.001458e-01	7.001458e-01
1.300000e+00	1.400000e+00	4.700312e+01	6.493110e-01	6.493110e-01
1.400000e+00	1.500000e+00	4.269297e+01	6.179956e-01	6.179956e-01
1.500000e+00	1.600000e+00	3.622358e+01	5.694130e-01	5.694130e-01
1.600000e+00	1.700000e+00	3.201347e+01	5.377101e-01	5.377101e-01
1.700000e+00	1.800000e+00	2.763663e+01	4.991673e-01	4.991673e-01
1.800000e+00	1.900000e+00	2.260952e+01	4.531133e-01	4.531133e-01
1.900000e+00	2.000000e+00	1.937482e+01	4.223085e-01	4.223085e-01
2.000000e+00	2.100000e+00	1.681541e+01	3.909437e-01	3.909437e-01
2.100000e+00	2.200000e+00	1.304716e+01	3.456523e-01	3.456523e-01
2.200000e+00	2.300000e+00	1.096295e+01	3.195306e-01	3.195306e-01
2.300000e+00	2.400000e+00	8.628632e+00	2.828390e-01	2.828390e-01
2.400000e+00	2.500000e+00	7.236379e+00	2.572291e-01	2.572291e-01
# END HISTO1D


# BEGIN HISTO1D //eos/home-y/yiyu/monobc/A1500.yoda.gz/JetMETAnalysis/jet_eta
ErrorBars=1
LineColor=green
LineStyle=solid
Path=//eos/home-y/yiyu/monobc/A1500.yoda.gz/JetMETAnalysis/jet_eta
ScaledBy=3.22616518003077697e-06
Title=A1500
# xlow	 xhigh	 val	 errminus	 errplus
-2.500000e+00	-2.400000e+00	4.486769e-01	2.017910e-02	2.017910e-02
-2.400000e+00	-2.300000e+00	5.879676e-01	2.237129e-02	2.237129e-02
-2.300000e+00	-2.200000e+00	6.355140e-01	2.409871e-02	2.409871e-02
-2.200000e+00	-2.100000e+00	8.390928e-01	2.716076e-02	2.716076e-02
-2.100000e+00	-2.000000e+00	1.037984e+00	3.014246e-02	3.014246e-02
-2.000000e+00	-1.900000e+00	1.263662e+00	3.282735e-02	3.282735e-02
-1.900000e+00	-1.800000e+00	1.479294e+00	3.594435e-02	3.594435e-02
-1.800000e+00	-1.700000e+00	1.762564e+00	3.899050e-02	3.899050e-02
-1.700000e+00	-1.600000e+00	2.142265e+00	4.294754e-02	4.294754e-02
-1.600000e+00	-1.500000e+00	2.533350e+00	4.682404e-02	4.682404e-02
-1.500000e+00	-1.400000e+00	2.834700e+00	4.899565e-02	4.899565e-02
-1.400000e+00	-1.300000e+00	3.349005e+00	5.290370e-02	5.290370e-02
-1.300000e+00	-1.200000e+00	3.787637e+00	5.653830e-02	5.653830e-02
-1.200000e+00	-1.100000e+00	4.273815e+00	5.984441e-02	5.984441e-02
-1.100000e+00	-1.000000e+00	4.807539e+00	6.336409e-02	6.336409e-02
-1.000000e+00	-9.000000e-01	5.153088e+00	6.603949e-02	6.603949e-02
-9.000000e-01	-8.000000e-01	5.778557e+00	6.951970e-02	6.951970e-02
-8.000000e-01	-7.000000e-01	6.358488e+00	7.211602e-02	7.211602e-02
-7.000000e-01	-6.000000e-01	6.753592e+00	7.432701e-02	7.432701e-02
-6.000000e-01	-5.000000e-01	7.107846e+00	7.634791e-02	7.634791e-02
-5.000000e-01	-4.000000e-01	7.457412e+00	7.850828e-02	7.850828e-02
-4.000000e-01	-3.000000e-01	7.858542e+00	8.017847e-02	8.017847e-02
-3.000000e-01	-2.000000e-01	8.167929e+00	8.203626e-02	8.203626e-02
-2.000000e-01	-1.000000e-01	8.287129e+00	8.198705e-02	8.198705e-02
-1.000000e-01	0.000000e+00	8.346730e+00	8.269235e-02	8.269235e-02
0.000000e+00	1.000000e-01	8.429768e+00	8.325445e-02	8.325445e-02
1.000000e-01	2.000000e-01	8.471957e+00	8.296577e-02	8.296577e-02
2.000000e-01	3.000000e-01	8.135115e+00	8.169389e-02	8.169389e-02
3.000000e-01	4.000000e-01	7.819702e+00	8.020084e-02	8.020084e-02
4.000000e-01	5.000000e-01	7.656303e+00	7.918795e-02	7.918795e-02
5.000000e-01	6.000000e-01	7.147356e+00	7.685432e-02	7.685432e-02
6.000000e-01	7.000000e-01	6.661178e+00	7.464009e-02	7.464009e-02
7.000000e-01	8.000000e-01	6.327684e+00	7.226511e-02	7.226511e-02
8.000000e-01	9.000000e-01	5.724314e+00	6.912183e-02	6.912183e-02
9.000000e-01	1.000000e+00	5.276306e+00	6.675542e-02	6.675542e-02
1.000000e+00	1.100000e+00	4.569138e+00	6.244443e-02	6.244443e-02
1.100000e+00	1.200000e+00	4.223590e+00	5.976567e-02	5.976567e-02
1.200000e+00	1.300000e+00	3.805718e+00	5.687441e-02	5.687441e-02
1.300000e+00	1.400000e+00	3.255251e+00	5.289522e-02	5.289522e-02
1.400000e+00	1.500000e+00	2.784475e+00	4.918292e-02	4.918292e-02
1.500000e+00	1.600000e+00	2.499867e+00	4.612932e-02	4.612932e-02
1.600000e+00	1.700000e+00	2.115478e+00	4.284299e-02	4.284299e-02
1.700000e+00	1.800000e+00	1.749170e+00	3.879447e-02	3.879447e-02
1.800000e+00	1.900000e+00	1.495366e+00	3.594435e-02	3.594435e-02
1.900000e+00	2.000000e+00	1.271028e+00	3.314682e-02	3.314682e-02
2.000000e+00	2.100000e+00	1.031287e+00	2.958686e-02	2.958686e-02
2.100000e+00	2.200000e+00	8.397624e-01	2.730074e-02	2.730074e-02
2.200000e+00	2.300000e+00	7.265887e-01	2.495801e-02	2.495801e-02
2.300000e+00	2.400000e+00	5.343943e-01	2.157534e-02	2.157534e-02
2.400000e+00	2.500000e+00	4.352836e-01	1.991063e-02	1.991063e-02
# END HISTO1D


# BEGIN HISTO1D //eos/home-y/yiyu/monobc/A2000.yoda.gz/JetMETAnalysis/jet_eta
ErrorBars=1
LineColor=orange
LineStyle=solid
Path=//eos/home-y/yiyu/monobc/A2000.yoda.gz/JetMETAnalysis/jet_eta
ScaledBy=2.74469287009081753e-06
Title=A2000
# xlow	 xhigh	 val	 errminus	 errplus
-2.500000e+00	-2.400000e+00	3.620123e-02	2.101818e-03	2.101818e-03
-2.400000e+00	-2.300000e+00	4.453381e-02	2.275436e-03	2.275436e-03
-2.300000e+00	-2.200000e+00	5.153598e-02	2.507130e-03	2.507130e-03
-2.200000e+00	-2.100000e+00	6.168913e-02	2.838256e-03	2.838256e-03
-2.100000e+00	-2.000000e+00	7.765409e-02	3.084932e-03	3.084932e-03
-2.000000e+00	-1.900000e+00	8.955778e-02	3.426774e-03	3.426774e-03
-1.900000e+00	-1.800000e+00	1.032120e-01	3.722363e-03	3.722363e-03
-1.800000e+00	-1.700000e+00	1.242885e-01	4.061863e-03	4.061863e-03
-1.700000e+00	-1.600000e+00	1.502666e-01	4.448446e-03	4.448446e-03
-1.600000e+00	-1.500000e+00	1.742841e-01	4.807081e-03	4.807081e-03
-1.500000e+00	-1.400000e+00	1.931899e-01	5.183026e-03	5.183026e-03
-1.400000e+00	-1.300000e+00	2.230192e-01	5.513960e-03	5.513960e-03
-1.300000e+00	-1.200000e+00	2.624414e-01	5.970353e-03	5.970353e-03
-1.200000e+00	-1.100000e+00	2.863188e-01	6.252356e-03	6.252356e-03
-1.100000e+00	-1.000000e+00	3.161481e-01	6.704922e-03	6.704922e-03
-1.000000e+00	-9.000000e-01	3.579510e-01	7.037095e-03	7.037095e-03
-9.000000e-01	-8.000000e-01	3.816884e-01	7.335589e-03	7.335589e-03
-8.000000e-01	-7.000000e-01	4.063360e-01	7.633652e-03	7.633652e-03
-7.000000e-01	-6.000000e-01	4.510799e-01	7.963412e-03	7.963412e-03
-6.000000e-01	-5.000000e-01	4.638939e-01	8.102877e-03	8.102877e-03
-5.000000e-01	-4.000000e-01	4.854606e-01	8.419802e-03	8.419802e-03
-4.000000e-01	-3.000000e-01	5.162001e-01	8.575874e-03	8.575874e-03
-3.000000e-01	-2.000000e-01	5.351060e-01	8.674219e-03	8.674219e-03
-2.000000e-01	-1.000000e-01	5.334254e-01	8.748512e-03	8.748512e-03
-1.000000e-01	0.000000e+00	5.477799e-01	8.835786e-03	8.835786e-03
0.000000e+00	1.000000e-01	5.407077e-01	8.764750e-03	8.764750e-03
1.000000e-01	2.000000e-01	5.433685e-01	8.737296e-03	8.737296e-03
2.000000e-01	3.000000e-01	5.255830e-01	8.719883e-03	8.719883e-03
3.000000e-01	4.000000e-01	5.174605e-01	8.571299e-03	8.571299e-03
4.000000e-01	5.000000e-01	4.930229e-01	8.348457e-03	8.348457e-03
5.000000e-01	6.000000e-01	4.564716e-01	8.153547e-03	8.153547e-03
6.000000e-01	7.000000e-01	4.406467e-01	7.918648e-03	7.918648e-03
7.000000e-01	8.000000e-01	4.091369e-01	7.607917e-03	7.607917e-03
8.000000e-01	9.000000e-01	3.713252e-01	7.271815e-03	7.271815e-03
9.000000e-01	1.000000e+00	3.526294e-01	6.998670e-03	6.998670e-03
1.000000e+00	1.100000e+00	3.276316e-01	6.719531e-03	6.719531e-03
1.100000e+00	1.200000e+00	2.711941e-01	6.266455e-03	6.266455e-03
1.200000e+00	1.300000e+00	2.464064e-01	5.844612e-03	5.844612e-03
1.300000e+00	1.400000e+00	2.260301e-01	5.517960e-03	5.517960e-03
1.400000e+00	1.500000e+00	1.973912e-01	5.176400e-03	5.176400e-03
1.500000e+00	1.600000e+00	1.654613e-01	4.770221e-03	4.770221e-03
1.600000e+00	1.700000e+00	1.515970e-01	4.443484e-03	4.443484e-03
1.700000e+00	1.800000e+00	1.233082e-01	4.055823e-03	4.055823e-03
1.800000e+00	1.900000e+00	1.074833e-01	3.721705e-03	3.721705e-03
1.900000e+00	2.000000e+00	9.613982e-02	3.470846e-03	3.470846e-03
2.000000e+00	2.100000e+00	7.289261e-02	3.054585e-03	3.054585e-03
2.100000e+00	2.200000e+00	6.687074e-02	2.826138e-03	2.826138e-03
2.200000e+00	2.300000e+00	4.992548e-02	2.527580e-03	2.527580e-03
2.300000e+00	2.400000e+00	4.173294e-02	2.273281e-03	2.273281e-03
2.400000e+00	2.500000e+00	3.648132e-02	2.066531e-03	2.066531e-03
# END HISTO1D


# BEGIN HISTO1D //eos/home-y/yiyu/monobc/A2600.yoda.gz/JetMETAnalysis/jet_eta
ErrorBars=1
LineColor=lilac
LineStyle=solid
Path=//eos/home-y/yiyu/monobc/A2600.yoda.gz/JetMETAnalysis/jet_eta
ScaledBy=2.62727164953756670e-06
Title=A2600
# xlow	 xhigh	 val	 errminus	 errplus
-2.500000e+00	-2.400000e+00	3.575605e-03	2.420316e-04	2.420316e-04
-2.400000e+00	-2.300000e+00	3.747430e-03	2.651323e-04	2.651323e-04
-2.300000e+00	-2.200000e+00	4.336546e-03	2.979475e-04	2.979475e-04
-2.200000e+00	-2.100000e+00	5.662056e-03	3.266722e-04	3.266722e-04
-2.100000e+00	-2.000000e+00	6.349358e-03	3.572149e-04	3.572149e-04
-2.000000e+00	-1.900000e+00	6.766648e-03	3.843874e-04	3.843874e-04
-1.900000e+00	-1.800000e+00	7.797600e-03	4.187317e-04	4.187317e-04
-1.800000e+00	-1.700000e+00	7.159392e-03	4.550489e-04	4.550489e-04
-1.700000e+00	-1.600000e+00	1.001497e-02	4.970285e-04	4.970285e-04
-1.600000e+00	-1.500000e+00	9.319482e-03	5.286841e-04	5.286841e-04
-1.500000e+00	-1.400000e+00	1.100501e-02	5.759568e-04	5.759568e-04
-1.400000e+00	-1.300000e+00	1.207687e-02	6.181730e-04	6.181730e-04
-1.300000e+00	-1.200000e+00	1.066954e-02	6.536518e-04	6.536518e-04
-1.200000e+00	-1.100000e+00	1.198687e-02	6.968301e-04	6.968301e-04
-1.100000e+00	-1.000000e+00	1.281327e-02	7.313773e-04	7.313773e-04
-1.000000e+00	-9.000000e-01	1.199505e-02	7.733766e-04	7.733766e-04
-9.000000e-01	-8.000000e-01	1.414696e-02	8.204632e-04	8.204632e-04
-8.000000e-01	-7.000000e-01	1.098864e-02	8.441913e-04	8.441913e-04
-7.000000e-01	-6.000000e-01	1.095591e-02	8.764849e-04	8.764849e-04
-6.000000e-01	-5.000000e-01	1.205232e-02	9.080725e-04	9.080725e-04
-5.000000e-01	-4.000000e-01	1.080045e-02	9.263566e-04	9.263566e-04
-4.000000e-01	-3.000000e-01	1.037498e-02	9.434001e-04	9.434001e-04
-3.000000e-01	-2.000000e-01	1.084955e-02	9.725421e-04	9.725421e-04
-2.000000e-01	-1.000000e-01	9.605858e-03	9.707506e-04	9.707506e-04
-1.000000e-01	0.000000e+00	9.303118e-03	9.740897e-04	9.740897e-04
0.000000e+00	1.000000e-01	1.211778e-02	9.844130e-04	9.844130e-04
1.000000e-01	2.000000e-01	1.059590e-02	9.702333e-04	9.702333e-04
2.000000e-01	3.000000e-01	9.916780e-03	9.739179e-04	9.739179e-04
3.000000e-01	4.000000e-01	1.089864e-02	9.533535e-04	9.533535e-04
4.000000e-01	5.000000e-01	1.188050e-02	9.339141e-04	9.339141e-04
5.000000e-01	6.000000e-01	1.244507e-02	9.065968e-04	9.065968e-04
6.000000e-01	7.000000e-01	1.253507e-02	8.789638e-04	8.789638e-04
7.000000e-01	8.000000e-01	1.300146e-02	8.450633e-04	8.450633e-04
8.000000e-01	9.000000e-01	1.251871e-02	8.222157e-04	8.222157e-04
9.000000e-01	1.000000e+00	1.311601e-02	7.758398e-04	7.758398e-04
1.000000e+00	1.100000e+00	1.225688e-02	7.381199e-04	7.381199e-04
1.100000e+00	1.200000e+00	1.235506e-02	7.017605e-04	7.017605e-04
1.200000e+00	1.300000e+00	1.184777e-02	6.554928e-04	6.554928e-04
1.300000e+00	1.400000e+00	1.188050e-02	6.211980e-04	6.211980e-04
1.400000e+00	1.500000e+00	1.097228e-02	5.708194e-04	5.708194e-04
1.500000e+00	1.600000e+00	1.029316e-02	5.390300e-04	5.390300e-04
1.600000e+00	1.700000e+00	8.885828e-03	4.932425e-04	4.932425e-04
1.700000e+00	1.800000e+00	8.206708e-03	4.617669e-04	4.617669e-04
1.800000e+00	1.900000e+00	7.593046e-03	4.232637e-04	4.232637e-04
1.900000e+00	2.000000e+00	7.167574e-03	3.991688e-04	3.991688e-04
2.000000e+00	2.100000e+00	6.202079e-03	3.579637e-04	3.579637e-04
2.100000e+00	2.200000e+00	5.522959e-03	3.263647e-04	3.263647e-04
2.200000e+00	2.300000e+00	4.966572e-03	3.027400e-04	3.027400e-04
2.300000e+00	2.400000e+00	4.500189e-03	2.796337e-04	2.796337e-04
2.400000e+00	2.500000e+00	3.927438e-03	2.500584e-04	2.500584e-04
# END HISTO1D


# BEGIN HISTO1D //eos/home-y/yiyu/monobc/C600.yoda.gz/JetMETAnalysis/jet_eta
ErrorBars=1
LineColor=red
LineStyle=dashed
Path=//eos/home-y/yiyu/monobc/C600.yoda.gz/JetMETAnalysis/jet_eta
ScaledBy=5.90211502197280713e-06
Title=C600
# xlow	 xhigh	 val	 errminus	 errplus
-2.500000e+00	-2.400000e+00	1.165088e+02	3.448914e+00	3.448914e+00
-2.400000e+00	-2.300000e+00	1.433126e+02	3.812640e+00	3.812640e+00
-2.300000e+00	-2.200000e+00	1.800946e+02	4.265186e+00	4.265186e+00
-2.200000e+00	-2.100000e+00	2.017138e+02	4.546463e+00	4.546463e+00
-2.100000e+00	-2.000000e+00	2.528759e+02	5.055729e+00	5.055729e+00
-2.000000e+00	-1.900000e+00	2.849623e+02	5.369655e+00	5.369655e+00
-1.900000e+00	-1.800000e+00	3.448307e+02	5.880048e+00	5.880048e+00
-1.800000e+00	-1.700000e+00	3.829822e+02	6.215502e+00	6.215502e+00
-1.700000e+00	-1.600000e+00	4.457854e+02	6.667142e+00	6.667142e+00
-1.600000e+00	-1.500000e+00	4.924476e+02	7.006571e+00	7.006571e+00
-1.500000e+00	-1.400000e+00	5.717832e+02	7.554039e+00	7.554039e+00
-1.400000e+00	-1.300000e+00	6.212823e+02	7.859501e+00	7.859501e+00
-1.300000e+00	-1.200000e+00	6.863354e+02	8.250947e+00	8.250947e+00
-1.200000e+00	-1.100000e+00	7.432692e+02	8.590736e+00	8.590736e+00
-1.100000e+00	-1.000000e+00	7.875836e+02	8.851345e+00	8.851345e+00
-1.000000e+00	-9.000000e-01	8.601693e+02	9.221986e+00	9.221986e+00
-9.000000e-01	-8.000000e-01	9.089836e+02	9.486438e+00	9.486438e+00
-8.000000e-01	-7.000000e-01	9.821562e+02	9.846785e+00	9.846785e+00
-7.000000e-01	-6.000000e-01	1.004851e+03	9.979040e+00	9.979040e+00
-6.000000e-01	-5.000000e-01	1.050144e+03	1.018736e+01	1.018736e+01
-5.000000e-01	-4.000000e-01	1.064524e+03	1.024870e+01	1.024870e+01
-4.000000e-01	-3.000000e-01	1.103850e+03	1.043103e+01	1.043103e+01
-3.000000e-01	-2.000000e-01	1.149925e+03	1.064848e+01	1.064848e+01
-2.000000e-01	-1.000000e-01	1.167142e+03	1.072460e+01	1.072460e+01
-1.000000e-01	0.000000e+00	1.160588e+03	1.071254e+01	1.071254e+01
0.000000e+00	1.000000e-01	1.149142e+03	1.065657e+01	1.065657e+01
1.000000e-01	2.000000e-01	1.139556e+03	1.060165e+01	1.060165e+01
2.000000e-01	3.000000e-01	1.142979e+03	1.061383e+01	1.061383e+01
3.000000e-01	4.000000e-01	1.123806e+03	1.053055e+01	1.053055e+01
4.000000e-01	5.000000e-01	1.093774e+03	1.039196e+01	1.039196e+01
5.000000e-01	6.000000e-01	1.050438e+03	1.018783e+01	1.018783e+01
6.000000e-01	7.000000e-01	1.010525e+03	9.998201e+00	9.998201e+00
7.000000e-01	8.000000e-01	9.785367e+02	9.835602e+00	9.835602e+00
8.000000e-01	9.000000e-01	9.263963e+02	9.568799e+00	9.568799e+00
9.000000e-01	1.000000e+00	8.603649e+02	9.242716e+00	9.242716e+00
1.000000e+00	1.100000e+00	8.056811e+02	8.933669e+00	8.933669e+00
1.100000e+00	1.200000e+00	7.527582e+02	8.653444e+00	8.653444e+00
1.200000e+00	1.300000e+00	6.674553e+02	8.153527e+00	8.153527e+00
1.300000e+00	1.400000e+00	6.204019e+02	7.863761e+00	7.863761e+00
1.400000e+00	1.500000e+00	5.693376e+02	7.531838e+00	7.531838e+00
1.500000e+00	1.600000e+00	4.933281e+02	7.018171e+00	7.018171e+00
1.600000e+00	1.700000e+00	4.335574e+02	6.598611e+00	6.598611e+00
1.700000e+00	1.800000e+00	3.937429e+02	6.282881e+00	6.282881e+00
1.800000e+00	1.900000e+00	3.387656e+02	5.822808e+00	5.822808e+00
1.900000e+00	2.000000e+00	2.895600e+02	5.407836e+00	5.407836e+00
2.000000e+00	2.100000e+00	2.531693e+02	5.062349e+00	5.062349e+00
2.100000e+00	2.200000e+00	2.047463e+02	4.560125e+00	4.560125e+00
2.200000e+00	2.300000e+00	1.691383e+02	4.126053e+00	4.126053e+00
2.300000e+00	2.400000e+00	1.405736e+02	3.784929e+00	3.784929e+00
2.400000e+00	2.500000e+00	1.210087e+02	3.514876e+00	3.514876e+00
# END HISTO1D


# BEGIN HISTO1D //eos/home-y/yiyu/monobc/C1000.yoda.gz/JetMETAnalysis/jet_eta
ErrorBars=1
LineColor=blue
LineStyle=dashed
Path=//eos/home-y/yiyu/monobc/C1000.yoda.gz/JetMETAnalysis/jet_eta
ScaledBy=4.98836569259182364e-06
Title=C1000
# xlow	 xhigh	 val	 errminus	 errplus
-2.500000e+00	-2.400000e+00	1.018355e+01	3.409894e-01	3.409894e-01
-2.400000e+00	-2.300000e+00	1.163686e+01	3.668693e-01	3.668693e-01
-2.300000e+00	-2.200000e+00	1.429434e+01	4.064445e-01	4.064445e-01
-2.200000e+00	-2.100000e+00	1.762657e+01	4.503394e-01	4.503394e-01
-2.100000e+00	-2.000000e+00	2.105223e+01	4.906499e-01	4.906499e-01
-2.000000e+00	-1.900000e+00	2.551597e+01	5.378007e-01	5.378007e-01
-1.900000e+00	-1.800000e+00	3.137073e+01	5.952454e-01	5.952454e-01
-1.800000e+00	-1.700000e+00	3.739158e+01	6.467820e-01	6.467820e-01
-1.700000e+00	-1.600000e+00	4.064077e+01	6.787318e-01	6.787318e-01
-1.600000e+00	-1.500000e+00	4.918415e+01	7.413362e-01	7.413362e-01
-1.500000e+00	-1.400000e+00	5.702164e+01	7.974307e-01	7.974307e-01
-1.400000e+00	-1.300000e+00	6.355116e+01	8.412919e-01	8.412919e-01
-1.300000e+00	-1.200000e+00	7.072428e+01	8.872382e-01	8.872382e-01
-1.200000e+00	-1.100000e+00	8.172791e+01	9.467024e-01	9.467024e-01
-1.100000e+00	-1.000000e+00	8.958616e+01	9.953651e-01	9.953651e-01
-1.000000e+00	-9.000000e-01	9.704995e+01	1.029165e+00	1.029165e+00
-9.000000e-01	-8.000000e-01	1.061747e+02	1.077403e+00	1.077403e+00
-8.000000e-01	-7.000000e-01	1.142301e+02	1.114473e+00	1.114473e+00
-7.000000e-01	-6.000000e-01	1.215382e+02	1.148661e+00	1.148661e+00
-6.000000e-01	-5.000000e-01	1.283169e+02	1.178070e+00	1.178070e+00
-5.000000e-01	-4.000000e-01	1.300712e+02	1.191938e+00	1.191938e+00
-4.000000e-01	-3.000000e-01	1.377426e+02	1.220040e+00	1.220040e+00
-3.000000e-01	-2.000000e-01	1.396423e+02	1.230462e+00	1.230462e+00
-2.000000e-01	-1.000000e-01	1.418430e+02	1.240058e+00	1.240058e+00
-1.000000e-01	0.000000e+00	1.460888e+02	1.260100e+00	1.260100e+00
0.000000e+00	1.000000e-01	1.466389e+02	1.259031e+00	1.259031e+00
1.000000e-01	2.000000e-01	1.424763e+02	1.240015e+00	1.240015e+00
2.000000e-01	3.000000e-01	1.404728e+02	1.234310e+00	1.234310e+00
3.000000e-01	4.000000e-01	1.372443e+02	1.221806e+00	1.221806e+00
4.000000e-01	5.000000e-01	1.316076e+02	1.194738e+00	1.194738e+00
5.000000e-01	6.000000e-01	1.265833e+02	1.174268e+00	1.174268e+00
6.000000e-01	7.000000e-01	1.207908e+02	1.144808e+00	1.144808e+00
7.000000e-01	8.000000e-01	1.123824e+02	1.106321e+00	1.106321e+00
8.000000e-01	9.000000e-01	1.036210e+02	1.063511e+00	1.063511e+00
9.000000e-01	1.000000e+00	9.716413e+01	1.030473e+00	1.030473e+00
1.000000e+00	1.100000e+00	8.636812e+01	9.756832e-01	9.756832e-01
1.100000e+00	1.200000e+00	7.807387e+01	9.316717e-01	9.316717e-01
1.200000e+00	1.300000e+00	7.291462e+01	8.960006e-01	8.960006e-01
1.300000e+00	1.400000e+00	6.341621e+01	8.400742e-01	8.400742e-01
1.400000e+00	1.500000e+00	5.654413e+01	7.949945e-01	7.949945e-01
1.500000e+00	1.600000e+00	4.884159e+01	7.409727e-01	7.409727e-01
1.600000e+00	1.700000e+00	4.214598e+01	6.903026e-01	6.903026e-01
1.700000e+00	1.800000e+00	3.538809e+01	6.301572e-01	6.301572e-01
1.800000e+00	1.900000e+00	3.128768e+01	5.970530e-01	5.970530e-01
1.900000e+00	2.000000e+00	2.527721e+01	5.358938e-01	5.358938e-01
2.000000e+00	2.100000e+00	2.075119e+01	4.885590e-01	4.885590e-01
2.100000e+00	2.200000e+00	1.765771e+01	4.530829e-01	4.530829e-01
2.200000e+00	2.300000e+00	1.391025e+01	4.004346e-01	4.004346e-01
2.300000e+00	2.400000e+00	1.194828e+01	3.709588e-01	3.709588e-01
2.400000e+00	2.500000e+00	8.834047e+00	3.244722e-01	3.244722e-01
# END HISTO1D


# BEGIN HISTO1D //eos/home-y/yiyu/monobc/C1500.yoda.gz/JetMETAnalysis/jet_eta
ErrorBars=1
LineColor=green
LineStyle=dashed
Path=//eos/home-y/yiyu/monobc/C1500.yoda.gz/JetMETAnalysis/jet_eta
ScaledBy=4.29919801299068407e-06
Title=C1500
# xlow	 xhigh	 val	 errminus	 errplus
-2.500000e+00	-2.400000e+00	6.350233e-01	2.714033e-02	2.714033e-02
-2.400000e+00	-2.300000e+00	7.741576e-01	3.024535e-02	3.024535e-02
-2.300000e+00	-2.200000e+00	1.028345e+00	3.411393e-02	3.411393e-02
-2.200000e+00	-2.100000e+00	1.186209e+00	3.679505e-02	3.679505e-02
-2.100000e+00	-2.000000e+00	1.479640e+00	4.128770e-02	4.128770e-02
-2.000000e+00	-1.900000e+00	1.772179e+00	4.522314e-02	4.522314e-02
-1.900000e+00	-1.800000e+00	2.045096e+00	4.887505e-02	4.887505e-02
-1.800000e+00	-1.700000e+00	2.479445e+00	5.357262e-02	5.357262e-02
-1.700000e+00	-1.600000e+00	3.053820e+00	5.879691e-02	5.879691e-02
-1.600000e+00	-1.500000e+00	3.510466e+00	6.331767e-02	6.331767e-02
-1.500000e+00	-1.400000e+00	3.981382e+00	6.771293e-02	6.771293e-02
-1.400000e+00	-1.300000e+00	4.537919e+00	7.147346e-02	7.147346e-02
-1.300000e+00	-1.200000e+00	5.292455e+00	7.729112e-02	7.729112e-02
-1.200000e+00	-1.100000e+00	6.023802e+00	8.179140e-02	8.179140e-02
-1.100000e+00	-1.000000e+00	6.843446e+00	8.725459e-02	8.725459e-02
-1.000000e+00	-9.000000e-01	7.441902e+00	9.056932e-02	9.056932e-02
-9.000000e-01	-8.000000e-01	8.108141e+00	9.425769e-02	9.425769e-02
-8.000000e-01	-7.000000e-01	8.981298e+00	9.966010e-02	9.966010e-02
-7.000000e-01	-6.000000e-01	9.518214e+00	1.023457e-01	1.023457e-01
-6.000000e-01	-5.000000e-01	1.006672e+01	1.046856e-01	1.046856e-01
-5.000000e-01	-4.000000e-01	1.068034e+01	1.077634e-01	1.077634e-01
-4.000000e-01	-3.000000e-01	1.124580e+01	1.096948e-01	1.096948e-01
-3.000000e-01	-2.000000e-01	1.153209e+01	1.111821e-01	1.111821e-01
-2.000000e-01	-1.000000e-01	1.164626e+01	1.124838e-01	1.124838e-01
-1.000000e-01	0.000000e+00	1.197536e+01	1.135432e-01	1.135432e-01
0.000000e+00	1.000000e-01	1.171404e+01	1.127452e-01	1.127452e-01
1.000000e-01	2.000000e-01	1.171671e+01	1.126428e-01	1.126428e-01
2.000000e-01	3.000000e-01	1.155974e+01	1.114501e-01	1.114501e-01
3.000000e-01	4.000000e-01	1.130377e+01	1.101904e-01	1.101904e-01
4.000000e-01	5.000000e-01	1.039761e+01	1.069743e-01	1.069743e-01
5.000000e-01	6.000000e-01	1.008902e+01	1.049550e-01	1.049550e-01
6.000000e-01	7.000000e-01	9.490565e+00	1.022952e-01	1.022952e-01
7.000000e-01	8.000000e-01	9.022325e+00	9.918805e-02	9.918805e-02
8.000000e-01	9.000000e-01	8.205357e+00	9.500162e-02	9.500162e-02
9.000000e-01	1.000000e+00	7.473118e+00	9.117768e-02	9.117768e-02
1.000000e+00	1.100000e+00	6.682014e+00	8.635194e-02	8.635194e-02
1.100000e+00	1.200000e+00	6.151342e+00	8.287830e-02	8.287830e-02
1.200000e+00	1.300000e+00	5.355779e+00	7.777844e-02	7.777844e-02
1.300000e+00	1.400000e+00	4.629783e+00	7.280220e-02	7.280220e-02
1.400000e+00	1.500000e+00	4.141921e+00	6.843741e-02	6.843741e-02
1.500000e+00	1.600000e+00	3.565763e+00	6.330510e-02	6.330510e-02
1.600000e+00	1.700000e+00	2.957496e+00	5.834874e-02	5.834874e-02
1.700000e+00	1.800000e+00	2.549012e+00	5.385400e-02	5.385400e-02
1.800000e+00	1.900000e+00	2.071853e+00	4.940923e-02	4.940923e-02
1.900000e+00	2.000000e+00	1.789125e+00	4.510866e-02	4.510866e-02
2.000000e+00	2.100000e+00	1.451991e+00	4.141274e-02	4.141274e-02
2.100000e+00	2.200000e+00	1.227236e+00	3.726763e-02	3.726763e-02
2.200000e+00	2.300000e+00	9.730483e-01	3.373879e-02	3.373879e-02
2.300000e+00	2.400000e+00	7.625630e-01	2.999445e-02	2.999445e-02
2.400000e+00	2.500000e+00	6.225368e-01	2.696390e-02	2.696390e-02
# END HISTO1D


# BEGIN HISTO1D //eos/home-y/yiyu/monobc/C2000.yoda.gz/JetMETAnalysis/jet_eta
ErrorBars=1
LineColor=orange
LineStyle=dashed
Path=//eos/home-y/yiyu/monobc/C2000.yoda.gz/JetMETAnalysis/jet_eta
ScaledBy=3.73896889920239138e-06
Title=C2000
# xlow	 xhigh	 val	 errminus	 errplus
-2.500000e+00	-2.400000e+00	4.544024e-02	2.857510e-03	2.857510e-03
-2.400000e+00	-2.300000e+00	6.023696e-02	3.199069e-03	3.199069e-03
-2.300000e+00	-2.200000e+00	7.360174e-02	3.590971e-03	3.590971e-03
-2.200000e+00	-2.100000e+00	8.668013e-02	4.000331e-03	4.000331e-03
-2.100000e+00	-2.000000e+00	1.048180e-01	4.339092e-03	4.339092e-03
-2.000000e+00	-1.900000e+00	1.320249e-01	4.760709e-03	4.760709e-03
-1.900000e+00	-1.800000e+00	1.483490e-01	5.230450e-03	5.230450e-03
-1.800000e+00	-1.700000e+00	1.799472e-01	5.796559e-03	5.796559e-03
-1.700000e+00	-1.600000e+00	2.140274e-01	6.268636e-03	6.268636e-03
-1.600000e+00	-1.500000e+00	2.296832e-01	6.793296e-03	6.793296e-03
-1.500000e+00	-1.400000e+00	2.764600e-01	7.341323e-03	7.341323e-03
-1.400000e+00	-1.300000e+00	3.243822e-01	7.797614e-03	7.797614e-03
-1.300000e+00	-1.200000e+00	3.554076e-01	8.310739e-03	8.310739e-03
-1.200000e+00	-1.100000e+00	4.114442e-01	8.889827e-03	8.889827e-03
-1.100000e+00	-1.000000e+00	4.374101e-01	9.348523e-03	9.348523e-03
-1.000000e+00	-9.000000e-01	4.986971e-01	9.899624e-03	9.899624e-03
-9.000000e-01	-8.000000e-01	5.324909e-01	1.034879e-02	1.034879e-02
-8.000000e-01	-7.000000e-01	5.883366e-01	1.074835e-02	1.074835e-02
-7.000000e-01	-6.000000e-01	6.098157e-01	1.110736e-02	1.110736e-02
-6.000000e-01	-5.000000e-01	6.668069e-01	1.147897e-02	1.147897e-02
-5.000000e-01	-4.000000e-01	7.086196e-01	1.173958e-02	1.173958e-02
-4.000000e-01	-3.000000e-01	7.300987e-01	1.210232e-02	1.210232e-02
-3.000000e-01	-2.000000e-01	7.469001e-01	1.221251e-02	1.221251e-02
-2.000000e-01	-1.000000e-01	7.685702e-01	1.232060e-02	1.232060e-02
-1.000000e-01	0.000000e+00	7.513869e-01	1.236564e-02	1.236564e-02
0.000000e+00	1.000000e-01	7.693339e-01	1.235680e-02	1.235680e-02
1.000000e-01	2.000000e-01	7.554918e-01	1.236454e-02	1.236454e-02
2.000000e-01	3.000000e-01	7.403132e-01	1.223227e-02	1.223227e-02
3.000000e-01	4.000000e-01	7.184522e-01	1.202224e-02	1.202224e-02
4.000000e-01	5.000000e-01	6.836084e-01	1.175200e-02	1.175200e-02
5.000000e-01	6.000000e-01	6.473325e-01	1.142804e-02	1.142804e-02
6.000000e-01	7.000000e-01	6.277627e-01	1.118992e-02	1.118992e-02
7.000000e-01	8.000000e-01	5.873820e-01	1.071524e-02	1.071524e-02
8.000000e-01	9.000000e-01	5.586477e-01	1.035407e-02	1.035407e-02
9.000000e-01	1.000000e+00	4.956423e-01	9.870123e-03	9.870123e-03
1.000000e+00	1.100000e+00	4.688173e-01	9.453699e-03	9.453699e-03
1.100000e+00	1.200000e+00	3.944519e-01	8.839454e-03	8.839454e-03
1.200000e+00	1.300000e+00	3.615172e-01	8.404513e-03	8.404513e-03
1.300000e+00	1.400000e+00	3.263870e-01	7.903827e-03	7.903827e-03
1.400000e+00	1.500000e+00	2.954570e-01	7.325790e-03	7.325790e-03
1.500000e+00	1.600000e+00	2.570810e-01	6.834089e-03	6.834089e-03
1.600000e+00	1.700000e+00	2.072495e-01	6.251896e-03	6.251896e-03
1.700000e+00	1.800000e+00	1.847203e-01	5.719004e-03	5.719004e-03
1.800000e+00	1.900000e+00	1.485400e-01	5.311708e-03	5.311708e-03
1.900000e+00	2.000000e+00	1.262017e-01	4.811168e-03	4.811168e-03
2.000000e+00	2.100000e+00	1.086365e-01	4.428482e-03	4.428482e-03
2.100000e+00	2.200000e+00	9.278974e-02	4.016246e-03	4.016246e-03
2.200000e+00	2.300000e+00	6.462825e-02	3.480135e-03	3.480135e-03
2.300000e+00	2.400000e+00	5.985511e-02	3.302788e-03	3.302788e-03
2.400000e+00	2.500000e+00	5.078615e-02	2.914350e-03	2.914350e-03
# END HISTO1D


# BEGIN HISTO1D //eos/home-y/yiyu/monobc/C2600.yoda.gz/JetMETAnalysis/jet_eta
ErrorBars=1
LineColor=lilac
LineStyle=dashed
Path=//eos/home-y/yiyu/monobc/C2600.yoda.gz/JetMETAnalysis/jet_eta
ScaledBy=3.48760473830657204e-06
Title=C2600
# xlow	 xhigh	 val	 errminus	 errplus
-2.500000e+00	-2.400000e+00	4.596895e-03	3.358349e-04	3.358349e-04
-2.400000e+00	-2.300000e+00	5.096794e-03	3.693305e-04	3.693305e-04
-2.300000e+00	-2.200000e+00	5.933581e-03	4.039972e-04	4.039972e-04
-2.200000e+00	-2.100000e+00	6.303071e-03	4.504388e-04	4.504388e-04
-2.100000e+00	-2.000000e+00	7.672359e-03	4.991895e-04	4.991895e-04
-2.000000e+00	-1.900000e+00	8.096186e-03	5.351556e-04	5.351556e-04
-1.900000e+00	-1.800000e+00	9.106851e-03	5.842156e-04	5.842156e-04
-1.800000e+00	-1.700000e+00	9.813230e-03	6.313368e-04	6.313368e-04
-1.700000e+00	-1.600000e+00	1.213885e-02	7.038663e-04	7.038663e-04
-1.600000e+00	-1.500000e+00	1.261701e-02	7.465333e-04	7.465333e-04
-1.500000e+00	-1.400000e+00	1.316038e-02	8.049922e-04	8.049922e-04
-1.400000e+00	-1.300000e+00	1.480135e-02	8.661228e-04	8.661228e-04
-1.300000e+00	-1.200000e+00	1.318211e-02	9.118878e-04	9.118878e-04
-1.200000e+00	-1.100000e+00	1.393196e-02	9.749183e-04	9.749183e-04
-1.100000e+00	-1.000000e+00	1.425798e-02	1.025916e-03	1.025916e-03
-1.000000e+00	-9.000000e-01	1.414931e-02	1.086628e-03	1.086628e-03
-9.000000e-01	-8.000000e-01	1.605110e-02	1.144174e-03	1.144174e-03
-8.000000e-01	-7.000000e-01	1.374722e-02	1.192096e-03	1.192096e-03
-7.000000e-01	-6.000000e-01	1.033486e-02	1.235204e-03	1.235204e-03
-6.000000e-01	-5.000000e-01	1.133466e-02	1.273431e-03	1.273431e-03
-5.000000e-01	-4.000000e-01	1.231272e-02	1.307475e-03	1.307475e-03
-4.000000e-01	-3.000000e-01	1.352987e-02	1.341096e-03	1.341096e-03
-3.000000e-01	-2.000000e-01	1.170415e-02	1.363800e-03	1.363800e-03
-2.000000e-01	-1.000000e-01	1.033486e-02	1.374668e-03	1.374668e-03
-1.000000e-01	0.000000e+00	1.048701e-02	1.373206e-03	1.373206e-03
0.000000e+00	1.000000e-01	9.878434e-03	1.374668e-03	1.374668e-03
1.000000e-01	2.000000e-01	8.563483e-03	1.362891e-03	1.362891e-03
2.000000e-01	3.000000e-01	9.824097e-03	1.350792e-03	1.350792e-03
3.000000e-01	4.000000e-01	9.932771e-03	1.335404e-03	1.335404e-03
4.000000e-01	5.000000e-01	1.111731e-02	1.299048e-03	1.299048e-03
5.000000e-01	6.000000e-01	1.218232e-02	1.270738e-03	1.270738e-03
6.000000e-01	7.000000e-01	1.288869e-02	1.220826e-03	1.220826e-03
7.000000e-01	8.000000e-01	1.169328e-02	1.189865e-03	1.189865e-03
8.000000e-01	9.000000e-01	1.538819e-02	1.146391e-03	1.146391e-03
9.000000e-01	1.000000e+00	1.352987e-02	1.091670e-03	1.091670e-03
1.000000e+00	1.100000e+00	1.284522e-02	1.024995e-03	1.024995e-03
1.100000e+00	1.200000e+00	1.388849e-02	9.659125e-04	9.659125e-04
1.200000e+00	1.300000e+00	1.374722e-02	9.116287e-04	9.116287e-04
1.300000e+00	1.400000e+00	1.379069e-02	8.593467e-04	8.593467e-04
1.400000e+00	1.500000e+00	1.256267e-02	7.830537e-04	7.830537e-04
1.500000e+00	1.600000e+00	1.145420e-02	7.456627e-04	7.456627e-04
1.600000e+00	1.700000e+00	9.715424e-03	6.823112e-04	6.823112e-04
1.700000e+00	1.800000e+00	9.030780e-03	6.255110e-04	6.255110e-04
1.800000e+00	1.900000e+00	9.085116e-03	5.848218e-04	5.848218e-04
1.900000e+00	2.000000e+00	7.954911e-03	5.357070e-04	5.357070e-04
2.000000e+00	2.100000e+00	7.378940e-03	4.866104e-04	4.866104e-04
2.100000e+00	2.200000e+00	6.085724e-03	4.454293e-04	4.454293e-04
2.200000e+00	2.300000e+00	4.922916e-03	3.991446e-04	3.991446e-04
2.300000e+00	2.400000e+00	4.759906e-03	3.574686e-04	3.574686e-04
2.400000e+00	2.500000e+00	4.183935e-03	3.382876e-04	3.382876e-04
# END HISTO1D


# BEGIN HISTO1D //eos/home-y/yiyu/monobc/D600.yoda.gz/JetMETAnalysis/jet_eta
ErrorBars=1
LineColor=red
LineStyle=dashdotted
Path=//eos/home-y/yiyu/monobc/D600.yoda.gz/JetMETAnalysis/jet_eta
ScaledBy=6.26160614830790851e-06
Title=D600
# xlow	 xhigh	 val	 errminus	 errplus
-2.500000e+00	-2.400000e+00	1.330488e+02	3.759960e+00	3.759960e+00
-2.400000e+00	-2.300000e+00	1.616176e+02	4.169573e+00	4.169573e+00
-2.300000e+00	-2.200000e+00	1.992671e+02	4.607252e+00	4.607252e+00
-2.200000e+00	-2.100000e+00	2.426304e+02	5.066754e+00	5.066754e+00
-2.100000e+00	-2.000000e+00	2.661996e+02	5.316408e+00	5.316408e+00
-2.000000e+00	-1.900000e+00	3.281326e+02	5.855920e+00	5.855920e+00
-1.900000e+00	-1.800000e+00	3.764954e+02	6.296248e+00	6.296248e+00
-1.800000e+00	-1.700000e+00	4.382244e+02	6.776444e+00	6.776444e+00
-1.700000e+00	-1.600000e+00	4.929131e+02	7.173459e+00	7.173459e+00
-1.600000e+00	-1.500000e+00	5.649472e+02	7.665938e+00	7.665938e+00
-1.500000e+00	-1.400000e+00	6.399402e+02	8.175247e+00	8.175247e+00
-1.400000e+00	-1.300000e+00	7.044240e+02	8.587616e+00	8.587616e+00
-1.300000e+00	-1.200000e+00	7.851307e+02	9.042873e+00	9.042873e+00
-1.200000e+00	-1.100000e+00	8.329834e+02	9.293252e+00	9.293252e+00
-1.100000e+00	-1.000000e+00	9.138942e+02	9.730490e+00	9.730490e+00
-1.000000e+00	-9.000000e-01	9.909278e+02	1.011912e+01	1.011912e+01
-9.000000e-01	-8.000000e-01	1.041025e+03	1.038065e+01	1.038065e+01
-8.000000e-01	-7.000000e-01	1.120814e+03	1.076176e+01	1.076176e+01
-7.000000e-01	-6.000000e-01	1.174278e+03	1.101324e+01	1.101324e+01
-6.000000e-01	-5.000000e-01	1.214886e+03	1.119791e+01	1.119791e+01
-5.000000e-01	-4.000000e-01	1.264168e+03	1.142021e+01	1.142021e+01
-4.000000e-01	-3.000000e-01	1.293349e+03	1.154532e+01	1.154532e+01
-3.000000e-01	-2.000000e-01	1.322223e+03	1.167222e+01	1.167222e+01
-2.000000e-01	-1.000000e-01	1.349364e+03	1.178318e+01	1.178318e+01
-1.000000e-01	0.000000e+00	1.360179e+03	1.183255e+01	1.183255e+01
0.000000e+00	1.000000e-01	1.342324e+03	1.177124e+01	1.177124e+01
1.000000e-01	2.000000e-01	1.337222e+03	1.172428e+01	1.172428e+01
2.000000e-01	3.000000e-01	1.337222e+03	1.172960e+01	1.172960e+01
3.000000e-01	4.000000e-01	1.311510e+03	1.163515e+01	1.163515e+01
4.000000e-01	5.000000e-01	1.275391e+03	1.147841e+01	1.147841e+01
5.000000e-01	6.000000e-01	1.246108e+03	1.134201e+01	1.134201e+01
6.000000e-01	7.000000e-01	1.170401e+03	1.098484e+01	1.098484e+01
7.000000e-01	8.000000e-01	1.119079e+03	1.074773e+01	1.074773e+01
8.000000e-01	9.000000e-01	1.071533e+03	1.052357e+01	1.052357e+01
9.000000e-01	1.000000e+00	1.009395e+03	1.021995e+01	1.021995e+01
1.000000e+00	1.100000e+00	9.265461e+02	9.793408e+00	9.793408e+00
1.100000e+00	1.200000e+00	8.348199e+02	9.302209e+00	9.302209e+00
1.200000e+00	1.300000e+00	7.760499e+02	8.986865e+00	8.986865e+00
1.300000e+00	1.400000e+00	7.187083e+02	8.637175e+00	8.637175e+00
1.400000e+00	1.500000e+00	6.315736e+02	8.111327e+00	8.111327e+00
1.500000e+00	1.600000e+00	5.718853e+02	7.728154e+00	7.728154e+00
1.600000e+00	1.700000e+00	5.052589e+02	7.265029e+00	7.265029e+00
1.700000e+00	1.800000e+00	4.326126e+02	6.735611e+00	6.735611e+00
1.800000e+00	1.900000e+00	3.807807e+02	6.329230e+00	6.329230e+00
1.900000e+00	2.000000e+00	3.252757e+02	5.847025e+00	5.847025e+00
2.000000e+00	2.100000e+00	2.798718e+02	5.446024e+00	5.446024e+00
2.100000e+00	2.200000e+00	2.365085e+02	5.010972e+00	5.010972e+00
2.200000e+00	2.300000e+00	1.932472e+02	4.528626e+00	4.528626e+00
2.300000e+00	2.400000e+00	1.629440e+02	4.180793e+00	4.180793e+00
2.400000e+00	2.500000e+00	1.302939e+02	3.713995e+00	3.713995e+00
# END HISTO1D


# BEGIN HISTO1D //eos/home-y/yiyu/monobc/D1000.yoda.gz/JetMETAnalysis/jet_eta
ErrorBars=1
LineColor=blue
LineStyle=dashdotted
Path=//eos/home-y/yiyu/monobc/D1000.yoda.gz/JetMETAnalysis/jet_eta
ScaledBy=5.55495214013862181e-06
Title=D1000
# xlow	 xhigh	 val	 errminus	 errplus
-2.500000e+00	-2.400000e+00	1.119085e+01	3.772363e-01	3.772363e-01
-2.400000e+00	-2.300000e+00	1.467219e+01	4.325028e-01	4.325028e-01
-2.300000e+00	-2.200000e+00	1.784331e+01	4.774746e-01	4.774746e-01
-2.200000e+00	-2.100000e+00	2.091103e+01	5.176689e-01	5.176689e-01
-2.100000e+00	-2.000000e+00	2.559878e+01	5.705591e-01	5.705591e-01
-2.000000e+00	-1.900000e+00	3.055079e+01	6.205436e-01	6.205436e-01
-1.900000e+00	-1.800000e+00	3.658282e+01	6.785664e-01	6.785664e-01
-1.800000e+00	-1.700000e+00	4.511957e+01	7.512287e-01	7.512287e-01
-1.700000e+00	-1.600000e+00	5.123203e+01	7.982570e-01	7.982570e-01
-1.600000e+00	-1.500000e+00	5.825216e+01	8.548740e-01	8.548740e-01
-1.500000e+00	-1.400000e+00	6.724850e+01	9.139091e-01	9.139091e-01
-1.400000e+00	-1.300000e+00	7.819807e+01	9.812665e-01	9.812665e-01
-1.300000e+00	-1.200000e+00	8.711398e+01	1.033168e+00	1.033168e+00
-1.200000e+00	-1.100000e+00	9.545541e+01	1.081486e+00	1.081486e+00
-1.100000e+00	-1.000000e+00	1.071403e+02	1.142563e+00	1.142563e+00
-1.000000e+00	-9.000000e-01	1.192848e+02	1.206023e+00	1.206023e+00
-9.000000e-01	-8.000000e-01	1.262130e+02	1.239544e+00	1.239544e+00
-8.000000e-01	-7.000000e-01	1.365766e+02	1.288115e+00	1.288115e+00
-7.000000e-01	-6.000000e-01	1.468023e+02	1.329866e+00	1.329866e+00
-6.000000e-01	-5.000000e-01	1.561089e+02	1.373521e+00	1.373521e+00
-5.000000e-01	-4.000000e-01	1.613481e+02	1.396681e+00	1.396681e+00
-4.000000e-01	-3.000000e-01	1.688164e+02	1.425588e+00	1.425588e+00
-3.000000e-01	-2.000000e-01	1.732169e+02	1.443395e+00	1.443395e+00
-2.000000e-01	-1.000000e-01	1.782034e+02	1.465000e+00	1.465000e+00
-1.000000e-01	0.000000e+00	1.773187e+02	1.461256e+00	1.461256e+00
0.000000e+00	1.000000e-01	1.772153e+02	1.459674e+00	1.459674e+00
1.000000e-01	2.000000e-01	1.761927e+02	1.456822e+00	1.456822e+00
2.000000e-01	3.000000e-01	1.725390e+02	1.441519e+00	1.441519e+00
3.000000e-01	4.000000e-01	1.672078e+02	1.417695e+00	1.417695e+00
4.000000e-01	5.000000e-01	1.616584e+02	1.397484e+00	1.397484e+00
5.000000e-01	6.000000e-01	1.545004e+02	1.366101e+00	1.366101e+00
6.000000e-01	7.000000e-01	1.468713e+02	1.331552e+00	1.331552e+00
7.000000e-01	8.000000e-01	1.382541e+02	1.294861e+00	1.294861e+00
8.000000e-01	9.000000e-01	1.271092e+02	1.243690e+00	1.243690e+00
9.000000e-01	1.000000e+00	1.176763e+02	1.200317e+00	1.200317e+00
1.000000e+00	1.100000e+00	1.063475e+02	1.142737e+00	1.142737e+00
1.100000e+00	1.200000e+00	9.769588e+01	1.097540e+00	1.097540e+00
1.200000e+00	1.300000e+00	8.747016e+01	1.035401e+00	1.035401e+00
1.300000e+00	1.400000e+00	7.726741e+01	9.753968e-01	9.753968e-01
1.400000e+00	1.500000e+00	6.817916e+01	9.220342e-01	9.220342e-01
1.500000e+00	1.600000e+00	5.925175e+01	8.604920e-01	8.604920e-01
1.600000e+00	1.700000e+00	5.081840e+01	7.990834e-01	7.990834e-01
1.700000e+00	1.800000e+00	4.341912e+01	7.425682e-01	7.425682e-01
1.800000e+00	1.900000e+00	3.681261e+01	6.839919e-01	6.839919e-01
1.900000e+00	2.000000e+00	3.136655e+01	6.314043e-01	6.314043e-01
2.000000e+00	2.100000e+00	2.558729e+01	5.732137e-01	5.732137e-01
2.100000e+00	2.200000e+00	2.102593e+01	5.194510e-01	5.194510e-01
2.200000e+00	2.300000e+00	1.690117e+01	4.702312e-01	4.702312e-01
2.300000e+00	2.400000e+00	1.344281e+01	4.168042e-01	4.168042e-01
2.400000e+00	2.500000e+00	1.101851e+01	3.760094e-01	3.760094e-01
# END HISTO1D


# BEGIN HISTO1D //eos/home-y/yiyu/monobc/D1500.yoda.gz/JetMETAnalysis/jet_eta
ErrorBars=1
LineColor=green
LineStyle=dashdotted
Path=//eos/home-y/yiyu/monobc/D1500.yoda.gz/JetMETAnalysis/jet_eta
ScaledBy=5.09488537008347615e-06
Title=D1500
# xlow	 xhigh	 val	 errminus	 errplus
-2.500000e+00	-2.400000e+00	7.355911e-01	3.278829e-02	3.278829e-02
-2.400000e+00	-2.300000e+00	9.600623e-01	3.655222e-02	3.655222e-02
-2.300000e+00	-2.200000e+00	1.167672e+00	4.040542e-02	4.040542e-02
-2.200000e+00	-2.100000e+00	1.582891e+00	4.698824e-02	4.698824e-02
-2.100000e+00	-2.000000e+00	1.850570e+00	5.123949e-02	5.123949e-02
-2.000000e+00	-1.900000e+00	2.213096e+00	5.588416e-02	5.588416e-02
-1.900000e+00	-1.800000e+00	2.688385e+00	6.076826e-02	6.076826e-02
-1.800000e+00	-1.700000e+00	3.252198e+00	6.660166e-02	6.660166e-02
-1.700000e+00	-1.600000e+00	3.819172e+00	7.258608e-02	7.258608e-02
-1.600000e+00	-1.500000e+00	4.418816e+00	7.817732e-02	7.817732e-02
-1.500000e+00	-1.400000e+00	5.204992e+00	8.422276e-02	8.422276e-02
-1.400000e+00	-1.300000e+00	6.006976e+00	8.978205e-02	8.978205e-02
-1.300000e+00	-1.200000e+00	6.797367e+00	9.587188e-02	9.587188e-02
-1.200000e+00	-1.100000e+00	7.499235e+00	1.010273e-01	1.010273e-01
-1.100000e+00	-1.000000e+00	8.700630e+00	1.078543e-01	1.078543e-01
-1.000000e+00	-9.000000e-01	9.520530e+00	1.120957e-01	1.120957e-01
-9.000000e-01	-8.000000e-01	1.031514e+01	1.174092e-01	1.174092e-01
-8.000000e-01	-7.000000e-01	1.136899e+01	1.227278e-01	1.227278e-01
-7.000000e-01	-6.000000e-01	1.220786e+01	1.266645e-01	1.266645e-01
-6.000000e-01	-5.000000e-01	1.282542e+01	1.300988e-01	1.300988e-01
-5.000000e-01	-4.000000e-01	1.377178e+01	1.340511e-01	1.340511e-01
-4.000000e-01	-3.000000e-01	1.419859e+01	1.355874e-01	1.355874e-01
-3.000000e-01	-2.000000e-01	1.482985e+01	1.385810e-01	1.385810e-01
-2.000000e-01	-1.000000e-01	1.507751e+01	1.405031e-01	1.405031e-01
-1.000000e-01	0.000000e+00	1.489203e+01	1.397104e-01	1.397104e-01
0.000000e+00	1.000000e-01	1.478770e+01	1.391249e-01	1.391249e-01
1.000000e-01	2.000000e-01	1.473922e+01	1.382841e-01	1.382841e-01
2.000000e-01	3.000000e-01	1.447470e+01	1.376038e-01	1.376038e-01
3.000000e-01	4.000000e-01	1.386768e+01	1.349552e-01	1.349552e-01
4.000000e-01	5.000000e-01	1.345141e+01	1.335115e-01	1.335115e-01
5.000000e-01	6.000000e-01	1.282226e+01	1.299665e-01	1.299665e-01
6.000000e-01	7.000000e-01	1.207297e+01	1.265153e-01	1.265153e-01
7.000000e-01	8.000000e-01	1.116138e+01	1.220608e-01	1.220608e-01
8.000000e-01	9.000000e-01	1.034359e+01	1.172624e-01	1.172624e-01
9.000000e-01	1.000000e+00	9.371936e+00	1.127428e-01	1.127428e-01
1.000000e+00	1.100000e+00	8.591029e+00	1.074106e-01	1.074106e-01
1.100000e+00	1.200000e+00	7.645721e+00	1.013511e-01	1.013511e-01
1.200000e+00	1.300000e+00	6.872191e+00	9.669661e-02	9.669661e-02
1.300000e+00	1.400000e+00	5.876298e+00	9.069281e-02	9.069281e-02
1.400000e+00	1.500000e+00	5.118576e+00	8.431502e-02	8.431502e-02
1.500000e+00	1.600000e+00	4.318699e+00	7.765706e-02	7.765706e-02
1.600000e+00	1.700000e+00	3.709571e+00	7.206399e-02	7.206399e-02
1.700000e+00	1.800000e+00	3.229013e+00	6.696751e-02	6.696751e-02
1.800000e+00	1.900000e+00	2.658877e+00	6.060356e-02	6.060356e-02
1.900000e+00	2.000000e+00	2.194127e+00	5.578470e-02	5.578470e-02
2.000000e+00	2.100000e+00	1.786285e+00	5.105491e-02	5.105491e-02
2.100000e+00	2.200000e+00	1.455374e+00	4.553582e-02	4.553582e-02
2.200000e+00	2.300000e+00	1.262519e+00	4.143676e-02	4.143676e-02
2.300000e+00	2.400000e+00	1.029617e+00	3.809946e-02	3.809946e-02
2.400000e+00	2.500000e+00	7.619374e-01	3.327580e-02	3.327580e-02
# END HISTO1D


# BEGIN HISTO1D //eos/home-y/yiyu/monobc/D2000.yoda.gz/JetMETAnalysis/jet_eta
ErrorBars=1
LineColor=orange
LineStyle=dashdotted
Path=//eos/home-y/yiyu/monobc/D2000.yoda.gz/JetMETAnalysis/jet_eta
ScaledBy=4.61553418144346189e-06
Title=D2000
# xlow	 xhigh	 val	 errminus	 errplus
-2.500000e+00	-2.400000e+00	6.791728e-02	3.826855e-03	3.826855e-03
-2.400000e+00	-2.300000e+00	7.874638e-02	4.163256e-03	4.163256e-03
-2.300000e+00	-2.200000e+00	9.393066e-02	4.610172e-03	4.610172e-03
-2.200000e+00	-2.100000e+00	1.159420e-01	5.044976e-03	5.044976e-03
-2.100000e+00	-2.000000e+00	1.452512e-01	5.637690e-03	5.637690e-03
-2.000000e+00	-1.900000e+00	1.672625e-01	6.306975e-03	6.306975e-03
-1.900000e+00	-1.800000e+00	2.045758e-01	6.757687e-03	6.757687e-03
-1.800000e+00	-1.700000e+00	2.297652e-01	7.394060e-03	7.394060e-03
-1.700000e+00	-1.600000e+00	2.875596e-01	8.079064e-03	8.079064e-03
-1.600000e+00	-1.500000e+00	2.919148e-01	8.617610e-03	8.617610e-03
-1.500000e+00	-1.400000e+00	3.706612e-01	9.310812e-03	9.310812e-03
-1.400000e+00	-1.300000e+00	4.271608e-01	1.006176e-02	1.006176e-02
-1.300000e+00	-1.200000e+00	4.761272e-01	1.066342e-02	1.066342e-02
-1.200000e+00	-1.100000e+00	5.345102e-01	1.139699e-02	1.139699e-02
-1.100000e+00	-1.000000e+00	5.892442e-01	1.204420e-02	1.204420e-02
-1.000000e+00	-9.000000e-01	6.515115e-01	1.267914e-02	1.267914e-02
-9.000000e-01	-8.000000e-01	7.207236e-01	1.318167e-02	1.318167e-02
-8.000000e-01	-7.000000e-01	7.640400e-01	1.372543e-02	1.372543e-02
-7.000000e-01	-6.000000e-01	8.177146e-01	1.433184e-02	1.433184e-02
-6.000000e-01	-5.000000e-01	8.884569e-01	1.479093e-02	1.479093e-02
-5.000000e-01	-4.000000e-01	9.072901e-01	1.510973e-02	1.510973e-02
-4.000000e-01	-3.000000e-01	9.821521e-01	1.551152e-02	1.551152e-02
-3.000000e-01	-2.000000e-01	1.011814e+00	1.571297e-02	1.571297e-02
-2.000000e-01	-1.000000e-01	1.009225e+00	1.579388e-02	1.579388e-02
-1.000000e-01	0.000000e+00	1.010049e+00	1.597574e-02	1.597574e-02
0.000000e+00	1.000000e-01	1.021466e+00	1.591274e-02	1.591274e-02
1.000000e-01	2.000000e-01	9.840355e-01	1.577545e-02	1.577545e-02
2.000000e-01	3.000000e-01	9.659085e-01	1.558193e-02	1.558193e-02
3.000000e-01	4.000000e-01	9.573158e-01	1.542419e-02	1.542419e-02
4.000000e-01	5.000000e-01	9.037589e-01	1.515277e-02	1.515277e-02
5.000000e-01	6.000000e-01	8.851611e-01	1.474214e-02	1.474214e-02
6.000000e-01	7.000000e-01	8.154782e-01	1.431975e-02	1.431975e-02
7.000000e-01	8.000000e-01	7.729858e-01	1.376374e-02	1.376374e-02
8.000000e-01	9.000000e-01	7.361433e-01	1.324407e-02	1.324407e-02
9.000000e-01	1.000000e+00	6.464501e-01	1.266219e-02	1.266219e-02
1.000000e+00	1.100000e+00	5.788859e-01	1.201540e-02	1.201540e-02
1.100000e+00	1.200000e+00	5.133228e-01	1.127108e-02	1.127108e-02
1.200000e+00	1.300000e+00	4.512909e-01	1.068744e-02	1.068744e-02
1.300000e+00	1.400000e+00	4.073860e-01	1.007277e-02	1.007277e-02
1.400000e+00	1.500000e+00	3.555946e-01	9.418814e-03	9.418814e-03
1.500000e+00	1.600000e+00	3.195761e-01	8.629660e-03	8.629660e-03
1.600000e+00	1.700000e+00	2.708452e-01	8.029176e-03	8.029176e-03
1.700000e+00	1.800000e+00	2.383579e-01	7.364960e-03	7.364960e-03
1.800000e+00	1.900000e+00	1.929227e-01	6.803662e-03	6.803662e-03
1.900000e+00	2.000000e+00	1.541969e-01	6.070791e-03	6.070791e-03
2.000000e+00	2.100000e+00	1.406606e-01	5.629082e-03	5.629082e-03
2.100000e+00	2.200000e+00	1.102920e-01	4.995297e-03	4.995297e-03
2.200000e+00	2.300000e+00	8.510259e-02	4.575480e-03	4.575480e-03
2.300000e+00	2.400000e+00	7.709847e-02	4.123127e-03	4.123127e-03
2.400000e+00	2.500000e+00	5.908921e-02	3.696094e-03	3.696094e-03
# END HISTO1D


# BEGIN HISTO1D //eos/home-y/yiyu/monobc/D2600.yoda.gz/JetMETAnalysis/jet_eta
ErrorBars=1
LineColor=lilac
LineStyle=dashdotted
Path=//eos/home-y/yiyu/monobc/D2600.yoda.gz/JetMETAnalysis/jet_eta
ScaledBy=4.26955399294807099e-06
Title=D2600
# xlow	 xhigh	 val	 errminus	 errplus
-2.500000e+00	-2.400000e+00	5.133431e-03	4.073846e-04	4.073846e-04
-2.400000e+00	-2.300000e+00	5.964809e-03	4.498432e-04	4.498432e-04
-2.300000e+00	-2.200000e+00	6.888563e-03	5.076787e-04	5.076787e-04
-2.200000e+00	-2.100000e+00	7.508798e-03	5.702041e-04	5.702041e-04
-2.100000e+00	-2.000000e+00	8.551320e-03	6.175615e-04	6.175615e-04
-2.000000e+00	-1.900000e+00	9.263930e-03	6.728912e-04	6.728912e-04
-1.900000e+00	-1.800000e+00	1.120381e-02	7.384136e-04	7.384136e-04
-1.800000e+00	-1.700000e+00	1.393548e-02	7.985779e-04	7.985779e-04
-1.700000e+00	-1.600000e+00	1.258944e-02	8.623272e-04	8.623272e-04
-1.600000e+00	-1.500000e+00	1.525513e-02	9.422325e-04	9.422325e-04
-1.500000e+00	-1.400000e+00	1.534751e-02	1.014242e-03	1.014242e-03
-1.400000e+00	-1.300000e+00	1.782845e-02	1.099909e-03	1.099909e-03
-1.300000e+00	-1.200000e+00	1.777566e-02	1.173300e-03	1.173300e-03
-1.200000e+00	-1.100000e+00	1.487243e-02	1.251302e-03	1.251302e-03
-1.100000e+00	-1.000000e+00	1.740616e-02	1.316543e-03	1.316543e-03
-1.000000e+00	-9.000000e-01	1.763050e-02	1.399574e-03	1.399574e-03
-9.000000e-01	-8.000000e-01	1.555865e-02	1.462668e-03	1.462668e-03
-8.000000e-01	-7.000000e-01	1.858065e-02	1.507175e-03	1.507175e-03
-7.000000e-01	-6.000000e-01	1.670674e-02	1.556849e-03	1.556849e-03
-6.000000e-01	-5.000000e-01	1.356598e-02	1.627720e-03	1.627720e-03
-5.000000e-01	-4.000000e-01	1.244428e-02	1.675538e-03	1.675538e-03
-4.000000e-01	-3.000000e-01	1.163930e-02	1.721825e-03	1.721825e-03
-3.000000e-01	-2.000000e-01	1.203519e-02	1.732513e-03	1.732513e-03
-2.000000e-01	-1.000000e-01	1.091349e-02	1.756917e-03	1.756917e-03
-1.000000e-01	0.000000e+00	8.458944e-03	1.762854e-03	1.762854e-03
0.000000e+00	1.000000e-01	1.016129e-02	1.770592e-03	1.770592e-03
1.000000e-01	2.000000e-01	6.888563e-03	1.755380e-03	1.755380e-03
2.000000e-01	3.000000e-01	1.198240e-02	1.742735e-03	1.742735e-03
3.000000e-01	4.000000e-01	1.072874e-02	1.708167e-03	1.708167e-03
4.000000e-01	5.000000e-01	1.223314e-02	1.679378e-03	1.679378e-03
5.000000e-01	6.000000e-01	1.289296e-02	1.628309e-03	1.628309e-03
6.000000e-01	7.000000e-01	1.668035e-02	1.581046e-03	1.581046e-03
7.000000e-01	8.000000e-01	1.646921e-02	1.521549e-03	1.521549e-03
8.000000e-01	9.000000e-01	1.747214e-02	1.464631e-03	1.464631e-03
9.000000e-01	1.000000e+00	1.658798e-02	1.386761e-03	1.386761e-03
1.000000e+00	1.100000e+00	1.846188e-02	1.316014e-03	1.316014e-03
1.100000e+00	1.200000e+00	1.739296e-02	1.237377e-03	1.237377e-03
1.200000e+00	1.300000e+00	1.744575e-02	1.179148e-03	1.179148e-03
1.300000e+00	1.400000e+00	1.650880e-02	1.096738e-03	1.096738e-03
1.400000e+00	1.500000e+00	1.438416e-02	1.022195e-03	1.022195e-03
1.500000e+00	1.600000e+00	1.496481e-02	9.418627e-04	9.418627e-04
1.600000e+00	1.700000e+00	1.514956e-02	8.832774e-04	8.832774e-04
1.700000e+00	1.800000e+00	1.248387e-02	7.992319e-04	7.992319e-04
1.800000e+00	1.900000e+00	1.112463e-02	7.410032e-04	7.410032e-04
1.900000e+00	2.000000e+00	1.060997e-02	6.790740e-04	6.790740e-04
2.000000e+00	2.100000e+00	9.237537e-03	6.172794e-04	6.172794e-04
2.100000e+00	2.200000e+00	8.498534e-03	5.718814e-04	5.718814e-04
2.200000e+00	2.300000e+00	6.651026e-03	5.117786e-04	5.117786e-04
2.300000e+00	2.400000e+00	6.822581e-03	4.663794e-04	4.663794e-04
2.400000e+00	2.500000e+00	5.502933e-03	4.183513e-04	4.183513e-04
# END HISTO1D

