# BEGIN PLOT
Legend=1
LogY=1
LegendPlacement=manual
LegendAlign=r
LegendXPos=1.225
RightMargin=2.5
Title=MET $\phi$ distribution
XLabel=$\phi^\mathrm{miss}$ [rad]
YLabel=$\mathrm{d}\sigma/\mathrm{d}\phi^\mathrm{miss}$ [pb/rad]
XMin=0
DrawOnly=//eos/home-y/yiyu/monobc/A600.yoda.gz/JetMETAnalysis/met_phi //eos/home-y/yiyu/monobc/A1000.yoda.gz/JetMETAnalysis/met_phi //eos/home-y/yiyu/monobc/A1500.yoda.gz/JetMETAnalysis/met_phi //eos/home-y/yiyu/monobc/A2000.yoda.gz/JetMETAnalysis/met_phi //eos/home-y/yiyu/monobc/A2600.yoda.gz/JetMETAnalysis/met_phi //eos/home-y/yiyu/monobc/C600.yoda.gz/JetMETAnalysis/met_phi //eos/home-y/yiyu/monobc/C1000.yoda.gz/JetMETAnalysis/met_phi //eos/home-y/yiyu/monobc/C1500.yoda.gz/JetMETAnalysis/met_phi //eos/home-y/yiyu/monobc/C2000.yoda.gz/JetMETAnalysis/met_phi //eos/home-y/yiyu/monobc/C2600.yoda.gz/JetMETAnalysis/met_phi //eos/home-y/yiyu/monobc/D600.yoda.gz/JetMETAnalysis/met_phi //eos/home-y/yiyu/monobc/D1000.yoda.gz/JetMETAnalysis/met_phi //eos/home-y/yiyu/monobc/D1500.yoda.gz/JetMETAnalysis/met_phi //eos/home-y/yiyu/monobc/D2000.yoda.gz/JetMETAnalysis/met_phi //eos/home-y/yiyu/monobc/D2600.yoda.gz/JetMETAnalysis/met_phi
LegendOnly=//eos/home-y/yiyu/monobc/A600.yoda.gz/JetMETAnalysis/met_phi //eos/home-y/yiyu/monobc/A1000.yoda.gz/JetMETAnalysis/met_phi //eos/home-y/yiyu/monobc/A1500.yoda.gz/JetMETAnalysis/met_phi //eos/home-y/yiyu/monobc/A2000.yoda.gz/JetMETAnalysis/met_phi //eos/home-y/yiyu/monobc/A2600.yoda.gz/JetMETAnalysis/met_phi //eos/home-y/yiyu/monobc/C600.yoda.gz/JetMETAnalysis/met_phi //eos/home-y/yiyu/monobc/C1000.yoda.gz/JetMETAnalysis/met_phi //eos/home-y/yiyu/monobc/C1500.yoda.gz/JetMETAnalysis/met_phi //eos/home-y/yiyu/monobc/C2000.yoda.gz/JetMETAnalysis/met_phi //eos/home-y/yiyu/monobc/C2600.yoda.gz/JetMETAnalysis/met_phi //eos/home-y/yiyu/monobc/D600.yoda.gz/JetMETAnalysis/met_phi //eos/home-y/yiyu/monobc/D1000.yoda.gz/JetMETAnalysis/met_phi //eos/home-y/yiyu/monobc/D1500.yoda.gz/JetMETAnalysis/met_phi //eos/home-y/yiyu/monobc/D2000.yoda.gz/JetMETAnalysis/met_phi //eos/home-y/yiyu/monobc/D2600.yoda.gz/JetMETAnalysis/met_phi
RatioPlot=1
RatioPlotReference=//eos/home-y/yiyu/monobc/A600.yoda.gz/JetMETAnalysis/met_phi
RatioPlotYLabel=Ratio
# END PLOT

# BEGIN HISTO1D //eos/home-y/yiyu/monobc/A600.yoda.gz/JetMETAnalysis/met_phi
ErrorBars=1
LineColor=red
LineStyle=solid
Path=//eos/home-y/yiyu/monobc/A600.yoda.gz/JetMETAnalysis/met_phi
ScaledBy=5.21401125168643785e-06
Title=A600
# xlow	 xhigh	 val	 errminus	 errplus
-3.141593e+00	-3.015929e+00	0.000000e+00	0.000000e+00	0.000000e+00
-3.015929e+00	-2.890265e+00	0.000000e+00	0.000000e+00	0.000000e+00
-2.890265e+00	-2.764602e+00	0.000000e+00	0.000000e+00	0.000000e+00
-2.764602e+00	-2.638938e+00	0.000000e+00	0.000000e+00	0.000000e+00
-2.638938e+00	-2.513274e+00	0.000000e+00	0.000000e+00	0.000000e+00
-2.513274e+00	-2.387610e+00	0.000000e+00	0.000000e+00	0.000000e+00
-2.387610e+00	-2.261947e+00	0.000000e+00	0.000000e+00	0.000000e+00
-2.261947e+00	-2.136283e+00	0.000000e+00	0.000000e+00	0.000000e+00
-2.136283e+00	-2.010619e+00	0.000000e+00	0.000000e+00	0.000000e+00
-2.010619e+00	-1.884956e+00	0.000000e+00	0.000000e+00	0.000000e+00
-1.884956e+00	-1.759292e+00	0.000000e+00	0.000000e+00	0.000000e+00
-1.759292e+00	-1.633628e+00	0.000000e+00	0.000000e+00	0.000000e+00
-1.633628e+00	-1.507964e+00	0.000000e+00	0.000000e+00	0.000000e+00
-1.507964e+00	-1.382301e+00	0.000000e+00	0.000000e+00	0.000000e+00
-1.382301e+00	-1.256637e+00	0.000000e+00	0.000000e+00	0.000000e+00
-1.256637e+00	-1.130973e+00	0.000000e+00	0.000000e+00	0.000000e+00
-1.130973e+00	-1.005310e+00	0.000000e+00	0.000000e+00	0.000000e+00
-1.005310e+00	-8.796459e-01	0.000000e+00	0.000000e+00	0.000000e+00
-8.796459e-01	-7.539822e-01	0.000000e+00	0.000000e+00	0.000000e+00
-7.539822e-01	-6.283185e-01	0.000000e+00	0.000000e+00	0.000000e+00
-6.283185e-01	-5.026548e-01	0.000000e+00	0.000000e+00	0.000000e+00
-5.026548e-01	-3.769911e-01	0.000000e+00	0.000000e+00	0.000000e+00
-3.769911e-01	-2.513274e-01	0.000000e+00	0.000000e+00	0.000000e+00
-2.513274e-01	-1.256637e-01	0.000000e+00	0.000000e+00	0.000000e+00
-1.256637e-01	4.440892e-16	0.000000e+00	0.000000e+00	0.000000e+00
4.440892e-16	1.256637e-01	6.872815e+01	2.200618e+00	2.200618e+00
1.256637e-01	2.513274e-01	6.962611e+01	2.203868e+00	2.203868e+00
2.513274e-01	3.769911e-01	6.486004e+01	2.139050e+00	2.139050e+00
3.769911e-01	5.026548e-01	7.190553e+01	2.241433e+00	2.241433e+00
5.026548e-01	6.283185e-01	6.934981e+01	2.212510e+00	2.212510e+00
6.283185e-01	7.539822e-01	6.672502e+01	2.160136e+00	2.160136e+00
7.539822e-01	8.796459e-01	7.231998e+01	2.256284e+00	2.256284e+00
8.796459e-01	1.005310e+00	6.803720e+01	2.191921e+00	2.191921e+00
1.005310e+00	1.130973e+00	6.990280e+01	2.212522e+00	2.212522e+00
1.130973e+00	1.256637e+00	6.831355e+01	2.194099e+00	2.194099e+00
1.256637e+00	1.382301e+00	6.796819e+01	2.182106e+00	2.182106e+00
1.382301e+00	1.507964e+00	6.969557e+01	2.209285e+00	2.209285e+00
1.507964e+00	1.633628e+00	6.713930e+01	2.164543e+00	2.164543e+00
1.633628e+00	1.759292e+00	6.741559e+01	2.171146e+00	2.171146e+00
1.759292e+00	1.884956e+00	6.769188e+01	2.177728e+00	2.177728e+00
1.884956e+00	2.010619e+00	6.624188e+01	2.152403e+00	2.152403e+00
2.010619e+00	2.136283e+00	6.865892e+01	2.190834e+00	2.190834e+00
2.136283e+00	2.261947e+00	6.755374e+01	2.164543e+00	2.164543e+00
2.261947e+00	2.387610e+00	7.149149e+01	2.243573e+00	2.243573e+00
2.387610e+00	2.513274e+00	6.658672e+01	2.157921e+00	2.157921e+00
2.513274e+00	2.638938e+00	6.997131e+01	2.209268e+00	2.209268e+00
2.638938e+00	2.764602e+00	6.548154e+01	2.151277e+00	2.151277e+00
2.764602e+00	2.890265e+00	6.444595e+01	2.130121e+00	2.130121e+00
2.890265e+00	3.015929e+00	6.789911e+01	2.178824e+00	2.178824e+00
3.015929e+00	3.141593e+00	6.631042e+01	2.155708e+00	2.155708e+00
# END HISTO1D


# BEGIN HISTO1D //eos/home-y/yiyu/monobc/A1000.yoda.gz/JetMETAnalysis/met_phi
ErrorBars=1
LineColor=blue
LineStyle=solid
Path=//eos/home-y/yiyu/monobc/A1000.yoda.gz/JetMETAnalysis/met_phi
ScaledBy=4.00138196213606137e-06
Title=A1000
# xlow	 xhigh	 val	 errminus	 errplus
-3.141593e+00	-3.015929e+00	0.000000e+00	0.000000e+00	0.000000e+00
-3.015929e+00	-2.890265e+00	0.000000e+00	0.000000e+00	0.000000e+00
-2.890265e+00	-2.764602e+00	0.000000e+00	0.000000e+00	0.000000e+00
-2.764602e+00	-2.638938e+00	0.000000e+00	0.000000e+00	0.000000e+00
-2.638938e+00	-2.513274e+00	0.000000e+00	0.000000e+00	0.000000e+00
-2.513274e+00	-2.387610e+00	0.000000e+00	0.000000e+00	0.000000e+00
-2.387610e+00	-2.261947e+00	0.000000e+00	0.000000e+00	0.000000e+00
-2.261947e+00	-2.136283e+00	0.000000e+00	0.000000e+00	0.000000e+00
-2.136283e+00	-2.010619e+00	0.000000e+00	0.000000e+00	0.000000e+00
-2.010619e+00	-1.884956e+00	0.000000e+00	0.000000e+00	0.000000e+00
-1.884956e+00	-1.759292e+00	0.000000e+00	0.000000e+00	0.000000e+00
-1.759292e+00	-1.633628e+00	0.000000e+00	0.000000e+00	0.000000e+00
-1.633628e+00	-1.507964e+00	0.000000e+00	0.000000e+00	0.000000e+00
-1.507964e+00	-1.382301e+00	0.000000e+00	0.000000e+00	0.000000e+00
-1.382301e+00	-1.256637e+00	0.000000e+00	0.000000e+00	0.000000e+00
-1.256637e+00	-1.130973e+00	0.000000e+00	0.000000e+00	0.000000e+00
-1.130973e+00	-1.005310e+00	0.000000e+00	0.000000e+00	0.000000e+00
-1.005310e+00	-8.796459e-01	0.000000e+00	0.000000e+00	0.000000e+00
-8.796459e-01	-7.539822e-01	0.000000e+00	0.000000e+00	0.000000e+00
-7.539822e-01	-6.283185e-01	0.000000e+00	0.000000e+00	0.000000e+00
-6.283185e-01	-5.026548e-01	0.000000e+00	0.000000e+00	0.000000e+00
-5.026548e-01	-3.769911e-01	0.000000e+00	0.000000e+00	0.000000e+00
-3.769911e-01	-2.513274e-01	0.000000e+00	0.000000e+00	0.000000e+00
-2.513274e-01	-1.256637e-01	0.000000e+00	0.000000e+00	0.000000e+00
-1.256637e-01	4.440892e-16	0.000000e+00	0.000000e+00	0.000000e+00
4.440892e-16	1.256637e-01	6.116777e+00	2.068354e-01	2.068354e-01
1.256637e-01	2.513274e-01	5.931018e+00	2.040503e-01	2.040503e-01
2.513274e-01	3.769911e-01	6.461758e+00	2.110484e-01	2.110484e-01
3.769911e-01	5.026548e-01	6.514832e+00	2.139481e-01	2.139481e-01
5.026548e-01	6.283185e-01	6.262731e+00	2.102125e-01	2.102125e-01
6.283185e-01	7.539822e-01	6.282633e+00	2.082140e-01	2.082140e-01
7.539822e-01	8.796459e-01	6.428587e+00	2.117770e-01	2.117770e-01
8.796459e-01	1.005310e+00	5.990707e+00	2.030767e-01	2.030767e-01
1.005310e+00	1.130973e+00	6.295937e+00	2.092694e-01	2.092694e-01
1.130973e+00	1.256637e+00	6.567891e+00	2.135357e-01	2.135357e-01
1.256637e+00	1.382301e+00	6.567891e+00	2.125027e-01	2.125027e-01
1.382301e+00	1.507964e+00	6.090274e+00	2.072617e-01	2.072617e-01
1.507964e+00	1.633628e+00	5.990712e+00	2.052328e-01	2.052328e-01
1.633628e+00	1.759292e+00	6.242813e+00	2.082135e-01	2.082135e-01
1.759292e+00	1.884956e+00	6.269350e+00	2.107348e-01	2.107348e-01
1.884956e+00	2.010619e+00	6.428623e+00	2.111538e-01	2.111538e-01
2.010619e+00	2.136283e+00	6.090226e+00	2.064089e-01	2.064089e-01
2.136283e+00	2.261947e+00	6.103494e+00	2.055542e-01	2.055542e-01
2.261947e+00	2.387610e+00	6.468428e+00	2.115703e-01	2.115703e-01
2.387610e+00	2.513274e+00	6.780186e+00	2.180231e-01	2.180231e-01
2.513274e+00	2.638938e+00	6.302521e+00	2.093728e-01	2.093728e-01
2.638938e+00	2.764602e+00	6.149934e+00	2.090573e-01	2.090573e-01
2.764602e+00	2.890265e+00	6.096908e+00	2.069429e-01	2.069429e-01
2.890265e+00	3.015929e+00	5.984078e+00	2.049108e-01	2.049108e-01
3.015929e+00	3.141593e+00	6.302521e+00	2.116726e-01	2.116726e-01
# END HISTO1D


# BEGIN HISTO1D //eos/home-y/yiyu/monobc/A1500.yoda.gz/JetMETAnalysis/met_phi
ErrorBars=1
LineColor=green
LineStyle=solid
Path=//eos/home-y/yiyu/monobc/A1500.yoda.gz/JetMETAnalysis/met_phi
ScaledBy=3.22616518003077697e-06
Title=A1500
# xlow	 xhigh	 val	 errminus	 errplus
-3.141593e+00	-3.015929e+00	0.000000e+00	0.000000e+00	0.000000e+00
-3.015929e+00	-2.890265e+00	0.000000e+00	0.000000e+00	0.000000e+00
-2.890265e+00	-2.764602e+00	0.000000e+00	0.000000e+00	0.000000e+00
-2.764602e+00	-2.638938e+00	0.000000e+00	0.000000e+00	0.000000e+00
-2.638938e+00	-2.513274e+00	0.000000e+00	0.000000e+00	0.000000e+00
-2.513274e+00	-2.387610e+00	0.000000e+00	0.000000e+00	0.000000e+00
-2.387610e+00	-2.261947e+00	0.000000e+00	0.000000e+00	0.000000e+00
-2.261947e+00	-2.136283e+00	0.000000e+00	0.000000e+00	0.000000e+00
-2.136283e+00	-2.010619e+00	0.000000e+00	0.000000e+00	0.000000e+00
-2.010619e+00	-1.884956e+00	0.000000e+00	0.000000e+00	0.000000e+00
-1.884956e+00	-1.759292e+00	0.000000e+00	0.000000e+00	0.000000e+00
-1.759292e+00	-1.633628e+00	0.000000e+00	0.000000e+00	0.000000e+00
-1.633628e+00	-1.507964e+00	0.000000e+00	0.000000e+00	0.000000e+00
-1.507964e+00	-1.382301e+00	0.000000e+00	0.000000e+00	0.000000e+00
-1.382301e+00	-1.256637e+00	0.000000e+00	0.000000e+00	0.000000e+00
-1.256637e+00	-1.130973e+00	0.000000e+00	0.000000e+00	0.000000e+00
-1.130973e+00	-1.005310e+00	0.000000e+00	0.000000e+00	0.000000e+00
-1.005310e+00	-8.796459e-01	0.000000e+00	0.000000e+00	0.000000e+00
-8.796459e-01	-7.539822e-01	0.000000e+00	0.000000e+00	0.000000e+00
-7.539822e-01	-6.283185e-01	0.000000e+00	0.000000e+00	0.000000e+00
-6.283185e-01	-5.026548e-01	0.000000e+00	0.000000e+00	0.000000e+00
-5.026548e-01	-3.769911e-01	0.000000e+00	0.000000e+00	0.000000e+00
-3.769911e-01	-2.513274e-01	0.000000e+00	0.000000e+00	0.000000e+00
-2.513274e-01	-1.256637e-01	0.000000e+00	0.000000e+00	0.000000e+00
-1.256637e-01	4.440892e-16	0.000000e+00	0.000000e+00	0.000000e+00
4.440892e-16	1.256637e-01	4.375143e-01	1.682661e-02	1.682661e-02
1.256637e-01	2.513274e-01	4.177968e-01	1.681817e-02	1.681817e-02
2.513274e-01	3.769911e-01	4.407117e-01	1.675897e-02	1.675897e-02
3.769911e-01	5.026548e-01	4.694885e-01	1.753732e-02	1.753732e-02
5.026548e-01	6.283185e-01	4.092704e-01	1.645975e-02	1.645975e-02
6.283185e-01	7.539822e-01	4.577647e-01	1.704460e-02	1.704460e-02
7.539822e-01	8.796459e-01	4.241916e-01	1.681817e-02	1.681817e-02
8.796459e-01	1.005310e+00	4.364471e-01	1.669099e-02	1.669099e-02
1.005310e+00	1.130973e+00	4.332535e-01	1.662294e-02	1.662294e-02
1.130973e+00	1.256637e+00	4.257893e-01	1.691075e-02	1.691075e-02
1.256637e+00	1.382301e+00	4.449739e-01	1.696105e-02	1.696105e-02
1.382301e+00	1.507964e+00	4.375167e-01	1.682670e-02	1.682670e-02
1.507964e+00	1.633628e+00	4.215261e-01	1.696105e-02	1.696105e-02
1.633628e+00	1.759292e+00	4.252565e-01	1.661427e-02	1.661427e-02
1.759292e+00	1.884956e+00	4.161971e-01	1.665694e-02	1.665694e-02
1.884956e+00	2.010619e+00	4.156675e-01	1.669964e-02	1.669964e-02
2.010619e+00	2.136283e+00	4.183287e-01	1.667398e-02	1.667398e-02
2.136283e+00	2.261947e+00	4.476384e-01	1.701955e-02	1.701955e-02
2.261947e+00	2.387610e+00	4.327205e-01	1.695281e-02	1.695281e-02
2.387610e+00	2.513274e+00	4.577636e-01	1.686029e-02	1.686029e-02
2.513274e+00	2.638938e+00	4.018087e-01	1.626882e-02	1.626882e-02
2.638938e+00	2.764602e+00	4.188616e-01	1.686871e-02	1.686871e-02
2.764602e+00	2.890265e+00	4.119372e-01	1.665708e-02	1.665708e-02
2.890265e+00	3.015929e+00	4.428423e-01	1.672500e-02	1.672500e-02
3.015929e+00	3.141593e+00	4.295197e-01	1.659716e-02	1.659716e-02
# END HISTO1D


# BEGIN HISTO1D //eos/home-y/yiyu/monobc/A2000.yoda.gz/JetMETAnalysis/met_phi
ErrorBars=1
LineColor=orange
LineStyle=solid
Path=//eos/home-y/yiyu/monobc/A2000.yoda.gz/JetMETAnalysis/met_phi
ScaledBy=2.74469287009081753e-06
Title=A2000
# xlow	 xhigh	 val	 errminus	 errplus
-3.141593e+00	-3.015929e+00	0.000000e+00	0.000000e+00	0.000000e+00
-3.015929e+00	-2.890265e+00	0.000000e+00	0.000000e+00	0.000000e+00
-2.890265e+00	-2.764602e+00	0.000000e+00	0.000000e+00	0.000000e+00
-2.764602e+00	-2.638938e+00	0.000000e+00	0.000000e+00	0.000000e+00
-2.638938e+00	-2.513274e+00	0.000000e+00	0.000000e+00	0.000000e+00
-2.513274e+00	-2.387610e+00	0.000000e+00	0.000000e+00	0.000000e+00
-2.387610e+00	-2.261947e+00	0.000000e+00	0.000000e+00	0.000000e+00
-2.261947e+00	-2.136283e+00	0.000000e+00	0.000000e+00	0.000000e+00
-2.136283e+00	-2.010619e+00	0.000000e+00	0.000000e+00	0.000000e+00
-2.010619e+00	-1.884956e+00	0.000000e+00	0.000000e+00	0.000000e+00
-1.884956e+00	-1.759292e+00	0.000000e+00	0.000000e+00	0.000000e+00
-1.759292e+00	-1.633628e+00	0.000000e+00	0.000000e+00	0.000000e+00
-1.633628e+00	-1.507964e+00	0.000000e+00	0.000000e+00	0.000000e+00
-1.507964e+00	-1.382301e+00	0.000000e+00	0.000000e+00	0.000000e+00
-1.382301e+00	-1.256637e+00	0.000000e+00	0.000000e+00	0.000000e+00
-1.256637e+00	-1.130973e+00	0.000000e+00	0.000000e+00	0.000000e+00
-1.130973e+00	-1.005310e+00	0.000000e+00	0.000000e+00	0.000000e+00
-1.005310e+00	-8.796459e-01	0.000000e+00	0.000000e+00	0.000000e+00
-8.796459e-01	-7.539822e-01	0.000000e+00	0.000000e+00	0.000000e+00
-7.539822e-01	-6.283185e-01	0.000000e+00	0.000000e+00	0.000000e+00
-6.283185e-01	-5.026548e-01	0.000000e+00	0.000000e+00	0.000000e+00
-5.026548e-01	-3.769911e-01	0.000000e+00	0.000000e+00	0.000000e+00
-3.769911e-01	-2.513274e-01	0.000000e+00	0.000000e+00	0.000000e+00
-2.513274e-01	-1.256637e-01	0.000000e+00	0.000000e+00	0.000000e+00
-1.256637e-01	4.440892e-16	0.000000e+00	0.000000e+00	0.000000e+00
4.440892e-16	1.256637e-01	3.142694e-02	1.798692e-03	1.798692e-03
1.256637e-01	2.513274e-01	2.802792e-02	1.761188e-03	1.761188e-03
2.513274e-01	3.769911e-01	2.825081e-02	1.716548e-03	1.716548e-03
3.769911e-01	5.026548e-01	2.875230e-02	1.731855e-03	1.731855e-03
5.026548e-01	6.283185e-01	2.886375e-02	1.760306e-03	1.760306e-03
6.283185e-01	7.539822e-01	2.875230e-02	1.756775e-03	1.756775e-03
7.539822e-01	8.796459e-01	3.075828e-02	1.731855e-03	1.731855e-03
8.796459e-01	1.005310e+00	2.930942e-02	1.715638e-03	1.715638e-03
1.005310e+00	1.130973e+00	3.287587e-02	1.790050e-03	1.790050e-03
1.130973e+00	1.256637e+00	3.192835e-02	1.773481e-03	1.773481e-03
1.256637e+00	1.382301e+00	3.053532e-02	1.786563e-03	1.786563e-03
1.382301e+00	1.507964e+00	2.852958e-02	1.760316e-03	1.760316e-03
1.507964e+00	1.633628e+00	3.020099e-02	1.731851e-03	1.731851e-03
1.633628e+00	1.759292e+00	2.752636e-02	1.788300e-03	1.788300e-03
1.759292e+00	1.884956e+00	2.875224e-02	1.777853e-03	1.777853e-03
1.884956e+00	2.010619e+00	3.125994e-02	1.769990e-03	1.769990e-03
2.010619e+00	2.136283e+00	2.925372e-02	1.759420e-03	1.759420e-03
2.136283e+00	2.261947e+00	3.020099e-02	1.713829e-03	1.713829e-03
2.261947e+00	2.387610e+00	2.669075e-02	1.721976e-03	1.721976e-03
2.387610e+00	2.513274e+00	3.109253e-02	1.762065e-03	1.762065e-03
2.513274e+00	2.638938e+00	2.613333e-02	1.729159e-03	1.729159e-03
2.638938e+00	2.764602e+00	2.741492e-02	1.755002e-03	1.755002e-03
2.764602e+00	2.890265e+00	3.332165e-02	1.815882e-03	1.815882e-03
2.890265e+00	3.015929e+00	3.053532e-02	1.733643e-03	1.733643e-03
3.015929e+00	3.141593e+00	2.869651e-02	1.729159e-03	1.729159e-03
# END HISTO1D


# BEGIN HISTO1D //eos/home-y/yiyu/monobc/A2600.yoda.gz/JetMETAnalysis/met_phi
ErrorBars=1
LineColor=lilac
LineStyle=solid
Path=//eos/home-y/yiyu/monobc/A2600.yoda.gz/JetMETAnalysis/met_phi
ScaledBy=2.62727164953756670e-06
Title=A2600
# xlow	 xhigh	 val	 errminus	 errplus
-3.141593e+00	-3.015929e+00	0.000000e+00	0.000000e+00	0.000000e+00
-3.015929e+00	-2.890265e+00	0.000000e+00	0.000000e+00	0.000000e+00
-2.890265e+00	-2.764602e+00	0.000000e+00	0.000000e+00	0.000000e+00
-2.764602e+00	-2.638938e+00	0.000000e+00	0.000000e+00	0.000000e+00
-2.638938e+00	-2.513274e+00	0.000000e+00	0.000000e+00	0.000000e+00
-2.513274e+00	-2.387610e+00	0.000000e+00	0.000000e+00	0.000000e+00
-2.387610e+00	-2.261947e+00	0.000000e+00	0.000000e+00	0.000000e+00
-2.261947e+00	-2.136283e+00	0.000000e+00	0.000000e+00	0.000000e+00
-2.136283e+00	-2.010619e+00	0.000000e+00	0.000000e+00	0.000000e+00
-2.010619e+00	-1.884956e+00	0.000000e+00	0.000000e+00	0.000000e+00
-1.884956e+00	-1.759292e+00	0.000000e+00	0.000000e+00	0.000000e+00
-1.759292e+00	-1.633628e+00	0.000000e+00	0.000000e+00	0.000000e+00
-1.633628e+00	-1.507964e+00	0.000000e+00	0.000000e+00	0.000000e+00
-1.507964e+00	-1.382301e+00	0.000000e+00	0.000000e+00	0.000000e+00
-1.382301e+00	-1.256637e+00	0.000000e+00	0.000000e+00	0.000000e+00
-1.256637e+00	-1.130973e+00	0.000000e+00	0.000000e+00	0.000000e+00
-1.130973e+00	-1.005310e+00	0.000000e+00	0.000000e+00	0.000000e+00
-1.005310e+00	-8.796459e-01	0.000000e+00	0.000000e+00	0.000000e+00
-8.796459e-01	-7.539822e-01	0.000000e+00	0.000000e+00	0.000000e+00
-7.539822e-01	-6.283185e-01	0.000000e+00	0.000000e+00	0.000000e+00
-6.283185e-01	-5.026548e-01	0.000000e+00	0.000000e+00	0.000000e+00
-5.026548e-01	-3.769911e-01	0.000000e+00	0.000000e+00	0.000000e+00
-3.769911e-01	-2.513274e-01	0.000000e+00	0.000000e+00	0.000000e+00
-2.513274e-01	-1.256637e-01	0.000000e+00	0.000000e+00	0.000000e+00
-1.256637e-01	4.440892e-16	0.000000e+00	0.000000e+00	0.000000e+00
4.440892e-16	1.256637e-01	2.083571e-03	2.171254e-04	2.171254e-04
1.256637e-01	2.513274e-01	1.764524e-03	2.026843e-04	2.026843e-04
2.513274e-01	3.769911e-01	1.894747e-03	2.053855e-04	2.053855e-04
3.769911e-01	5.026548e-01	1.790568e-03	2.043508e-04	2.043508e-04
5.026548e-01	6.283185e-01	2.103104e-03	2.080516e-04	2.080516e-04
6.283185e-01	7.539822e-01	1.764524e-03	2.024750e-04	2.024750e-04
7.539822e-01	8.796459e-01	2.142171e-03	2.060038e-04	2.060038e-04
8.796459e-01	1.005310e+00	2.005430e-03	2.044538e-04	2.044538e-04
1.005310e+00	1.130973e+00	1.881735e-03	2.018470e-04	2.018470e-04
1.130973e+00	1.256637e+00	2.031476e-03	2.105829e-04	2.105829e-04
1.256637e+00	1.382301e+00	2.233321e-03	2.055913e-04	2.055913e-04
1.382301e+00	1.507964e+00	2.103115e-03	2.043519e-04	2.043519e-04
1.507964e+00	1.633628e+00	2.239833e-03	2.063118e-04	2.063118e-04
1.633628e+00	1.759292e+00	2.181232e-03	2.082548e-04	2.082548e-04
1.759292e+00	1.884956e+00	1.946831e-03	2.104822e-04	2.104822e-04
1.884956e+00	2.010619e+00	1.979403e-03	2.021618e-04	2.021618e-04
2.010619e+00	2.136283e+00	2.096588e-03	2.077452e-04	2.077452e-04
2.136283e+00	2.261947e+00	1.927298e-03	2.027884e-04	2.027884e-04
2.261947e+00	2.387610e+00	1.790578e-03	2.043519e-04	2.043519e-04
2.387610e+00	2.513274e+00	2.272388e-03	2.045577e-04	2.045577e-04
2.513274e+00	2.638938e+00	1.751498e-03	1.995216e-04	1.995216e-04
2.638938e+00	2.764602e+00	2.122633e-03	2.054882e-04	2.054882e-04
2.764602e+00	2.890265e+00	2.311474e-03	2.066214e-04	2.066214e-04
2.890265e+00	3.015929e+00	1.992409e-03	2.089661e-04	2.089661e-04
3.015929e+00	3.141593e+00	1.855675e-03	2.084583e-04	2.084583e-04
# END HISTO1D


# BEGIN HISTO1D //eos/home-y/yiyu/monobc/C600.yoda.gz/JetMETAnalysis/met_phi
ErrorBars=1
LineColor=red
LineStyle=dashed
Path=//eos/home-y/yiyu/monobc/C600.yoda.gz/JetMETAnalysis/met_phi
ScaledBy=5.90211502197280713e-06
Title=C600
# xlow	 xhigh	 val	 errminus	 errplus
-3.141593e+00	-3.015929e+00	0.000000e+00	0.000000e+00	0.000000e+00
-3.015929e+00	-2.890265e+00	0.000000e+00	0.000000e+00	0.000000e+00
-2.890265e+00	-2.764602e+00	0.000000e+00	0.000000e+00	0.000000e+00
-2.764602e+00	-2.638938e+00	0.000000e+00	0.000000e+00	0.000000e+00
-2.638938e+00	-2.513274e+00	0.000000e+00	0.000000e+00	0.000000e+00
-2.513274e+00	-2.387610e+00	0.000000e+00	0.000000e+00	0.000000e+00
-2.387610e+00	-2.261947e+00	0.000000e+00	0.000000e+00	0.000000e+00
-2.261947e+00	-2.136283e+00	0.000000e+00	0.000000e+00	0.000000e+00
-2.136283e+00	-2.010619e+00	0.000000e+00	0.000000e+00	0.000000e+00
-2.010619e+00	-1.884956e+00	0.000000e+00	0.000000e+00	0.000000e+00
-1.884956e+00	-1.759292e+00	0.000000e+00	0.000000e+00	0.000000e+00
-1.759292e+00	-1.633628e+00	0.000000e+00	0.000000e+00	0.000000e+00
-1.633628e+00	-1.507964e+00	0.000000e+00	0.000000e+00	0.000000e+00
-1.507964e+00	-1.382301e+00	0.000000e+00	0.000000e+00	0.000000e+00
-1.382301e+00	-1.256637e+00	0.000000e+00	0.000000e+00	0.000000e+00
-1.256637e+00	-1.130973e+00	0.000000e+00	0.000000e+00	0.000000e+00
-1.130973e+00	-1.005310e+00	0.000000e+00	0.000000e+00	0.000000e+00
-1.005310e+00	-8.796459e-01	0.000000e+00	0.000000e+00	0.000000e+00
-8.796459e-01	-7.539822e-01	0.000000e+00	0.000000e+00	0.000000e+00
-7.539822e-01	-6.283185e-01	0.000000e+00	0.000000e+00	0.000000e+00
-6.283185e-01	-5.026548e-01	0.000000e+00	0.000000e+00	0.000000e+00
-5.026548e-01	-3.769911e-01	0.000000e+00	0.000000e+00	0.000000e+00
-3.769911e-01	-2.513274e-01	0.000000e+00	0.000000e+00	0.000000e+00
-2.513274e-01	-1.256637e-01	0.000000e+00	0.000000e+00	0.000000e+00
-1.256637e-01	4.440892e-16	0.000000e+00	0.000000e+00	0.000000e+00
4.440892e-16	1.256637e-01	7.535505e+01	2.451844e+00	2.451844e+00
1.256637e-01	2.513274e-01	7.519936e+01	2.436969e+00	2.436969e+00
2.513274e-01	3.769911e-01	7.628921e+01	2.449371e+00	2.449371e+00
3.769911e-01	5.026548e-01	7.667844e+01	2.460479e+00	2.460479e+00
5.026548e-01	6.283185e-01	7.862459e+01	2.500788e+00	2.500788e+00
6.283185e-01	7.539822e-01	7.527720e+01	2.438212e+00	2.438212e+00
7.539822e-01	8.796459e-01	7.776828e+01	2.465400e+00	2.465400e+00
8.796459e-01	1.005310e+00	7.932495e+01	2.501991e+00	2.501991e+00
1.005310e+00	1.130973e+00	8.018199e+01	2.527318e+00	2.527318e+00
1.130973e+00	1.256637e+00	7.823517e+01	2.487418e+00	2.487418e+00
1.256637e+00	1.382301e+00	7.551056e+01	2.441932e+00	2.441932e+00
1.382301e+00	1.507964e+00	7.878072e+01	2.488656e+00	2.488656e+00
1.507964e+00	1.633628e+00	8.041484e+01	2.514074e+00	2.514074e+00
1.633628e+00	1.759292e+00	7.675610e+01	2.454308e+00	2.454308e+00
1.759292e+00	1.884956e+00	7.885794e+01	2.489853e+00	2.489853e+00
1.884956e+00	2.010619e+00	7.426562e+01	2.414499e+00	2.414499e+00
2.010619e+00	2.136283e+00	7.683395e+01	2.455543e+00	2.455543e+00
2.136283e+00	2.261947e+00	8.095978e+01	2.532087e+00	2.532087e+00
2.261947e+00	2.387610e+00	7.839148e+01	2.475227e+00	2.475227e+00
2.387610e+00	2.513274e+00	7.527702e+01	2.435720e+00	2.435720e+00
2.513274e+00	2.638938e+00	7.737887e+01	2.469079e+00	2.469079e+00
2.638938e+00	2.764602e+00	7.776810e+01	2.487418e+00	2.487418e+00
2.764602e+00	2.890265e+00	7.356500e+01	2.410731e+00	2.410731e+00
2.890265e+00	3.015929e+00	7.823517e+01	2.494716e+00	2.494716e+00
3.015929e+00	3.141593e+00	8.384008e+01	2.578335e+00	2.578335e+00
# END HISTO1D


# BEGIN HISTO1D //eos/home-y/yiyu/monobc/C1000.yoda.gz/JetMETAnalysis/met_phi
ErrorBars=1
LineColor=blue
LineStyle=dashed
Path=//eos/home-y/yiyu/monobc/C1000.yoda.gz/JetMETAnalysis/met_phi
ScaledBy=4.98836569259182364e-06
Title=C1000
# xlow	 xhigh	 val	 errminus	 errplus
-3.141593e+00	-3.015929e+00	0.000000e+00	0.000000e+00	0.000000e+00
-3.015929e+00	-2.890265e+00	0.000000e+00	0.000000e+00	0.000000e+00
-2.890265e+00	-2.764602e+00	0.000000e+00	0.000000e+00	0.000000e+00
-2.764602e+00	-2.638938e+00	0.000000e+00	0.000000e+00	0.000000e+00
-2.638938e+00	-2.513274e+00	0.000000e+00	0.000000e+00	0.000000e+00
-2.513274e+00	-2.387610e+00	0.000000e+00	0.000000e+00	0.000000e+00
-2.387610e+00	-2.261947e+00	0.000000e+00	0.000000e+00	0.000000e+00
-2.261947e+00	-2.136283e+00	0.000000e+00	0.000000e+00	0.000000e+00
-2.136283e+00	-2.010619e+00	0.000000e+00	0.000000e+00	0.000000e+00
-2.010619e+00	-1.884956e+00	0.000000e+00	0.000000e+00	0.000000e+00
-1.884956e+00	-1.759292e+00	0.000000e+00	0.000000e+00	0.000000e+00
-1.759292e+00	-1.633628e+00	0.000000e+00	0.000000e+00	0.000000e+00
-1.633628e+00	-1.507964e+00	0.000000e+00	0.000000e+00	0.000000e+00
-1.507964e+00	-1.382301e+00	0.000000e+00	0.000000e+00	0.000000e+00
-1.382301e+00	-1.256637e+00	0.000000e+00	0.000000e+00	0.000000e+00
-1.256637e+00	-1.130973e+00	0.000000e+00	0.000000e+00	0.000000e+00
-1.130973e+00	-1.005310e+00	0.000000e+00	0.000000e+00	0.000000e+00
-1.005310e+00	-8.796459e-01	0.000000e+00	0.000000e+00	0.000000e+00
-8.796459e-01	-7.539822e-01	0.000000e+00	0.000000e+00	0.000000e+00
-7.539822e-01	-6.283185e-01	0.000000e+00	0.000000e+00	0.000000e+00
-6.283185e-01	-5.026548e-01	0.000000e+00	0.000000e+00	0.000000e+00
-5.026548e-01	-3.769911e-01	0.000000e+00	0.000000e+00	0.000000e+00
-3.769911e-01	-2.513274e-01	0.000000e+00	0.000000e+00	0.000000e+00
-2.513274e-01	-1.256637e-01	0.000000e+00	0.000000e+00	0.000000e+00
-1.256637e-01	4.440892e-16	0.000000e+00	0.000000e+00	0.000000e+00
4.440892e-16	1.256637e-01	7.401646e+00	2.540773e-01	2.540773e-01
1.256637e-01	2.513274e-01	7.451211e+00	2.570147e-01	2.570147e-01
2.513274e-01	3.769911e-01	7.542079e+00	2.560837e-01	2.560837e-01
3.769911e-01	5.026548e-01	7.591643e+00	2.579423e-01	2.579423e-01
5.026548e-01	6.283185e-01	7.765120e+00	2.607053e-01	2.607053e-01
6.283185e-01	7.539822e-01	7.740337e+00	2.616198e-01	2.616198e-01
7.539822e-01	8.796459e-01	7.806423e+00	2.608362e-01	2.608362e-01
8.796459e-01	1.005310e+00	7.996397e+00	2.646016e-01	2.646016e-01
1.005310e+00	1.130973e+00	8.103857e+00	2.634409e-01	2.634409e-01
1.130973e+00	1.256637e+00	7.806404e+00	2.608356e-01	2.608356e-01
1.256637e+00	1.382301e+00	7.971623e+00	2.644729e-01	2.644729e-01
1.382301e+00	1.507964e+00	7.988207e+00	2.652479e-01	2.652479e-01
1.507964e+00	1.633628e+00	8.202922e+00	2.660165e-01	2.660165e-01
1.633628e+00	1.759292e+00	7.839448e+00	2.608356e-01	2.608356e-01
1.759292e+00	1.884956e+00	7.732058e+00	2.580739e-01	2.580739e-01
1.884956e+00	2.010619e+00	7.467773e+00	2.562184e-01	2.562184e-01
2.010619e+00	2.136283e+00	7.913795e+00	2.620102e-01	2.620102e-01
2.136283e+00	2.261947e+00	7.740319e+00	2.603118e-01	2.603118e-01
2.261947e+00	2.387610e+00	7.550382e+00	2.564846e-01	2.564846e-01
2.387610e+00	2.513274e+00	8.029444e+00	2.614888e-01	2.614888e-01
2.513274e+00	2.638938e+00	8.425961e+00	2.712243e-01	2.712243e-01
2.638938e+00	2.764602e+00	8.293791e+00	2.671685e-01	2.671685e-01
2.764602e+00	2.890265e+00	7.996467e+00	2.656335e-01	2.656335e-01
2.890265e+00	3.015929e+00	7.699015e+00	2.609663e-01	2.609663e-01
3.015929e+00	3.141593e+00	7.385106e+00	2.559498e-01	2.559498e-01
# END HISTO1D


# BEGIN HISTO1D //eos/home-y/yiyu/monobc/C1500.yoda.gz/JetMETAnalysis/met_phi
ErrorBars=1
LineColor=green
LineStyle=dashed
Path=//eos/home-y/yiyu/monobc/C1500.yoda.gz/JetMETAnalysis/met_phi
ScaledBy=4.29919801299068407e-06
Title=C1500
# xlow	 xhigh	 val	 errminus	 errplus
-3.141593e+00	-3.015929e+00	0.000000e+00	0.000000e+00	0.000000e+00
-3.015929e+00	-2.890265e+00	0.000000e+00	0.000000e+00	0.000000e+00
-2.890265e+00	-2.764602e+00	0.000000e+00	0.000000e+00	0.000000e+00
-2.764602e+00	-2.638938e+00	0.000000e+00	0.000000e+00	0.000000e+00
-2.638938e+00	-2.513274e+00	0.000000e+00	0.000000e+00	0.000000e+00
-2.513274e+00	-2.387610e+00	0.000000e+00	0.000000e+00	0.000000e+00
-2.387610e+00	-2.261947e+00	0.000000e+00	0.000000e+00	0.000000e+00
-2.261947e+00	-2.136283e+00	0.000000e+00	0.000000e+00	0.000000e+00
-2.136283e+00	-2.010619e+00	0.000000e+00	0.000000e+00	0.000000e+00
-2.010619e+00	-1.884956e+00	0.000000e+00	0.000000e+00	0.000000e+00
-1.884956e+00	-1.759292e+00	0.000000e+00	0.000000e+00	0.000000e+00
-1.759292e+00	-1.633628e+00	0.000000e+00	0.000000e+00	0.000000e+00
-1.633628e+00	-1.507964e+00	0.000000e+00	0.000000e+00	0.000000e+00
-1.507964e+00	-1.382301e+00	0.000000e+00	0.000000e+00	0.000000e+00
-1.382301e+00	-1.256637e+00	0.000000e+00	0.000000e+00	0.000000e+00
-1.256637e+00	-1.130973e+00	0.000000e+00	0.000000e+00	0.000000e+00
-1.130973e+00	-1.005310e+00	0.000000e+00	0.000000e+00	0.000000e+00
-1.005310e+00	-8.796459e-01	0.000000e+00	0.000000e+00	0.000000e+00
-8.796459e-01	-7.539822e-01	0.000000e+00	0.000000e+00	0.000000e+00
-7.539822e-01	-6.283185e-01	0.000000e+00	0.000000e+00	0.000000e+00
-6.283185e-01	-5.026548e-01	0.000000e+00	0.000000e+00	0.000000e+00
-5.026548e-01	-3.769911e-01	0.000000e+00	0.000000e+00	0.000000e+00
-3.769911e-01	-2.513274e-01	0.000000e+00	0.000000e+00	0.000000e+00
-2.513274e-01	-1.256637e-01	0.000000e+00	0.000000e+00	0.000000e+00
-1.256637e-01	4.440892e-16	0.000000e+00	0.000000e+00	0.000000e+00
4.440892e-16	1.256637e-01	5.656634e-01	2.216165e-02	2.216165e-02
1.256637e-01	2.513274e-01	5.663732e-01	2.268952e-02	2.268952e-02
2.513274e-01	3.769911e-01	5.912141e-01	2.227501e-02	2.227501e-02
3.769911e-01	5.026548e-01	6.018602e-01	2.282233e-02	2.282233e-02
5.026548e-01	6.283185e-01	5.876654e-01	2.237654e-02	2.237654e-02
6.283185e-01	7.539822e-01	5.926336e-01	2.267841e-02	2.267841e-02
7.539822e-01	8.796459e-01	5.755998e-01	2.241028e-02	2.241028e-02
8.796459e-01	1.005310e+00	5.429500e-01	2.204764e-02	2.204764e-02
1.005310e+00	1.130973e+00	5.819907e-01	2.251133e-02	2.251133e-02
1.130973e+00	1.256637e+00	5.663718e-01	2.239899e-02	2.239899e-02
1.256637e+00	1.382301e+00	5.805666e-01	2.260048e-02	2.260048e-02
1.382301e+00	1.507964e+00	5.834102e-01	2.246653e-02	2.246653e-02
1.507964e+00	1.633628e+00	5.798569e-01	2.247756e-02	2.247756e-02
1.633628e+00	1.759292e+00	5.372726e-01	2.179489e-02	2.179489e-02
1.759292e+00	1.884956e+00	5.606939e-01	2.217296e-02	2.217296e-02
1.884956e+00	2.010619e+00	5.777323e-01	2.228644e-02	2.228644e-02
2.010619e+00	2.136283e+00	5.777277e-01	2.221835e-02	2.221835e-02
2.136283e+00	2.261947e+00	5.798569e-01	2.263389e-02	2.263389e-02
2.261947e+00	2.387610e+00	5.777323e-01	2.253370e-02	2.253370e-02
2.387610e+00	2.513274e+00	5.755984e-01	2.216160e-02	2.216160e-02
2.513274e+00	2.638938e+00	5.770179e-01	2.207049e-02	2.207049e-02
2.638938e+00	2.764602e+00	6.203120e-01	2.282228e-02	2.282228e-02
2.764602e+00	2.890265e+00	5.507620e-01	2.162102e-02	2.162102e-02
2.890265e+00	3.015929e+00	5.606939e-01	2.246635e-02	2.246635e-02
3.015929e+00	3.141593e+00	5.741790e-01	2.254469e-02	2.254469e-02
# END HISTO1D


# BEGIN HISTO1D //eos/home-y/yiyu/monobc/C2000.yoda.gz/JetMETAnalysis/met_phi
ErrorBars=1
LineColor=orange
LineStyle=dashed
Path=//eos/home-y/yiyu/monobc/C2000.yoda.gz/JetMETAnalysis/met_phi
ScaledBy=3.73896889920239138e-06
Title=C2000
# xlow	 xhigh	 val	 errminus	 errplus
-3.141593e+00	-3.015929e+00	0.000000e+00	0.000000e+00	0.000000e+00
-3.015929e+00	-2.890265e+00	0.000000e+00	0.000000e+00	0.000000e+00
-2.890265e+00	-2.764602e+00	0.000000e+00	0.000000e+00	0.000000e+00
-2.764602e+00	-2.638938e+00	0.000000e+00	0.000000e+00	0.000000e+00
-2.638938e+00	-2.513274e+00	0.000000e+00	0.000000e+00	0.000000e+00
-2.513274e+00	-2.387610e+00	0.000000e+00	0.000000e+00	0.000000e+00
-2.387610e+00	-2.261947e+00	0.000000e+00	0.000000e+00	0.000000e+00
-2.261947e+00	-2.136283e+00	0.000000e+00	0.000000e+00	0.000000e+00
-2.136283e+00	-2.010619e+00	0.000000e+00	0.000000e+00	0.000000e+00
-2.010619e+00	-1.884956e+00	0.000000e+00	0.000000e+00	0.000000e+00
-1.884956e+00	-1.759292e+00	0.000000e+00	0.000000e+00	0.000000e+00
-1.759292e+00	-1.633628e+00	0.000000e+00	0.000000e+00	0.000000e+00
-1.633628e+00	-1.507964e+00	0.000000e+00	0.000000e+00	0.000000e+00
-1.507964e+00	-1.382301e+00	0.000000e+00	0.000000e+00	0.000000e+00
-1.382301e+00	-1.256637e+00	0.000000e+00	0.000000e+00	0.000000e+00
-1.256637e+00	-1.130973e+00	0.000000e+00	0.000000e+00	0.000000e+00
-1.130973e+00	-1.005310e+00	0.000000e+00	0.000000e+00	0.000000e+00
-1.005310e+00	-8.796459e-01	0.000000e+00	0.000000e+00	0.000000e+00
-8.796459e-01	-7.539822e-01	0.000000e+00	0.000000e+00	0.000000e+00
-7.539822e-01	-6.283185e-01	0.000000e+00	0.000000e+00	0.000000e+00
-6.283185e-01	-5.026548e-01	0.000000e+00	0.000000e+00	0.000000e+00
-5.026548e-01	-3.769911e-01	0.000000e+00	0.000000e+00	0.000000e+00
-3.769911e-01	-2.513274e-01	0.000000e+00	0.000000e+00	0.000000e+00
-2.513274e-01	-1.256637e-01	0.000000e+00	0.000000e+00	0.000000e+00
-1.256637e-01	4.440892e-16	0.000000e+00	0.000000e+00	0.000000e+00
4.440892e-16	1.256637e-01	3.654004e-02	2.381774e-03	2.381774e-03
1.256637e-01	2.513274e-01	3.661600e-02	2.358644e-03	2.358644e-03
2.513274e-01	3.769911e-01	3.935081e-02	2.370846e-03	2.370846e-03
3.769911e-01	5.026548e-01	3.927483e-02	2.417846e-03	2.417846e-03
5.026548e-01	6.283185e-01	4.482041e-02	2.473300e-03	2.473300e-03
6.283185e-01	7.539822e-01	3.790744e-02	2.391447e-03	2.391447e-03
7.539822e-01	8.796459e-01	3.684390e-02	2.415458e-03	2.415458e-03
8.796459e-01	1.005310e+00	3.904682e-02	2.456905e-03	2.456905e-03
1.005310e+00	1.130973e+00	3.654024e-02	2.415471e-03	2.415471e-03
1.130973e+00	1.256637e+00	4.200954e-02	2.439227e-03	2.439227e-03
1.256637e+00	1.382301e+00	3.752751e-02	2.382980e-03	2.382980e-03
1.382301e+00	1.507964e+00	3.471702e-02	2.391460e-03	2.391460e-03
1.507964e+00	1.633628e+00	3.540045e-02	2.361084e-03	2.361084e-03
1.633628e+00	1.759292e+00	4.489627e-02	2.379344e-03	2.379344e-03
1.759292e+00	1.884956e+00	3.836314e-02	2.415452e-03	2.415452e-03
1.884956e+00	2.010619e+00	4.421293e-02	2.459274e-03	2.459274e-03
2.010619e+00	2.136283e+00	3.403305e-02	2.358638e-03	2.358638e-03
2.136283e+00	2.261947e+00	3.760347e-02	2.381769e-03	2.381769e-03
2.261947e+00	2.387610e+00	3.722394e-02	2.385419e-03	2.385419e-03
2.387610e+00	2.513274e+00	4.003441e-02	2.403476e-03	2.403476e-03
2.513274e+00	2.638938e+00	4.049021e-02	2.381769e-03	2.381769e-03
2.638938e+00	2.764602e+00	3.570431e-02	2.407075e-03	2.407075e-03
2.764602e+00	2.890265e+00	4.018667e-02	2.396281e-03	2.396281e-03
2.890265e+00	3.015929e+00	3.570431e-02	2.399872e-03	2.399872e-03
3.015929e+00	3.141593e+00	3.881895e-02	2.462772e-03	2.462772e-03
# END HISTO1D


# BEGIN HISTO1D //eos/home-y/yiyu/monobc/C2600.yoda.gz/JetMETAnalysis/met_phi
ErrorBars=1
LineColor=lilac
LineStyle=dashed
Path=//eos/home-y/yiyu/monobc/C2600.yoda.gz/JetMETAnalysis/met_phi
ScaledBy=3.48760473830657204e-06
Title=C2600
# xlow	 xhigh	 val	 errminus	 errplus
-3.141593e+00	-3.015929e+00	0.000000e+00	0.000000e+00	0.000000e+00
-3.015929e+00	-2.890265e+00	0.000000e+00	0.000000e+00	0.000000e+00
-2.890265e+00	-2.764602e+00	0.000000e+00	0.000000e+00	0.000000e+00
-2.764602e+00	-2.638938e+00	0.000000e+00	0.000000e+00	0.000000e+00
-2.638938e+00	-2.513274e+00	0.000000e+00	0.000000e+00	0.000000e+00
-2.513274e+00	-2.387610e+00	0.000000e+00	0.000000e+00	0.000000e+00
-2.387610e+00	-2.261947e+00	0.000000e+00	0.000000e+00	0.000000e+00
-2.261947e+00	-2.136283e+00	0.000000e+00	0.000000e+00	0.000000e+00
-2.136283e+00	-2.010619e+00	0.000000e+00	0.000000e+00	0.000000e+00
-2.010619e+00	-1.884956e+00	0.000000e+00	0.000000e+00	0.000000e+00
-1.884956e+00	-1.759292e+00	0.000000e+00	0.000000e+00	0.000000e+00
-1.759292e+00	-1.633628e+00	0.000000e+00	0.000000e+00	0.000000e+00
-1.633628e+00	-1.507964e+00	0.000000e+00	0.000000e+00	0.000000e+00
-1.507964e+00	-1.382301e+00	0.000000e+00	0.000000e+00	0.000000e+00
-1.382301e+00	-1.256637e+00	0.000000e+00	0.000000e+00	0.000000e+00
-1.256637e+00	-1.130973e+00	0.000000e+00	0.000000e+00	0.000000e+00
-1.130973e+00	-1.005310e+00	0.000000e+00	0.000000e+00	0.000000e+00
-1.005310e+00	-8.796459e-01	0.000000e+00	0.000000e+00	0.000000e+00
-8.796459e-01	-7.539822e-01	0.000000e+00	0.000000e+00	0.000000e+00
-7.539822e-01	-6.283185e-01	0.000000e+00	0.000000e+00	0.000000e+00
-6.283185e-01	-5.026548e-01	0.000000e+00	0.000000e+00	0.000000e+00
-5.026548e-01	-3.769911e-01	0.000000e+00	0.000000e+00	0.000000e+00
-3.769911e-01	-2.513274e-01	0.000000e+00	0.000000e+00	0.000000e+00
-2.513274e-01	-1.256637e-01	0.000000e+00	0.000000e+00	0.000000e+00
-1.256637e-01	4.440892e-16	0.000000e+00	0.000000e+00	0.000000e+00
4.440892e-16	1.256637e-01	2.161993e-03	2.783520e-04	2.783520e-04
1.256637e-01	2.513274e-01	1.945794e-03	2.714141e-04	2.714141e-04
2.513274e-01	3.769911e-01	2.231177e-03	2.740193e-04	2.740193e-04
3.769911e-01	5.026548e-01	1.746891e-03	2.685053e-04	2.685053e-04
5.026548e-01	6.283185e-01	2.136050e-03	2.798258e-04	2.798258e-04
6.283185e-01	7.539822e-01	1.971738e-03	2.778141e-04	2.778141e-04
7.539822e-01	8.796459e-01	2.161993e-03	2.651418e-04	2.651418e-04
8.796459e-01	1.005310e+00	1.565278e-03	2.733353e-04	2.733353e-04
1.005310e+00	1.130973e+00	1.971749e-03	2.696186e-04	2.696186e-04
1.130973e+00	1.256637e+00	2.179284e-03	2.804925e-04	2.804925e-04
1.256637e+00	1.382301e+00	1.781478e-03	2.726506e-04	2.726506e-04
1.382301e+00	1.507964e+00	1.634476e-03	2.680887e-04	2.680887e-04
1.507964e+00	1.633628e+00	1.565280e-03	2.694778e-04	2.694778e-04
1.633628e+00	1.759292e+00	2.334947e-03	2.751082e-04	2.751082e-04
1.759292e+00	1.884956e+00	2.110101e-03	2.718265e-04	2.718265e-04
1.884956e+00	2.010619e+00	1.807437e-03	2.782191e-04	2.782191e-04
2.010619e+00	2.136283e+00	2.040917e-03	2.751082e-04	2.751082e-04
2.136283e+00	2.261947e+00	2.360891e-03	2.736090e-04	2.736090e-04
2.261947e+00	2.387610e+00	2.352262e-03	2.712778e-04	2.712778e-04
2.387610e+00	2.513274e+00	2.239820e-03	2.703091e-04	2.703091e-04
2.513274e+00	2.638938e+00	2.144692e-03	2.693390e-04	2.693390e-04
2.638938e+00	2.764602e+00	2.032269e-03	2.811583e-04	2.811583e-04
2.764602e+00	2.890265e+00	1.963101e-03	2.736112e-04	2.736112e-04
2.890265e+00	3.015929e+00	1.842014e-03	2.755157e-04	2.755157e-04
3.015929e+00	3.141593e+00	2.066861e-03	2.711378e-04	2.711378e-04
# END HISTO1D


# BEGIN HISTO1D //eos/home-y/yiyu/monobc/D600.yoda.gz/JetMETAnalysis/met_phi
ErrorBars=1
LineColor=red
LineStyle=dashdotted
Path=//eos/home-y/yiyu/monobc/D600.yoda.gz/JetMETAnalysis/met_phi
ScaledBy=6.26160614830790851e-06
Title=D600
# xlow	 xhigh	 val	 errminus	 errplus
-3.141593e+00	-3.015929e+00	0.000000e+00	0.000000e+00	0.000000e+00
-3.015929e+00	-2.890265e+00	0.000000e+00	0.000000e+00	0.000000e+00
-2.890265e+00	-2.764602e+00	0.000000e+00	0.000000e+00	0.000000e+00
-2.764602e+00	-2.638938e+00	0.000000e+00	0.000000e+00	0.000000e+00
-2.638938e+00	-2.513274e+00	0.000000e+00	0.000000e+00	0.000000e+00
-2.513274e+00	-2.387610e+00	0.000000e+00	0.000000e+00	0.000000e+00
-2.387610e+00	-2.261947e+00	0.000000e+00	0.000000e+00	0.000000e+00
-2.261947e+00	-2.136283e+00	0.000000e+00	0.000000e+00	0.000000e+00
-2.136283e+00	-2.010619e+00	0.000000e+00	0.000000e+00	0.000000e+00
-2.010619e+00	-1.884956e+00	0.000000e+00	0.000000e+00	0.000000e+00
-1.884956e+00	-1.759292e+00	0.000000e+00	0.000000e+00	0.000000e+00
-1.759292e+00	-1.633628e+00	0.000000e+00	0.000000e+00	0.000000e+00
-1.633628e+00	-1.507964e+00	0.000000e+00	0.000000e+00	0.000000e+00
-1.507964e+00	-1.382301e+00	0.000000e+00	0.000000e+00	0.000000e+00
-1.382301e+00	-1.256637e+00	0.000000e+00	0.000000e+00	0.000000e+00
-1.256637e+00	-1.130973e+00	0.000000e+00	0.000000e+00	0.000000e+00
-1.130973e+00	-1.005310e+00	0.000000e+00	0.000000e+00	0.000000e+00
-1.005310e+00	-8.796459e-01	0.000000e+00	0.000000e+00	0.000000e+00
-8.796459e-01	-7.539822e-01	0.000000e+00	0.000000e+00	0.000000e+00
-7.539822e-01	-6.283185e-01	0.000000e+00	0.000000e+00	0.000000e+00
-6.283185e-01	-5.026548e-01	0.000000e+00	0.000000e+00	0.000000e+00
-5.026548e-01	-3.769911e-01	0.000000e+00	0.000000e+00	0.000000e+00
-3.769911e-01	-2.513274e-01	0.000000e+00	0.000000e+00	0.000000e+00
-2.513274e-01	-1.256637e-01	0.000000e+00	0.000000e+00	0.000000e+00
-1.256637e-01	4.440892e-16	0.000000e+00	0.000000e+00	0.000000e+00
4.440892e-16	1.256637e-01	7.957004e+01	2.565008e+00	2.565008e+00
1.256637e-01	2.513274e-01	7.973241e+01	2.570143e+00	2.570143e+00
2.513274e-01	3.769911e-01	8.103152e+01	2.598205e+00	2.598205e+00
3.769911e-01	5.026548e-01	7.648467e+01	2.533978e+00	2.533978e+00
5.026548e-01	6.283185e-01	8.151869e+01	2.588036e+00	2.588036e+00
6.283185e-01	7.539822e-01	8.281779e+01	2.613385e+00	2.613385e+00
7.539822e-01	8.796459e-01	7.875810e+01	2.557286e+00	2.557286e+00
8.796459e-01	1.005310e+00	7.705279e+01	2.527458e+00	2.527458e+00
1.005310e+00	1.130973e+00	7.916451e+01	2.558589e+00	2.558589e+00
1.130973e+00	1.256637e+00	8.078774e+01	2.581654e+00	2.581654e+00
1.256637e+00	1.382301e+00	7.778359e+01	2.523545e+00	2.523545e+00
1.382301e+00	1.507964e+00	8.265583e+01	2.613400e+00	2.613400e+00
1.507964e+00	1.633628e+00	8.184325e+01	2.603268e+00	2.603268e+00
1.633628e+00	1.759292e+00	7.291196e+01	2.451997e+00	2.451997e+00
1.759292e+00	1.884956e+00	8.224925e+01	2.599467e+00	2.599467e+00
1.884956e+00	2.010619e+00	7.932690e+01	2.563737e+00	2.563737e+00
2.010619e+00	2.136283e+00	8.030056e+01	2.576542e+00	2.576542e+00
2.136283e+00	2.261947e+00	7.867672e+01	2.553411e+00	2.553411e+00
2.261947e+00	2.387610e+00	8.549764e+01	2.647236e+00	2.647236e+00
2.387610e+00	2.513274e+00	7.648449e+01	2.510449e+00	2.510449e+00
2.513274e+00	2.638938e+00	7.770240e+01	2.535273e+00	2.535273e+00
2.638938e+00	2.764602e+00	7.786478e+01	2.535273e+00	2.535273e+00
2.764602e+00	2.890265e+00	7.965169e+01	2.556011e+00	2.556011e+00
2.890265e+00	3.015929e+00	8.322360e+01	2.614640e+00	2.614640e+00
3.015929e+00	3.141593e+00	7.965105e+01	2.561144e+00	2.561144e+00
# END HISTO1D


# BEGIN HISTO1D //eos/home-y/yiyu/monobc/D1000.yoda.gz/JetMETAnalysis/met_phi
ErrorBars=1
LineColor=blue
LineStyle=dashdotted
Path=//eos/home-y/yiyu/monobc/D1000.yoda.gz/JetMETAnalysis/met_phi
ScaledBy=5.55495214013862181e-06
Title=D1000
# xlow	 xhigh	 val	 errminus	 errplus
-3.141593e+00	-3.015929e+00	0.000000e+00	0.000000e+00	0.000000e+00
-3.015929e+00	-2.890265e+00	0.000000e+00	0.000000e+00	0.000000e+00
-2.890265e+00	-2.764602e+00	0.000000e+00	0.000000e+00	0.000000e+00
-2.764602e+00	-2.638938e+00	0.000000e+00	0.000000e+00	0.000000e+00
-2.638938e+00	-2.513274e+00	0.000000e+00	0.000000e+00	0.000000e+00
-2.513274e+00	-2.387610e+00	0.000000e+00	0.000000e+00	0.000000e+00
-2.387610e+00	-2.261947e+00	0.000000e+00	0.000000e+00	0.000000e+00
-2.261947e+00	-2.136283e+00	0.000000e+00	0.000000e+00	0.000000e+00
-2.136283e+00	-2.010619e+00	0.000000e+00	0.000000e+00	0.000000e+00
-2.010619e+00	-1.884956e+00	0.000000e+00	0.000000e+00	0.000000e+00
-1.884956e+00	-1.759292e+00	0.000000e+00	0.000000e+00	0.000000e+00
-1.759292e+00	-1.633628e+00	0.000000e+00	0.000000e+00	0.000000e+00
-1.633628e+00	-1.507964e+00	0.000000e+00	0.000000e+00	0.000000e+00
-1.507964e+00	-1.382301e+00	0.000000e+00	0.000000e+00	0.000000e+00
-1.382301e+00	-1.256637e+00	0.000000e+00	0.000000e+00	0.000000e+00
-1.256637e+00	-1.130973e+00	0.000000e+00	0.000000e+00	0.000000e+00
-1.130973e+00	-1.005310e+00	0.000000e+00	0.000000e+00	0.000000e+00
-1.005310e+00	-8.796459e-01	0.000000e+00	0.000000e+00	0.000000e+00
-8.796459e-01	-7.539822e-01	0.000000e+00	0.000000e+00	0.000000e+00
-7.539822e-01	-6.283185e-01	0.000000e+00	0.000000e+00	0.000000e+00
-6.283185e-01	-5.026548e-01	0.000000e+00	0.000000e+00	0.000000e+00
-5.026548e-01	-3.769911e-01	0.000000e+00	0.000000e+00	0.000000e+00
-3.769911e-01	-2.513274e-01	0.000000e+00	0.000000e+00	0.000000e+00
-2.513274e-01	-1.256637e-01	0.000000e+00	0.000000e+00	0.000000e+00
-1.256637e-01	4.440892e-16	0.000000e+00	0.000000e+00	0.000000e+00
4.440892e-16	1.256637e-01	8.896252e+00	2.949983e-01	2.949983e-01
1.256637e-01	2.513274e-01	8.420809e+00	2.819581e-01	2.819581e-01
2.513274e-01	3.769911e-01	8.201374e+00	2.840258e-01	2.840258e-01
3.769911e-01	5.026548e-01	9.015109e+00	2.951400e-01	2.951400e-01
5.026548e-01	6.283185e-01	8.695104e+00	2.898527e-01	2.898527e-01
6.283185e-01	7.539822e-01	8.631100e+00	2.870997e-01	2.870997e-01
7.539822e-01	8.796459e-01	9.051683e+00	2.954232e-01	2.954232e-01
8.796459e-01	1.005310e+00	8.411639e+00	2.868074e-01	2.868074e-01
1.005310e+00	1.130973e+00	8.896302e+00	2.932948e-01	2.932948e-01
1.130973e+00	1.256637e+00	8.823084e+00	2.935773e-01	2.935773e-01
1.256637e+00	1.382301e+00	8.951092e+00	2.932924e-01	2.932924e-01
1.382301e+00	1.507964e+00	8.548865e+00	2.849091e-01	2.849091e-01
1.507964e+00	1.633628e+00	8.850514e+00	2.962701e-01	2.962701e-01
1.633628e+00	1.759292e+00	8.749944e+00	2.907159e-01	2.907159e-01
1.759292e+00	1.884956e+00	8.493936e+00	2.860781e-01	2.860781e-01
1.884956e+00	2.010619e+00	8.704296e+00	2.917229e-01	2.917229e-01
2.010619e+00	2.136283e+00	8.841371e+00	2.904282e-01	2.904282e-01
2.136283e+00	2.261947e+00	8.457362e+00	2.907159e-01	2.907159e-01
2.261947e+00	2.387610e+00	8.841441e+00	2.912928e-01	2.912928e-01
2.387610e+00	2.513274e+00	8.823084e+00	2.915773e-01	2.915773e-01
2.513274e+00	2.638938e+00	8.631080e+00	2.897077e-01	2.897077e-01
2.638938e+00	2.764602e+00	8.859657e+00	2.938619e-01	2.938619e-01
2.764602e+00	2.890265e+00	8.923733e+00	2.954248e-01	2.954248e-01
2.890265e+00	3.015929e+00	8.393358e+00	2.832884e-01	2.832884e-01
3.015929e+00	3.141593e+00	8.320219e+00	2.862241e-01	2.862241e-01
# END HISTO1D


# BEGIN HISTO1D //eos/home-y/yiyu/monobc/D1500.yoda.gz/JetMETAnalysis/met_phi
ErrorBars=1
LineColor=green
LineStyle=dashdotted
Path=//eos/home-y/yiyu/monobc/D1500.yoda.gz/JetMETAnalysis/met_phi
ScaledBy=5.09488537008347615e-06
Title=D1500
# xlow	 xhigh	 val	 errminus	 errplus
-3.141593e+00	-3.015929e+00	0.000000e+00	0.000000e+00	0.000000e+00
-3.015929e+00	-2.890265e+00	0.000000e+00	0.000000e+00	0.000000e+00
-2.890265e+00	-2.764602e+00	0.000000e+00	0.000000e+00	0.000000e+00
-2.764602e+00	-2.638938e+00	0.000000e+00	0.000000e+00	0.000000e+00
-2.638938e+00	-2.513274e+00	0.000000e+00	0.000000e+00	0.000000e+00
-2.513274e+00	-2.387610e+00	0.000000e+00	0.000000e+00	0.000000e+00
-2.387610e+00	-2.261947e+00	0.000000e+00	0.000000e+00	0.000000e+00
-2.261947e+00	-2.136283e+00	0.000000e+00	0.000000e+00	0.000000e+00
-2.136283e+00	-2.010619e+00	0.000000e+00	0.000000e+00	0.000000e+00
-2.010619e+00	-1.884956e+00	0.000000e+00	0.000000e+00	0.000000e+00
-1.884956e+00	-1.759292e+00	0.000000e+00	0.000000e+00	0.000000e+00
-1.759292e+00	-1.633628e+00	0.000000e+00	0.000000e+00	0.000000e+00
-1.633628e+00	-1.507964e+00	0.000000e+00	0.000000e+00	0.000000e+00
-1.507964e+00	-1.382301e+00	0.000000e+00	0.000000e+00	0.000000e+00
-1.382301e+00	-1.256637e+00	0.000000e+00	0.000000e+00	0.000000e+00
-1.256637e+00	-1.130973e+00	0.000000e+00	0.000000e+00	0.000000e+00
-1.130973e+00	-1.005310e+00	0.000000e+00	0.000000e+00	0.000000e+00
-1.005310e+00	-8.796459e-01	0.000000e+00	0.000000e+00	0.000000e+00
-8.796459e-01	-7.539822e-01	0.000000e+00	0.000000e+00	0.000000e+00
-7.539822e-01	-6.283185e-01	0.000000e+00	0.000000e+00	0.000000e+00
-6.283185e-01	-5.026548e-01	0.000000e+00	0.000000e+00	0.000000e+00
-5.026548e-01	-3.769911e-01	0.000000e+00	0.000000e+00	0.000000e+00
-3.769911e-01	-2.513274e-01	0.000000e+00	0.000000e+00	0.000000e+00
-2.513274e-01	-1.256637e-01	0.000000e+00	0.000000e+00	0.000000e+00
-1.256637e-01	4.440892e-16	0.000000e+00	0.000000e+00	0.000000e+00
4.440892e-16	1.256637e-01	6.457462e-01	2.611903e-02	2.611903e-02
1.256637e-01	2.513274e-01	6.784529e-01	2.642688e-02	2.642688e-02
2.513274e-01	3.769911e-01	6.776143e-01	2.678374e-02	2.678374e-02
3.769911e-01	5.026548e-01	6.709052e-01	2.667851e-02	2.667851e-02
5.026548e-01	6.283185e-01	6.700666e-01	2.671801e-02	2.671801e-02
6.283185e-01	7.539822e-01	6.633575e-01	2.613248e-02	2.613248e-02
7.539822e-01	8.796459e-01	7.136754e-01	2.723939e-02	2.723939e-02
8.796459e-01	1.005310e+00	6.650327e-01	2.658599e-02	2.658599e-02
1.005310e+00	1.130973e+00	6.784567e-01	2.653326e-02	2.653326e-02
1.130973e+00	1.256637e+00	6.776127e-01	2.651979e-02	2.651979e-02
1.256637e+00	1.382301e+00	6.616787e-01	2.682303e-02	2.682303e-02
1.382301e+00	1.507964e+00	6.650385e-01	2.674448e-02	2.674448e-02
1.507964e+00	1.633628e+00	6.658718e-01	2.646670e-02	2.646670e-02
1.633628e+00	1.759292e+00	6.499379e-01	2.621304e-02	2.621304e-02
1.759292e+00	1.884956e+00	6.675491e-01	2.670479e-02	2.670479e-02
1.884956e+00	2.010619e+00	6.583294e-01	2.640040e-02	2.640040e-02
2.010619e+00	2.136283e+00	6.373584e-01	2.582107e-02	2.582107e-02
2.136283e+00	2.261947e+00	6.507765e-01	2.582107e-02	2.582107e-02
2.261947e+00	2.387610e+00	6.365248e-01	2.632035e-02	2.632035e-02
2.387610e+00	2.513274e+00	6.784513e-01	2.666525e-02	2.666525e-02
2.513274e+00	2.638938e+00	6.432288e-01	2.629341e-02	2.629341e-02
2.638938e+00	2.764602e+00	6.591628e-01	2.636020e-02	2.636020e-02
2.764602e+00	2.890265e+00	6.834885e-01	2.661266e-02	2.661266e-02
2.890265e+00	3.015929e+00	6.591628e-01	2.657278e-02	2.657278e-02
3.015929e+00	3.141593e+00	7.061260e-01	2.704499e-02	2.704499e-02
# END HISTO1D


# BEGIN HISTO1D //eos/home-y/yiyu/monobc/D2000.yoda.gz/JetMETAnalysis/met_phi
ErrorBars=1
LineColor=orange
LineStyle=dashdotted
Path=//eos/home-y/yiyu/monobc/D2000.yoda.gz/JetMETAnalysis/met_phi
ScaledBy=4.61553418144346189e-06
Title=D2000
# xlow	 xhigh	 val	 errminus	 errplus
-3.141593e+00	-3.015929e+00	0.000000e+00	0.000000e+00	0.000000e+00
-3.015929e+00	-2.890265e+00	0.000000e+00	0.000000e+00	0.000000e+00
-2.890265e+00	-2.764602e+00	0.000000e+00	0.000000e+00	0.000000e+00
-2.764602e+00	-2.638938e+00	0.000000e+00	0.000000e+00	0.000000e+00
-2.638938e+00	-2.513274e+00	0.000000e+00	0.000000e+00	0.000000e+00
-2.513274e+00	-2.387610e+00	0.000000e+00	0.000000e+00	0.000000e+00
-2.387610e+00	-2.261947e+00	0.000000e+00	0.000000e+00	0.000000e+00
-2.261947e+00	-2.136283e+00	0.000000e+00	0.000000e+00	0.000000e+00
-2.136283e+00	-2.010619e+00	0.000000e+00	0.000000e+00	0.000000e+00
-2.010619e+00	-1.884956e+00	0.000000e+00	0.000000e+00	0.000000e+00
-1.884956e+00	-1.759292e+00	0.000000e+00	0.000000e+00	0.000000e+00
-1.759292e+00	-1.633628e+00	0.000000e+00	0.000000e+00	0.000000e+00
-1.633628e+00	-1.507964e+00	0.000000e+00	0.000000e+00	0.000000e+00
-1.507964e+00	-1.382301e+00	0.000000e+00	0.000000e+00	0.000000e+00
-1.382301e+00	-1.256637e+00	0.000000e+00	0.000000e+00	0.000000e+00
-1.256637e+00	-1.130973e+00	0.000000e+00	0.000000e+00	0.000000e+00
-1.130973e+00	-1.005310e+00	0.000000e+00	0.000000e+00	0.000000e+00
-1.005310e+00	-8.796459e-01	0.000000e+00	0.000000e+00	0.000000e+00
-8.796459e-01	-7.539822e-01	0.000000e+00	0.000000e+00	0.000000e+00
-7.539822e-01	-6.283185e-01	0.000000e+00	0.000000e+00	0.000000e+00
-6.283185e-01	-5.026548e-01	0.000000e+00	0.000000e+00	0.000000e+00
-5.026548e-01	-3.769911e-01	0.000000e+00	0.000000e+00	0.000000e+00
-3.769911e-01	-2.513274e-01	0.000000e+00	0.000000e+00	0.000000e+00
-2.513274e-01	-1.256637e-01	0.000000e+00	0.000000e+00	0.000000e+00
-1.256637e-01	4.440892e-16	0.000000e+00	0.000000e+00	0.000000e+00
4.440892e-16	1.256637e-01	4.973809e-02	2.957619e-03	2.957619e-03
1.256637e-01	2.513274e-01	4.711537e-02	2.903731e-03	2.903731e-03
2.513274e-01	3.769911e-01	4.917609e-02	3.022178e-03	3.022178e-03
3.769911e-01	5.026548e-01	4.964442e-02	2.973890e-03	2.973890e-03
5.026548e-01	6.283185e-01	5.123679e-02	3.016365e-03	3.016365e-03
6.283185e-01	7.539822e-01	3.840418e-02	2.893135e-03	2.893135e-03
7.539822e-01	8.796459e-01	4.571034e-02	2.973890e-03	2.973890e-03
8.796459e-01	1.005310e+00	4.655321e-02	2.921795e-03	2.921795e-03
1.005310e+00	1.130973e+00	4.393088e-02	2.912798e-03	2.912798e-03
1.130973e+00	1.256637e+00	4.580390e-02	2.939759e-03	2.939759e-03
1.256637e+00	1.382301e+00	5.114300e-02	3.017813e-03	3.017813e-03
1.382301e+00	1.507964e+00	4.140181e-02	2.813198e-03	2.813198e-03
1.507964e+00	1.633628e+00	4.430520e-02	2.921797e-03	2.921797e-03
1.633628e+00	1.759292e+00	4.346218e-02	2.932289e-03	2.932289e-03
1.759292e+00	1.884956e+00	4.261917e-02	2.969454e-03	2.969454e-03
1.884956e+00	2.010619e+00	4.749031e-02	2.993022e-03	2.993022e-03
2.010619e+00	2.136283e+00	5.001898e-02	2.991532e-03	2.991532e-03
2.136283e+00	2.261947e+00	5.198602e-02	2.924798e-03	2.924798e-03
2.261947e+00	2.387610e+00	4.692829e-02	2.918816e-03	2.918816e-03
2.387610e+00	2.513274e+00	5.086200e-02	3.016358e-03	3.016358e-03
2.513274e+00	2.638938e+00	4.908230e-02	2.962059e-03	2.962059e-03
2.638938e+00	2.764602e+00	4.767727e-02	3.027972e-03	3.027972e-03
2.764602e+00	2.890265e+00	4.692829e-02	2.945745e-03	2.945745e-03
2.890265e+00	3.015929e+00	4.683426e-02	2.959095e-03	2.959095e-03
3.015929e+00	3.141593e+00	4.702159e-02	2.988598e-03	2.988598e-03
# END HISTO1D


# BEGIN HISTO1D //eos/home-y/yiyu/monobc/D2600.yoda.gz/JetMETAnalysis/met_phi
ErrorBars=1
LineColor=lilac
LineStyle=dashdotted
Path=//eos/home-y/yiyu/monobc/D2600.yoda.gz/JetMETAnalysis/met_phi
ScaledBy=4.26955399294807099e-06
Title=D2600
# xlow	 xhigh	 val	 errminus	 errplus
-3.141593e+00	-3.015929e+00	0.000000e+00	0.000000e+00	0.000000e+00
-3.015929e+00	-2.890265e+00	0.000000e+00	0.000000e+00	0.000000e+00
-2.890265e+00	-2.764602e+00	0.000000e+00	0.000000e+00	0.000000e+00
-2.764602e+00	-2.638938e+00	0.000000e+00	0.000000e+00	0.000000e+00
-2.638938e+00	-2.513274e+00	0.000000e+00	0.000000e+00	0.000000e+00
-2.513274e+00	-2.387610e+00	0.000000e+00	0.000000e+00	0.000000e+00
-2.387610e+00	-2.261947e+00	0.000000e+00	0.000000e+00	0.000000e+00
-2.261947e+00	-2.136283e+00	0.000000e+00	0.000000e+00	0.000000e+00
-2.136283e+00	-2.010619e+00	0.000000e+00	0.000000e+00	0.000000e+00
-2.010619e+00	-1.884956e+00	0.000000e+00	0.000000e+00	0.000000e+00
-1.884956e+00	-1.759292e+00	0.000000e+00	0.000000e+00	0.000000e+00
-1.759292e+00	-1.633628e+00	0.000000e+00	0.000000e+00	0.000000e+00
-1.633628e+00	-1.507964e+00	0.000000e+00	0.000000e+00	0.000000e+00
-1.507964e+00	-1.382301e+00	0.000000e+00	0.000000e+00	0.000000e+00
-1.382301e+00	-1.256637e+00	0.000000e+00	0.000000e+00	0.000000e+00
-1.256637e+00	-1.130973e+00	0.000000e+00	0.000000e+00	0.000000e+00
-1.130973e+00	-1.005310e+00	0.000000e+00	0.000000e+00	0.000000e+00
-1.005310e+00	-8.796459e-01	0.000000e+00	0.000000e+00	0.000000e+00
-8.796459e-01	-7.539822e-01	0.000000e+00	0.000000e+00	0.000000e+00
-7.539822e-01	-6.283185e-01	0.000000e+00	0.000000e+00	0.000000e+00
-6.283185e-01	-5.026548e-01	0.000000e+00	0.000000e+00	0.000000e+00
-5.026548e-01	-3.769911e-01	0.000000e+00	0.000000e+00	0.000000e+00
-3.769911e-01	-2.513274e-01	0.000000e+00	0.000000e+00	0.000000e+00
-2.513274e-01	-1.256637e-01	0.000000e+00	0.000000e+00	0.000000e+00
-1.256637e-01	4.440892e-16	0.000000e+00	0.000000e+00	0.000000e+00
4.440892e-16	1.256637e-01	2.310314e-03	3.330790e-04	3.330790e-04
1.256637e-01	2.513274e-01	1.911260e-03	3.310865e-04	3.310865e-04
2.513274e-01	3.769911e-01	2.257806e-03	3.305865e-04	3.305865e-04
3.769911e-01	5.026548e-01	1.974268e-03	3.317520e-04	3.317520e-04
5.026548e-01	6.283185e-01	2.142291e-03	3.250357e-04	3.250357e-04
6.283185e-01	7.539822e-01	2.047778e-03	3.329134e-04	3.329134e-04
7.539822e-01	8.796459e-01	2.425829e-03	3.394739e-04	3.394739e-04
8.796459e-01	1.005310e+00	1.837744e-03	3.345645e-04	3.345645e-04
1.005310e+00	1.130973e+00	1.533217e-03	3.277406e-04	3.277406e-04
1.130973e+00	1.256637e+00	2.446826e-03	3.414167e-04	3.414167e-04
1.256637e+00	1.382301e+00	2.226297e-03	3.380081e-04	3.380081e-04
1.382301e+00	1.507964e+00	2.152805e-03	3.302546e-04	3.302546e-04
1.507964e+00	1.633628e+00	2.026771e-03	3.315850e-04	3.315850e-04
1.633628e+00	1.759292e+00	2.215795e-03	3.228220e-04	3.228220e-04
1.759292e+00	1.884956e+00	1.680224e-03	3.209377e-04	3.209377e-04
1.884956e+00	2.010619e+00	1.806256e-03	3.260538e-04	3.260538e-04
2.010619e+00	2.136283e+00	1.690725e-03	3.265582e-04	3.265582e-04
2.136283e+00	2.261947e+00	2.730364e-03	3.363728e-04	3.363728e-04
2.261947e+00	2.387610e+00	1.638232e-03	3.334118e-04	3.334118e-04
2.387610e+00	2.513274e+00	1.533204e-03	3.257128e-04	3.257128e-04
2.513274e+00	2.638938e+00	1.722230e-03	3.270643e-04	3.270643e-04
2.638938e+00	2.764602e+00	2.058274e-03	3.393107e-04	3.393107e-04
2.764602e+00	2.890265e+00	2.005784e-03	3.315876e-04	3.315876e-04
2.890265e+00	3.015929e+00	2.478331e-03	3.376817e-04	3.376817e-04
3.015929e+00	3.141593e+00	1.932257e-03	3.350589e-04	3.350589e-04
# END HISTO1D

