# BEGIN PLOT
Legend=1
LogY=1
Title=1D differential xsection vs $p_{T}^{\gamma\gamma}$
XLabel=$p_{T}^{\gamma\gamma}$ [GeV]
YLabel=$d\sigma/dp_{T}^{\gamma\gamma}$ [fb/GeV]
XMin=1
LogX=1
DrawOnly=/ATLAS_2022_I2023464/d02-x01-y01 //ustcfs2/yuyi/private/ttHyy/Generation/ggHyy/Rivet_new/br_pw.yoda.gz/ATLAS_2022_I2023464/d02-x01-y01 //ustcfs2/yuyi/private/ttHyy/Generation/ggHyy/Rivet_new/even_fixps.yoda.gz/ATLAS_2022_I2023464/d02-x01-y01 //ustcfs2/yuyi/private/ttHyy/Generation/ggHyy/Rivet_new/br_even_pythia.yoda.gz/ATLAS_2022_I2023464/d02-x01-y01 //ustcfs2/yuyi/private/ttHyy/Generation/ggHyy/Rivet_new/br_mix_pythia.yoda.gz/ATLAS_2022_I2023464/d02-x01-y01 //ustcfs2/yuyi/private/ttHyy/Generation/ggHyy/Rivet_new/br_odd_pythia.yoda.gz/ATLAS_2022_I2023464/d02-x01-y01
LegendOnly=/ATLAS_2022_I2023464/d02-x01-y01 //ustcfs2/yuyi/private/ttHyy/Generation/ggHyy/Rivet_new/br_pw.yoda.gz/ATLAS_2022_I2023464/d02-x01-y01 //ustcfs2/yuyi/private/ttHyy/Generation/ggHyy/Rivet_new/even_fixps.yoda.gz/ATLAS_2022_I2023464/d02-x01-y01 //ustcfs2/yuyi/private/ttHyy/Generation/ggHyy/Rivet_new/br_even_pythia.yoda.gz/ATLAS_2022_I2023464/d02-x01-y01 //ustcfs2/yuyi/private/ttHyy/Generation/ggHyy/Rivet_new/br_mix_pythia.yoda.gz/ATLAS_2022_I2023464/d02-x01-y01 //ustcfs2/yuyi/private/ttHyy/Generation/ggHyy/Rivet_new/br_odd_pythia.yoda.gz/ATLAS_2022_I2023464/d02-x01-y01
RatioPlot=1
RatioPlotReference=/ATLAS_2022_I2023464/d02-x01-y01
# END PLOT

# BEGIN HISTO1D /ATLAS_2022_I2023464/d02-x01-y01
ConnectBins=0
ErrorBars=1
IsRef=1
Path=/ATLAS_2022_I2023464/d02-x01-y01
PolyMarker=*
Title=Data
# xlow	 xhigh	 val	 errminus	 errplus
0.000000e+00	5.000000e+00	3.996200e-01	3.053938e-01	3.053938e-01
5.000000e+00	1.000000e+01	1.044000e+00	4.234708e-01	4.234708e-01
1.000000e+01	1.500000e+01	1.348300e+00	4.466780e-01	4.466780e-01
1.500000e+01	2.000000e+01	1.825900e+00	4.606646e-01	4.606646e-01
2.000000e+01	2.500000e+01	1.382400e+00	3.953393e-01	3.953393e-01
2.500000e+01	3.000000e+01	6.087000e-01	3.596391e-01	3.596391e-01
3.000000e+01	3.500000e+01	1.467400e+00	3.355463e-01	3.355463e-01
3.500000e+01	4.500000e+01	4.810300e-01	1.848706e-01	1.848706e-01
4.500000e+01	6.000000e+01	3.627000e-01	1.142785e-01	1.142785e-01
6.000000e+01	8.000000e+01	3.184200e-01	7.944978e-02	7.944978e-02
8.000000e+01	1.000000e+02	1.197600e-01	5.598162e-02	5.598162e-02
1.000000e+02	1.200000e+02	1.253300e-01	3.556662e-02	3.556662e-02
1.200000e+02	1.400000e+02	7.437500e-02	2.336445e-02	2.336445e-02
1.400000e+02	1.700000e+02	6.238000e-02	1.330101e-02	1.330101e-02
1.700000e+02	2.000000e+02	2.330700e-02	8.744337e-03	8.744337e-03
2.000000e+02	2.500000e+02	2.147400e-02	4.436942e-03	4.436942e-03
2.500000e+02	3.000000e+02	5.660000e-03	2.438351e-03	2.438351e-03
3.000000e+02	4.500000e+02	1.454700e-03	6.992575e-04	6.992575e-04
4.500000e+02	6.500000e+02	4.370000e-04	2.313243e-04	2.313243e-04
6.500000e+02	1.300000e+04	1.000000e-06	1.536431e-06	1.536431e-06
# END HISTO1D


# BEGIN HISTO1D //ustcfs2/yuyi/private/ttHyy/Generation/ggHyy/Rivet_new/br_pw.yoda.gz/ATLAS_2022_I2023464/d02-x01-y01
ErrorBars=1
LineColor=red
LineStyle=solid
Path=//ustcfs2/yuyi/private/ttHyy/Generation/ggHyy/Rivet_new/br_pw.yoda.gz/ATLAS_2022_I2023464/d02-x01-y01
ScaledBy=2.28242794195637878e-05
Title=NNLO PhPy8
# xlow	 xhigh	 val	 errminus	 errplus
0.000000e+00	5.000000e+00	2.851344e-01	6.691000e-03	6.691000e-03
5.000000e+00	1.000000e+01	6.478754e-01	9.551783e-03	9.551783e-03
1.000000e+01	1.500000e+01	7.052990e-01	9.963738e-03	9.963738e-03
1.500000e+01	2.000000e+01	6.523092e-01	9.583066e-03	9.583066e-03
2.000000e+01	2.500000e+01	5.779792e-01	9.020579e-03	9.020579e-03
2.500000e+01	3.000000e+01	4.980824e-01	8.372718e-03	8.372718e-03
3.000000e+01	3.500000e+01	4.254404e-01	7.737852e-03	7.737852e-03
3.500000e+01	4.500000e+01	3.446284e-01	4.925041e-03	4.925041e-03
4.500000e+01	6.000000e+01	2.444392e-01	3.389322e-03	3.389322e-03
6.000000e+01	8.000000e+01	1.487096e-01	2.288792e-03	2.288792e-03
8.000000e+01	1.000000e+02	9.628645e-02	1.841019e-03	1.841019e-03
1.000000e+02	1.200000e+02	5.643180e-02	1.409035e-03	1.409035e-03
1.200000e+02	1.400000e+02	4.098693e-02	1.200833e-03	1.200833e-03
1.400000e+02	1.700000e+02	2.667085e-02	7.953933e-04	7.953933e-04
1.700000e+02	2.000000e+02	1.487022e-02	5.905719e-04	5.905719e-04
2.000000e+02	2.500000e+02	8.584384e-03	3.475717e-04	3.475717e-04
2.500000e+02	3.000000e+02	3.532264e-03	2.229545e-04	2.229545e-04
3.000000e+02	4.500000e+02	1.027312e-03	6.941931e-05	6.941931e-05
4.500000e+02	6.500000e+02	1.899823e-04	2.585332e-05	2.585332e-05
6.500000e+02	1.300000e+04	2.278990e-07	1.139495e-07	1.139495e-07
# END HISTO1D


# BEGIN HISTO1D //ustcfs2/yuyi/private/ttHyy/Generation/ggHyy/Rivet_new/even_fixps.yoda.gz/ATLAS_2022_I2023464/d02-x01-y01
ErrorBars=1
LineColor=blue
LineStyle=solid
Path=//ustcfs2/yuyi/private/ttHyy/Generation/ggHyy/Rivet_new/even_fixps.yoda.gz/ATLAS_2022_I2023464/d02-x01-y01
ScaledBy=3.12706459889695518e-03
Title=EVEN (Madspin)
# xlow	 xhigh	 val	 errminus	 errplus
0.000000e+00	5.000000e+00	3.009508e-01	1.117648e-02	1.117648e-02
5.000000e+00	1.000000e+01	5.728548e-01	1.634424e-02	1.634424e-02
1.000000e+01	1.500000e+01	6.315476e-01	1.870327e-02	1.870327e-02
1.500000e+01	2.000000e+01	5.375192e-01	1.923276e-02	1.923276e-02
2.000000e+01	2.500000e+01	4.728372e-01	1.924208e-02	1.924208e-02
2.500000e+01	3.000000e+01	3.731192e-01	1.805683e-02	1.805683e-02
3.000000e+01	3.500000e+01	3.749160e-01	1.693965e-02	1.693965e-02
3.500000e+01	4.500000e+01	2.564820e-01	1.071672e-02	1.071672e-02
4.500000e+01	6.000000e+01	1.821676e-01	7.418155e-03	7.418155e-03
6.000000e+01	8.000000e+01	1.111721e-01	5.060346e-03	5.060346e-03
8.000000e+01	1.000000e+02	7.359070e-02	4.030822e-03	4.030822e-03
1.000000e+02	1.200000e+02	4.596613e-02	3.230423e-03	3.230423e-03
1.200000e+02	1.400000e+02	3.458689e-02	2.791110e-03	2.791110e-03
1.400000e+02	1.700000e+02	2.295811e-02	1.886003e-03	1.886003e-03
1.700000e+02	2.000000e+02	1.292641e-02	1.558406e-03	1.558406e-03
2.000000e+02	2.500000e+02	9.283062e-03	9.403034e-04	9.403034e-04
2.500000e+02	3.000000e+02	5.569838e-03	7.408074e-04	7.408074e-04
3.000000e+02	4.500000e+02	2.046267e-03	2.691383e-04	2.691383e-04
4.500000e+02	6.500000e+02	2.919672e-04	1.204812e-04	1.204812e-04
6.500000e+02	1.300000e+04	6.061814e-07	1.242302e-06	1.242302e-06
# END HISTO1D


# BEGIN HISTO1D //ustcfs2/yuyi/private/ttHyy/Generation/ggHyy/Rivet_new/br_even_pythia.yoda.gz/ATLAS_2022_I2023464/d02-x01-y01
ErrorBars=1
LineColor=green
LineStyle=solid
Path=//ustcfs2/yuyi/private/ttHyy/Generation/ggHyy/Rivet_new/br_even_pythia.yoda.gz/ATLAS_2022_I2023464/d02-x01-y01
ScaledBy=7.23490853448394614e-06
Title=EVEN
# xlow	 xhigh	 val	 errminus	 errplus
0.000000e+00	5.000000e+00	4.052120e-01	1.604273e-02	1.604273e-02
5.000000e+00	1.000000e+01	8.981458e-01	2.496394e-02	2.496394e-02
1.000000e+01	1.500000e+01	8.923570e-01	2.751433e-02	2.751433e-02
1.500000e+01	2.000000e+01	7.881598e-01	2.894030e-02	2.894030e-02
2.000000e+01	2.500000e+01	6.808454e-01	2.835544e-02	2.835544e-02
2.500000e+01	3.000000e+01	6.376524e-01	2.715162e-02	2.715162e-02
3.000000e+01	3.500000e+01	4.688882e-01	2.527181e-02	2.527181e-02
3.500000e+01	4.500000e+01	4.003139e-01	1.611057e-02	1.611057e-02
4.500000e+01	6.000000e+01	2.650947e-01	1.091334e-02	1.091334e-02
6.000000e+01	8.000000e+01	1.586339e-01	7.598492e-03	7.598492e-03
8.000000e+01	1.000000e+02	9.128405e-02	5.942969e-03	5.942969e-03
1.000000e+02	1.200000e+02	7.057815e-02	4.888037e-03	4.888037e-03
1.200000e+02	1.400000e+02	4.642127e-02	4.027642e-03	4.027642e-03
1.400000e+02	1.700000e+02	3.124439e-02	2.765928e-03	2.765928e-03
1.700000e+02	2.000000e+02	2.144804e-02	2.227676e-03	2.227676e-03
2.000000e+02	2.500000e+02	1.438280e-02	1.358676e-03	1.358676e-03
2.500000e+02	3.000000e+02	5.521570e-03	1.076087e-03	1.076087e-03
3.000000e+02	4.500000e+02	2.597513e-03	3.974471e-04	3.974471e-04
4.500000e+02	6.500000e+02	6.790640e-04	1.749563e-04	1.749563e-04
6.500000e+02	1.300000e+04	4.867521e-06	1.738543e-06	1.738543e-06
# END HISTO1D


# BEGIN HISTO1D //ustcfs2/yuyi/private/ttHyy/Generation/ggHyy/Rivet_new/br_mix_pythia.yoda.gz/ATLAS_2022_I2023464/d02-x01-y01
ErrorBars=1
LineColor=orange
LineStyle=solid
Path=//ustcfs2/yuyi/private/ttHyy/Generation/ggHyy/Rivet_new/br_mix_pythia.yoda.gz/ATLAS_2022_I2023464/d02-x01-y01
ScaledBy=7.25327500126240480e-06
Title=MIX
# xlow	 xhigh	 val	 errminus	 errplus
0.000000e+00	5.000000e+00	7.021992e-01	2.636611e-02	2.636611e-02
5.000000e+00	1.000000e+01	1.358885e+00	3.920457e-02	3.920457e-02
1.000000e+01	1.500000e+01	1.426794e+00	4.407990e-02	4.407990e-02
1.500000e+01	2.000000e+01	1.396452e+00	4.629738e-02	4.629738e-02
2.000000e+01	2.500000e+01	1.027291e+00	4.513869e-02	4.513869e-02
2.500000e+01	3.000000e+01	9.268740e-01	4.375905e-02	4.375905e-02
3.000000e+01	3.500000e+01	8.575210e-01	4.140585e-02	4.140585e-02
3.500000e+01	4.500000e+01	6.436826e-01	2.607251e-02	2.607251e-02
4.500000e+01	6.000000e+01	4.002247e-01	1.770561e-02	1.770561e-02
6.000000e+01	8.000000e+01	2.700071e-01	1.231177e-02	1.231177e-02
8.000000e+01	1.000000e+02	1.591146e-01	9.751095e-03	9.751095e-03
1.000000e+02	1.200000e+02	1.031265e-01	7.948750e-03	7.948750e-03
1.200000e+02	1.400000e+02	6.556025e-02	6.618691e-03	6.618691e-03
1.400000e+02	1.700000e+02	4.972707e-02	4.497073e-03	4.497073e-03
1.700000e+02	2.000000e+02	3.238882e-02	3.654034e-03	3.654034e-03
2.000000e+02	2.500000e+02	1.928881e-02	2.287940e-03	2.287940e-03
2.500000e+02	3.000000e+02	1.061968e-02	1.717190e-03	1.717190e-03
3.000000e+02	4.500000e+02	3.419488e-03	6.594828e-04	6.594828e-04
4.500000e+02	6.500000e+02	7.946700e-04	3.054338e-04	3.054338e-04
6.500000e+02	1.300000e+04	4.679690e-06	3.177153e-06	3.177153e-06
# END HISTO1D


# BEGIN HISTO1D //ustcfs2/yuyi/private/ttHyy/Generation/ggHyy/Rivet_new/br_odd_pythia.yoda.gz/ATLAS_2022_I2023464/d02-x01-y01
ErrorBars=1
LineColor=lilac
LineStyle=solid
Path=//ustcfs2/yuyi/private/ttHyy/Generation/ggHyy/Rivet_new/br_odd_pythia.yoda.gz/ATLAS_2022_I2023464/d02-x01-y01
ScaledBy=7.21828562408524829e-06
Title=ODD
# xlow	 xhigh	 val	 errminus	 errplus
0.000000e+00	5.000000e+00	9.117712e-01	3.548078e-02	3.548078e-02
5.000000e+00	1.000000e+01	1.932754e+00	5.428109e-02	5.428109e-02
1.000000e+01	1.500000e+01	2.014914e+00	6.103654e-02	6.103654e-02
1.500000e+01	2.000000e+01	1.801499e+00	6.328940e-02	6.328940e-02
2.000000e+01	2.500000e+01	1.546004e+00	6.315441e-02	6.315441e-02
2.500000e+01	3.000000e+01	1.307540e+00	6.092130e-02	6.092130e-02
3.000000e+01	3.500000e+01	1.176285e+00	5.753998e-02	5.753998e-02
3.500000e+01	4.500000e+01	9.162798e-01	3.628858e-02	3.628858e-02
4.500000e+01	6.000000e+01	5.724452e-01	2.501524e-02	2.501524e-02
6.000000e+01	8.000000e+01	3.682152e-01	1.729264e-02	1.729264e-02
8.000000e+01	1.000000e+02	2.276923e-01	1.368996e-02	1.368996e-02
1.000000e+02	1.200000e+02	1.355133e-01	1.101856e-02	1.101856e-02
1.200000e+02	1.400000e+02	1.052043e-01	9.291667e-03	9.291667e-03
1.400000e+02	1.700000e+02	7.831880e-02	6.110595e-03	6.110595e-03
1.700000e+02	2.000000e+02	4.558857e-02	5.062336e-03	5.062336e-03
2.000000e+02	2.500000e+02	3.176170e-02	3.179502e-03	3.179502e-03
2.500000e+02	3.000000e+02	1.653211e-02	2.368920e-03	2.368920e-03
3.000000e+02	4.500000e+02	5.143322e-03	8.924262e-04	8.924262e-04
4.500000e+02	6.500000e+02	1.177287e-03	4.015606e-04	4.015606e-04
6.500000e+02	1.300000e+04	8.518567e-06	4.312079e-06	4.312079e-06
# END HISTO1D

