# BEGIN PLOT
Legend=1
LogY=1
LegendPlacement=manual
LegendAlign=r
LegendXPos=1.36
RightMargin=3.7
Title=Di-bjet $\Delta\eta$
XLabel=$\Delta\eta_{bb}$
YLabel=$\mathrm{d}\sigma/\mathrm{d}\Delta\eta_{bb}$ [pb]
DrawOnly=//eos/home-y/yiyu/monobc/Rivet_New2/X600_pi10_L20_darkQCDtch.yoda.gz/JetMETAnalysis/bb_deta //eos/home-y/yiyu/monobc/Rivet_New2/X600_pi20_L40_darkQCDtch.yoda.gz/JetMETAnalysis/bb_deta //eos/home-y/yiyu/monobc/Rivet_New2/X1200_pi10_L20_darkQCDtch.yoda.gz/JetMETAnalysis/bb_deta //eos/home-y/yiyu/monobc/Rivet_New2/X1200_pi20_L40_darkQCDtch.yoda.gz/JetMETAnalysis/bb_deta //eos/home-y/yiyu/monobc/Rivet_New2/X2000_pi10_L20_darkQCDtch.yoda.gz/JetMETAnalysis/bb_deta //eos/home-y/yiyu/monobc/Rivet_New2/X2000_pi20_L40_darkQCDtch.yoda.gz/JetMETAnalysis/bb_deta
LegendOnly=//eos/home-y/yiyu/monobc/Rivet_New2/X600_pi10_L20_darkQCDtch.yoda.gz/JetMETAnalysis/bb_deta //eos/home-y/yiyu/monobc/Rivet_New2/X600_pi20_L40_darkQCDtch.yoda.gz/JetMETAnalysis/bb_deta //eos/home-y/yiyu/monobc/Rivet_New2/X1200_pi10_L20_darkQCDtch.yoda.gz/JetMETAnalysis/bb_deta //eos/home-y/yiyu/monobc/Rivet_New2/X1200_pi20_L40_darkQCDtch.yoda.gz/JetMETAnalysis/bb_deta //eos/home-y/yiyu/monobc/Rivet_New2/X2000_pi10_L20_darkQCDtch.yoda.gz/JetMETAnalysis/bb_deta //eos/home-y/yiyu/monobc/Rivet_New2/X2000_pi20_L40_darkQCDtch.yoda.gz/JetMETAnalysis/bb_deta
RatioPlot=1
RatioPlotReference=//eos/home-y/yiyu/monobc/Rivet_New2/X600_pi10_L20_darkQCDtch.yoda.gz/JetMETAnalysis/bb_deta
RatioPlotYLabel=Ratio
# END PLOT

# BEGIN HISTO1D //eos/home-y/yiyu/monobc/Rivet_New2/X600_pi10_L20_darkQCDtch.yoda.gz/JetMETAnalysis/bb_deta
ErrorBars=1
LineColor=red
LineStyle=solid
Path=//eos/home-y/yiyu/monobc/Rivet_New2/X600_pi10_L20_darkQCDtch.yoda.gz/JetMETAnalysis/bb_deta
ScaledBy=9.53673292566163565e-06
Title=X600_pi10_L20
# xlow	 xhigh	 val	 errminus	 errplus
0.000000e+00	1.000000e-01	2.355746e-03	9.204617e-05	9.204617e-05
1.000000e-01	2.000000e-01	2.341403e-03	9.162619e-05	9.162619e-05
2.000000e-01	3.000000e-01	2.305547e-03	9.092190e-05	9.092190e-05
3.000000e-01	4.000000e-01	2.391602e-03	9.260319e-05	9.260319e-05
4.000000e-01	5.000000e-01	2.441800e-03	9.370729e-05	9.370729e-05
5.000000e-01	6.000000e-01	2.599567e-03	9.654550e-05	9.654550e-05
6.000000e-01	7.000000e-01	2.355746e-03	9.190639e-05	9.190639e-05
7.000000e-01	8.000000e-01	2.330646e-03	9.141547e-05	9.141547e-05
8.000000e-01	9.000000e-01	2.255348e-03	8.992663e-05	8.992663e-05
9.000000e-01	1.000000e+00	2.172879e-03	8.826720e-05	8.826720e-05
1.000000e+00	1.100000e+00	2.126267e-03	8.731530e-05	8.731530e-05
1.100000e+00	1.200000e+00	1.843003e-03	8.129140e-05	8.129140e-05
1.200000e+00	1.300000e+00	1.846589e-03	8.137043e-05	8.137043e-05
1.300000e+00	1.400000e+00	1.785634e-03	8.017667e-05	8.017667e-05
1.400000e+00	1.500000e+00	1.789219e-03	8.009645e-05	8.009645e-05
1.500000e+00	1.600000e+00	1.455758e-03	7.242577e-05	7.242577e-05
1.600000e+00	1.700000e+00	1.513127e-03	7.365788e-05	7.365788e-05
1.700000e+00	1.800000e+00	1.445001e-03	7.198062e-05	7.198062e-05
1.800000e+00	1.900000e+00	1.179666e-03	6.503707e-05	6.503707e-05
1.900000e+00	2.000000e+00	1.254963e-03	6.708062e-05	6.708062e-05
2.000000e+00	2.100000e+00	1.097197e-03	6.272256e-05	6.272256e-05
2.100000e+00	2.200000e+00	1.086440e-03	6.241433e-05	6.241433e-05
2.200000e+00	2.300000e+00	1.011142e-03	6.021262e-05	6.021262e-05
2.300000e+00	2.400000e+00	9.717002e-04	5.902659e-05	5.902659e-05
2.400000e+00	2.500000e+00	7.744917e-04	5.269749e-05	5.269749e-05
2.500000e+00	2.600000e+00	7.493924e-04	5.183656e-05	5.183656e-05
2.600000e+00	2.700000e+00	6.454097e-04	4.810600e-05	4.810600e-05
2.700000e+00	2.800000e+00	5.772832e-04	4.549629e-05	4.549629e-05
2.800000e+00	2.900000e+00	5.736975e-04	4.535477e-05	4.535477e-05
2.900000e+00	3.000000e+00	4.589580e-04	4.056654e-05	4.056654e-05
3.000000e+00	3.100000e+00	4.374444e-04	3.960436e-05	3.960436e-05
3.100000e+00	3.200000e+00	4.374444e-04	3.960436e-05	3.960436e-05
3.200000e+00	3.300000e+00	4.087595e-04	3.828383e-05	3.828383e-05
3.300000e+00	3.400000e+00	3.083624e-04	3.325157e-05	3.325157e-05
3.400000e+00	3.500000e+00	2.653351e-04	3.084458e-05	3.084458e-05
3.500000e+00	3.600000e+00	2.043798e-04	2.707076e-05	2.707076e-05
3.600000e+00	3.700000e+00	2.545783e-04	3.021288e-05	3.021288e-05
3.700000e+00	3.800000e+00	1.541812e-04	2.351242e-05	2.351242e-05
3.800000e+00	3.900000e+00	2.223078e-04	2.823312e-05	2.823312e-05
3.900000e+00	4.000000e+00	1.219107e-04	2.090752e-05	2.090752e-05
4.000000e+00	4.100000e+00	9.681146e-05	1.863137e-05	1.863137e-05
4.100000e+00	4.200000e+00	8.605463e-05	1.756583e-05	1.756583e-05
4.200000e+00	4.300000e+00	7.171219e-05	1.603533e-05	1.603533e-05
4.300000e+00	4.400000e+00	2.151366e-05	8.782914e-06	8.782914e-06
4.400000e+00	4.500000e+00	3.944171e-05	1.189212e-05	1.189212e-05
4.500000e+00	4.600000e+00	2.151366e-05	8.782914e-06	8.782914e-06
4.600000e+00	4.700000e+00	1.792805e-05	8.017667e-06	8.017667e-06
4.700000e+00	4.800000e+00	1.075683e-05	6.210458e-06	6.210458e-06
4.800000e+00	4.900000e+00	1.075683e-05	6.210458e-06	6.210458e-06
4.900000e+00	5.000000e+00	3.585610e-06	3.585610e-06	3.585610e-06
# END HISTO1D


# BEGIN HISTO1D //eos/home-y/yiyu/monobc/Rivet_New2/X600_pi20_L40_darkQCDtch.yoda.gz/JetMETAnalysis/bb_deta
ErrorBars=1
LineColor=red
LineStyle=dashed
Path=//eos/home-y/yiyu/monobc/Rivet_New2/X600_pi20_L40_darkQCDtch.yoda.gz/JetMETAnalysis/bb_deta
ScaledBy=8.22287558899903432e-06
Title=X600_pi20_L40
# xlow	 xhigh	 val	 errminus	 errplus
0.000000e+00	1.000000e-01	2.587271e-03	8.766634e-05	8.766634e-05
1.000000e-01	2.000000e-01	2.676385e-03	8.916331e-05	8.916331e-05
2.000000e-01	3.000000e-01	2.712030e-03	8.975511e-05	8.975511e-05
3.000000e-01	4.000000e-01	2.584301e-03	8.771665e-05	8.771665e-05
4.000000e-01	5.000000e-01	2.578360e-03	8.771665e-05	8.771665e-05
5.000000e-01	6.000000e-01	2.732824e-03	9.009853e-05	9.009853e-05
6.000000e-01	7.000000e-01	2.608064e-03	8.801791e-05	8.801791e-05
7.000000e-01	8.000000e-01	2.385280e-03	8.417469e-05	8.417469e-05
8.000000e-01	9.000000e-01	2.177348e-03	8.042217e-05	8.042217e-05
9.000000e-01	1.000000e+00	2.031795e-03	7.768762e-05	7.768762e-05
1.000000e+00	1.100000e+00	2.055559e-03	7.814062e-05	7.814062e-05
1.100000e+00	1.200000e+00	1.957533e-03	7.625468e-05	7.625468e-05
1.200000e+00	1.300000e+00	1.702074e-03	7.110515e-05	7.110515e-05
1.300000e+00	1.400000e+00	1.586226e-03	6.864271e-05	6.864271e-05
1.400000e+00	1.500000e+00	1.607019e-03	6.909115e-05	6.909115e-05
1.500000e+00	1.600000e+00	1.461467e-03	6.588800e-05	6.588800e-05
1.600000e+00	1.700000e+00	1.360471e-03	6.357063e-05	6.357063e-05
1.700000e+00	1.800000e+00	1.265416e-03	6.130962e-05	6.130962e-05
1.800000e+00	1.900000e+00	1.102041e-03	5.721511e-05	5.721511e-05
1.900000e+00	2.000000e+00	1.060454e-03	5.612520e-05	5.612520e-05
2.000000e+00	2.100000e+00	9.743111e-04	5.379733e-05	5.379733e-05
2.100000e+00	2.200000e+00	8.554926e-04	5.041039e-05	5.041039e-05
2.200000e+00	2.300000e+00	8.644040e-04	5.067226e-05	5.067226e-05
2.300000e+00	2.400000e+00	6.564718e-04	4.415906e-05	4.415906e-05
2.400000e+00	2.500000e+00	6.327081e-04	4.335244e-05	4.335244e-05
2.500000e+00	2.600000e+00	5.406238e-04	4.007371e-05	4.007371e-05
2.600000e+00	2.700000e+00	5.138897e-04	3.907031e-05	3.907031e-05
2.700000e+00	2.800000e+00	4.396282e-04	3.613721e-05	3.613721e-05
2.800000e+00	2.900000e+00	3.861599e-04	3.386847e-05	3.386847e-05
2.900000e+00	3.000000e+00	3.980417e-04	3.438556e-05	3.438556e-05
3.000000e+00	3.100000e+00	3.416030e-04	3.185464e-05	3.185464e-05
3.100000e+00	3.200000e+00	2.673414e-04	2.818026e-05	2.818026e-05
3.200000e+00	3.300000e+00	2.584301e-04	2.770661e-05	2.770661e-05
3.300000e+00	3.400000e+00	2.376368e-04	2.656861e-05	2.656861e-05
3.400000e+00	3.500000e+00	1.514935e-04	2.121333e-05	2.121333e-05
3.500000e+00	3.600000e+00	1.663458e-04	2.222889e-05	2.222889e-05
3.600000e+00	3.700000e+00	1.366412e-04	2.014664e-05	2.014664e-05
3.700000e+00	3.800000e+00	1.128775e-04	1.831115e-05	1.831115e-05
3.800000e+00	3.900000e+00	5.940921e-05	1.328430e-05	1.328430e-05
3.900000e+00	4.000000e+00	7.129105e-05	1.455223e-05	1.455223e-05
4.000000e+00	4.100000e+00	5.643875e-05	1.294794e-05	1.294794e-05
4.100000e+00	4.200000e+00	6.535013e-05	1.393270e-05	1.393270e-05
4.200000e+00	4.300000e+00	3.861599e-05	1.071015e-05	1.071015e-05
4.300000e+00	4.400000e+00	3.267507e-05	9.851903e-06	9.851903e-06
4.400000e+00	4.500000e+00	2.970461e-05	9.393421e-06	9.393421e-06
4.500000e+00	4.600000e+00	1.782276e-05	7.276112e-06	7.276112e-06
4.600000e+00	4.700000e+00	2.376368e-05	8.401731e-06	8.401731e-06
4.700000e+00	4.800000e+00	0.000000e+00	0.000000e+00	0.000000e+00
4.800000e+00	4.900000e+00	8.911382e-06	5.144989e-06	5.144989e-06
4.900000e+00	5.000000e+00	0.000000e+00	0.000000e+00	0.000000e+00
# END HISTO1D


# BEGIN HISTO1D //eos/home-y/yiyu/monobc/Rivet_New2/X1200_pi10_L20_darkQCDtch.yoda.gz/JetMETAnalysis/bb_deta
ErrorBars=1
LineColor=blue
LineStyle=solid
Path=//eos/home-y/yiyu/monobc/Rivet_New2/X1200_pi10_L20_darkQCDtch.yoda.gz/JetMETAnalysis/bb_deta
ScaledBy=1.49338603861111734e-05
Title=X1200_pi10_L20
# xlow	 xhigh	 val	 errminus	 errplus
0.000000e+00	1.000000e-01	8.018126e-05	4.004012e-06	4.004012e-06
1.000000e-01	2.000000e-01	7.381451e-05	3.852863e-06	3.852863e-06
2.000000e-01	3.000000e-01	7.779373e-05	3.944248e-06	3.944248e-06
3.000000e-01	4.000000e-01	8.117607e-05	4.018815e-06	4.018815e-06
4.000000e-01	5.000000e-01	8.396152e-05	4.106508e-06	4.106508e-06
5.000000e-01	6.000000e-01	8.356360e-05	4.077486e-06	4.077486e-06
6.000000e-01	7.000000e-01	9.311373e-05	4.304184e-06	4.304184e-06
7.000000e-01	8.000000e-01	9.172100e-05	4.271873e-06	4.271873e-06
8.000000e-01	9.000000e-01	8.495633e-05	4.111325e-06	4.111325e-06
9.000000e-01	1.000000e+00	8.177295e-05	4.062898e-06	4.062898e-06
1.000000e+00	1.100000e+00	8.933347e-05	4.225286e-06	4.225286e-06
1.100000e+00	1.200000e+00	8.634905e-05	4.144887e-06	4.144887e-06
1.200000e+00	1.300000e+00	8.018126e-05	3.994113e-06	3.994113e-06
1.300000e+00	1.400000e+00	8.396152e-05	4.096857e-06	4.096857e-06
1.400000e+00	1.500000e+00	7.839062e-05	3.949262e-06	3.949262e-06
1.500000e+00	1.600000e+00	8.117607e-05	4.018815e-06	4.018815e-06
1.600000e+00	1.700000e+00	7.938542e-05	3.984190e-06	3.984190e-06
1.700000e+00	1.800000e+00	8.097711e-05	4.013886e-06	4.013886e-06
1.800000e+00	1.900000e+00	6.884049e-05	3.700888e-06	3.700888e-06
1.900000e+00	2.000000e+00	7.003426e-05	3.732838e-06	3.732838e-06
2.000000e+00	2.100000e+00	6.466231e-05	3.586819e-06	3.586819e-06
2.100000e+00	2.200000e+00	6.665192e-05	3.641583e-06	3.641583e-06
2.200000e+00	2.300000e+00	6.267270e-05	3.542399e-06	3.542399e-06
2.300000e+00	2.400000e+00	5.491322e-05	3.305388e-06	3.305388e-06
2.400000e+00	2.500000e+00	6.008621e-05	3.457573e-06	3.457573e-06
2.500000e+00	2.600000e+00	4.974024e-05	3.145849e-06	3.145849e-06
2.600000e+00	2.700000e+00	5.411738e-05	3.281349e-06	3.281349e-06
2.700000e+00	2.800000e+00	4.496518e-05	2.991039e-06	2.991039e-06
2.800000e+00	2.900000e+00	3.839946e-05	2.764054e-06	2.764054e-06
2.900000e+00	3.000000e+00	3.839946e-05	2.764054e-06	2.764054e-06
3.000000e+00	3.100000e+00	3.700674e-05	2.713466e-06	2.713466e-06
3.100000e+00	3.200000e+00	3.243064e-05	2.540163e-06	2.540163e-06
3.200000e+00	3.300000e+00	2.884934e-05	2.395807e-06	2.395807e-06
3.300000e+00	3.400000e+00	2.646181e-05	2.294530e-06	2.294530e-06
3.400000e+00	3.500000e+00	2.188571e-05	2.086720e-06	2.086720e-06
3.500000e+00	3.600000e+00	2.248259e-05	2.114984e-06	2.114984e-06
3.600000e+00	3.700000e+00	2.069194e-05	2.029012e-06	2.029012e-06
3.700000e+00	3.800000e+00	2.089090e-05	2.038743e-06	2.038743e-06
3.800000e+00	3.900000e+00	1.591688e-05	1.779561e-06	1.779561e-06
3.900000e+00	4.000000e+00	1.193766e-05	1.541145e-06	1.541145e-06
4.000000e+00	4.100000e+00	1.074389e-05	1.462058e-06	1.462058e-06
4.100000e+00	4.200000e+00	1.074389e-05	1.462058e-06	1.462058e-06
4.200000e+00	4.300000e+00	6.167790e-06	1.107768e-06	1.107768e-06
4.300000e+00	4.400000e+00	4.576102e-06	9.541832e-07	9.541832e-07
4.400000e+00	4.500000e+00	4.974024e-06	9.948048e-07	9.948048e-07
4.500000e+00	4.600000e+00	3.979219e-06	8.897804e-07	8.897804e-07
4.600000e+00	4.700000e+00	1.790649e-06	5.968829e-07	5.968829e-07
4.700000e+00	4.800000e+00	1.591688e-06	5.627466e-07	5.627466e-07
4.800000e+00	4.900000e+00	1.989610e-06	6.291698e-07	6.291698e-07
4.900000e+00	5.000000e+00	3.979219e-07	2.813733e-07	2.813733e-07
# END HISTO1D


# BEGIN HISTO1D //eos/home-y/yiyu/monobc/Rivet_New2/X1200_pi20_L40_darkQCDtch.yoda.gz/JetMETAnalysis/bb_deta
ErrorBars=1
LineColor=blue
LineStyle=dashed
Path=//eos/home-y/yiyu/monobc/Rivet_New2/X1200_pi20_L40_darkQCDtch.yoda.gz/JetMETAnalysis/bb_deta
ScaledBy=1.16975105794099197e-05
Title=X1200_pi20_L40
# xlow	 xhigh	 val	 errminus	 errplus
0.000000e+00	1.000000e-01	1.009999e-04	3.839426e-06	3.839426e-06
1.000000e-01	2.000000e-01	1.005633e-04	3.825610e-06	3.825610e-06
2.000000e-01	3.000000e-01	9.750714e-05	3.767029e-06	3.767029e-06
3.000000e-01	4.000000e-01	9.430541e-05	3.710379e-06	3.710379e-06
4.000000e-01	5.000000e-01	9.750714e-05	3.778258e-06	3.778258e-06
5.000000e-01	6.000000e-01	1.005633e-04	3.831142e-06	3.831142e-06
6.000000e-01	7.000000e-01	9.852587e-05	3.803400e-06	3.803400e-06
7.000000e-01	8.000000e-01	9.081262e-05	3.635415e-06	3.635415e-06
8.000000e-01	9.000000e-01	9.503308e-05	3.718931e-06	3.718931e-06
9.000000e-01	1.000000e+00	8.702876e-05	3.570753e-06	3.570753e-06
1.000000e+00	1.100000e+00	8.077084e-05	3.428532e-06	3.428532e-06
1.100000e+00	1.200000e+00	7.931551e-05	3.397503e-06	3.397503e-06
1.200000e+00	1.300000e+00	7.480399e-05	3.299462e-06	3.299462e-06
1.300000e+00	1.400000e+00	7.509505e-05	3.305875e-06	3.305875e-06
1.400000e+00	1.500000e+00	7.509505e-05	3.305875e-06	3.305875e-06
1.500000e+00	1.600000e+00	6.665413e-05	3.114543e-06	3.114543e-06
1.600000e+00	1.700000e+00	6.461667e-05	3.073471e-06	3.073471e-06
1.700000e+00	1.800000e+00	5.748555e-05	2.892412e-06	2.892412e-06
1.800000e+00	1.900000e+00	5.908642e-05	2.939623e-06	2.939623e-06
1.900000e+00	2.000000e+00	5.981408e-05	2.950411e-06	2.950411e-06
2.000000e+00	2.100000e+00	5.079103e-05	2.718782e-06	2.718782e-06
2.100000e+00	2.200000e+00	4.686164e-05	2.611497e-06	2.611497e-06
2.200000e+00	2.300000e+00	4.846250e-05	2.655729e-06	2.655729e-06
2.300000e+00	2.400000e+00	3.812966e-05	2.355658e-06	2.355658e-06
2.400000e+00	2.500000e+00	3.783859e-05	2.346650e-06	2.346650e-06
2.500000e+00	2.600000e+00	3.376367e-05	2.216693e-06	2.216693e-06
2.600000e+00	2.700000e+00	3.332707e-05	2.211911e-06	2.211911e-06
2.700000e+00	2.800000e+00	3.027087e-05	2.098907e-06	2.098907e-06
2.800000e+00	2.900000e+00	2.663255e-05	1.968735e-06	1.968735e-06
2.900000e+00	3.000000e+00	2.503168e-05	1.908648e-06	1.908648e-06
3.000000e+00	3.100000e+00	2.037463e-05	1.721970e-06	1.721970e-06
3.100000e+00	3.200000e+00	2.139336e-05	1.764494e-06	1.764494e-06
3.200000e+00	3.300000e+00	1.659077e-05	1.553868e-06	1.553868e-06
3.300000e+00	3.400000e+00	2.081123e-05	1.740322e-06	1.740322e-06
3.400000e+00	3.500000e+00	1.338904e-05	1.395904e-06	1.395904e-06
3.500000e+00	3.600000e+00	1.295244e-05	1.372956e-06	1.372956e-06
3.600000e+00	3.700000e+00	1.207924e-05	1.325869e-06	1.325869e-06
3.700000e+00	3.800000e+00	9.023049e-06	1.145928e-06	1.145928e-06
3.800000e+00	3.900000e+00	9.168582e-06	1.155133e-06	1.155133e-06
3.900000e+00	4.000000e+00	7.567718e-06	1.049454e-06	1.049454e-06
4.000000e+00	4.100000e+00	5.530256e-06	8.971260e-07	8.971260e-07
4.100000e+00	4.200000e+00	3.929392e-06	7.562119e-07	7.562119e-07
4.200000e+00	4.300000e+00	3.783859e-06	7.420759e-07	7.420759e-07
4.300000e+00	4.400000e+00	2.182996e-06	5.636471e-07	5.636471e-07
4.400000e+00	4.500000e+00	2.328529e-06	5.821322e-07	5.821322e-07
4.500000e+00	4.600000e+00	1.455330e-06	4.602159e-07	4.602159e-07
4.600000e+00	4.700000e+00	1.164264e-06	4.116296e-07	4.116296e-07
4.700000e+00	4.800000e+00	5.821322e-07	2.910661e-07	2.910661e-07
4.800000e+00	4.900000e+00	0.000000e+00	0.000000e+00	0.000000e+00
4.900000e+00	5.000000e+00	0.000000e+00	0.000000e+00	0.000000e+00
# END HISTO1D


# BEGIN HISTO1D //eos/home-y/yiyu/monobc/Rivet_New2/X2000_pi10_L20_darkQCDtch.yoda.gz/JetMETAnalysis/bb_deta
ErrorBars=1
LineColor=violet
LineStyle=solid
Path=//eos/home-y/yiyu/monobc/Rivet_New2/X2000_pi10_L20_darkQCDtch.yoda.gz/JetMETAnalysis/bb_deta
ScaledBy=1.82170348604000436e-05
Title=X2000_pi10_L20
# xlow	 xhigh	 val	 errminus	 errplus
0.000000e+00	1.000000e-01	1.057283e-05	5.534074e-07	5.534074e-07
1.000000e-01	2.000000e-01	1.010937e-05	5.411420e-07	5.411420e-07
2.000000e-01	3.000000e-01	9.674867e-06	5.293851e-07	5.293851e-07
3.000000e-01	4.000000e-01	1.051490e-05	5.518891e-07	5.518891e-07
4.000000e-01	5.000000e-01	1.103630e-05	5.654068e-07	5.654068e-07
5.000000e-01	6.000000e-01	1.138390e-05	5.742418e-07	5.742418e-07
6.000000e-01	7.000000e-01	1.060180e-05	5.541650e-07	5.541650e-07
7.000000e-01	8.000000e-01	1.181840e-05	5.850980e-07	5.850980e-07
8.000000e-01	9.000000e-01	1.184737e-05	5.858146e-07	5.858146e-07
9.000000e-01	1.000000e+00	1.239773e-05	5.992671e-07	5.992671e-07
1.000000e+00	1.100000e+00	1.219497e-05	5.943463e-07	5.943463e-07
1.100000e+00	1.200000e+00	1.233980e-05	5.978653e-07	5.978653e-07
1.200000e+00	1.300000e+00	1.225290e-05	5.957564e-07	5.957564e-07
1.300000e+00	1.400000e+00	1.048593e-05	5.511284e-07	5.511284e-07
1.400000e+00	1.500000e+00	1.065973e-05	5.571850e-07	5.571850e-07
1.500000e+00	1.600000e+00	1.193427e-05	5.879591e-07	5.879591e-07
1.600000e+00	1.700000e+00	1.138390e-05	5.742418e-07	5.742418e-07
1.700000e+00	1.800000e+00	1.063077e-05	5.549215e-07	5.549215e-07
1.800000e+00	1.900000e+00	1.071767e-05	5.571850e-07	5.571850e-07
1.900000e+00	2.000000e+00	1.010937e-05	5.411420e-07	5.411420e-07
2.000000e+00	2.100000e+00	9.645900e-06	5.285921e-07	5.285921e-07
2.100000e+00	2.200000e+00	1.010937e-05	5.411420e-07	5.411420e-07
2.200000e+00	2.300000e+00	8.950700e-06	5.091875e-07	5.091875e-07
2.300000e+00	2.400000e+00	8.805867e-06	5.067097e-07	5.067097e-07
2.400000e+00	2.500000e+00	7.878933e-06	4.777305e-07	4.777305e-07
2.500000e+00	2.600000e+00	7.125800e-06	4.543244e-07	4.543244e-07
2.600000e+00	2.700000e+00	7.299600e-06	4.598316e-07	4.598316e-07
2.700000e+00	2.800000e+00	7.386500e-06	4.625606e-07	4.625606e-07
2.800000e+00	2.900000e+00	6.488533e-06	4.335334e-07	4.335334e-07
2.900000e+00	3.000000e+00	6.083000e-06	4.197668e-07	4.197668e-07
3.000000e+00	3.100000e+00	5.387800e-06	3.950527e-07	3.950527e-07
3.100000e+00	3.200000e+00	5.358833e-06	3.939892e-07	3.939892e-07
3.200000e+00	3.300000e+00	5.011233e-06	3.809970e-07	3.809970e-07
3.300000e+00	3.400000e+00	4.258100e-06	3.512022e-07	3.512022e-07
3.400000e+00	3.500000e+00	3.736700e-06	3.289980e-07	3.289980e-07
3.500000e+00	3.600000e+00	3.794633e-06	3.315387e-07	3.315387e-07
3.600000e+00	3.700000e+00	3.186333e-06	3.038050e-07	3.038050e-07
3.700000e+00	3.800000e+00	3.128400e-06	3.010304e-07	3.010304e-07
3.800000e+00	3.900000e+00	1.969733e-06	2.388653e-07	2.388653e-07
3.900000e+00	4.000000e+00	1.622133e-06	2.167667e-07	2.167667e-07
4.000000e+00	4.100000e+00	1.853867e-06	2.317333e-07	2.317333e-07
4.100000e+00	4.200000e+00	1.361433e-06	1.985855e-07	1.985855e-07
4.200000e+00	4.300000e+00	1.506267e-06	2.088816e-07	2.088816e-07
4.300000e+00	4.400000e+00	8.979667e-07	1.612796e-07	1.612796e-07
4.400000e+00	4.500000e+00	6.083000e-07	1.327419e-07	1.327419e-07
4.500000e+00	4.600000e+00	6.952000e-07	1.419071e-07	1.419071e-07
4.600000e+00	4.700000e+00	2.027667e-07	7.663859e-08	7.663859e-08
4.700000e+00	4.800000e+00	3.765667e-07	1.044408e-07	1.044408e-07
4.800000e+00	4.900000e+00	1.738000e-07	7.095356e-08	7.095356e-08
4.900000e+00	5.000000e+00	2.896667e-08	2.896667e-08	2.896667e-08
# END HISTO1D


# BEGIN HISTO1D //eos/home-y/yiyu/monobc/Rivet_New2/X2000_pi20_L40_darkQCDtch.yoda.gz/JetMETAnalysis/bb_deta
ErrorBars=1
LineColor=violet
LineStyle=dashed
Path=//eos/home-y/yiyu/monobc/Rivet_New2/X2000_pi20_L40_darkQCDtch.yoda.gz/JetMETAnalysis/bb_deta
ScaledBy=1.42610353602966520e-05
Title=X2000_pi20_L40
# xlow	 xhigh	 val	 errminus	 errplus
0.000000e+00	1.000000e-01	1.337500e-05	5.278691e-07	5.278691e-07
1.000000e-01	2.000000e-01	1.320833e-05	5.253967e-07	5.253967e-07
2.000000e-01	3.000000e-01	1.322917e-05	5.258096e-07	5.258096e-07
3.000000e-01	4.000000e-01	1.306250e-05	5.216660e-07	5.216660e-07
4.000000e-01	5.000000e-01	1.379167e-05	5.360284e-07	5.360284e-07
5.000000e-01	6.000000e-01	1.414583e-05	5.428673e-07	5.428673e-07
6.000000e-01	7.000000e-01	1.216667e-05	5.034602e-07	5.034602e-07
7.000000e-01	8.000000e-01	1.316667e-05	5.237419e-07	5.237419e-07
8.000000e-01	9.000000e-01	1.204167e-05	5.008673e-07	5.008673e-07
9.000000e-01	1.000000e+00	1.222917e-05	5.064686e-07	5.064686e-07
1.000000e+00	1.100000e+00	1.077083e-05	4.737007e-07	4.737007e-07
1.100000e+00	1.200000e+00	1.179167e-05	4.965157e-07	4.965157e-07
1.200000e+00	1.300000e+00	1.056250e-05	4.690971e-07	4.690971e-07
1.300000e+00	1.400000e+00	1.133333e-05	4.868051e-07	4.868051e-07
1.400000e+00	1.500000e+00	1.058333e-05	4.695595e-07	4.695595e-07
1.500000e+00	1.600000e+00	1.014583e-05	4.597516e-07	4.597516e-07
1.600000e+00	1.700000e+00	8.750000e-06	4.269563e-07	4.269563e-07
1.700000e+00	1.800000e+00	9.312500e-06	4.404661e-07	4.404661e-07
1.800000e+00	1.900000e+00	8.895833e-06	4.315065e-07	4.315065e-07
1.900000e+00	2.000000e+00	7.437500e-06	3.947354e-07	3.947354e-07
2.000000e+00	2.100000e+00	7.750000e-06	4.018187e-07	4.018187e-07
2.100000e+00	2.200000e+00	7.020833e-06	3.824492e-07	3.824492e-07
2.200000e+00	2.300000e+00	6.750000e-06	3.750000e-07	3.750000e-07
2.300000e+00	2.400000e+00	5.708333e-06	3.448530e-07	3.448530e-07
2.400000e+00	2.500000e+00	6.187500e-06	3.590352e-07	3.590352e-07
2.500000e+00	2.600000e+00	5.250000e-06	3.307189e-07	3.307189e-07
2.600000e+00	2.700000e+00	5.375000e-06	3.346329e-07	3.346329e-07
2.700000e+00	2.800000e+00	4.895833e-06	3.193689e-07	3.193689e-07
2.800000e+00	2.900000e+00	4.062500e-06	2.909217e-07	2.909217e-07
2.900000e+00	3.000000e+00	3.687500e-06	2.771695e-07	2.771695e-07
3.000000e+00	3.100000e+00	2.750000e-06	2.393568e-07	2.393568e-07
3.100000e+00	3.200000e+00	3.250000e-06	2.602082e-07	2.602082e-07
3.200000e+00	3.300000e+00	2.333333e-06	2.204793e-07	2.204793e-07
3.300000e+00	3.400000e+00	1.895833e-06	1.987373e-07	1.987373e-07
3.400000e+00	3.500000e+00	2.312500e-06	2.194928e-07	2.194928e-07
3.500000e+00	3.600000e+00	2.083333e-06	2.104063e-07	2.104063e-07
3.600000e+00	3.700000e+00	1.479167e-06	1.755448e-07	1.755448e-07
3.700000e+00	3.800000e+00	1.437500e-06	1.730547e-07	1.730547e-07
3.800000e+00	3.900000e+00	1.229167e-06	1.600239e-07	1.600239e-07
3.900000e+00	4.000000e+00	1.062500e-06	1.487798e-07	1.487798e-07
4.000000e+00	4.100000e+00	1.083333e-06	1.502313e-07	1.502313e-07
4.100000e+00	4.200000e+00	8.541667e-07	1.333984e-07	1.333984e-07
4.200000e+00	4.300000e+00	6.458333e-07	1.159951e-07	1.159951e-07
4.300000e+00	4.400000e+00	3.958333e-07	9.081040e-08	9.081040e-08
4.400000e+00	4.500000e+00	3.333333e-07	8.333333e-08	8.333333e-08
4.500000e+00	4.600000e+00	3.125000e-07	8.068716e-08	8.068716e-08
4.600000e+00	4.700000e+00	1.041667e-07	4.658475e-08	4.658475e-08
4.700000e+00	4.800000e+00	2.083333e-08	2.083333e-08	2.083333e-08
4.800000e+00	4.900000e+00	1.875000e-07	6.250000e-08	6.250000e-08
4.900000e+00	5.000000e+00	4.166667e-08	2.946278e-08	2.946278e-08
# END HISTO1D

