# BEGIN PLOT
Legend=1
LogY=1
LegendPlacement=manual
LegendAlign=r
LegendXPos=1.36
RightMargin=3.7
Title=Di-bjet $\Delta R$
XLabel=$\Delta R_{bb}$
YLabel=$\mathrm{d}\sigma/\mathrm{d}\Delta R_{bb}$ [pb]
DrawOnly=//eos/home-y/yiyu/monobc/Rivet_New2/X600_pi10_L20_darkQCDtch.yoda.gz/JetMETAnalysis/bb_dR //eos/home-y/yiyu/monobc/Rivet_New2/X600_pi20_L40_darkQCDtch.yoda.gz/JetMETAnalysis/bb_dR //eos/home-y/yiyu/monobc/Rivet_New2/X1200_pi10_L20_darkQCDtch.yoda.gz/JetMETAnalysis/bb_dR //eos/home-y/yiyu/monobc/Rivet_New2/X1200_pi20_L40_darkQCDtch.yoda.gz/JetMETAnalysis/bb_dR //eos/home-y/yiyu/monobc/Rivet_New2/X2000_pi10_L20_darkQCDtch.yoda.gz/JetMETAnalysis/bb_dR //eos/home-y/yiyu/monobc/Rivet_New2/X2000_pi20_L40_darkQCDtch.yoda.gz/JetMETAnalysis/bb_dR
LegendOnly=//eos/home-y/yiyu/monobc/Rivet_New2/X600_pi10_L20_darkQCDtch.yoda.gz/JetMETAnalysis/bb_dR //eos/home-y/yiyu/monobc/Rivet_New2/X600_pi20_L40_darkQCDtch.yoda.gz/JetMETAnalysis/bb_dR //eos/home-y/yiyu/monobc/Rivet_New2/X1200_pi10_L20_darkQCDtch.yoda.gz/JetMETAnalysis/bb_dR //eos/home-y/yiyu/monobc/Rivet_New2/X1200_pi20_L40_darkQCDtch.yoda.gz/JetMETAnalysis/bb_dR //eos/home-y/yiyu/monobc/Rivet_New2/X2000_pi10_L20_darkQCDtch.yoda.gz/JetMETAnalysis/bb_dR //eos/home-y/yiyu/monobc/Rivet_New2/X2000_pi20_L40_darkQCDtch.yoda.gz/JetMETAnalysis/bb_dR
RatioPlot=1
RatioPlotReference=//eos/home-y/yiyu/monobc/Rivet_New2/X600_pi10_L20_darkQCDtch.yoda.gz/JetMETAnalysis/bb_dR
RatioPlotYLabel=Ratio
# END PLOT

# BEGIN HISTO1D //eos/home-y/yiyu/monobc/Rivet_New2/X600_pi10_L20_darkQCDtch.yoda.gz/JetMETAnalysis/bb_dR
ErrorBars=1
LineColor=red
LineStyle=solid
Path=//eos/home-y/yiyu/monobc/Rivet_New2/X600_pi10_L20_darkQCDtch.yoda.gz/JetMETAnalysis/bb_dR
ScaledBy=9.53673292566163565e-06
Title=X600_pi10_L20
# xlow	 xhigh	 val	 errminus	 errplus
0.000000e+00	1.000000e-01	0.000000e+00	0.000000e+00	0.000000e+00
1.000000e-01	2.000000e-01	0.000000e+00	0.000000e+00	0.000000e+00
2.000000e-01	3.000000e-01	0.000000e+00	0.000000e+00	0.000000e+00
3.000000e-01	4.000000e-01	0.000000e+00	0.000000e+00	0.000000e+00
4.000000e-01	5.000000e-01	2.043798e-04	2.707076e-05	2.707076e-05
5.000000e-01	6.000000e-01	4.804717e-04	4.150643e-05	4.150643e-05
6.000000e-01	7.000000e-01	6.776802e-04	4.929399e-05	4.929399e-05
7.000000e-01	8.000000e-01	7.099507e-04	5.045400e-05	5.045400e-05
8.000000e-01	9.000000e-01	7.099507e-04	5.045400e-05	5.045400e-05
9.000000e-01	1.000000e+00	8.533751e-04	5.531609e-05	5.531609e-05
1.000000e+00	1.100000e+00	9.071593e-04	5.725759e-05	5.725759e-05
1.100000e+00	1.200000e+00	1.032656e-03	6.084982e-05	6.084982e-05
1.200000e+00	1.300000e+00	1.104368e-03	6.292720e-05	6.292720e-05
1.300000e+00	1.400000e+00	1.308748e-03	6.850298e-05	6.850298e-05
1.400000e+00	1.500000e+00	1.201179e-03	6.562743e-05	6.562743e-05
1.500000e+00	1.600000e+00	1.315919e-03	6.869040e-05	6.869040e-05
1.600000e+00	1.700000e+00	1.484442e-03	7.295636e-05	7.295636e-05
1.700000e+00	1.800000e+00	1.584839e-03	7.538313e-05	7.538313e-05
1.800000e+00	1.900000e+00	1.663723e-03	7.740267e-05	7.740267e-05
1.900000e+00	2.000000e+00	1.746192e-03	7.912751e-05	7.912751e-05
2.000000e+00	2.100000e+00	1.635038e-03	7.656767e-05	7.656767e-05
2.100000e+00	2.200000e+00	1.764120e-03	7.969416e-05	7.969416e-05
2.200000e+00	2.300000e+00	1.914716e-03	8.285785e-05	8.285785e-05
2.300000e+00	2.400000e+00	2.007941e-03	8.485101e-05	8.485101e-05
2.400000e+00	2.500000e+00	1.975671e-03	8.416641e-05	8.416641e-05
2.500000e+00	2.600000e+00	2.197979e-03	8.877553e-05	8.877553e-05
2.600000e+00	2.700000e+00	2.212321e-03	8.906470e-05	8.906470e-05
2.700000e+00	2.800000e+00	2.391602e-03	9.260319e-05	9.260319e-05
2.800000e+00	2.900000e+00	2.452557e-03	9.377586e-05	9.377586e-05
2.900000e+00	3.000000e+00	2.466899e-03	9.418626e-05	9.418626e-05
3.000000e+00	3.100000e+00	2.352160e-03	9.183642e-05	9.183642e-05
3.100000e+00	3.200000e+00	2.223078e-03	8.928096e-05	8.928096e-05
3.200000e+00	3.300000e+00	1.484442e-03	7.295636e-05	7.295636e-05
3.300000e+00	3.400000e+00	1.194008e-03	6.543124e-05	6.543124e-05
3.400000e+00	3.500000e+00	9.932139e-04	5.967644e-05	5.967644e-05
3.500000e+00	3.600000e+00	7.924197e-04	5.330392e-05	5.330392e-05
3.600000e+00	3.700000e+00	6.740946e-04	4.916340e-05	4.916340e-05
3.700000e+00	3.800000e+00	5.952112e-04	4.619735e-05	4.619735e-05
3.800000e+00	3.900000e+00	4.410300e-04	3.976633e-05	3.976633e-05
3.900000e+00	4.000000e+00	4.338588e-04	3.944170e-05	3.944170e-05
4.000000e+00	4.100000e+00	3.872458e-04	3.726274e-05	3.726274e-05
4.100000e+00	4.200000e+00	2.617495e-04	3.063546e-05	3.063546e-05
4.200000e+00	4.300000e+00	2.438215e-04	2.956770e-05	2.956770e-05
4.300000e+00	4.400000e+00	1.577668e-04	2.378424e-05	2.378424e-05
4.400000e+00	4.500000e+00	1.972085e-04	2.659159e-05	2.659159e-05
4.500000e+00	4.600000e+00	1.362532e-04	2.210318e-05	2.210318e-05
4.600000e+00	4.700000e+00	9.322585e-05	1.828309e-05	1.828309e-05
4.700000e+00	4.800000e+00	8.605463e-05	1.756583e-05	1.756583e-05
4.800000e+00	4.900000e+00	5.378415e-05	1.388701e-05	1.388701e-05
4.900000e+00	5.000000e+00	6.095536e-05	1.478385e-05	1.478385e-05
# END HISTO1D


# BEGIN HISTO1D //eos/home-y/yiyu/monobc/Rivet_New2/X600_pi20_L40_darkQCDtch.yoda.gz/JetMETAnalysis/bb_dR
ErrorBars=1
LineColor=red
LineStyle=dashed
Path=//eos/home-y/yiyu/monobc/Rivet_New2/X600_pi20_L40_darkQCDtch.yoda.gz/JetMETAnalysis/bb_dR
ScaledBy=8.22287558899903432e-06
Title=X600_pi20_L40
# xlow	 xhigh	 val	 errminus	 errplus
0.000000e+00	1.000000e-01	0.000000e+00	0.000000e+00	0.000000e+00
1.000000e-01	2.000000e-01	0.000000e+00	0.000000e+00	0.000000e+00
2.000000e-01	3.000000e-01	0.000000e+00	0.000000e+00	0.000000e+00
3.000000e-01	4.000000e-01	0.000000e+00	0.000000e+00	0.000000e+00
4.000000e-01	5.000000e-01	1.960504e-04	2.413214e-05	2.413214e-05
5.000000e-01	6.000000e-01	4.336872e-04	3.589221e-05	3.589221e-05
6.000000e-01	7.000000e-01	5.851807e-04	4.169240e-05	4.169240e-05
7.000000e-01	8.000000e-01	6.891468e-04	4.524470e-05	4.524470e-05
8.000000e-01	9.000000e-01	6.505309e-04	4.395880e-05	4.395880e-05
9.000000e-01	1.000000e+00	7.307333e-04	4.658985e-05	4.658985e-05
1.000000e+00	1.100000e+00	8.584631e-04	5.049783e-05	5.049783e-05
1.100000e+00	1.200000e+00	8.673745e-04	5.075926e-05	5.075926e-05
1.200000e+00	1.300000e+00	1.012927e-03	5.485308e-05	5.485308e-05
1.300000e+00	1.400000e+00	1.090159e-03	5.690583e-05	5.690583e-05
1.400000e+00	1.500000e+00	1.188184e-03	5.940921e-05	5.940921e-05
1.500000e+00	1.600000e+00	1.155509e-03	5.858664e-05	5.858664e-05
1.600000e+00	1.700000e+00	1.200066e-03	5.970552e-05	5.970552e-05
1.700000e+00	1.800000e+00	1.286209e-03	6.181128e-05	6.181128e-05
1.800000e+00	1.900000e+00	1.437703e-03	6.535013e-05	6.535013e-05
1.900000e+00	2.000000e+00	1.618901e-03	6.934610e-05	6.934610e-05
2.000000e+00	2.100000e+00	1.562462e-03	6.812659e-05	6.812659e-05
2.100000e+00	2.200000e+00	1.559492e-03	6.806180e-05	6.806180e-05
2.200000e+00	2.300000e+00	1.907036e-03	7.526469e-05	7.526469e-05
2.300000e+00	2.400000e+00	1.978327e-03	7.665860e-05	7.665860e-05
2.400000e+00	2.500000e+00	2.034765e-03	7.774439e-05	7.774439e-05
2.500000e+00	2.600000e+00	2.153584e-03	7.998210e-05	7.998210e-05
2.600000e+00	2.700000e+00	2.400132e-03	8.443635e-05	8.443635e-05
2.700000e+00	2.800000e+00	2.566478e-03	8.741435e-05	8.741435e-05
2.800000e+00	2.900000e+00	2.593212e-03	8.796777e-05	8.796777e-05
2.900000e+00	3.000000e+00	2.628858e-03	8.836808e-05	8.836808e-05
3.000000e+00	3.100000e+00	2.780351e-03	9.087862e-05	9.087862e-05
3.100000e+00	3.200000e+00	2.343693e-03	8.343770e-05	8.343770e-05
3.200000e+00	3.300000e+00	1.571374e-03	6.832059e-05	6.832059e-05
3.300000e+00	3.400000e+00	1.170361e-03	5.896195e-05	5.896195e-05
3.400000e+00	3.500000e+00	7.901425e-04	4.844674e-05	4.844674e-05
3.500000e+00	3.600000e+00	6.950878e-04	4.543931e-05	4.543931e-05
3.600000e+00	3.700000e+00	5.525057e-04	4.051168e-05	4.051168e-05
3.700000e+00	3.800000e+00	5.109192e-04	3.895722e-05	3.895722e-05
3.800000e+00	3.900000e+00	3.534848e-04	3.240390e-05	3.240390e-05
3.900000e+00	4.000000e+00	2.762528e-04	2.864608e-05	2.864608e-05
4.000000e+00	4.100000e+00	2.614005e-04	2.786539e-05	2.786539e-05
4.100000e+00	4.200000e+00	2.376368e-04	2.656861e-05	2.656861e-05
4.200000e+00	4.300000e+00	1.217889e-04	1.902023e-05	1.902023e-05
4.300000e+00	4.400000e+00	1.009957e-04	1.732061e-05	1.732061e-05
4.400000e+00	4.500000e+00	1.009957e-04	1.732061e-05	1.732061e-05
4.500000e+00	4.600000e+00	8.614336e-05	1.599642e-05	1.599642e-05
4.600000e+00	4.700000e+00	5.346829e-05	1.260259e-05	1.260259e-05
4.700000e+00	4.800000e+00	5.643875e-05	1.294794e-05	1.294794e-05
4.800000e+00	4.900000e+00	3.267507e-05	9.851903e-06	9.851903e-06
4.900000e+00	5.000000e+00	1.782276e-05	7.276112e-06	7.276112e-06
# END HISTO1D


# BEGIN HISTO1D //eos/home-y/yiyu/monobc/Rivet_New2/X1200_pi10_L20_darkQCDtch.yoda.gz/JetMETAnalysis/bb_dR
ErrorBars=1
LineColor=blue
LineStyle=solid
Path=//eos/home-y/yiyu/monobc/Rivet_New2/X1200_pi10_L20_darkQCDtch.yoda.gz/JetMETAnalysis/bb_dR
ScaledBy=1.49338603861111734e-05
Title=X1200_pi10_L20
# xlow	 xhigh	 val	 errminus	 errplus
0.000000e+00	1.000000e-01	0.000000e+00	0.000000e+00	0.000000e+00
1.000000e-01	2.000000e-01	0.000000e+00	0.000000e+00	0.000000e+00
2.000000e-01	3.000000e-01	0.000000e+00	0.000000e+00	0.000000e+00
3.000000e-01	4.000000e-01	0.000000e+00	0.000000e+00	0.000000e+00
4.000000e-01	5.000000e-01	9.550126e-06	1.406866e-06	1.406866e-06
5.000000e-01	6.000000e-01	1.512103e-05	1.734501e-06	1.734501e-06
6.000000e-01	7.000000e-01	2.148778e-05	2.067663e-06	2.067663e-06
7.000000e-01	8.000000e-01	2.288051e-05	2.152092e-06	2.152092e-06
8.000000e-01	9.000000e-01	3.004310e-05	2.461011e-06	2.461011e-06
9.000000e-01	1.000000e+00	3.581297e-05	2.669341e-06	2.669341e-06
1.000000e+00	1.100000e+00	3.780258e-05	2.742488e-06	2.742488e-06
1.100000e+00	1.200000e+00	3.820050e-05	2.771206e-06	2.771206e-06
1.200000e+00	1.300000e+00	4.416933e-05	2.964451e-06	2.964451e-06
1.300000e+00	1.400000e+00	4.158284e-05	2.903739e-06	2.903739e-06
1.400000e+00	1.500000e+00	4.894439e-05	3.120581e-06	3.120581e-06
1.500000e+00	1.600000e+00	5.769868e-05	3.388182e-06	3.388182e-06
1.600000e+00	1.700000e+00	6.366751e-05	3.559122e-06	3.559122e-06
1.700000e+00	1.800000e+00	5.789764e-05	3.394020e-06	3.394020e-06
1.800000e+00	1.900000e+00	6.844257e-05	3.700888e-06	3.700888e-06
1.900000e+00	2.000000e+00	6.665192e-05	3.641583e-06	3.641583e-06
2.000000e+00	2.100000e+00	7.779373e-05	3.934199e-06	3.934199e-06
2.100000e+00	2.200000e+00	8.535425e-05	4.130536e-06	4.130536e-06
2.200000e+00	2.300000e+00	8.973139e-05	4.225286e-06	4.225286e-06
2.300000e+00	2.400000e+00	8.973139e-05	4.225286e-06	4.225286e-06
2.400000e+00	2.500000e+00	9.609814e-05	4.372617e-06	4.372617e-06
2.500000e+00	2.600000e+00	9.072620e-05	4.248643e-06	4.248643e-06
2.600000e+00	2.700000e+00	9.948048e-05	4.448902e-06	4.448902e-06
2.700000e+00	2.800000e+00	1.169890e-04	4.832745e-06	4.832745e-06
2.800000e+00	2.900000e+00	1.076379e-04	4.636260e-06	4.636260e-06
2.900000e+00	3.000000e+00	1.151984e-04	4.795743e-06	4.795743e-06
3.000000e+00	3.100000e+00	1.153974e-04	4.791615e-06	4.791615e-06
3.100000e+00	3.200000e+00	1.112192e-04	4.704070e-06	4.704070e-06
3.200000e+00	3.300000e+00	8.674698e-05	4.163944e-06	4.163944e-06
3.300000e+00	3.400000e+00	6.844257e-05	3.690176e-06	3.690176e-06
3.400000e+00	3.500000e+00	6.207582e-05	3.525596e-06	3.525596e-06
3.500000e+00	3.600000e+00	5.471426e-05	3.299394e-06	3.299394e-06
3.600000e+00	3.700000e+00	4.874543e-05	3.114232e-06	3.114232e-06
3.700000e+00	3.800000e+00	3.999115e-05	2.820758e-06	2.820758e-06
3.800000e+00	3.900000e+00	4.038907e-05	2.834757e-06	2.834757e-06
3.900000e+00	4.000000e+00	3.282856e-05	2.555700e-06	2.555700e-06
4.000000e+00	4.100000e+00	3.143583e-05	2.500900e-06	2.500900e-06
4.100000e+00	4.200000e+00	2.725765e-05	2.328778e-06	2.328778e-06
4.200000e+00	4.300000e+00	2.089090e-05	2.038743e-06	2.038743e-06
4.300000e+00	4.400000e+00	1.671272e-05	1.823507e-06	1.823507e-06
4.400000e+00	4.500000e+00	1.333038e-05	1.628566e-06	1.628566e-06
4.500000e+00	4.600000e+00	1.352934e-05	1.640674e-06	1.640674e-06
4.600000e+00	4.700000e+00	6.565712e-06	1.142944e-06	1.142944e-06
4.700000e+00	4.800000e+00	7.560516e-06	1.226478e-06	1.226478e-06
4.800000e+00	4.900000e+00	7.759477e-06	1.242511e-06	1.242511e-06
4.900000e+00	5.000000e+00	4.775063e-06	9.747056e-07	9.747056e-07
# END HISTO1D


# BEGIN HISTO1D //eos/home-y/yiyu/monobc/Rivet_New2/X1200_pi20_L40_darkQCDtch.yoda.gz/JetMETAnalysis/bb_dR
ErrorBars=1
LineColor=blue
LineStyle=dashed
Path=//eos/home-y/yiyu/monobc/Rivet_New2/X1200_pi20_L40_darkQCDtch.yoda.gz/JetMETAnalysis/bb_dR
ScaledBy=1.16975105794099197e-05
Title=X1200_pi20_L40
# xlow	 xhigh	 val	 errminus	 errplus
0.000000e+00	1.000000e-01	0.000000e+00	0.000000e+00	0.000000e+00
1.000000e-01	2.000000e-01	0.000000e+00	0.000000e+00	0.000000e+00
2.000000e-01	3.000000e-01	0.000000e+00	0.000000e+00	0.000000e+00
3.000000e-01	4.000000e-01	0.000000e+00	0.000000e+00	0.000000e+00
4.000000e-01	5.000000e-01	7.131119e-06	1.018731e-06	1.018731e-06
5.000000e-01	6.000000e-01	1.979249e-05	1.697192e-06	1.697192e-06
6.000000e-01	7.000000e-01	2.677808e-05	1.974106e-06	1.974106e-06
7.000000e-01	8.000000e-01	2.794234e-05	2.016565e-06	2.016565e-06
8.000000e-01	9.000000e-01	3.318153e-05	2.207118e-06	2.207118e-06
9.000000e-01	1.000000e+00	3.536453e-05	2.268636e-06	2.268636e-06
1.000000e+00	1.100000e+00	3.536453e-05	2.277952e-06	2.277952e-06
1.100000e+00	1.200000e+00	3.667433e-05	2.310266e-06	2.310266e-06
1.200000e+00	1.300000e+00	4.264118e-05	2.491124e-06	2.491124e-06
1.300000e+00	1.400000e+00	4.555184e-05	2.574742e-06	2.574742e-06
1.400000e+00	1.500000e+00	4.293225e-05	2.499612e-06	2.499612e-06
1.500000e+00	1.600000e+00	4.613398e-05	2.599303e-06	2.599303e-06
1.600000e+00	1.700000e+00	5.457489e-05	2.818235e-06	2.818235e-06
1.700000e+00	1.800000e+00	5.777662e-05	2.899725e-06	2.899725e-06
1.800000e+00	1.900000e+00	6.214261e-05	3.007292e-06	3.007292e-06
1.900000e+00	2.000000e+00	6.869160e-05	3.161787e-06	3.161787e-06
2.000000e+00	2.100000e+00	6.883713e-05	3.165135e-06	3.165135e-06
2.100000e+00	2.200000e+00	7.494952e-05	3.302670e-06	3.302670e-06
2.200000e+00	2.300000e+00	7.858784e-05	3.388140e-06	3.388140e-06
2.300000e+00	2.400000e+00	8.528236e-05	3.522982e-06	3.522982e-06
2.400000e+00	2.500000e+00	8.309937e-05	3.483685e-06	3.483685e-06
2.500000e+00	2.600000e+00	9.299562e-05	3.684602e-06	3.684602e-06
2.600000e+00	2.700000e+00	9.881694e-05	3.797827e-06	3.797827e-06
2.700000e+00	2.800000e+00	1.058025e-04	3.934778e-06	3.934778e-06
2.800000e+00	2.900000e+00	1.078400e-04	3.961601e-06	3.961601e-06
2.900000e+00	3.000000e+00	1.114783e-04	4.043620e-06	4.043620e-06
3.000000e+00	3.100000e+00	1.136613e-04	4.067122e-06	4.067122e-06
3.100000e+00	3.200000e+00	9.838034e-05	3.789452e-06	3.789452e-06
3.200000e+00	3.300000e+00	7.553165e-05	3.315471e-06	3.315471e-06
3.300000e+00	3.400000e+00	6.316134e-05	3.031841e-06	3.031841e-06
3.400000e+00	3.500000e+00	4.991783e-05	2.695310e-06	2.695310e-06
3.500000e+00	3.600000e+00	3.769306e-05	2.342133e-06	2.342133e-06
3.600000e+00	3.700000e+00	3.085301e-05	2.118993e-06	2.118993e-06
3.700000e+00	3.800000e+00	2.634148e-05	1.957947e-06	1.957947e-06
3.800000e+00	3.900000e+00	2.532275e-05	1.919713e-06	1.919713e-06
3.900000e+00	4.000000e+00	2.197549e-05	1.788340e-06	1.788340e-06
4.000000e+00	4.100000e+00	2.066569e-05	1.734226e-06	1.734226e-06
4.100000e+00	4.200000e+00	1.760950e-05	1.600864e-06	1.600864e-06
4.200000e+00	4.300000e+00	1.309797e-05	1.380648e-06	1.380648e-06
4.300000e+00	4.400000e+00	9.168582e-06	1.155133e-06	1.155133e-06
4.400000e+00	4.500000e+00	9.314115e-06	1.164265e-06	1.164265e-06
4.500000e+00	4.600000e+00	6.840053e-06	9.977243e-07	9.977243e-07
4.600000e+00	4.700000e+00	4.511524e-06	8.102937e-07	8.102937e-07
4.700000e+00	4.800000e+00	4.802591e-06	8.360237e-07	8.360237e-07
4.800000e+00	4.900000e+00	3.929392e-06	7.562119e-07	7.562119e-07
4.900000e+00	5.000000e+00	3.056194e-06	6.669162e-07	6.669162e-07
# END HISTO1D


# BEGIN HISTO1D //eos/home-y/yiyu/monobc/Rivet_New2/X2000_pi10_L20_darkQCDtch.yoda.gz/JetMETAnalysis/bb_dR
ErrorBars=1
LineColor=violet
LineStyle=solid
Path=//eos/home-y/yiyu/monobc/Rivet_New2/X2000_pi10_L20_darkQCDtch.yoda.gz/JetMETAnalysis/bb_dR
ScaledBy=1.82170348604000436e-05
Title=X2000_pi10_L20
# xlow	 xhigh	 val	 errminus	 errplus
0.000000e+00	1.000000e-01	0.000000e+00	0.000000e+00	0.000000e+00
1.000000e-01	2.000000e-01	0.000000e+00	0.000000e+00	0.000000e+00
2.000000e-01	3.000000e-01	0.000000e+00	0.000000e+00	0.000000e+00
3.000000e-01	4.000000e-01	0.000000e+00	0.000000e+00	0.000000e+00
4.000000e-01	5.000000e-01	7.821000e-07	1.505152e-07	1.505152e-07
5.000000e-01	6.000000e-01	2.085600e-06	2.457903e-07	2.457903e-07
6.000000e-01	7.000000e-01	2.664933e-06	2.778385e-07	2.778385e-07
7.000000e-01	8.000000e-01	2.693900e-06	2.793444e-07	2.793444e-07
8.000000e-01	9.000000e-01	3.765667e-06	3.302708e-07	3.302708e-07
9.000000e-01	1.000000e+00	4.634667e-06	3.664025e-07	3.664025e-07
1.000000e+00	1.100000e+00	4.431900e-06	3.582979e-07	3.582979e-07
1.100000e+00	1.200000e+00	5.532633e-06	4.003272e-07	4.003272e-07
1.200000e+00	1.300000e+00	6.227833e-06	4.247347e-07	4.247347e-07
1.300000e+00	1.400000e+00	6.691300e-06	4.402553e-07	4.402553e-07
1.400000e+00	1.500000e+00	7.444433e-06	4.643710e-07	4.643710e-07
1.500000e+00	1.600000e+00	7.299600e-06	4.598316e-07	4.598316e-07
1.600000e+00	1.700000e+00	8.255500e-06	4.890136e-07	4.890136e-07
1.700000e+00	1.800000e+00	8.661033e-06	5.008805e-07	5.008805e-07
1.800000e+00	1.900000e+00	9.645900e-06	5.285921e-07	5.285921e-07
1.900000e+00	2.000000e+00	9.443133e-06	5.230068e-07	5.230068e-07
2.000000e+00	2.100000e+00	9.645900e-06	5.285921e-07	5.285921e-07
2.100000e+00	2.200000e+00	1.170253e-05	5.822228e-07	5.822228e-07
2.200000e+00	2.300000e+00	1.202117e-05	5.900958e-07	5.900958e-07
2.300000e+00	2.400000e+00	1.280327e-05	6.089893e-07	6.089893e-07
2.400000e+00	2.500000e+00	1.257153e-05	6.034529e-07	6.034529e-07
2.500000e+00	2.600000e+00	1.341157e-05	6.232884e-07	6.232884e-07
2.600000e+00	2.700000e+00	1.433850e-05	6.457683e-07	6.457683e-07
2.700000e+00	2.800000e+00	1.541027e-05	6.681198e-07	6.681198e-07
2.800000e+00	2.900000e+00	1.581580e-05	6.768538e-07	6.768538e-07
2.900000e+00	3.000000e+00	1.625030e-05	6.860882e-07	6.860882e-07
3.000000e+00	3.100000e+00	1.601857e-05	6.811788e-07	6.811788e-07
3.100000e+00	3.200000e+00	1.503370e-05	6.599062e-07	6.599062e-07
3.200000e+00	3.300000e+00	1.210807e-05	5.922249e-07	5.922249e-07
3.300000e+00	3.400000e+00	1.135493e-05	5.735108e-07	5.735108e-07
3.400000e+00	3.500000e+00	1.077560e-05	5.601886e-07	5.601886e-07
3.500000e+00	3.600000e+00	7.994800e-06	4.812304e-07	4.812304e-07
3.600000e+00	3.700000e+00	7.878933e-06	4.777305e-07	4.777305e-07
3.700000e+00	3.800000e+00	6.662333e-06	4.393013e-07	4.393013e-07
3.800000e+00	3.900000e+00	5.851267e-06	4.116937e-07	4.116937e-07
3.900000e+00	4.000000e+00	4.634667e-06	3.664025e-07	3.664025e-07
4.000000e+00	4.100000e+00	4.345000e-06	3.547678e-07	3.547678e-07
4.100000e+00	4.200000e+00	3.476000e-06	3.173139e-07	3.173139e-07
4.200000e+00	4.300000e+00	3.389100e-06	3.133224e-07	3.133224e-07
4.300000e+00	4.400000e+00	2.838733e-06	2.867554e-07	2.867554e-07
4.400000e+00	4.500000e+00	2.520100e-06	2.701831e-07	2.701831e-07
4.500000e+00	4.600000e+00	2.288367e-06	2.574614e-07	2.574614e-07
4.600000e+00	4.700000e+00	1.477300e-06	2.068634e-07	2.068634e-07
4.700000e+00	4.800000e+00	1.564200e-06	2.128607e-07	2.128607e-07
4.800000e+00	4.900000e+00	9.269333e-07	1.638602e-07	1.638602e-07
4.900000e+00	5.000000e+00	7.531333e-07	1.477016e-07	1.477016e-07
# END HISTO1D


# BEGIN HISTO1D //eos/home-y/yiyu/monobc/Rivet_New2/X2000_pi20_L40_darkQCDtch.yoda.gz/JetMETAnalysis/bb_dR
ErrorBars=1
LineColor=violet
LineStyle=dashed
Path=//eos/home-y/yiyu/monobc/Rivet_New2/X2000_pi20_L40_darkQCDtch.yoda.gz/JetMETAnalysis/bb_dR
ScaledBy=1.42610353602966520e-05
Title=X2000_pi20_L40
# xlow	 xhigh	 val	 errminus	 errplus
0.000000e+00	1.000000e-01	0.000000e+00	0.000000e+00	0.000000e+00
1.000000e-01	2.000000e-01	0.000000e+00	0.000000e+00	0.000000e+00
2.000000e-01	3.000000e-01	0.000000e+00	0.000000e+00	0.000000e+00
3.000000e-01	4.000000e-01	0.000000e+00	0.000000e+00	0.000000e+00
4.000000e-01	5.000000e-01	1.395833e-06	1.705282e-07	1.705282e-07
5.000000e-01	6.000000e-01	3.354167e-06	2.643454e-07	2.643454e-07
6.000000e-01	7.000000e-01	3.979167e-06	2.879224e-07	2.879224e-07
7.000000e-01	8.000000e-01	3.916667e-06	2.856523e-07	2.856523e-07
8.000000e-01	9.000000e-01	5.020833e-06	3.234203e-07	3.234203e-07
9.000000e-01	1.000000e+00	5.083333e-06	3.254271e-07	3.254271e-07
1.000000e+00	1.100000e+00	4.687500e-06	3.125000e-07	3.125000e-07
1.100000e+00	1.200000e+00	5.625000e-06	3.423266e-07	3.423266e-07
1.200000e+00	1.300000e+00	5.395833e-06	3.352808e-07	3.352808e-07
1.300000e+00	1.400000e+00	5.937500e-06	3.517071e-07	3.517071e-07
1.400000e+00	1.500000e+00	6.187500e-06	3.590352e-07	3.590352e-07
1.500000e+00	1.600000e+00	7.270833e-06	3.891988e-07	3.891988e-07
1.600000e+00	1.700000e+00	8.208333e-06	4.135298e-07	4.135298e-07
1.700000e+00	1.800000e+00	7.479167e-06	3.947354e-07	3.947354e-07
1.800000e+00	1.900000e+00	8.812500e-06	4.284785e-07	4.284785e-07
1.900000e+00	2.000000e+00	8.833333e-06	4.299951e-07	4.299951e-07
2.000000e+00	2.100000e+00	1.004167e-05	4.573854e-07	4.573854e-07
2.100000e+00	2.200000e+00	1.016667e-05	4.602234e-07	4.602234e-07
2.200000e+00	2.300000e+00	1.020833e-05	4.611655e-07	4.611655e-07
2.300000e+00	2.400000e+00	1.156250e-05	4.916843e-07	4.916843e-07
2.400000e+00	2.500000e+00	1.195833e-05	4.991311e-07	4.991311e-07
2.500000e+00	2.600000e+00	1.200000e-05	5.000000e-07	5.000000e-07
2.600000e+00	2.700000e+00	1.341667e-05	5.295110e-07	5.295110e-07
2.700000e+00	2.800000e+00	1.500000e-05	5.590170e-07	5.590170e-07
2.800000e+00	2.900000e+00	1.437500e-05	5.488308e-07	5.488308e-07
2.900000e+00	3.000000e+00	1.525000e-05	5.636562e-07	5.636562e-07
3.000000e+00	3.100000e+00	1.604167e-05	5.788518e-07	5.788518e-07
3.100000e+00	3.200000e+00	1.554167e-05	5.697831e-07	5.697831e-07
3.200000e+00	3.300000e+00	1.100000e-05	4.787136e-07	4.787136e-07
3.300000e+00	3.400000e+00	8.979167e-06	4.335136e-07	4.335136e-07
3.400000e+00	3.500000e+00	7.270833e-06	3.891988e-07	3.891988e-07
3.500000e+00	3.600000e+00	6.145833e-06	3.578243e-07	3.578243e-07
3.600000e+00	3.700000e+00	5.083333e-06	3.254271e-07	3.254271e-07
3.700000e+00	3.800000e+00	4.416667e-06	3.047654e-07	3.047654e-07
3.800000e+00	3.900000e+00	4.250000e-06	2.975595e-07	2.975595e-07
3.900000e+00	4.000000e+00	3.083333e-06	2.534484e-07	2.534484e-07
4.000000e+00	4.100000e+00	3.020833e-06	2.508666e-07	2.508666e-07
4.100000e+00	4.200000e+00	1.916667e-06	1.998263e-07	1.998263e-07
4.200000e+00	4.300000e+00	1.770833e-06	1.920738e-07	1.920738e-07
4.300000e+00	4.400000e+00	1.645833e-06	1.851707e-07	1.851707e-07
4.400000e+00	4.500000e+00	1.020833e-06	1.458333e-07	1.458333e-07
4.500000e+00	4.600000e+00	9.375000e-07	1.397542e-07	1.397542e-07
4.600000e+00	4.700000e+00	6.041667e-07	1.121910e-07	1.121910e-07
4.700000e+00	4.800000e+00	6.041667e-07	1.121910e-07	1.121910e-07
4.800000e+00	4.900000e+00	6.666667e-07	1.178511e-07	1.178511e-07
4.900000e+00	5.000000e+00	5.000000e-07	1.020621e-07	1.020621e-07
# END HISTO1D

