# BEGIN PLOT
Legend=1
LogY=1
LegendPlacement=manual
LegendAlign=r
LegendXPos=1.36
RightMargin=3.7
Title=Di-bjet invariant mass
XLabel=$m_{bb}$ [GeV]
YLabel=$\mathrm{d}\sigma/\mathrm{d}m_{bb}$ [pb/GeV]
LogX=1
DrawOnly=//eos/home-y/yiyu/monobc/Rivet_New2/X600_pi10_L20_darkQCDtch.yoda.gz/JetMETAnalysis/bb_m //eos/home-y/yiyu/monobc/Rivet_New2/X600_pi20_L40_darkQCDtch.yoda.gz/JetMETAnalysis/bb_m //eos/home-y/yiyu/monobc/Rivet_New2/X1200_pi10_L20_darkQCDtch.yoda.gz/JetMETAnalysis/bb_m //eos/home-y/yiyu/monobc/Rivet_New2/X1200_pi20_L40_darkQCDtch.yoda.gz/JetMETAnalysis/bb_m //eos/home-y/yiyu/monobc/Rivet_New2/X2000_pi10_L20_darkQCDtch.yoda.gz/JetMETAnalysis/bb_m //eos/home-y/yiyu/monobc/Rivet_New2/X2000_pi20_L40_darkQCDtch.yoda.gz/JetMETAnalysis/bb_m
LegendOnly=//eos/home-y/yiyu/monobc/Rivet_New2/X600_pi10_L20_darkQCDtch.yoda.gz/JetMETAnalysis/bb_m //eos/home-y/yiyu/monobc/Rivet_New2/X600_pi20_L40_darkQCDtch.yoda.gz/JetMETAnalysis/bb_m //eos/home-y/yiyu/monobc/Rivet_New2/X1200_pi10_L20_darkQCDtch.yoda.gz/JetMETAnalysis/bb_m //eos/home-y/yiyu/monobc/Rivet_New2/X1200_pi20_L40_darkQCDtch.yoda.gz/JetMETAnalysis/bb_m //eos/home-y/yiyu/monobc/Rivet_New2/X2000_pi10_L20_darkQCDtch.yoda.gz/JetMETAnalysis/bb_m //eos/home-y/yiyu/monobc/Rivet_New2/X2000_pi20_L40_darkQCDtch.yoda.gz/JetMETAnalysis/bb_m
RatioPlot=1
RatioPlotReference=//eos/home-y/yiyu/monobc/Rivet_New2/X600_pi10_L20_darkQCDtch.yoda.gz/JetMETAnalysis/bb_m
RatioPlotYLabel=Ratio
# END PLOT

# BEGIN HISTO1D //eos/home-y/yiyu/monobc/Rivet_New2/X600_pi10_L20_darkQCDtch.yoda.gz/JetMETAnalysis/bb_m
ErrorBars=1
LineColor=red
LineStyle=solid
Path=//eos/home-y/yiyu/monobc/Rivet_New2/X600_pi10_L20_darkQCDtch.yoda.gz/JetMETAnalysis/bb_m
ScaledBy=9.53673292566163565e-06
Title=X600_pi10_L20
# xlow	 xhigh	 val	 errminus	 errplus
5.000000e+01	5.426665e+01	9.496300e-06	8.933366e-07	8.933366e-07
5.426665e+01	5.889739e+01	1.300834e-05	1.003615e-06	1.003615e-06
5.889739e+01	6.392328e+01	1.376916e-05	9.911255e-07	9.911255e-07
6.392328e+01	6.937805e+01	1.446136e-05	9.749849e-07	9.749849e-07
6.937805e+01	7.529829e+01	1.477793e-05	9.460599e-07	9.460599e-07
7.529829e+01	8.172373e+01	1.395083e-05	8.823281e-07	8.823281e-07
8.172373e+01	8.869746e+01	1.362523e-05	8.369910e-07	8.369910e-07
8.869746e+01	9.626628e+01	1.572797e-05	8.631850e-07	8.631850e-07
9.626628e+01	1.044810e+02	1.436039e-05	7.917137e-07	7.917137e-07
1.044810e+02	1.133967e+02	1.508131e-05	7.787951e-07	7.787951e-07
1.133967e+02	1.230731e+02	1.500736e-05	7.457216e-07	7.457216e-07
1.230731e+02	1.335753e+02	1.420287e-05	6.963529e-07	6.963529e-07
1.335753e+02	1.449737e+02	1.421863e-05	6.687878e-07	6.687878e-07
1.449737e+02	1.573448e+02	1.257895e-05	6.038090e-07	6.038090e-07
1.573448e+02	1.707715e+02	1.265820e-05	5.814105e-07	5.814105e-07
1.707715e+02	1.853439e+02	1.134313e-05	5.283022e-07	5.283022e-07
1.853439e+02	2.011599e+02	1.017918e-05	4.803851e-07	4.803851e-07
2.011599e+02	2.183255e+02	1.052772e-05	4.698717e-07	4.698717e-07
2.183255e+02	2.369559e+02	9.969437e-06	4.380319e-07	4.380319e-07
2.369559e+02	2.571760e+02	8.352194e-06	3.856650e-07	3.856650e-07
2.571760e+02	2.791217e+02	8.626756e-06	3.754313e-07	3.754313e-07
2.791217e+02	3.029400e+02	7.692602e-06	3.403006e-07	3.403006e-07
3.029400e+02	3.287907e+02	6.768784e-06	3.064084e-07	3.064084e-07
3.287907e+02	3.568475e+02	6.389913e-06	2.857655e-07	2.857655e-07
3.568475e+02	3.872983e+02	6.064172e-06	2.672194e-07	2.672194e-07
3.872983e+02	4.203477e+02	5.044899e-06	2.344541e-07	2.344541e-07
4.203477e+02	4.562172e+02	4.758221e-06	2.180927e-07	2.180927e-07
4.562172e+02	4.951476e+02	4.172269e-06	1.960303e-07	1.960303e-07
4.951476e+02	5.374001e+02	3.436890e-06	1.707804e-07	1.707804e-07
5.374001e+02	5.832581e+02	2.908646e-06	1.508063e-07	1.508063e-07
5.832581e+02	6.330293e+02	2.715978e-06	1.398800e-07	1.398800e-07
6.330293e+02	6.870476e+02	2.263479e-06	1.225743e-07	1.225743e-07
6.870476e+02	7.456754e+02	1.559551e-06	9.766287e-08	9.766287e-08
7.456754e+02	8.093062e+02	1.504551e-06	9.207702e-08	9.207702e-08
8.093062e+02	8.783667e+02	9.293650e-07	6.985099e-08	6.985099e-08
8.783667e+02	9.533204e+02	6.840786e-07	5.720552e-08	5.720552e-08
9.533204e+02	1.034670e+03	4.716190e-07	4.559314e-08	4.559314e-08
1.034670e+03	1.122962e+03	4.589022e-07	4.316988e-08	4.316988e-08
1.122962e+03	1.218787e+03	2.881209e-07	3.283444e-08	3.283444e-08
1.218787e+03	1.322790e+03	1.792753e-07	2.486101e-08	2.486101e-08
1.322790e+03	1.435668e+03	1.080022e-07	1.852223e-08	1.852223e-08
1.435668e+03	1.558178e+03	7.902331e-08	1.520804e-08	1.520804e-08
1.558178e+03	1.691142e+03	3.505680e-08	9.723009e-09	9.723009e-09
1.691142e+03	1.835452e+03	3.478521e-08	9.296739e-09	9.296739e-09
1.835452e+03	1.992077e+03	1.144648e-08	5.119021e-09	5.119021e-09
1.992077e+03	2.162067e+03	4.218612e-09	2.983009e-09	2.983009e-09
2.162067e+03	2.346563e+03	3.886924e-09	2.748470e-09	2.748470e-09
2.346563e+03	2.546802e+03	0.000000e+00	0.000000e+00	0.000000e+00
2.546802e+03	2.764129e+03	1.649869e-09	1.649869e-09	1.649869e-09
2.764129e+03	3.000000e+03	0.000000e+00	0.000000e+00	0.000000e+00
# END HISTO1D


# BEGIN HISTO1D //eos/home-y/yiyu/monobc/Rivet_New2/X600_pi20_L40_darkQCDtch.yoda.gz/JetMETAnalysis/bb_m
ErrorBars=1
LineColor=red
LineStyle=dashed
Path=//eos/home-y/yiyu/monobc/Rivet_New2/X600_pi20_L40_darkQCDtch.yoda.gz/JetMETAnalysis/bb_m
ScaledBy=8.22287558899903432e-06
Title=X600_pi20_L40
# xlow	 xhigh	 val	 errminus	 errplus
5.000000e+01	5.426665e+01	8.981037e-06	7.907362e-07	7.907362e-07
5.426665e+01	5.889739e+01	8.339054e-06	7.313835e-07	7.313835e-07
5.889739e+01	6.392328e+01	1.223436e-05	8.503467e-07	8.503467e-07
6.392328e+01	6.937805e+01	1.214373e-05	8.132045e-07	8.132045e-07
6.937805e+01	7.529829e+01	1.289489e-05	8.043610e-07	8.043610e-07
7.529829e+01	8.172373e+01	1.340661e-05	7.872631e-07	7.872631e-07
8.172373e+01	8.869746e+01	1.375819e-05	7.655259e-07	7.655259e-07
8.869746e+01	9.626628e+01	1.350062e-05	7.279052e-07	7.279052e-07
9.626628e+01	1.044810e+02	1.345160e-05	6.974329e-07	6.974329e-07
1.044810e+02	1.133967e+02	1.352678e-05	6.713227e-07	6.713227e-07
1.133967e+02	1.230731e+02	1.378340e-05	6.504788e-07	6.504788e-07
1.230731e+02	1.335753e+02	1.216219e-05	5.865131e-07	5.865131e-07
1.335753e+02	1.449737e+02	1.230047e-05	5.661753e-07	5.661753e-07
1.449737e+02	1.573448e+02	1.188559e-05	5.342175e-07	5.342175e-07
1.573448e+02	1.707715e+02	1.044231e-05	4.806462e-07	4.806462e-07
1.707715e+02	1.853439e+02	1.068129e-05	4.666146e-07	4.666146e-07
1.853439e+02	2.011599e+02	9.522148e-06	4.228936e-07	4.228936e-07
2.011599e+02	2.183255e+02	9.881000e-06	4.142305e-07	4.142305e-07
2.183255e+02	2.369559e+02	9.343278e-06	3.859672e-07	3.859672e-07
2.369559e+02	2.571760e+02	9.005356e-06	3.637230e-07	3.637230e-07
2.571760e+02	2.791217e+02	8.635651e-06	3.418887e-07	3.418887e-07
2.791217e+02	3.029400e+02	7.819530e-06	3.122819e-07	3.122819e-07
3.029400e+02	3.287907e+02	7.319659e-06	2.900155e-07	2.900155e-07
3.287907e+02	3.568475e+02	7.093500e-06	2.740457e-07	2.740457e-07
3.568475e+02	3.872983e+02	6.116355e-06	2.442637e-07	2.442637e-07
3.872983e+02	4.203477e+02	5.491631e-06	2.221676e-07	2.221676e-07
4.203477e+02	4.562172e+02	4.546434e-06	1.940370e-07	1.940370e-07
4.562172e+02	4.951476e+02	4.326313e-06	1.816881e-07	1.816881e-07
4.951476e+02	5.374001e+02	3.444828e-06	1.556214e-07	1.556214e-07
5.374001e+02	5.832581e+02	2.811243e-06	1.352546e-07	1.352546e-07
5.832581e+02	6.330293e+02	2.596180e-06	1.244773e-07	1.244773e-07
6.330293e+02	6.870476e+02	2.122610e-06	1.083175e-07	1.083175e-07
6.870476e+02	7.456754e+02	1.742924e-06	9.397221e-08	9.397221e-08
7.456754e+02	8.093062e+02	1.171737e-06	7.395939e-08	7.395939e-08
8.093062e+02	8.783667e+02	9.333699e-07	6.336128e-08	6.336128e-08
8.783667e+02	9.533204e+02	6.935356e-07	5.242636e-08	5.242636e-08
9.533204e+02	1.034670e+03	5.258124e-07	4.381771e-08	4.381771e-08
1.034670e+03	1.122962e+03	3.297072e-07	3.330546e-08	3.330546e-08
1.122962e+03	1.218787e+03	2.417907e-07	2.737740e-08	2.737740e-08
1.218787e+03	1.322790e+03	1.599433e-07	2.137332e-08	2.137332e-08
1.322790e+03	1.435668e+03	1.236836e-07	1.804112e-08	1.804112e-08
1.435668e+03	1.558178e+03	5.334269e-08	1.137270e-08	1.137270e-08
1.558178e+03	1.691142e+03	5.138277e-08	1.071405e-08	1.071405e-08
1.691142e+03	1.835452e+03	2.470067e-08	7.130466e-09	7.130466e-09
1.835452e+03	1.992077e+03	9.482713e-09	4.240799e-09	4.240799e-09
1.992077e+03	2.162067e+03	5.242298e-09	3.026642e-09	3.026642e-09
2.162067e+03	2.346563e+03	1.610041e-09	1.610041e-09	1.610041e-09
2.346563e+03	2.546802e+03	0.000000e+00	0.000000e+00	0.000000e+00
2.546802e+03	2.764129e+03	0.000000e+00	0.000000e+00	0.000000e+00
2.764129e+03	3.000000e+03	1.259358e-09	1.259358e-09	1.259358e-09
# END HISTO1D


# BEGIN HISTO1D //eos/home-y/yiyu/monobc/Rivet_New2/X1200_pi10_L20_darkQCDtch.yoda.gz/JetMETAnalysis/bb_m
ErrorBars=1
LineColor=blue
LineStyle=solid
Path=//eos/home-y/yiyu/monobc/Rivet_New2/X1200_pi10_L20_darkQCDtch.yoda.gz/JetMETAnalysis/bb_m
ScaledBy=1.49338603861111734e-05
Title=X1200_pi10_L20
# xlow	 xhigh	 val	 errminus	 errplus
5.000000e+01	5.426665e+01	1.044549e-06	6.979187e-08	6.979187e-08
5.426665e+01	5.889739e+01	9.624218e-07	6.430451e-08	6.430451e-08
5.889739e+01	6.392328e+01	1.167823e-06	6.799326e-08	6.799326e-08
6.392328e+01	6.937805e+01	1.123420e-06	6.401279e-08	6.401279e-08
6.937805e+01	7.529829e+01	1.310669e-06	6.636832e-08	6.636832e-08
7.529829e+01	8.172373e+01	1.241679e-06	6.200649e-08	6.200649e-08
8.172373e+01	8.869746e+01	1.232499e-06	5.929862e-08	5.929862e-08
8.869746e+01	9.626628e+01	1.172397e-06	5.551459e-08	5.551459e-08
9.626628e+01	1.044810e+02	1.157719e-06	5.295281e-08	5.295281e-08
1.044810e+02	1.133967e+02	1.091243e-06	4.934769e-08	4.934769e-08
1.133967e+02	1.230731e+02	1.034242e-06	4.611456e-08	4.611456e-08
1.230731e+02	1.335753e+02	9.188176e-07	4.172136e-08	4.172136e-08
1.335753e+02	1.449737e+02	8.413390e-07	3.832194e-08	3.832194e-08
1.449737e+02	1.573448e+02	8.282602e-07	3.649750e-08	3.649750e-08
1.573448e+02	1.707715e+02	7.201697e-07	3.266756e-08	3.266756e-08
1.707715e+02	1.853439e+02	6.553571e-07	2.991282e-08	2.991282e-08
1.853439e+02	2.011599e+02	5.849573e-07	2.712674e-08	2.712674e-08
2.011599e+02	2.183255e+02	4.844904e-07	2.375382e-08	2.375382e-08
2.183255e+02	2.369559e+02	4.293107e-07	2.141208e-08	2.141208e-08
2.369559e+02	2.571760e+02	3.365198e-07	1.830301e-08	1.830301e-08
2.571760e+02	2.791217e+02	2.846742e-07	1.611618e-08	1.611618e-08
2.791217e+02	3.029400e+02	2.556104e-07	1.465995e-08	1.465995e-08
3.029400e+02	3.287907e+02	2.085762e-07	1.267010e-08	1.267010e-08
3.287907e+02	3.568475e+02	1.779932e-07	1.123483e-08	1.123483e-08
3.568475e+02	3.872983e+02	1.594259e-07	1.020620e-08	1.020620e-08
3.872983e+02	4.203477e+02	1.348504e-07	9.050207e-09	9.050207e-09
4.203477e+02	4.562172e+02	1.042798e-07	7.605390e-09	7.605390e-09
4.562172e+02	4.951476e+02	7.972667e-08	6.424030e-09	6.424030e-09
4.951476e+02	5.374001e+02	7.534170e-08	5.956285e-09	5.956285e-09
5.374001e+02	5.832581e+02	5.206357e-08	4.752732e-09	4.752732e-09
5.832581e+02	6.330293e+02	5.236741e-08	4.575361e-09	4.575361e-09
6.330293e+02	6.870476e+02	3.793711e-08	3.774171e-09	3.774171e-09
6.870476e+02	7.456754e+02	3.563310e-08	3.477434e-09	3.477434e-09
7.456754e+02	8.093062e+02	3.345679e-08	3.234390e-09	3.234390e-09
8.093062e+02	8.783667e+02	2.535250e-08	2.702586e-09	2.702586e-09
8.783667e+02	9.533204e+02	2.442096e-08	2.546060e-09	2.546060e-09
9.533204e+02	1.034670e+03	2.054432e-08	2.268097e-09	2.268097e-09
1.034670e+03	1.122962e+03	1.442203e-08	1.830705e-09	1.830705e-09
1.122962e+03	1.218787e+03	1.411880e-08	1.712156e-09	1.712156e-09
1.218787e+03	1.322790e+03	9.947761e-09	1.405785e-09	1.405785e-09
1.322790e+03	1.435668e+03	1.198581e-08	1.474713e-09	1.474713e-09
1.435668e+03	1.558178e+03	8.282597e-09	1.159796e-09	1.159796e-09
1.558178e+03	1.691142e+03	5.985408e-09	9.463760e-10	9.463760e-10
1.691142e+03	1.835452e+03	3.171022e-09	6.893526e-10	6.893526e-10
1.835452e+03	1.992077e+03	2.921693e-09	6.092151e-10	6.092151e-10
1.992077e+03	2.162067e+03	1.287470e-09	3.881869e-10	3.881869e-10
2.162067e+03	2.346563e+03	1.294083e-09	3.735696e-10	3.735696e-10
2.346563e+03	2.546802e+03	5.961706e-10	2.433856e-10	2.433856e-10
2.546802e+03	2.764129e+03	5.492948e-10	2.242486e-10	2.242486e-10
2.764129e+03	3.000000e+03	2.530548e-10	1.461013e-10	1.461013e-10
# END HISTO1D


# BEGIN HISTO1D //eos/home-y/yiyu/monobc/Rivet_New2/X1200_pi20_L40_darkQCDtch.yoda.gz/JetMETAnalysis/bb_m
ErrorBars=1
LineColor=blue
LineStyle=dashed
Path=//eos/home-y/yiyu/monobc/Rivet_New2/X1200_pi20_L40_darkQCDtch.yoda.gz/JetMETAnalysis/bb_m
ScaledBy=1.16975105794099197e-05
Title=X1200_pi20_L40
# xlow	 xhigh	 val	 errminus	 errplus
5.000000e+01	5.426665e+01	6.855997e-07	4.835848e-08	4.835848e-08
5.426665e+01	5.889739e+01	7.794046e-07	4.949223e-08	4.949223e-08
5.889739e+01	6.392328e+01	9.961095e-07	5.370662e-08	5.370662e-08
6.392328e+01	6.937805e+01	1.040518e-06	5.268870e-08	5.268870e-08
6.937805e+01	7.529829e+01	1.106203e-06	5.214691e-08	5.214691e-08
7.529829e+01	8.172373e+01	1.035082e-06	4.841911e-08	4.841911e-08
8.172373e+01	8.869746e+01	1.189519e-06	4.982345e-08	4.982345e-08
8.869746e+01	9.626628e+01	1.094071e-06	4.586585e-08	4.586585e-08
9.626628e+01	1.044810e+02	1.008048e-06	4.225955e-08	4.225955e-08
1.044810e+02	1.133967e+02	9.402182e-07	3.917575e-08	3.917575e-08
1.133967e+02	1.230731e+02	8.557759e-07	3.587599e-08	3.587599e-08
1.230731e+02	1.335753e+02	8.383719e-07	3.408466e-08	3.408466e-08
1.335753e+02	1.449737e+02	7.686245e-07	3.132680e-08	3.132680e-08
1.449737e+02	1.573448e+02	7.317179e-07	2.933922e-08	2.933922e-08
1.573448e+02	1.707715e+02	6.460091e-07	2.646156e-08	2.646156e-08
1.707715e+02	1.853439e+02	5.852321e-07	2.417571e-08	2.417571e-08
1.853439e+02	2.011599e+02	5.070101e-07	2.159936e-08	2.159936e-08
2.011599e+02	2.183255e+02	4.273002e-07	1.907119e-08	1.907119e-08
2.183255e+02	2.369559e+02	3.624578e-07	1.682668e-08	1.682668e-08
2.369559e+02	2.571760e+02	3.310824e-07	1.543680e-08	1.543680e-08
2.571760e+02	2.791217e+02	2.997441e-07	1.409878e-08	1.409878e-08
2.791217e+02	3.029400e+02	2.389063e-07	1.208201e-08	1.208201e-08
3.029400e+02	3.287907e+02	1.728334e-07	9.864123e-09	9.864123e-09
3.287907e+02	3.568475e+02	1.540564e-07	8.969311e-09	8.969311e-09
3.568475e+02	3.872983e+02	1.304745e-07	7.925548e-09	7.925548e-09
3.872983e+02	4.203477e+02	1.166928e-07	7.222277e-09	7.222277e-09
4.203477e+02	4.562172e+02	9.818648e-08	6.311666e-09	6.311666e-09
4.562172e+02	4.951476e+02	8.560680e-08	5.657056e-09	5.657056e-09
4.951476e+02	5.374001e+02	6.750957e-08	4.822111e-09	4.822111e-09
5.374001e+02	5.832581e+02	5.839348e-08	4.304824e-09	4.304824e-09
5.832581e+02	6.330293e+02	5.029350e-08	3.834844e-09	3.834844e-09
6.330293e+02	6.870476e+02	4.229805e-08	3.375752e-09	3.375752e-09
6.870476e+02	7.456754e+02	3.922068e-08	3.139916e-09	3.139916e-09
7.456754e+02	8.093062e+02	3.110520e-08	2.667250e-09	2.667250e-09
8.093062e+02	8.783667e+02	2.549866e-08	2.318060e-09	2.318060e-09
8.783667e+02	9.533204e+02	2.368800e-08	2.144611e-09	2.144611e-09
9.533204e+02	1.034670e+03	1.949991e-08	1.884810e-09	1.884810e-09
1.034670e+03	1.122962e+03	1.945012e-08	1.790528e-09	1.790528e-09
1.122962e+03	1.218787e+03	1.412426e-08	1.464618e-09	1.464618e-09
1.218787e+03	1.322790e+03	1.175426e-08	1.297672e-09	1.297672e-09
1.322790e+03	1.435668e+03	7.091123e-09	9.561669e-10	9.561669e-10
1.435668e+03	1.558178e+03	6.771189e-09	9.278014e-10	9.278014e-10
1.558178e+03	1.691142e+03	5.910460e-09	8.190712e-10	8.190712e-10
1.691142e+03	1.835452e+03	4.538138e-09	6.765057e-10	6.765057e-10
1.835452e+03	1.992077e+03	2.508790e-09	4.828168e-10	4.828168e-10
1.992077e+03	2.162067e+03	1.626642e-09	3.923267e-10	3.923267e-10
2.162067e+03	2.346563e+03	1.025459e-09	3.055064e-10	3.055064e-10
2.346563e+03	2.546802e+03	7.994766e-10	2.410512e-10	2.410512e-10
2.546802e+03	2.764129e+03	3.348250e-10	1.497383e-10	1.497383e-10
2.764129e+03	3.000000e+03	1.234005e-10	8.725735e-11	8.725735e-11
# END HISTO1D


# BEGIN HISTO1D //eos/home-y/yiyu/monobc/Rivet_New2/X2000_pi10_L20_darkQCDtch.yoda.gz/JetMETAnalysis/bb_m
ErrorBars=1
LineColor=violet
LineStyle=solid
Path=//eos/home-y/yiyu/monobc/Rivet_New2/X2000_pi10_L20_darkQCDtch.yoda.gz/JetMETAnalysis/bb_m
ScaledBy=1.82170348604000436e-05
Title=X2000_pi10_L20
# xlow	 xhigh	 val	 errminus	 errplus
5.000000e+01	5.426665e+01	1.425709e-07	9.838324e-09	9.838324e-09
5.426665e+01	5.889739e+01	1.532548e-07	9.791093e-09	9.791093e-09
5.889739e+01	6.392328e+01	1.694466e-07	9.882326e-09	9.882326e-09
6.392328e+01	6.937805e+01	1.826756e-07	9.849208e-09	9.849208e-09
6.937805e+01	7.529829e+01	1.903306e-07	9.650149e-09	9.650149e-09
7.529829e+01	8.172373e+01	1.870871e-07	9.183742e-09	9.183742e-09
8.172373e+01	8.869746e+01	1.948078e-07	8.995386e-09	8.995386e-09
8.869746e+01	9.626628e+01	2.036020e-07	8.827265e-09	8.827265e-09
9.626628e+01	1.044810e+02	1.756043e-07	7.869016e-09	7.869016e-09
1.044810e+02	1.133967e+02	1.660214e-07	7.344352e-09	7.344352e-09
1.133967e+02	1.230731e+02	1.580588e-07	6.878626e-09	6.878626e-09
1.230731e+02	1.335753e+02	1.412174e-07	6.240986e-09	6.240986e-09
1.335753e+02	1.449737e+02	1.423123e-07	6.013796e-09	6.013796e-09
1.449737e+02	1.573448e+02	1.353374e-07	5.629297e-09	5.629297e-09
1.573448e+02	1.707715e+02	1.074382e-07	4.824077e-09	4.824077e-09
1.707715e+02	1.853439e+02	9.720225e-08	4.395637e-09	4.395637e-09
1.853439e+02	2.011599e+02	8.534693e-08	3.953619e-09	3.953619e-09
2.011599e+02	2.183255e+02	7.610553e-08	3.583668e-09	3.583668e-09
2.183255e+02	2.369559e+02	5.799430e-08	3.002830e-09	3.002830e-09
2.369559e+02	2.571760e+02	5.185894e-08	2.725646e-09	2.725646e-09
2.571760e+02	2.791217e+02	5.002515e-08	2.569619e-09	2.569619e-09
2.791217e+02	3.029400e+02	3.587648e-08	2.088809e-09	2.088809e-09
3.029400e+02	3.287907e+02	3.384022e-08	1.947286e-09	1.947286e-09
3.287907e+02	3.568475e+02	2.529452e-08	1.616008e-09	1.616008e-09
3.568475e+02	3.872983e+02	1.759833e-08	1.293855e-09	1.293855e-09
3.872983e+02	4.203477e+02	1.691579e-08	1.217625e-09	1.217625e-09
4.203477e+02	4.562172e+02	1.437452e-08	1.077416e-09	1.077416e-09
4.562172e+02	4.951476e+02	1.116094e-08	9.112874e-10	9.112874e-10
4.951476e+02	5.374001e+02	8.912294e-09	7.816598e-10	7.816598e-10
5.374001e+02	5.832581e+02	5.748107e-09	6.025653e-10	6.025653e-10
5.832581e+02	6.330293e+02	3.899378e-09	4.763847e-10	4.763847e-10
6.330293e+02	6.870476e+02	3.378300e-09	4.256257e-10	4.256257e-10
6.870476e+02	7.456754e+02	2.420979e-09	3.458541e-10	3.458541e-10
7.456754e+02	8.093062e+02	2.094060e-09	3.087522e-10	3.087522e-10
8.093062e+02	8.783667e+02	1.593868e-09	2.585596e-10	2.585596e-10
8.783667e+02	9.533204e+02	1.159382e-09	2.116733e-10	2.116733e-10
9.533204e+02	1.034670e+03	5.697222e-10	1.424305e-10	1.424305e-10
1.034670e+03	1.122962e+03	3.936937e-10	1.136495e-10	1.136495e-10
1.122962e+03	1.218787e+03	4.836595e-10	1.282496e-10	1.282496e-10
1.218787e+03	1.322790e+03	2.785176e-10	8.807500e-11	8.807500e-11
1.322790e+03	1.435668e+03	4.362527e-10	1.058068e-10	1.058068e-10
1.435668e+03	1.558178e+03	1.418660e-10	5.791654e-11	5.791654e-11
1.558178e+03	1.691142e+03	1.960681e-10	6.535604e-11	6.535604e-11
1.691142e+03	1.835452e+03	1.405077e-10	5.310692e-11	5.310692e-11
1.835452e+03	1.992077e+03	9.247138e-11	4.135447e-11	4.135447e-11
1.992077e+03	2.162067e+03	1.022413e-10	4.173984e-11	4.173984e-11
2.162067e+03	2.346563e+03	7.850214e-11	3.510723e-11	3.510723e-11
2.346563e+03	2.546802e+03	2.893209e-11	2.045808e-11	2.045808e-11
2.546802e+03	2.764129e+03	3.998583e-11	2.308583e-11	2.308583e-11
2.764129e+03	3.000000e+03	3.684217e-11	2.127084e-11	2.127084e-11
# END HISTO1D


# BEGIN HISTO1D //eos/home-y/yiyu/monobc/Rivet_New2/X2000_pi20_L40_darkQCDtch.yoda.gz/JetMETAnalysis/bb_m
ErrorBars=1
LineColor=violet
LineStyle=dashed
Path=//eos/home-y/yiyu/monobc/Rivet_New2/X2000_pi20_L40_darkQCDtch.yoda.gz/JetMETAnalysis/bb_m
ScaledBy=1.42610353602966520e-05
Title=X2000_pi20_L40
# xlow	 xhigh	 val	 errminus	 errplus
5.000000e+01	5.426665e+01	1.079106e-07	7.258851e-09	7.258851e-09
5.426665e+01	5.889739e+01	1.300188e-07	7.648165e-09	7.648165e-09
5.889739e+01	6.392328e+01	1.442531e-07	7.732776e-09	7.732776e-09
6.392328e+01	6.937805e+01	1.585004e-07	7.780479e-09	7.780479e-09
6.937805e+01	7.529829e+01	1.847476e-07	8.063046e-09	8.063046e-09
7.529829e+01	8.172373e+01	1.938907e-07	7.928782e-09	7.928782e-09
8.172373e+01	8.869746e+01	1.717756e-07	7.163538e-09	7.163538e-09
8.869746e+01	9.626628e+01	1.634997e-07	6.708475e-09	6.708475e-09
9.626628e+01	1.044810e+02	1.399926e-07	5.958480e-09	5.958480e-09
1.044810e+02	1.133967e+02	1.348277e-07	5.612950e-09	5.612950e-09
1.133967e+02	1.230731e+02	1.436054e-07	5.560423e-09	5.560423e-09
1.230731e+02	1.335753e+02	1.323135e-07	5.123201e-09	5.123201e-09
1.335753e+02	1.449737e+02	1.206310e-07	4.695554e-09	4.695554e-09
1.449737e+02	1.573448e+02	1.138406e-07	4.378484e-09	4.378484e-09
1.573448e+02	1.707715e+02	1.047353e-07	4.031265e-09	4.031265e-09
1.707715e+02	1.853439e+02	8.649344e-08	3.516457e-09	3.516457e-09
1.853439e+02	2.011599e+02	7.547736e-08	3.153112e-09	3.153112e-09
2.011599e+02	2.183255e+02	6.990726e-08	2.917855e-09	2.917855e-09
2.183255e+02	2.369559e+02	6.497000e-08	2.695409e-09	2.695409e-09
2.369559e+02	2.571760e+02	5.666802e-08	2.416333e-09	2.416333e-09
2.571760e+02	2.791217e+02	3.968127e-08	1.940874e-09	1.940874e-09
2.791217e+02	3.029400e+02	3.533698e-08	1.758080e-09	1.758080e-09
3.029400e+02	3.287907e+02	2.925453e-08	1.535465e-09	1.535465e-09
3.287907e+02	3.568475e+02	2.294453e-08	1.305269e-09	1.305269e-09
3.568475e+02	3.872983e+02	1.867767e-08	1.130424e-09	1.130424e-09
3.872983e+02	4.203477e+02	1.563316e-08	9.927069e-10	9.927069e-10
4.203477e+02	4.562172e+02	1.335861e-08	8.808407e-10	8.808407e-10
4.562172e+02	4.951476e+02	1.027475e-08	7.415160e-10	7.415160e-10
4.951476e+02	5.374001e+02	7.494626e-09	6.078944e-10	6.078944e-10
5.374001e+02	5.832581e+02	5.587902e-09	5.079239e-10	5.079239e-10
5.832581e+02	6.330293e+02	3.934671e-09	4.058304e-10	4.058304e-10
6.330293e+02	6.870476e+02	3.471046e-09	3.658804e-10	3.658804e-10
6.870476e+02	7.456754e+02	2.700652e-09	3.138358e-10	3.138358e-10
7.456754e+02	8.093062e+02	2.160903e-09	2.659888e-10	2.659888e-10
8.093062e+02	8.783667e+02	1.417839e-09	2.068131e-10	2.068131e-10
8.783667e+02	9.533204e+02	9.728228e-10	1.644370e-10	1.644370e-10
9.533204e+02	1.034670e+03	7.682890e-10	1.402697e-10	1.402697e-10
1.034670e+03	1.122962e+03	5.898986e-10	1.226081e-10	1.226081e-10
1.122962e+03	1.218787e+03	5.435255e-10	1.087051e-10	1.087051e-10
1.218787e+03	1.322790e+03	4.406924e-10	9.395594e-11	9.395594e-11
1.322790e+03	1.435668e+03	2.583911e-10	6.905792e-11	6.905792e-11
1.435668e+03	1.558178e+03	1.870596e-10	5.640058e-11	5.640058e-11
1.558178e+03	1.691142e+03	2.193576e-10	6.267360e-11	6.267360e-11
1.691142e+03	1.835452e+03	1.010556e-10	3.819542e-11	3.819542e-11
1.835452e+03	1.992077e+03	1.330141e-10	4.206275e-11	4.206275e-11
1.992077e+03	2.162067e+03	3.676687e-11	2.122736e-11	2.122736e-11
2.162067e+03	2.346563e+03	6.775215e-11	2.765970e-11	2.765970e-11
2.346563e+03	2.546802e+03	3.121270e-11	1.802066e-11	1.802066e-11
2.546802e+03	2.764129e+03	7.668937e-11	2.711378e-11	2.711378e-11
2.764129e+03	3.000000e+03	2.649753e-11	1.529836e-11	1.529836e-11
# END HISTO1D

