# BEGIN PLOT
Legend=1
LogY=1
LegendPlacement=manual
LegendAlign=r
LegendXPos=1.36
RightMargin=3.7
Title=$b$-jet $p_\mathrm{T}$ spectrum
XLabel=$p_\mathrm{T}^{bb}$ [GeV]
YLabel=$\mathrm{d}\sigma/\mathrm{d}p_\mathrm{T}^{bb}$ [pb/GeV]
LogX=1
DrawOnly=//eos/home-y/yiyu/monobc/Rivet_New2/X600_pi10_L20_darkQCDtch.yoda.gz/JetMETAnalysis/bb_pt //eos/home-y/yiyu/monobc/Rivet_New2/X600_pi20_L40_darkQCDtch.yoda.gz/JetMETAnalysis/bb_pt //eos/home-y/yiyu/monobc/Rivet_New2/X1200_pi10_L20_darkQCDtch.yoda.gz/JetMETAnalysis/bb_pt //eos/home-y/yiyu/monobc/Rivet_New2/X1200_pi20_L40_darkQCDtch.yoda.gz/JetMETAnalysis/bb_pt //eos/home-y/yiyu/monobc/Rivet_New2/X2000_pi10_L20_darkQCDtch.yoda.gz/JetMETAnalysis/bb_pt //eos/home-y/yiyu/monobc/Rivet_New2/X2000_pi20_L40_darkQCDtch.yoda.gz/JetMETAnalysis/bb_pt
LegendOnly=//eos/home-y/yiyu/monobc/Rivet_New2/X600_pi10_L20_darkQCDtch.yoda.gz/JetMETAnalysis/bb_pt //eos/home-y/yiyu/monobc/Rivet_New2/X600_pi20_L40_darkQCDtch.yoda.gz/JetMETAnalysis/bb_pt //eos/home-y/yiyu/monobc/Rivet_New2/X1200_pi10_L20_darkQCDtch.yoda.gz/JetMETAnalysis/bb_pt //eos/home-y/yiyu/monobc/Rivet_New2/X1200_pi20_L40_darkQCDtch.yoda.gz/JetMETAnalysis/bb_pt //eos/home-y/yiyu/monobc/Rivet_New2/X2000_pi10_L20_darkQCDtch.yoda.gz/JetMETAnalysis/bb_pt //eos/home-y/yiyu/monobc/Rivet_New2/X2000_pi20_L40_darkQCDtch.yoda.gz/JetMETAnalysis/bb_pt
RatioPlot=1
RatioPlotReference=//eos/home-y/yiyu/monobc/Rivet_New2/X600_pi10_L20_darkQCDtch.yoda.gz/JetMETAnalysis/bb_pt
RatioPlotYLabel=Ratio
# END PLOT

# BEGIN HISTO1D //eos/home-y/yiyu/monobc/Rivet_New2/X600_pi10_L20_darkQCDtch.yoda.gz/JetMETAnalysis/bb_pt
ErrorBars=1
LineColor=red
LineStyle=solid
Path=//eos/home-y/yiyu/monobc/Rivet_New2/X600_pi10_L20_darkQCDtch.yoda.gz/JetMETAnalysis/bb_pt
ScaledBy=9.53673292566163565e-06
Title=X600_pi10_L20
# xlow	 xhigh	 val	 errminus	 errplus
2.000000e+01	2.162765e+01	1.740320e-05	1.958013e-06	1.958013e-06
2.162765e+01	2.338777e+01	1.588969e-05	1.799153e-06	1.799153e-06
2.338777e+01	2.529113e+01	1.431712e-05	1.642286e-06	1.642286e-06
2.529113e+01	2.734939e+01	1.933685e-05	1.835373e-06	1.835373e-06
2.734939e+01	2.957515e+01	1.723727e-05	1.666390e-06	1.666390e-06
2.957515e+01	3.198206e+01	1.534406e-05	1.511895e-06	1.511895e-06
3.198206e+01	3.458484e+01	1.708234e-05	1.534039e-06	1.534039e-06
3.458484e+01	3.739945e+01	1.426799e-05	1.348198e-06	1.348198e-06
3.739945e+01	4.044311e+01	1.990919e-05	1.531476e-06	1.531476e-06
4.044311e+01	4.373448e+01	2.287734e-05	1.578687e-06	1.578687e-06
4.373448e+01	4.729371e+01	2.528603e-05	1.596040e-06	1.596040e-06
4.729371e+01	5.114260e+01	2.235830e-05	1.443222e-06	1.443222e-06
5.114260e+01	5.530472e+01	2.257094e-05	1.394437e-06	1.394437e-06
5.530472e+01	5.980556e+01	2.222663e-05	1.330674e-06	1.330674e-06
5.980556e+01	6.467270e+01	2.195359e-05	1.271737e-06	1.271737e-06
6.467270e+01	6.993594e+01	2.036953e-05	1.178000e-06	1.178000e-06
6.993594e+01	7.562751e+01	1.757661e-05	1.052284e-06	1.052284e-06
7.562751e+01	8.178228e+01	1.683639e-05	9.903759e-07	9.903759e-07
8.178228e+01	8.843794e+01	1.670066e-05	9.485336e-07	9.485336e-07
8.843794e+01	9.563525e+01	1.509508e-05	8.671897e-07	8.671897e-07
9.563525e+01	1.034183e+02	1.455796e-05	8.189488e-07	8.189488e-07
1.034183e+02	1.118348e+02	1.376049e-05	7.656544e-07	7.656544e-07
1.118348e+02	1.209362e+02	1.170068e-05	6.789425e-07	6.789425e-07
1.209362e+02	1.307783e+02	1.227736e-05	6.687906e-07	6.687906e-07
1.307783e+02	1.414214e+02	1.182502e-05	6.311730e-07	6.311730e-07
1.414214e+02	1.529306e+02	1.096631e-05	5.845063e-07	5.845063e-07
1.529306e+02	1.653765e+02	1.132216e-05	5.711274e-07	5.711274e-07
1.653765e+02	1.788353e+02	1.086968e-05	5.381295e-07	5.381295e-07
1.788353e+02	1.933894e+02	1.093857e-05	5.202895e-07	5.202895e-07
1.933894e+02	2.091279e+02	1.020652e-05	4.822127e-07	4.822127e-07
2.091279e+02	2.261473e+02	1.133447e-05	4.886635e-07	4.886635e-07
2.261473e+02	2.445518e+02	9.799571e-06	4.378090e-07	4.378090e-07
2.445518e+02	2.644540e+02	9.314347e-06	4.096446e-07	4.096446e-07
2.644540e+02	2.859760e+02	9.779542e-06	4.036449e-07	4.036449e-07
2.859760e+02	3.092495e+02	8.119174e-06	3.536769e-07	3.536769e-07
3.092495e+02	3.344170e+02	7.579394e-06	3.286085e-07	3.286085e-07
3.344170e+02	3.616328e+02	6.640066e-06	2.957721e-07	2.957721e-07
3.616328e+02	3.910634e+02	5.799236e-06	2.658076e-07	2.658076e-07
3.910634e+02	4.228892e+02	4.630476e-06	2.295132e-07	2.295132e-07
4.228892e+02	4.573051e+02	4.094459e-06	2.065381e-07	2.065381e-07
4.573051e+02	4.945218e+02	3.333506e-06	1.792104e-07	1.792104e-07
4.945218e+02	5.347672e+02	2.539170e-06	1.504074e-07	1.504074e-07
5.347672e+02	5.782880e+02	1.664246e-06	1.170959e-07	1.170959e-07
5.782880e+02	6.253506e+02	8.228313e-07	7.917697e-08	7.917697e-08
6.253506e+02	6.762433e+02	4.649983e-07	5.723735e-08	5.723735e-08
6.762433e+02	7.312778e+02	2.150017e-07	3.742700e-08	3.742700e-08
7.312778e+02	7.907911e+02	1.566471e-07	3.072102e-08	3.072102e-08
7.907911e+02	8.551478e+02	6.685756e-08	1.930012e-08	1.930012e-08
8.551478e+02	9.247420e+02	3.606517e-08	1.363135e-08	1.363135e-08
9.247420e+02	1.000000e+03	4.764424e-09	4.764424e-09	4.764424e-09
# END HISTO1D


# BEGIN HISTO1D //eos/home-y/yiyu/monobc/Rivet_New2/X600_pi20_L40_darkQCDtch.yoda.gz/JetMETAnalysis/bb_pt
ErrorBars=1
LineColor=red
LineStyle=dashed
Path=//eos/home-y/yiyu/monobc/Rivet_New2/X600_pi20_L40_darkQCDtch.yoda.gz/JetMETAnalysis/bb_pt
ScaledBy=8.22287558899903432e-06
Title=X600_pi20_L40
# xlow	 xhigh	 val	 errminus	 errplus
2.000000e+01	2.162765e+01	1.259250e-05	1.515959e-06	1.515959e-06
2.162765e+01	2.338777e+01	1.350117e-05	1.509477e-06	1.509477e-06
2.338777e+01	2.529113e+01	1.716705e-05	1.636813e-06	1.636813e-06
2.529113e+01	2.734939e+01	1.385462e-05	1.414032e-06	1.414032e-06
2.734939e+01	2.957515e+01	1.548116e-05	1.437390e-06	1.437390e-06
2.957515e+01	3.198206e+01	1.678428e-05	1.439240e-06	1.439240e-06
3.198206e+01	3.458484e+01	1.905912e-05	1.474839e-06	1.474839e-06
3.458484e+01	3.739945e+01	1.846901e-05	1.396126e-06	1.396126e-06
3.739945e+01	4.044311e+01	1.883584e-05	1.355833e-06	1.355833e-06
4.044311e+01	4.373448e+01	1.750849e-05	1.257037e-06	1.257037e-06
4.373448e+01	4.729371e+01	2.002991e-05	1.292925e-06	1.292925e-06
4.729371e+01	5.114260e+01	2.068345e-05	1.263443e-06	1.263443e-06
5.114260e+01	5.530472e+01	2.048288e-05	1.209066e-06	1.209066e-06
5.530472e+01	5.980556e+01	1.999737e-05	1.148819e-06	1.148819e-06
5.980556e+01	6.467270e+01	2.166597e-05	1.149911e-06	1.149911e-06
6.467270e+01	6.993594e+01	1.901956e-05	1.036062e-06	1.036062e-06
6.993594e+01	7.562751e+01	1.857983e-05	9.847289e-07	9.847289e-07
7.562751e+01	8.178228e+01	1.771242e-05	9.245810e-07	9.245810e-07
8.178228e+01	8.843794e+01	1.620090e-05	8.503270e-07	8.503270e-07
8.843794e+01	9.563525e+01	1.704526e-05	8.387425e-07	8.387425e-07
9.563525e+01	1.034183e+02	1.698377e-05	8.051077e-07	8.051077e-07
1.034183e+02	1.118348e+02	1.379968e-05	6.978799e-07	6.978799e-07
1.118348e+02	1.209362e+02	1.367507e-05	6.680709e-07	6.680709e-07
1.209362e+02	1.307783e+02	1.234409e-05	6.103763e-07	6.103763e-07
1.307783e+02	1.414214e+02	1.339667e-05	6.114715e-07	6.114715e-07
1.414214e+02	1.529306e+02	1.135616e-05	5.413835e-07	5.413835e-07
1.529306e+02	1.653765e+02	1.205283e-05	5.363437e-07	5.363437e-07
1.653765e+02	1.788353e+02	1.242584e-05	5.236868e-07	5.236868e-07
1.788353e+02	1.933894e+02	1.114374e-05	4.769082e-07	4.769082e-07
1.933894e+02	2.091279e+02	1.062597e-05	4.478315e-07	4.478315e-07
2.091279e+02	2.261473e+02	1.061165e-05	4.303595e-07	4.303595e-07
2.261473e+02	2.445518e+02	9.909875e-06	4.005808e-07	4.005808e-07
2.445518e+02	2.644540e+02	1.013427e-05	3.889176e-07	3.889176e-07
2.644540e+02	2.859760e+02	8.087957e-06	3.341104e-07	3.341104e-07
2.859760e+02	3.092495e+02	7.389937e-06	3.071152e-07	3.071152e-07
3.092495e+02	3.344170e+02	6.810196e-06	2.835121e-07	2.835121e-07
3.344170e+02	3.616328e+02	5.915645e-06	2.540986e-07	2.540986e-07
3.616328e+02	3.910634e+02	4.874967e-06	2.222775e-07	2.222775e-07
3.910634e+02	4.228892e+02	4.358744e-06	2.016986e-07	2.016986e-07
4.228892e+02	4.573051e+02	3.478323e-06	1.732675e-07	1.732675e-07
4.573051e+02	4.945218e+02	2.554088e-06	1.427779e-07	1.427779e-07
4.945218e+02	5.347672e+02	1.734504e-06	1.136271e-07	1.136271e-07
5.347672e+02	5.782880e+02	9.555534e-07	8.075900e-08	8.075900e-08
5.782880e+02	6.253506e+02	5.491199e-07	5.887182e-08	5.887182e-08
6.253506e+02	6.762433e+02	2.918356e-07	4.127179e-08	4.127179e-08
6.762433e+02	7.312778e+02	2.212956e-07	3.456056e-08	3.456056e-08
7.312778e+02	7.907911e+02	9.483384e-08	2.175638e-08	2.175638e-08
7.907911e+02	8.551478e+02	7.846554e-08	1.903069e-08	1.903069e-08
8.551478e+02	9.247420e+02	4.695085e-08	1.415621e-08	1.415621e-08
9.247420e+02	1.000000e+03	1.578814e-08	7.894072e-09	7.894072e-09
# END HISTO1D


# BEGIN HISTO1D //eos/home-y/yiyu/monobc/Rivet_New2/X1200_pi10_L20_darkQCDtch.yoda.gz/JetMETAnalysis/bb_pt
ErrorBars=1
LineColor=blue
LineStyle=solid
Path=//eos/home-y/yiyu/monobc/Rivet_New2/X1200_pi10_L20_darkQCDtch.yoda.gz/JetMETAnalysis/bb_pt
ScaledBy=1.49338603861111734e-05
Title=X1200_pi10_L20
# xlow	 xhigh	 val	 errminus	 errplus
2.000000e+01	2.162765e+01	1.283501e-06	1.252568e-07	1.252568e-07
2.162765e+01	2.338777e+01	1.220813e-06	1.174728e-07	1.174728e-07
2.338777e+01	2.529113e+01	1.505253e-06	1.254377e-07	1.254377e-07
2.529113e+01	2.734939e+01	1.420970e-06	1.171996e-07	1.171996e-07
2.734939e+01	2.957515e+01	1.510693e-06	1.162072e-07	1.162072e-07
2.957515e+01	3.198206e+01	1.644982e-06	1.166097e-07	1.166097e-07
3.198206e+01	3.458484e+01	1.551767e-06	1.089127e-07	1.089127e-07
3.458484e+01	3.739945e+01	1.738940e-06	1.108708e-07	1.108708e-07
3.739945e+01	4.044311e+01	1.928385e-06	1.122749e-07	1.122749e-07
4.044311e+01	4.373448e+01	1.958557e-06	1.088087e-07	1.088087e-07
4.373448e+01	4.729371e+01	1.654640e-06	9.617401e-08	9.617401e-08
4.729371e+01	5.114260e+01	2.010861e-06	1.019547e-07	1.019547e-07
5.114260e+01	5.530472e+01	2.232390e-06	1.033027e-07	1.033027e-07
5.530472e+01	5.980556e+01	1.909669e-06	9.187898e-08	9.187898e-08
5.980556e+01	6.467270e+01	1.945812e-06	8.918617e-08	8.918617e-08
6.467270e+01	6.993594e+01	1.723771e-06	8.072296e-08	8.072296e-08
6.993594e+01	7.562751e+01	1.761839e-06	7.847856e-08	7.847856e-08
7.562751e+01	8.178228e+01	1.409427e-06	6.749930e-08	6.749930e-08
8.178228e+01	8.843794e+01	1.342218e-06	6.334318e-08	6.334318e-08
8.843794e+01	9.563525e+01	1.166568e-06	5.678764e-08	5.678764e-08
9.563525e+01	1.034183e+02	9.407318e-07	4.917211e-08	4.917211e-08
1.034183e+02	1.118348e+02	8.888412e-07	4.583848e-08	4.583848e-08
1.118348e+02	1.209362e+02	7.891632e-07	4.153491e-08	4.153491e-08
1.209362e+02	1.307783e+02	6.832769e-07	3.716537e-08	3.716537e-08
1.307783e+02	1.414214e+02	5.439923e-07	3.188939e-08	3.188939e-08
1.414214e+02	1.529306e+02	5.030553e-07	2.948962e-08	2.948962e-08
1.529306e+02	1.653765e+02	4.140391e-07	2.572713e-08	2.572713e-08
1.653765e+02	1.788353e+02	3.340950e-07	2.222367e-08	2.222367e-08
1.788353e+02	1.933894e+02	3.185212e-07	2.086702e-08	2.086702e-08
1.933894e+02	2.091279e+02	2.439842e-07	1.756237e-08	1.756237e-08
2.091279e+02	2.261473e+02	2.162696e-07	1.598617e-08	1.598617e-08
2.261473e+02	2.445518e+02	1.729672e-07	1.367426e-08	1.367426e-08
2.445518e+02	2.644540e+02	1.489543e-07	1.220281e-08	1.220281e-08
2.644540e+02	2.859760e+02	1.211035e-07	1.074118e-08	1.074118e-08
2.859760e+02	3.092495e+02	9.745655e-08	9.207361e-09	9.207361e-09
3.092495e+02	3.344170e+02	8.221691e-08	8.062031e-09	8.062031e-09
3.344170e+02	3.616328e+02	6.944969e-08	7.125389e-09	7.125389e-09
3.616328e+02	3.910634e+02	7.098360e-08	6.927290e-09	6.927290e-09
3.910634e+02	4.228892e+02	7.689422e-08	6.933318e-09	6.933318e-09
4.228892e+02	4.573051e+02	6.243562e-08	6.007871e-09	6.007871e-09
4.573051e+02	4.945218e+02	5.559854e-08	5.504057e-09	5.504057e-09
4.945218e+02	5.347672e+02	5.932432e-08	5.415546e-09	5.415546e-09
5.347672e+02	5.782880e+02	5.623104e-08	5.111237e-09	5.111237e-09
5.782880e+02	6.253506e+02	4.650340e-08	4.433925e-09	4.433925e-09
6.253506e+02	6.762433e+02	3.713949e-08	3.810432e-09	3.810432e-09
6.762433e+02	7.312778e+02	2.964468e-08	3.273707e-09	3.273707e-09
7.312778e+02	7.907911e+02	3.276271e-08	3.343134e-09	3.343134e-09
7.907911e+02	8.551478e+02	2.256820e-08	2.641408e-09	2.641408e-09
8.551478e+02	9.247420e+02	1.772501e-08	2.287098e-09	2.287098e-09
9.247420e+02	1.000000e+03	1.401171e-08	1.924656e-09	1.924656e-09
# END HISTO1D


# BEGIN HISTO1D //eos/home-y/yiyu/monobc/Rivet_New2/X1200_pi20_L40_darkQCDtch.yoda.gz/JetMETAnalysis/bb_pt
ErrorBars=1
LineColor=blue
LineStyle=dashed
Path=//eos/home-y/yiyu/monobc/Rivet_New2/X1200_pi20_L40_darkQCDtch.yoda.gz/JetMETAnalysis/bb_pt
ScaledBy=1.16975105794099197e-05
Title=X1200_pi20_L40
# xlow	 xhigh	 val	 errminus	 errplus
2.000000e+01	2.162765e+01	1.099779e-06	9.916380e-08	9.916380e-08
2.162765e+01	2.338777e+01	1.240254e-06	1.012663e-07	1.012663e-07
2.338777e+01	2.529113e+01	1.231024e-06	9.701830e-08	9.701830e-08
2.529113e+01	2.734939e+01	1.286864e-06	9.538873e-08	9.538873e-08
2.734939e+01	2.957515e+01	1.268484e-06	9.107185e-08	9.107185e-08
2.957515e+01	3.198206e+01	1.372548e-06	9.109923e-08	9.109923e-08
3.198206e+01	3.458484e+01	1.347538e-06	8.680259e-08	8.680259e-08
3.458484e+01	3.739945e+01	1.292657e-06	8.175483e-08	8.175483e-08
3.739945e+01	4.044311e+01	1.553992e-06	8.619998e-08	8.619998e-08
4.044311e+01	4.373448e+01	1.627169e-06	8.482206e-08	8.482206e-08
4.373448e+01	4.729371e+01	1.619201e-06	8.136791e-08	8.136791e-08
4.729371e+01	5.114260e+01	1.580529e-06	7.730619e-08	7.730619e-08
5.114260e+01	5.530472e+01	1.744808e-06	7.810831e-08	7.810831e-08
5.530472e+01	5.980556e+01	1.623199e-06	7.244690e-08	7.244690e-08
5.980556e+01	6.467270e+01	1.554859e-06	6.818509e-08	6.818509e-08
6.467270e+01	6.993594e+01	1.473790e-06	6.383694e-08	6.383694e-08
6.993594e+01	7.562751e+01	1.408903e-06	6.002130e-08	6.002130e-08
7.562751e+01	8.178228e+01	1.257944e-06	5.453880e-08	5.453880e-08
8.178228e+01	8.843794e+01	1.241992e-06	5.211282e-08	5.211282e-08
8.843794e+01	9.563525e+01	1.150545e-06	4.823335e-08	4.823335e-08
9.563525e+01	1.034183e+02	9.050178e-07	4.113718e-08	4.113718e-08
1.034183e+02	1.118348e+02	8.490077e-07	3.831517e-08	3.831517e-08
1.118348e+02	1.209362e+02	6.923749e-07	3.327341e-08	3.327341e-08
1.209362e+02	1.307783e+02	7.053298e-07	3.229484e-08	3.229484e-08
1.307783e+02	1.414214e+02	5.209769e-07	2.669045e-08	2.669045e-08
1.414214e+02	1.529306e+02	4.843009e-07	2.474662e-08	2.474662e-08
1.529306e+02	1.653765e+02	3.952319e-07	2.149778e-08	2.149778e-08
1.653765e+02	1.788353e+02	3.557551e-07	1.967294e-08	1.967294e-08
1.788353e+02	1.933894e+02	3.139829e-07	1.771908e-08	1.771908e-08
1.933894e+02	2.091279e+02	2.330230e-07	1.479511e-08	1.479511e-08
2.091279e+02	2.261473e+02	2.018038e-07	1.313631e-08	1.313631e-08
2.261473e+02	2.445518e+02	1.605217e-07	1.132178e-08	1.132178e-08
2.445518e+02	2.644540e+02	1.513669e-07	1.052073e-08	1.052073e-08
2.644540e+02	2.859760e+02	1.284791e-07	9.369785e-09	9.369785e-09
2.859760e+02	3.092495e+02	1.006760e-07	7.934378e-09	7.934378e-09
3.092495e+02	3.344170e+02	1.040864e-07	7.758143e-09	7.758143e-09
3.344170e+02	3.616328e+02	8.181483e-08	6.614336e-09	6.614336e-09
3.616328e+02	3.910634e+02	7.813031e-08	6.215714e-09	6.215714e-09
3.910634e+02	4.228892e+02	5.761728e-08	5.132956e-09	5.132956e-09
4.228892e+02	4.573051e+02	6.300698e-08	5.196261e-09	5.196261e-09
4.573051e+02	4.945218e+02	6.804136e-08	5.187763e-09	5.187763e-09
4.945218e+02	5.347672e+02	5.496534e-08	4.458278e-09	4.458278e-09
5.347672e+02	5.782880e+02	4.614704e-08	3.928297e-09	3.928297e-09
5.782880e+02	6.253506e+02	3.463408e-08	3.272613e-09	3.272613e-09
6.253506e+02	6.762433e+02	3.889063e-08	3.359276e-09	3.359276e-09
6.762433e+02	7.312778e+02	2.855949e-08	2.773466e-09	2.773466e-09
7.312778e+02	7.907911e+02	2.445386e-08	2.493815e-09	2.493815e-09
7.907911e+02	8.551478e+02	2.012602e-08	2.133354e-09	2.133354e-09
8.551478e+02	9.247420e+02	1.359258e-08	1.711693e-09	1.711693e-09
9.247420e+02	1.000000e+03	1.218287e-08	1.534897e-09	1.534897e-09
# END HISTO1D


# BEGIN HISTO1D //eos/home-y/yiyu/monobc/Rivet_New2/X2000_pi10_L20_darkQCDtch.yoda.gz/JetMETAnalysis/bb_pt
ErrorBars=1
LineColor=violet
LineStyle=solid
Path=//eos/home-y/yiyu/monobc/Rivet_New2/X2000_pi10_L20_darkQCDtch.yoda.gz/JetMETAnalysis/bb_pt
ScaledBy=1.82170348604000436e-05
Title=X2000_pi10_L20
# xlow	 xhigh	 val	 errminus	 errplus
2.000000e+01	2.162765e+01	2.562713e-07	2.135595e-08	2.135595e-08
2.162765e+01	2.338777e+01	2.106523e-07	1.861921e-08	1.861921e-08
2.338777e+01	2.529113e+01	2.693710e-07	2.024716e-08	2.024716e-08
2.529113e+01	2.734939e+01	2.406547e-07	1.840333e-08	1.840333e-08
2.734939e+01	2.957515e+01	2.199414e-07	1.691857e-08	1.691857e-08
2.957515e+01	3.198206e+01	2.479167e-07	1.727318e-08	1.727318e-08
3.198206e+01	3.458484e+01	2.648732e-07	1.716918e-08	1.716918e-08
3.458484e+01	3.739945e+01	2.747841e-07	1.681651e-08	1.681651e-08
3.739945e+01	4.044311e+01	2.902700e-07	1.662082e-08	1.662082e-08
4.044311e+01	4.373448e+01	2.675441e-07	1.534471e-08	1.534471e-08
4.373448e+01	4.729371e+01	3.076340e-07	1.582298e-08	1.582298e-08
4.729371e+01	5.114260e+01	2.995339e-07	1.501428e-08	1.501428e-08
5.114260e+01	5.530472e+01	2.867354e-07	1.412643e-08	1.412643e-08
5.530472e+01	5.980556e+01	3.327328e-07	1.463357e-08	1.463357e-08
5.980556e+01	6.467270e+01	2.541281e-07	1.229812e-08	1.229812e-08
6.467270e+01	6.993594e+01	2.740783e-07	1.228174e-08	1.228174e-08
6.993594e+01	7.562751e+01	2.397107e-07	1.104528e-08	1.104528e-08
7.562751e+01	8.178228e+01	2.522617e-07	1.091636e-08	1.091636e-08
8.178228e+01	8.843794e+01	2.263137e-07	9.924509e-09	9.924509e-09
8.843794e+01	9.563525e+01	1.911710e-07	8.771525e-09	8.771525e-09
9.563525e+01	1.034183e+02	1.741785e-07	8.051404e-09	8.051404e-09
1.034183e+02	1.118348e+02	1.538419e-07	7.276470e-09	7.276470e-09
1.118348e+02	1.209362e+02	1.266699e-07	6.349388e-09	6.349388e-09
1.209362e+02	1.307783e+02	1.115450e-07	5.729680e-09	5.729680e-09
1.307783e+02	1.414214e+02	9.552950e-08	5.098987e-09	5.098987e-09
1.414214e+02	1.529306e+02	7.676322e-08	4.395450e-09	4.395450e-09
1.529306e+02	1.653765e+02	6.772752e-08	3.970258e-09	3.970258e-09
1.653765e+02	1.788353e+02	5.337573e-08	3.389362e-09	3.389362e-09
1.788353e+02	1.933894e+02	4.597536e-08	3.024957e-09	3.024957e-09
1.933894e+02	2.091279e+02	3.680994e-08	2.602857e-09	2.602857e-09
2.091279e+02	2.261473e+02	2.961444e-08	2.245065e-09	2.245065e-09
2.261473e+02	2.445518e+02	2.109013e-08	1.821910e-09	1.821910e-09
2.445518e+02	2.644540e+02	1.557332e-08	1.505530e-09	1.505530e-09
2.644540e+02	2.859760e+02	1.534337e-08	1.437038e-09	1.437038e-09
2.859760e+02	3.092495e+02	1.219728e-08	1.232111e-09	1.232111e-09
3.092495e+02	3.344170e+02	9.898214e-09	1.067352e-09	1.067352e-09
3.344170e+02	3.616328e+02	5.640962e-09	7.748459e-10	7.748459e-10
3.616328e+02	3.910634e+02	5.118030e-09	7.097429e-10	7.097429e-10
3.910634e+02	4.228892e+02	3.094554e-09	5.307116e-10	5.307116e-10
4.228892e+02	4.573051e+02	2.188330e-09	4.291667e-10	4.291667e-10
4.573051e+02	4.945218e+02	2.646303e-09	4.538372e-10	4.538372e-10
4.945218e+02	5.347672e+02	1.151602e-09	2.879004e-10	2.879004e-10
5.347672e+02	5.782880e+02	1.198048e-09	2.823826e-10	2.823826e-10
5.782880e+02	6.253506e+02	7.385907e-10	2.302961e-10	2.302961e-10
6.253506e+02	6.762433e+02	1.422928e-09	2.845856e-10	2.845856e-10
6.762433e+02	7.312778e+02	5.789701e-10	1.745661e-10	1.745661e-10
7.312778e+02	7.907911e+02	5.840711e-10	1.686068e-10	1.686068e-10
7.907911e+02	8.551478e+02	4.500956e-10	1.423327e-10	1.423327e-10
8.551478e+02	9.247420e+02	3.746002e-10	1.248667e-10	1.248667e-10
9.247420e+02	1.000000e+03	5.003677e-10	1.387770e-10	1.387770e-10
# END HISTO1D


# BEGIN HISTO1D //eos/home-y/yiyu/monobc/Rivet_New2/X2000_pi20_L40_darkQCDtch.yoda.gz/JetMETAnalysis/bb_pt
ErrorBars=1
LineColor=violet
LineStyle=dashed
Path=//eos/home-y/yiyu/monobc/Rivet_New2/X2000_pi20_L40_darkQCDtch.yoda.gz/JetMETAnalysis/bb_pt
ScaledBy=1.42610353602966520e-05
Title=X2000_pi20_L40
# xlow	 xhigh	 val	 errminus	 errplus
2.000000e+01	2.162765e+01	1.971144e-07	1.588394e-08	1.588394e-08
2.162765e+01	2.338777e+01	1.657084e-07	1.400492e-08	1.400492e-08
2.338777e+01	2.529113e+01	1.827908e-07	1.414478e-08	1.414478e-08
2.529113e+01	2.734939e+01	1.801683e-07	1.350419e-08	1.350419e-08
2.734939e+01	2.957515e+01	1.853300e-07	1.317083e-08	1.317083e-08
2.957515e+01	3.198206e+01	2.086008e-07	1.343716e-08	1.343716e-08
3.198206e+01	3.458484e+01	2.081108e-07	1.290648e-08	1.290648e-08
3.458484e+01	3.739945e+01	2.294575e-07	1.303231e-08	1.303231e-08
3.739945e+01	4.044311e+01	2.115052e-07	1.203211e-08	1.203211e-08
4.044311e+01	4.373448e+01	2.411610e-07	1.235505e-08	1.235505e-08
4.373448e+01	4.729371e+01	2.148171e-07	1.121336e-08	1.121336e-08
4.729371e+01	5.114260e+01	2.452006e-07	1.152053e-08	1.152053e-08
5.114260e+01	5.530472e+01	2.467692e-07	1.111393e-08	1.111393e-08
5.530472e+01	5.980556e+01	2.425474e-07	1.059573e-08	1.059573e-08
5.980556e+01	6.467270e+01	2.619608e-07	1.058914e-08	1.058914e-08
6.467270e+01	6.993594e+01	2.268090e-07	9.475080e-09	9.475080e-09
6.993594e+01	7.562751e+01	2.071778e-07	8.723703e-09	8.723703e-09
7.562751e+01	8.178228e+01	2.078334e-07	8.387473e-09	8.387473e-09
8.178228e+01	8.843794e+01	1.743504e-07	7.387462e-09	7.387462e-09
8.843794e+01	9.563525e+01	1.629660e-07	6.868197e-09	6.868197e-09
9.563525e+01	1.034183e+02	1.606054e-07	6.556689e-09	6.556689e-09
1.034183e+02	1.118348e+02	1.356463e-07	5.794520e-09	5.794520e-09
1.118348e+02	1.209362e+02	1.233785e-07	5.314287e-09	5.314287e-09
1.209362e+02	1.307783e+02	1.176917e-07	4.991239e-09	4.991239e-09
1.307783e+02	1.414214e+02	9.454482e-08	4.301938e-09	4.301938e-09
1.414214e+02	1.529306e+02	8.163759e-08	3.844164e-09	3.844164e-09
1.529306e+02	1.653765e+02	6.293906e-08	3.254456e-09	3.254456e-09
1.653765e+02	1.788353e+02	5.680917e-08	2.973484e-09	2.973484e-09
1.788353e+02	1.933894e+02	4.981414e-08	2.670319e-09	2.670319e-09
1.933894e+02	2.091279e+02	4.222660e-08	2.364236e-09	2.364236e-09
2.091279e+02	2.261473e+02	3.182643e-08	1.973791e-09	1.973791e-09
2.261473e+02	2.445518e+02	2.626169e-08	1.724164e-09	1.724164e-09
2.445518e+02	2.644540e+02	2.135442e-08	1.495109e-09	1.495109e-09
2.644540e+02	2.859760e+02	1.490723e-08	1.209034e-09	1.209034e-09
2.859760e+02	3.092495e+02	1.280068e-08	1.070447e-09	1.070447e-09
3.092495e+02	3.344170e+02	9.602332e-09	8.915540e-10	8.915540e-10
3.344170e+02	3.616328e+02	7.042479e-09	7.342291e-10	7.342291e-10
3.616328e+02	3.910634e+02	6.087769e-09	6.564609e-10	6.564609e-10
3.910634e+02	4.228892e+02	4.385854e-09	5.358174e-10	5.358174e-10
4.228892e+02	4.573051e+02	3.268838e-09	4.448325e-10	4.448325e-10
4.573051e+02	4.945218e+02	1.679354e-09	3.066066e-10	3.066066e-10
4.945218e+02	5.347672e+02	1.863567e-09	3.105945e-10	3.105945e-10
5.347672e+02	5.782880e+02	1.483965e-09	2.665279e-10	2.665279e-10
5.782880e+02	6.253506e+02	1.416553e-09	2.504136e-10	2.504136e-10
6.253506e+02	6.762433e+02	8.596518e-10	1.963212e-10	1.963212e-10
6.762433e+02	7.312778e+02	1.135651e-09	2.073406e-10	2.073406e-10
7.312778e+02	7.907911e+02	7.001237e-10	1.565524e-10	1.565524e-10
7.907911e+02	8.551478e+02	8.092915e-10	1.743268e-10	1.743268e-10
8.551478e+02	9.247420e+02	5.987089e-10	1.466532e-10	1.466532e-10
9.247420e+02	1.000000e+03	3.875557e-10	1.035786e-10	1.035786e-10
# END HISTO1D

