# BEGIN PLOT
Legend=1
LogY=1
LegendPlacement=manual
LegendAlign=r
LegendXPos=1.36
RightMargin=3.7
Title=$b$-jet $p_\mathrm{T}$ spectrum
XLabel=$p_\mathrm{T}^{b\mathrm{-jet}}$ [GeV]
YLabel=$\mathrm{d}\sigma/\mathrm{d}p_\mathrm{T}^{b\mathrm{-jet}}$ [pb/GeV]
LogX=1
DrawOnly=//eos/home-y/yiyu/monobc/Rivet_New2/X600_pi10_L20_darkQCDtch.yoda.gz/JetMETAnalysis/bjet_pt //eos/home-y/yiyu/monobc/Rivet_New2/X600_pi20_L40_darkQCDtch.yoda.gz/JetMETAnalysis/bjet_pt //eos/home-y/yiyu/monobc/Rivet_New2/X1200_pi10_L20_darkQCDtch.yoda.gz/JetMETAnalysis/bjet_pt //eos/home-y/yiyu/monobc/Rivet_New2/X1200_pi20_L40_darkQCDtch.yoda.gz/JetMETAnalysis/bjet_pt //eos/home-y/yiyu/monobc/Rivet_New2/X2000_pi10_L20_darkQCDtch.yoda.gz/JetMETAnalysis/bjet_pt //eos/home-y/yiyu/monobc/Rivet_New2/X2000_pi20_L40_darkQCDtch.yoda.gz/JetMETAnalysis/bjet_pt
LegendOnly=//eos/home-y/yiyu/monobc/Rivet_New2/X600_pi10_L20_darkQCDtch.yoda.gz/JetMETAnalysis/bjet_pt //eos/home-y/yiyu/monobc/Rivet_New2/X600_pi20_L40_darkQCDtch.yoda.gz/JetMETAnalysis/bjet_pt //eos/home-y/yiyu/monobc/Rivet_New2/X1200_pi10_L20_darkQCDtch.yoda.gz/JetMETAnalysis/bjet_pt //eos/home-y/yiyu/monobc/Rivet_New2/X1200_pi20_L40_darkQCDtch.yoda.gz/JetMETAnalysis/bjet_pt //eos/home-y/yiyu/monobc/Rivet_New2/X2000_pi10_L20_darkQCDtch.yoda.gz/JetMETAnalysis/bjet_pt //eos/home-y/yiyu/monobc/Rivet_New2/X2000_pi20_L40_darkQCDtch.yoda.gz/JetMETAnalysis/bjet_pt
RatioPlot=1
RatioPlotReference=//eos/home-y/yiyu/monobc/Rivet_New2/X600_pi10_L20_darkQCDtch.yoda.gz/JetMETAnalysis/bjet_pt
RatioPlotYLabel=Ratio
# END PLOT

# BEGIN HISTO1D //eos/home-y/yiyu/monobc/Rivet_New2/X600_pi10_L20_darkQCDtch.yoda.gz/JetMETAnalysis/bjet_pt
ErrorBars=1
LineColor=red
LineStyle=solid
Path=//eos/home-y/yiyu/monobc/Rivet_New2/X600_pi10_L20_darkQCDtch.yoda.gz/JetMETAnalysis/bjet_pt
ScaledBy=4.00780361774323655e-06
Title=X600_pi10_L20
# xlow	 xhigh	 val	 errminus	 errplus
2.000000e+01	2.162765e+01	5.971295e-05	2.351195e-06	2.351195e-06
2.162765e+01	2.338777e+01	6.215332e-05	2.306725e-06	2.306725e-06
2.338777e+01	2.529113e+01	6.190926e-05	2.216700e-06	2.216700e-06
2.529113e+01	2.734939e+01	5.622516e-05	2.028851e-06	2.028851e-06
2.734939e+01	2.957515e+01	5.727459e-05	1.969140e-06	1.969140e-06
2.957515e+01	3.198206e+01	5.459170e-05	1.848708e-06	1.848708e-06
3.198206e+01	3.458484e+01	5.117816e-05	1.721308e-06	1.721308e-06
3.458484e+01	3.739945e+01	4.887899e-05	1.617659e-06	1.617659e-06
3.739945e+01	4.044311e+01	4.455701e-05	1.486884e-06	1.486884e-06
4.044311e+01	4.373448e+01	4.198194e-05	1.386365e-06	1.386365e-06
4.373448e+01	4.729371e+01	3.763705e-05	1.262306e-06	1.262306e-06
4.729371e+01	5.114260e+01	2.850136e-05	1.056331e-06	1.056331e-06
5.114260e+01	5.530472e+01	2.994061e-05	1.041137e-06	1.041137e-06
5.530472e+01	5.980556e+01	2.815608e-05	9.708994e-07	9.708994e-07
5.980556e+01	6.467270e+01	2.365317e-05	8.557415e-07	8.557415e-07
6.467270e+01	6.993594e+01	2.038435e-05	7.639355e-07	7.639355e-07
6.993594e+01	7.562751e+01	1.911502e-05	7.113876e-07	7.113876e-07
7.562751e+01	8.178228e+01	1.657474e-05	6.379592e-07	6.379592e-07
8.178228e+01	8.843794e+01	1.557640e-05	5.938447e-07	5.938447e-07
8.843794e+01	9.563525e+01	1.482289e-05	5.570783e-07	5.570783e-07
9.563525e+01	1.034183e+02	1.273931e-05	4.966299e-07	4.966299e-07
1.034183e+02	1.118348e+02	1.219229e-05	4.672097e-07	4.672097e-07
1.118348e+02	1.209362e+02	1.152314e-05	4.374106e-07	4.374106e-07
1.209362e+02	1.307783e+02	1.181951e-05	4.253933e-07	4.253933e-07
1.307783e+02	1.414214e+02	1.039196e-05	3.835745e-07	3.835745e-07
1.414214e+02	1.529306e+02	1.012056e-05	3.644815e-07	3.644815e-07
1.529306e+02	1.653765e+02	1.036376e-05	3.542260e-07	3.542260e-07
1.653765e+02	1.788353e+02	1.002043e-05	3.356938e-07	3.356938e-07
1.788353e+02	1.933894e+02	9.980713e-06	3.214570e-07	3.214570e-07
1.933894e+02	2.091279e+02	9.832792e-06	3.068257e-07	3.068257e-07
2.091279e+02	2.261473e+02	9.216717e-06	2.856610e-07	2.856610e-07
2.261473e+02	2.445518e+02	8.629515e-06	2.658068e-07	2.658068e-07
2.445518e+02	2.644540e+02	8.252686e-06	2.501958e-07	2.501958e-07
2.644540e+02	2.859760e+02	7.428524e-06	2.282726e-07	2.282726e-07
2.859760e+02	3.092495e+02	6.118431e-06	1.990325e-07	1.990325e-07
3.092495e+02	3.344170e+02	5.190972e-06	1.764979e-07	1.764979e-07
3.344170e+02	3.616328e+02	4.124821e-06	1.511217e-07	1.511217e-07
3.616328e+02	3.910634e+02	3.476487e-06	1.336116e-07	1.336116e-07
3.910634e+02	4.228892e+02	2.613542e-06	1.114411e-07	1.114411e-07
4.228892e+02	4.573051e+02	1.860800e-06	9.026204e-08	9.026204e-08
4.573051e+02	4.945218e+02	1.437343e-06	7.628623e-08	7.628623e-08
4.945218e+02	5.347672e+02	1.067084e-06	6.320857e-08	6.320857e-08
5.347672e+02	5.782880e+02	8.448172e-07	5.408388e-08	5.408388e-08
5.782880e+02	6.253506e+02	5.955345e-07	4.366670e-08	4.366670e-08
6.253506e+02	6.762433e+02	4.085953e-07	3.478195e-08	3.478195e-08
6.762433e+02	7.312778e+02	2.710629e-07	2.724284e-08	2.724284e-08
7.312778e+02	7.907911e+02	1.519172e-07	1.961243e-08	1.961243e-08
7.907911e+02	8.551478e+02	1.123873e-07	1.622172e-08	1.622172e-08
8.551478e+02	9.247420e+02	4.979945e-08	1.038390e-08	1.038390e-08
9.247420e+02	1.000000e+03	3.203592e-08	8.008979e-09	8.008979e-09
# END HISTO1D


# BEGIN HISTO1D //eos/home-y/yiyu/monobc/Rivet_New2/X600_pi20_L40_darkQCDtch.yoda.gz/JetMETAnalysis/bjet_pt
ErrorBars=1
LineColor=red
LineStyle=dashed
Path=//eos/home-y/yiyu/monobc/Rivet_New2/X600_pi20_L40_darkQCDtch.yoda.gz/JetMETAnalysis/bjet_pt
ScaledBy=2.89967733686782962e-06
Title=X600_pi20_L40
# xlow	 xhigh	 val	 errminus	 errplus
2.000000e+01	2.162765e+01	5.907876e-05	1.952013e-06	1.952013e-06
2.162765e+01	2.338777e+01	5.980996e-05	1.886647e-06	1.886647e-06
2.338777e+01	2.529113e+01	6.147266e-05	1.839312e-06	1.839312e-06
2.529113e+01	2.734939e+01	5.974721e-05	1.743747e-06	1.743747e-06
2.734939e+01	2.957515e+01	5.840410e-05	1.657896e-06	1.657896e-06
2.957515e+01	3.198206e+01	5.435662e-05	1.538052e-06	1.538052e-06
3.198206e+01	3.458484e+01	5.147339e-05	1.439287e-06	1.439287e-06
3.458484e+01	3.739945e+01	4.692956e-05	1.321567e-06	1.321567e-06
3.739945e+01	4.044311e+01	4.608232e-05	1.259343e-06	1.259343e-06
4.044311e+01	4.373448e+01	4.146842e-05	1.148802e-06	1.148802e-06
4.373448e+01	4.729371e+01	4.049601e-05	1.091699e-06	1.091699e-06
4.729371e+01	5.114260e+01	3.537999e-05	9.812641e-07	9.812641e-07
5.114260e+01	5.530472e+01	3.183652e-05	8.958255e-07	8.958255e-07
5.530472e+01	5.980556e+01	3.039479e-05	8.410614e-07	8.410614e-07
5.980556e+01	6.467270e+01	2.634251e-05	7.529508e-07	7.529508e-07
6.467270e+01	6.993594e+01	2.298681e-05	6.763750e-07	6.763750e-07
6.993594e+01	7.562751e+01	2.199305e-05	6.362116e-07	6.362116e-07
7.562751e+01	8.178228e+01	1.955501e-05	5.768966e-07	5.768966e-07
8.178228e+01	8.843794e+01	1.803612e-05	5.327837e-07	5.327837e-07
8.843794e+01	9.563525e+01	1.606752e-05	4.835753e-07	4.835753e-07
9.563525e+01	1.034183e+02	1.450837e-05	4.418851e-07	4.418851e-07
1.034183e+02	1.118348e+02	1.391425e-05	4.161396e-07	4.161396e-07
1.118348e+02	1.209362e+02	1.202702e-05	3.720486e-07	3.720486e-07
1.209362e+02	1.307783e+02	1.161145e-05	3.515397e-07	3.515397e-07
1.307783e+02	1.414214e+02	1.058010e-05	3.226902e-07	3.226902e-07
1.414214e+02	1.529306e+02	9.656510e-06	2.967366e-07	2.967366e-07
1.529306e+02	1.653765e+02	9.729292e-06	2.861556e-07	2.861556e-07
1.653765e+02	1.788353e+02	9.409568e-06	2.706180e-07	2.706180e-07
1.788353e+02	1.933894e+02	8.917350e-06	2.533379e-07	2.533379e-07
1.933894e+02	2.091279e+02	8.432627e-06	2.369052e-07	2.369052e-07
2.091279e+02	2.261473e+02	7.877992e-06	2.201965e-07	2.201965e-07
2.261473e+02	2.445518e+02	6.892390e-06	1.982240e-07	1.982240e-07
2.445518e+02	2.644540e+02	6.252666e-06	1.814082e-07	1.814082e-07
2.644540e+02	2.859760e+02	5.538719e-06	1.641868e-07	1.641868e-07
2.859760e+02	3.092495e+02	4.757329e-06	1.463274e-07	1.463274e-07
3.092495e+02	3.344170e+02	4.066343e-06	1.300939e-07	1.300939e-07
3.344170e+02	3.616328e+02	3.171435e-06	1.104822e-07	1.104822e-07
3.616328e+02	3.910634e+02	2.406009e-06	9.253883e-08	9.253883e-08
3.910634e+02	4.228892e+02	1.908967e-06	7.926553e-08	7.926553e-08
4.228892e+02	4.573051e+02	1.427458e-06	6.605430e-08	6.605430e-08
4.573051e+02	4.945218e+02	1.041391e-06	5.413931e-08	5.413931e-08
4.945218e+02	5.347672e+02	8.094572e-07	4.619434e-08	4.619434e-08
5.347672e+02	5.782880e+02	5.824629e-07	3.744213e-08	3.744213e-08
5.782880e+02	6.253506e+02	4.050841e-07	3.002683e-08	3.002683e-08
6.253506e+02	6.762433e+02	3.231424e-07	2.578957e-08	2.578957e-08
6.762433e+02	7.312778e+02	1.827199e-07	1.864877e-08	1.864877e-08
7.312778e+02	7.907911e+02	1.056056e-07	1.363362e-08	1.363362e-08
7.907911e+02	8.551478e+02	6.347762e-08	1.016455e-08	1.016455e-08
8.551478e+02	9.247420e+02	5.267988e-08	8.904524e-09	8.904524e-09
9.247420e+02	1.000000e+03	2.087797e-08	5.390670e-09	5.390670e-09
# END HISTO1D


# BEGIN HISTO1D //eos/home-y/yiyu/monobc/Rivet_New2/X1200_pi10_L20_darkQCDtch.yoda.gz/JetMETAnalysis/bjet_pt
ErrorBars=1
LineColor=blue
LineStyle=solid
Path=//eos/home-y/yiyu/monobc/Rivet_New2/X1200_pi10_L20_darkQCDtch.yoda.gz/JetMETAnalysis/bjet_pt
ScaledBy=5.83587825455226844e-06
Title=X1200_pi10_L20
# xlow	 xhigh	 val	 errminus	 errplus
2.000000e+01	2.162765e+01	4.160630e-06	1.409776e-07	1.409776e-07
2.162765e+01	2.338777e+01	4.647030e-06	1.432741e-07	1.432741e-07
2.338777e+01	2.529113e+01	4.791583e-06	1.399040e-07	1.399040e-07
2.529113e+01	2.734939e+01	4.782285e-06	1.344060e-07	1.344060e-07
2.734939e+01	2.957515e+01	4.555136e-06	1.261428e-07	1.261428e-07
2.957515e+01	3.198206e+01	4.399662e-06	1.192149e-07	1.192149e-07
3.198206e+01	3.458484e+01	4.059605e-06	1.101220e-07	1.101220e-07
3.458484e+01	3.739945e+01	3.847997e-06	1.031002e-07	1.031002e-07
3.739945e+01	4.044311e+01	3.573743e-06	9.554649e-08	9.554649e-08
4.044311e+01	4.373448e+01	3.134701e-06	8.605196e-08	8.605196e-08
4.373448e+01	4.729371e+01	2.861655e-06	7.906451e-08	7.906451e-08
4.729371e+01	5.114260e+01	2.462466e-06	7.052910e-08	7.052910e-08
5.114260e+01	5.530472e+01	2.363077e-06	6.644046e-08	6.644046e-08
5.530472e+01	5.980556e+01	1.952032e-06	5.806944e-08	5.806944e-08
5.980556e+01	6.467270e+01	1.742821e-06	5.276434e-08	5.276434e-08
6.467270e+01	6.993594e+01	1.546662e-06	4.779937e-08	4.779937e-08
6.993594e+01	7.562751e+01	1.323713e-06	4.252378e-08	4.252378e-08
7.562751e+01	8.178228e+01	1.115452e-06	3.758044e-08	3.758044e-08
8.178228e+01	8.843794e+01	1.015151e-06	3.447624e-08	3.447624e-08
8.843794e+01	9.563525e+01	8.933822e-07	3.110349e-08	3.110349e-08
9.563525e+01	1.034183e+02	6.922858e-07	2.629776e-08	2.629776e-08
1.034183e+02	1.118348e+02	6.023073e-07	2.362432e-08	2.362432e-08
1.118348e+02	1.209362e+02	5.364799e-07	2.140788e-08	2.140788e-08
1.209362e+02	1.307783e+02	4.218475e-07	1.825513e-08	1.825513e-08
1.307783e+02	1.414214e+02	3.353100e-07	1.568499e-08	1.568499e-08
1.414214e+02	1.529306e+02	2.864328e-07	1.391040e-08	1.391040e-08
1.529306e+02	1.653765e+02	2.386377e-07	1.220977e-08	1.220977e-08
1.653765e+02	1.788353e+02	1.894826e-07	1.049428e-08	1.049428e-08
1.788353e+02	1.933894e+02	1.629358e-07	9.360215e-09	9.360215e-09
1.933894e+02	2.091279e+02	1.402998e-07	8.354524e-09	8.354524e-09
2.091279e+02	2.261473e+02	9.958964e-08	6.745062e-09	6.745062e-09
2.261473e+02	2.445518e+02	9.674167e-08	6.420724e-09	6.420724e-09
2.445518e+02	2.644540e+02	9.063355e-08	5.975976e-09	5.975976e-09
2.644540e+02	2.859760e+02	7.297444e-08	5.159819e-09	5.159819e-09
2.859760e+02	3.092495e+02	5.979891e-08	4.469581e-09	4.469581e-09
3.092495e+02	3.344170e+02	6.147734e-08	4.358012e-09	4.358012e-09
3.344170e+02	3.616328e+02	5.656479e-08	4.019883e-09	4.019883e-09
3.616328e+02	3.910634e+02	5.468563e-08	3.800914e-09	3.800914e-09
3.910634e+02	4.228892e+02	5.838760e-08	3.792549e-09	3.792549e-09
4.228892e+02	4.573051e+02	4.224588e-08	3.122191e-09	3.122191e-09
4.573051e+02	4.945218e+02	4.470724e-08	3.056124e-09	3.056124e-09
4.945218e+02	5.347672e+02	3.979724e-08	2.799596e-09	2.799596e-09
5.347672e+02	5.782880e+02	3.733803e-08	2.607324e-09	2.607324e-09
5.782880e+02	6.253506e+02	3.254561e-08	2.342200e-09	2.342200e-09
6.253506e+02	6.762433e+02	2.123544e-08	1.814078e-09	1.814078e-09
6.762433e+02	7.312778e+02	1.991985e-08	1.701183e-09	1.701183e-09
7.312778e+02	7.907911e+02	1.619980e-08	1.466470e-09	1.466470e-09
7.907911e+02	8.551478e+02	1.413494e-08	1.306776e-09	1.306776e-09
8.551478e+02	9.247420e+02	9.384437e-09	1.036044e-09	1.036044e-09
9.247420e+02	1.000000e+03	6.611946e-09	8.519298e-10	8.519298e-10
# END HISTO1D


# BEGIN HISTO1D //eos/home-y/yiyu/monobc/Rivet_New2/X1200_pi20_L40_darkQCDtch.yoda.gz/JetMETAnalysis/bjet_pt
ErrorBars=1
LineColor=blue
LineStyle=dashed
Path=//eos/home-y/yiyu/monobc/Rivet_New2/X1200_pi20_L40_darkQCDtch.yoda.gz/JetMETAnalysis/bjet_pt
ScaledBy=4.02344121026115516e-06
Title=X1200_pi20_L40
# xlow	 xhigh	 val	 errminus	 errplus
2.000000e+01	2.162765e+01	3.853505e-06	1.089499e-07	1.089499e-07
2.162765e+01	2.338777e+01	3.941729e-06	1.058779e-07	1.058779e-07
2.338777e+01	2.529113e+01	3.839704e-06	1.006272e-07	1.006272e-07
2.529113e+01	2.734939e+01	3.956883e-06	9.809782e-08	9.809782e-08
2.734939e+01	2.957515e+01	3.834528e-06	9.291894e-08	9.291894e-08
2.957515e+01	3.198206e+01	3.589606e-06	8.650258e-08	8.650258e-08
3.198206e+01	3.458484e+01	3.334859e-06	8.013149e-08	8.013149e-08
3.458484e+01	3.739945e+01	3.243937e-06	7.595564e-08	7.595564e-08
3.739945e+01	4.044311e+01	2.999815e-06	7.031659e-08	7.031659e-08
4.044311e+01	4.373448e+01	2.742110e-06	6.461416e-08	6.461416e-08
4.373448e+01	4.729371e+01	2.579343e-06	6.022952e-08	6.022952e-08
4.729371e+01	5.114260e+01	2.316297e-06	5.488609e-08	5.488609e-08
5.114260e+01	5.530472e+01	2.045764e-06	4.963163e-08	4.963163e-08
5.530472e+01	5.980556e+01	1.867338e-06	4.559908e-08	4.559908e-08
5.980556e+01	6.467270e+01	1.671265e-06	4.148449e-08	4.148449e-08
6.467270e+01	6.993594e+01	1.482719e-06	3.755223e-08	3.755223e-08
6.993594e+01	7.562751e+01	1.263835e-06	3.333973e-08	3.333973e-08
7.562751e+01	8.178228e+01	1.162214e-06	3.074469e-08	3.074469e-08
8.178228e+01	8.843794e+01	9.589255e-07	2.687634e-08	2.687634e-08
8.843794e+01	9.563525e+01	8.359880e-07	2.415290e-08	2.415290e-08
9.563525e+01	1.034183e+02	6.849607e-07	2.102833e-08	2.102833e-08
1.034183e+02	1.118348e+02	5.477645e-07	1.808861e-08	1.808861e-08
1.118348e+02	1.209362e+02	4.801444e-07	1.625043e-08	1.625043e-08
1.209362e+02	1.307783e+02	4.023042e-07	1.430429e-08	1.430429e-08
1.307783e+02	1.414214e+02	3.207613e-07	1.228259e-08	1.228259e-08
1.414214e+02	1.529306e+02	3.001026e-07	1.142471e-08	1.142471e-08
1.529306e+02	1.653765e+02	2.216109e-07	9.440942e-09	9.440942e-09
1.653765e+02	1.788353e+02	1.915432e-07	8.456776e-09	8.456776e-09
1.788353e+02	1.933894e+02	1.633707e-07	7.511725e-09	7.511725e-09
1.933894e+02	2.091279e+02	1.208609e-07	6.216332e-09	6.216332e-09
2.091279e+02	2.261473e+02	1.029413e-07	5.518143e-09	5.518143e-09
2.261473e+02	2.445518e+02	1.009057e-07	5.252865e-09	5.252865e-09
2.445518e+02	2.644540e+02	7.143039e-08	4.253513e-09	4.253513e-09
2.644540e+02	2.859760e+02	6.698471e-08	3.960793e-09	3.960793e-09
2.859760e+02	3.092495e+02	5.914757e-08	3.566732e-09	3.566732e-09
3.092495e+02	3.344170e+02	5.708310e-08	3.381230e-09	3.381230e-09
3.344170e+02	3.616328e+02	4.800487e-08	2.971426e-09	2.971426e-09
3.616328e+02	3.910634e+02	4.575292e-08	2.830783e-09	2.830783e-09
3.910634e+02	4.228892e+02	4.435430e-08	2.659926e-09	2.659926e-09
4.228892e+02	4.573051e+02	4.014354e-08	2.416358e-09	2.416358e-09
4.573051e+02	4.945218e+02	3.914001e-08	2.302299e-09	2.302299e-09
4.945218e+02	5.347672e+02	3.644327e-08	2.136292e-09	2.136292e-09
5.347672e+02	5.782880e+02	2.932979e-08	1.843892e-09	1.843892e-09
5.782880e+02	6.253506e+02	2.414437e-08	1.609562e-09	1.609562e-09
6.253506e+02	6.762433e+02	1.780282e-08	1.323274e-09	1.323274e-09
6.762433e+02	7.312778e+02	1.537155e-08	1.182426e-09	1.182426e-09
7.312778e+02	7.907911e+02	1.177551e-08	1.009330e-09	1.009330e-09
7.907911e+02	8.551478e+02	9.255908e-09	8.484877e-10	8.484877e-10
8.551478e+02	9.247420e+02	7.048859e-09	7.120424e-10	7.120424e-10
9.247420e+02	1.000000e+03	5.454150e-09	6.168256e-10	6.168256e-10
# END HISTO1D


# BEGIN HISTO1D //eos/home-y/yiyu/monobc/Rivet_New2/X2000_pi10_L20_darkQCDtch.yoda.gz/JetMETAnalysis/bjet_pt
ErrorBars=1
LineColor=violet
LineStyle=solid
Path=//eos/home-y/yiyu/monobc/Rivet_New2/X2000_pi10_L20_darkQCDtch.yoda.gz/JetMETAnalysis/bjet_pt
ScaledBy=7.01734778906469231e-06
Title=X2000_pi10_L20
# xlow	 xhigh	 val	 errminus	 errplus
2.000000e+01	2.162765e+01	5.847656e-07	2.002200e-08	2.002200e-08
2.162765e+01	2.338777e+01	6.669102e-07	2.056172e-08	2.056172e-08
2.338777e+01	2.529113e+01	6.806206e-07	1.997510e-08	1.997510e-08
2.529113e+01	2.734939e+01	6.749366e-07	1.912838e-08	1.912838e-08
2.734939e+01	2.957515e+01	7.008460e-07	1.874429e-08	1.874429e-08
2.957515e+01	3.198206e+01	6.522712e-07	1.738926e-08	1.738926e-08
3.198206e+01	3.458484e+01	5.877516e-07	1.587359e-08	1.587359e-08
3.458484e+01	3.739945e+01	5.633388e-07	1.494420e-08	1.494420e-08
3.739945e+01	4.044311e+01	5.609046e-07	1.433981e-08	1.433981e-08
4.044311e+01	4.373448e+01	4.881797e-07	1.286466e-08	1.286466e-08
4.373448e+01	4.729371e+01	4.533214e-07	1.192949e-08	1.192949e-08
4.729371e+01	5.114260e+01	3.873153e-07	1.059648e-08	1.059648e-08
5.114260e+01	5.530472e+01	3.557543e-07	9.765955e-09	9.765955e-09
5.530472e+01	5.980556e+01	3.198085e-07	8.911105e-09	8.911105e-09
5.980556e+01	6.467270e+01	2.771700e-07	7.971372e-09	7.971372e-09
6.467270e+01	6.993594e+01	2.486788e-07	7.260888e-09	7.260888e-09
6.993594e+01	7.562751e+01	2.142801e-07	6.481444e-09	6.481444e-09
7.562751e+01	8.178228e+01	1.834689e-07	5.767296e-09	5.767296e-09
8.178228e+01	8.843794e+01	1.664761e-07	5.282960e-09	5.282960e-09
8.843794e+01	9.563525e+01	1.348785e-07	4.572812e-09	4.572812e-09
9.563525e+01	1.034183e+02	1.134019e-07	4.032109e-09	4.032109e-09
1.034183e+02	1.118348e+02	9.903367e-08	3.623453e-09	3.623453e-09
1.118348e+02	1.209362e+02	7.785013e-08	3.089388e-09	3.089388e-09
1.209362e+02	1.307783e+02	6.745638e-08	2.765442e-09	2.765442e-09
1.307783e+02	1.414214e+02	5.587955e-08	2.420412e-09	2.420412e-09
1.414214e+02	1.529306e+02	4.285199e-08	2.038261e-09	2.038261e-09
1.529306e+02	1.653765e+02	3.693726e-08	1.819768e-09	1.819768e-09
1.653765e+02	1.788353e+02	3.009499e-08	1.579577e-09	1.579577e-09
1.788353e+02	1.933894e+02	2.154343e-08	1.285173e-09	1.285173e-09
1.933894e+02	2.091279e+02	1.878782e-08	1.154127e-09	1.154127e-09
2.091279e+02	2.261473e+02	1.344013e-08	9.386994e-10	9.386994e-10
2.261473e+02	2.445518e+02	1.279241e-08	8.848296e-10	8.848296e-10
2.445518e+02	2.644540e+02	8.970420e-09	7.091739e-10	7.091739e-10
2.644540e+02	2.859760e+02	6.428845e-09	5.773272e-10	5.773272e-10
2.859760e+02	3.092495e+02	5.321757e-09	5.051189e-10	5.051189e-10
3.092495e+02	3.344170e+02	3.635529e-09	4.014770e-10	4.014770e-10
3.344170e+02	3.616328e+02	3.156919e-09	3.597643e-10	3.597643e-10
3.616328e+02	3.910634e+02	2.274814e-09	2.936773e-10	2.936773e-10
3.910634e+02	4.228892e+02	1.682890e-09	2.429043e-10	2.429043e-10
4.228892e+02	4.573051e+02	1.491394e-09	2.198941e-10	2.198941e-10
4.573051e+02	4.945218e+02	1.199267e-09	1.896208e-10	1.896208e-10
4.945218e+02	5.347672e+02	7.763108e-10	1.467089e-10	1.467089e-10
5.347672e+02	5.782880e+02	7.178852e-10	1.356675e-10	1.356675e-10
5.782880e+02	6.253506e+02	6.875685e-10	1.276782e-10	1.276782e-10
6.253506e+02	6.762433e+02	5.919733e-10	1.139253e-10	1.139253e-10
6.762433e+02	7.312778e+02	4.865977e-10	9.932634e-11	9.932634e-11
7.312778e+02	7.907911e+02	4.124796e-10	8.794096e-11	8.794096e-11
7.907911e+02	8.551478e+02	2.774087e-10	7.355909e-11	7.355909e-11
8.551478e+02	9.247420e+02	4.168638e-10	8.175371e-11	8.175371e-11
9.247420e+02	1.000000e+03	3.113583e-10	7.110581e-11	7.110581e-11
# END HISTO1D


# BEGIN HISTO1D //eos/home-y/yiyu/monobc/Rivet_New2/X2000_pi20_L40_darkQCDtch.yoda.gz/JetMETAnalysis/bjet_pt
ErrorBars=1
LineColor=violet
LineStyle=dashed
Path=//eos/home-y/yiyu/monobc/Rivet_New2/X2000_pi20_L40_darkQCDtch.yoda.gz/JetMETAnalysis/bjet_pt
ScaledBy=4.88444148017628439e-06
Title=X2000_pi20_L40
# xlow	 xhigh	 val	 errminus	 errplus
2.000000e+01	2.162765e+01	5.365905e-07	1.536246e-08	1.536246e-08
2.162765e+01	2.338777e+01	5.448533e-07	1.486209e-08	1.486209e-08
2.338777e+01	2.529113e+01	5.938230e-07	1.492036e-08	1.492036e-08
2.529113e+01	2.734939e+01	5.903875e-07	1.431478e-08	1.431478e-08
2.734939e+01	2.957515e+01	5.674367e-07	1.349510e-08	1.349510e-08
2.957515e+01	3.198206e+01	5.398494e-07	1.265079e-08	1.265079e-08
3.198206e+01	3.458484e+01	5.238968e-07	1.198438e-08	1.198438e-08
3.458484e+01	3.739945e+01	4.852285e-07	1.109112e-08	1.109112e-08
3.739945e+01	4.044311e+01	4.379287e-07	1.014330e-08	1.014330e-08
4.044311e+01	4.373448e+01	4.021517e-07	9.337226e-09	9.337226e-09
4.373448e+01	4.729371e+01	3.897290e-07	8.843781e-09	8.843781e-09
4.729371e+01	5.114260e+01	3.446407e-07	7.993313e-09	7.993313e-09
5.114260e+01	5.530472e+01	3.140750e-07	7.337883e-09	7.337883e-09
5.530472e+01	5.980556e+01	2.921826e-07	6.805996e-09	6.805996e-09
5.980556e+01	6.467270e+01	2.521606e-07	6.083666e-09	6.083666e-09
6.467270e+01	6.993594e+01	2.318277e-07	5.606186e-09	5.606186e-09
6.993594e+01	7.562751e+01	2.029726e-07	5.044452e-09	5.044452e-09
7.562751e+01	8.178228e+01	1.718142e-07	4.463082e-09	4.463082e-09
8.178228e+01	8.843794e+01	1.450539e-07	3.946400e-09	3.946400e-09
8.843794e+01	9.563525e+01	1.300727e-07	3.591032e-09	3.591032e-09
9.563525e+01	1.034183e+02	1.077236e-07	3.142619e-09	3.142619e-09
1.034183e+02	1.118348e+02	9.351184e-08	2.818203e-09	2.818203e-09
1.118348e+02	1.209362e+02	7.855650e-08	2.481694e-09	2.481694e-09
1.209362e+02	1.307783e+02	6.945450e-08	2.246314e-09	2.246314e-09
1.307783e+02	1.414214e+02	5.343340e-08	1.895081e-09	1.895081e-09
1.414214e+02	1.529306e+02	4.277860e-08	1.630912e-09	1.630912e-09
1.529306e+02	1.653765e+02	3.365382e-08	1.389042e-09	1.389042e-09
1.653765e+02	1.788353e+02	2.772796e-08	1.212459e-09	1.212459e-09
1.788353e+02	1.933894e+02	2.098365e-08	1.014283e-09	1.014283e-09
1.933894e+02	2.091279e+02	1.827109e-08	9.124032e-10	9.124032e-10
2.091279e+02	2.261473e+02	1.467393e-08	7.865923e-10	7.865923e-10
2.261473e+02	2.445518e+02	1.000272e-08	6.227423e-10	6.227423e-10
2.445518e+02	2.644540e+02	8.963170e-09	5.668804e-10	5.668804e-10
2.644540e+02	2.859760e+02	6.431935e-09	4.617861e-10	4.617861e-10
2.859760e+02	3.092495e+02	4.905472e-09	3.902280e-10	3.902280e-10
3.092495e+02	3.344170e+02	3.714102e-09	3.245026e-10	3.245026e-10
3.344170e+02	3.616328e+02	2.779121e-09	2.699321e-10	2.699321e-10
3.616328e+02	3.910634e+02	1.891116e-09	2.168545e-10	2.168545e-10
3.910634e+02	4.228892e+02	1.681530e-09	1.992768e-10	1.992768e-10
4.228892e+02	4.573051e+02	1.596446e-09	1.819319e-10	1.819319e-10
4.573051e+02	4.945218e+02	1.150366e-09	1.485116e-10	1.485116e-10
4.945218e+02	5.347672e+02	9.042251e-10	1.266168e-10	1.266168e-10
5.347672e+02	5.782880e+02	7.705904e-10	1.147688e-10	1.147688e-10
5.782880e+02	6.253506e+02	7.125979e-10	1.061316e-10	1.061316e-10
6.253506e+02	6.762433e+02	5.608246e-10	8.867418e-11	8.867418e-11
6.762433e+02	7.312778e+02	4.148945e-10	7.334366e-11	7.334366e-11
7.312778e+02	7.907911e+02	3.716810e-10	6.675586e-11	6.675586e-11
7.907911e+02	8.551478e+02	4.989320e-10	7.437639e-11	7.437639e-11
8.551478e+02	9.247420e+02	3.280950e-10	5.799954e-11	5.799954e-11
9.247420e+02	1.000000e+03	2.465149e-10	4.834555e-11	4.834555e-11
# END HISTO1D

