# BEGIN PLOT
Legend=1
LogY=1
LegendPlacement=manual
LegendAlign=r
LegendXPos=1.36
RightMargin=3.7
DrawOnly=//eos/home-y/yiyu/monobc/Rivet_New2/X600_pi10_L20_darkQCDtch.yoda.gz/JetMETAnalysis/bjet_eta //eos/home-y/yiyu/monobc/Rivet_New2/X600_pi20_L40_darkQCDtch.yoda.gz/JetMETAnalysis/bjet_eta //eos/home-y/yiyu/monobc/Rivet_New2/X1200_pi10_L20_darkQCDtch.yoda.gz/JetMETAnalysis/bjet_eta //eos/home-y/yiyu/monobc/Rivet_New2/X1200_pi20_L40_darkQCDtch.yoda.gz/JetMETAnalysis/bjet_eta //eos/home-y/yiyu/monobc/Rivet_New2/X2000_pi10_L20_darkQCDtch.yoda.gz/JetMETAnalysis/bjet_eta //eos/home-y/yiyu/monobc/Rivet_New2/X2000_pi20_L40_darkQCDtch.yoda.gz/JetMETAnalysis/bjet_eta
LegendOnly=//eos/home-y/yiyu/monobc/Rivet_New2/X600_pi10_L20_darkQCDtch.yoda.gz/JetMETAnalysis/bjet_eta //eos/home-y/yiyu/monobc/Rivet_New2/X600_pi20_L40_darkQCDtch.yoda.gz/JetMETAnalysis/bjet_eta //eos/home-y/yiyu/monobc/Rivet_New2/X1200_pi10_L20_darkQCDtch.yoda.gz/JetMETAnalysis/bjet_eta //eos/home-y/yiyu/monobc/Rivet_New2/X1200_pi20_L40_darkQCDtch.yoda.gz/JetMETAnalysis/bjet_eta //eos/home-y/yiyu/monobc/Rivet_New2/X2000_pi10_L20_darkQCDtch.yoda.gz/JetMETAnalysis/bjet_eta //eos/home-y/yiyu/monobc/Rivet_New2/X2000_pi20_L40_darkQCDtch.yoda.gz/JetMETAnalysis/bjet_eta
RatioPlot=1
RatioPlotReference=//eos/home-y/yiyu/monobc/Rivet_New2/X600_pi10_L20_darkQCDtch.yoda.gz/JetMETAnalysis/bjet_eta
RatioPlotYLabel=Ratio
# END PLOT

# BEGIN HISTO1D //eos/home-y/yiyu/monobc/Rivet_New2/X600_pi10_L20_darkQCDtch.yoda.gz/JetMETAnalysis/bjet_eta
ErrorBars=1
LineColor=red
LineStyle=solid
Path=//eos/home-y/yiyu/monobc/Rivet_New2/X600_pi10_L20_darkQCDtch.yoda.gz/JetMETAnalysis/bjet_eta
ScaledBy=4.00780361774323655e-06
Title=X600_pi10_L20
# xlow	 xhigh	 val	 errminus	 errplus
-2.500000e+00	-2.400000e+00	3.661644e-04	2.348946e-05	2.348946e-05
-2.400000e+00	-2.300000e+00	4.384932e-04	2.570492e-05	2.570492e-05
-2.300000e+00	-2.200000e+00	4.701370e-04	2.661627e-05	2.661627e-05
-2.200000e+00	-2.100000e+00	4.882192e-04	2.712329e-05	2.712329e-05
-2.100000e+00	-2.000000e+00	5.876712e-04	2.975789e-05	2.975789e-05
-2.000000e+00	-1.900000e+00	5.198630e-04	2.798848e-05	2.798848e-05
-1.900000e+00	-1.800000e+00	6.554795e-04	3.142783e-05	3.142783e-05
-1.800000e+00	-1.700000e+00	7.504110e-04	3.369417e-05	3.369417e-05
-1.700000e+00	-1.600000e+00	7.639726e-04	3.392922e-05	3.392922e-05
-1.600000e+00	-1.500000e+00	8.875342e-04	3.657021e-05	3.657021e-05
-1.500000e+00	-1.400000e+00	9.869863e-04	3.856475e-05	3.856475e-05
-1.400000e+00	-1.300000e+00	1.012603e-03	3.906200e-05	3.906200e-05
-1.300000e+00	-1.200000e+00	1.045753e-03	3.969626e-05	3.969626e-05
-1.200000e+00	-1.100000e+00	1.106027e-03	4.082422e-05	4.082422e-05
-1.100000e+00	-1.000000e+00	1.228082e-03	4.301785e-05	4.301785e-05
-1.000000e+00	-9.000000e-01	1.259726e-03	4.356853e-05	4.356853e-05
-9.000000e-01	-8.000000e-01	1.259726e-03	4.356853e-05	4.356853e-05
-8.000000e-01	-7.000000e-01	1.268767e-03	4.372460e-05	4.372460e-05
-7.000000e-01	-6.000000e-01	1.404384e-03	4.600211e-05	4.600211e-05
-6.000000e-01	-5.000000e-01	1.414932e-03	4.617455e-05	4.617455e-05
-5.000000e-01	-4.000000e-01	1.464658e-03	4.697891e-05	4.697891e-05
-4.000000e-01	-3.000000e-01	1.493288e-03	4.748369e-05	4.748369e-05
-3.000000e-01	-2.000000e-01	1.515890e-03	4.784099e-05	4.784099e-05
-2.000000e-01	-1.000000e-01	1.485753e-03	4.731603e-05	4.731603e-05
-1.000000e-01	0.000000e+00	1.506849e-03	4.765076e-05	4.765076e-05
0.000000e+00	1.000000e-01	1.574658e-03	4.871111e-05	4.871111e-05
1.000000e-01	2.000000e-01	1.496301e-03	4.748369e-05	4.748369e-05
2.000000e-01	3.000000e-01	1.616849e-03	4.935938e-05	4.935938e-05
3.000000e-01	4.000000e-01	1.437534e-03	4.654188e-05	4.654188e-05
4.000000e-01	5.000000e-01	1.414932e-03	4.617455e-05	4.617455e-05
5.000000e-01	6.000000e-01	1.455616e-03	4.688215e-05	4.688215e-05
6.000000e-01	7.000000e-01	1.365205e-03	4.535591e-05	4.535591e-05
7.000000e-01	8.000000e-01	1.434521e-03	4.654188e-05	4.654188e-05
8.000000e-01	9.000000e-01	1.301918e-03	4.434338e-05	4.434338e-05
9.000000e-01	1.000000e+00	1.255205e-03	4.354247e-05	4.354247e-05
1.000000e+00	1.100000e+00	1.188904e-03	4.243327e-05	4.243327e-05
1.100000e+00	1.200000e+00	1.121096e-03	4.110137e-05	4.110137e-05
1.200000e+00	1.300000e+00	1.027671e-03	3.935157e-05	3.935157e-05
1.300000e+00	1.400000e+00	9.915068e-04	3.871166e-05	3.871166e-05
1.400000e+00	1.500000e+00	8.784932e-04	3.638347e-05	3.638347e-05
1.500000e+00	1.600000e+00	8.573973e-04	3.594396e-05	3.594396e-05
1.600000e+00	1.700000e+00	7.519178e-04	3.366047e-05	3.366047e-05
1.700000e+00	1.800000e+00	7.383562e-04	3.335552e-05	3.335552e-05
1.800000e+00	1.900000e+00	6.102740e-04	3.039954e-05	3.039954e-05
1.900000e+00	2.000000e+00	6.057534e-04	3.021223e-05	3.021223e-05
2.000000e+00	2.100000e+00	5.409589e-04	2.855072e-05	2.855072e-05
2.100000e+00	2.200000e+00	5.680822e-04	2.925772e-05	2.925772e-05
2.200000e+00	2.300000e+00	4.791781e-04	2.695534e-05	2.695534e-05
2.300000e+00	2.400000e+00	3.827397e-04	2.401523e-05	2.401523e-05
2.400000e+00	2.500000e+00	3.691781e-04	2.358592e-05	2.358592e-05
# END HISTO1D


# BEGIN HISTO1D //eos/home-y/yiyu/monobc/Rivet_New2/X600_pi20_L40_darkQCDtch.yoda.gz/JetMETAnalysis/bjet_eta
ErrorBars=1
LineColor=red
LineStyle=dashed
Path=//eos/home-y/yiyu/monobc/Rivet_New2/X600_pi20_L40_darkQCDtch.yoda.gz/JetMETAnalysis/bjet_eta
ScaledBy=2.89967733686782962e-06
Title=X600_pi20_L40
# xlow	 xhigh	 val	 errminus	 errplus
-2.500000e+00	-2.400000e+00	2.524450e-04	1.626141e-05	1.626141e-05
-2.400000e+00	-2.300000e+00	3.194843e-04	1.829362e-05	1.829362e-05
-2.300000e+00	-2.200000e+00	3.739538e-04	1.979173e-05	1.979173e-05
-2.200000e+00	-2.100000e+00	4.116634e-04	2.076567e-05	2.076567e-05
-2.100000e+00	-2.000000e+00	4.148059e-04	2.084478e-05	2.084478e-05
-2.000000e+00	-1.900000e+00	4.986051e-04	2.285353e-05	2.285353e-05
-1.900000e+00	-1.800000e+00	5.488846e-04	2.397813e-05	2.397813e-05
-1.800000e+00	-1.700000e+00	6.400162e-04	2.589228e-05	2.589228e-05
-1.700000e+00	-1.600000e+00	6.944856e-04	2.697159e-05	2.697159e-05
-1.600000e+00	-1.500000e+00	7.740948e-04	2.847554e-05	2.847554e-05
-1.500000e+00	-1.400000e+00	8.065670e-04	2.906666e-05	2.906666e-05
-1.400000e+00	-1.300000e+00	9.165534e-04	3.098516e-05	3.098516e-05
-1.300000e+00	-1.200000e+00	1.011875e-03	3.255655e-05	3.255655e-05
-1.200000e+00	-1.100000e+00	1.066344e-03	3.342133e-05	3.342133e-05
-1.100000e+00	-1.000000e+00	1.109292e-03	3.411988e-05	3.411988e-05
-1.000000e+00	-9.000000e-01	1.179473e-03	3.518069e-05	3.518069e-05
-9.000000e-01	-8.000000e-01	1.259083e-03	3.631633e-05	3.631633e-05
-8.000000e-01	-7.000000e-01	1.361737e-03	3.776778e-05	3.776778e-05
-7.000000e-01	-6.000000e-01	1.436108e-03	3.878542e-05	3.878542e-05
-6.000000e-01	-5.000000e-01	1.434013e-03	3.878542e-05	3.878542e-05
-5.000000e-01	-4.000000e-01	1.482198e-03	3.940288e-05	3.940288e-05
-4.000000e-01	-3.000000e-01	1.538762e-03	4.014770e-05	4.014770e-05
-3.000000e-01	-2.000000e-01	1.505243e-03	3.970801e-05	3.970801e-05
-2.000000e-01	-1.000000e-01	1.500005e-03	3.963887e-05	3.963887e-05
-1.000000e-01	0.000000e+00	1.580662e-03	4.069063e-05	4.069063e-05
0.000000e+00	1.000000e-01	1.567045e-03	4.051497e-05	4.051497e-05
1.000000e-01	2.000000e-01	1.585899e-03	4.075798e-05	4.075798e-05
2.000000e-01	3.000000e-01	1.502100e-03	3.966654e-05	3.966654e-05
3.000000e-01	4.000000e-01	1.514670e-03	3.983216e-05	3.983216e-05
4.000000e-01	5.000000e-01	1.456011e-03	3.905325e-05	3.905325e-05
5.000000e-01	6.000000e-01	1.406779e-03	3.838732e-05	3.838732e-05
6.000000e-01	7.000000e-01	1.403636e-03	3.834441e-05	3.834441e-05
7.000000e-01	8.000000e-01	1.300982e-03	3.691565e-05	3.691565e-05
8.000000e-01	9.000000e-01	1.266415e-03	3.642193e-05	3.642193e-05
9.000000e-01	1.000000e+00	1.162714e-03	3.493029e-05	3.493029e-05
1.000000e+00	1.100000e+00	1.094627e-03	3.386163e-05	3.386163e-05
1.100000e+00	1.200000e+00	1.112434e-03	3.416808e-05	3.416808e-05
1.200000e+00	1.300000e+00	1.009780e-03	3.252282e-05	3.252282e-05
1.300000e+00	1.400000e+00	9.406457e-04	3.138975e-05	3.138975e-05
1.400000e+00	1.500000e+00	9.134110e-04	3.100286e-05	3.100286e-05
1.500000e+00	1.600000e+00	7.887597e-04	2.874400e-05	2.874400e-05
1.600000e+00	1.700000e+00	7.185779e-04	2.743543e-05	2.743543e-05
1.700000e+00	1.800000e+00	6.546810e-04	2.618724e-05	2.618724e-05
1.800000e+00	1.900000e+00	5.782143e-04	2.461043e-05	2.461043e-05
1.900000e+00	2.000000e+00	5.101275e-04	2.311608e-05	2.311608e-05
2.000000e+00	2.100000e+00	4.703229e-04	2.219591e-05	2.219591e-05
2.100000e+00	2.200000e+00	4.368032e-04	2.139034e-05	2.139034e-05
2.200000e+00	2.300000e+00	3.571940e-04	1.934314e-05	1.934314e-05
2.300000e+00	2.400000e+00	3.477666e-04	1.908617e-05	1.908617e-05
2.400000e+00	2.500000e+00	2.733948e-04	1.692271e-05	1.692271e-05
# END HISTO1D


# BEGIN HISTO1D //eos/home-y/yiyu/monobc/Rivet_New2/X1200_pi10_L20_darkQCDtch.yoda.gz/JetMETAnalysis/bjet_eta
ErrorBars=1
LineColor=blue
LineStyle=solid
Path=//eos/home-y/yiyu/monobc/Rivet_New2/X1200_pi10_L20_darkQCDtch.yoda.gz/JetMETAnalysis/bjet_eta
ScaledBy=5.83587825455226844e-06
Title=X1200_pi10_L20
# xlow	 xhigh	 val	 errminus	 errplus
-2.500000e+00	-2.400000e+00	2.542434e-05	1.405969e-06	1.405969e-06
-2.400000e+00	-2.300000e+00	2.620185e-05	1.427306e-06	1.427306e-06
-2.300000e+00	-2.200000e+00	2.884536e-05	1.497576e-06	1.497576e-06
-2.200000e+00	-2.100000e+00	3.249962e-05	1.589608e-06	1.589608e-06
-2.100000e+00	-2.000000e+00	3.382137e-05	1.621611e-06	1.621611e-06
-2.000000e+00	-1.900000e+00	3.576513e-05	1.667558e-06	1.667558e-06
-1.900000e+00	-1.800000e+00	3.794214e-05	1.717560e-06	1.717560e-06
-1.800000e+00	-1.700000e+00	4.245166e-05	1.820088e-06	1.820088e-06
-1.700000e+00	-1.600000e+00	4.268491e-05	1.821748e-06	1.821748e-06
-1.600000e+00	-1.500000e+00	4.602817e-05	1.891746e-06	1.891746e-06
-1.500000e+00	-1.400000e+00	4.602817e-05	1.898126e-06	1.898126e-06
-1.400000e+00	-1.300000e+00	5.007118e-05	1.973081e-06	1.973081e-06
-1.300000e+00	-1.200000e+00	5.154844e-05	2.001976e-06	2.001976e-06
-1.200000e+00	-1.100000e+00	5.115969e-05	1.997441e-06	1.997441e-06
-1.100000e+00	-1.000000e+00	5.706871e-05	2.112176e-06	2.112176e-06
-1.000000e+00	-9.000000e-01	5.543595e-05	2.079002e-06	2.079002e-06
-9.000000e-01	-8.000000e-01	5.769071e-05	2.117893e-06	2.117893e-06
-8.000000e-01	-7.000000e-01	5.893472e-05	2.140605e-06	2.140605e-06
-7.000000e-01	-6.000000e-01	6.321098e-05	2.216906e-06	2.216906e-06
-6.000000e-01	-5.000000e-01	6.220023e-05	2.201857e-06	2.201857e-06
-5.000000e-01	-4.000000e-01	6.220023e-05	2.199110e-06	2.199110e-06
-4.000000e-01	-3.000000e-01	6.476599e-05	2.244008e-06	2.244008e-06
-3.000000e-01	-2.000000e-01	6.359973e-05	2.226429e-06	2.226429e-06
-2.000000e-01	-1.000000e-01	6.919775e-05	2.319514e-06	2.319514e-06
-1.000000e-01	0.000000e+00	6.787600e-05	2.299885e-06	2.299885e-06
0.000000e+00	1.000000e-01	6.585449e-05	2.265457e-06	2.265457e-06
1.000000e-01	2.000000e-01	6.616549e-05	2.270788e-06	2.270788e-06
2.000000e-01	3.000000e-01	6.507699e-05	2.249390e-06	2.249390e-06
3.000000e-01	4.000000e-01	6.445499e-05	2.238614e-06	2.238614e-06
4.000000e-01	5.000000e-01	6.321098e-05	2.219631e-06	2.219631e-06
5.000000e-01	6.000000e-01	5.854596e-05	2.147654e-06	2.147654e-06
6.000000e-01	7.000000e-01	5.699096e-05	2.110745e-06	2.110745e-06
7.000000e-01	8.000000e-01	5.947897e-05	2.153276e-06	2.153276e-06
8.000000e-01	9.000000e-01	5.481395e-05	2.064413e-06	2.064413e-06
9.000000e-01	1.000000e+00	5.481395e-05	2.067339e-06	2.067339e-06
1.000000e+00	1.100000e+00	5.139294e-05	2.004993e-06	2.004993e-06
1.100000e+00	1.200000e+00	5.356995e-05	2.040853e-06	2.040853e-06
1.200000e+00	1.300000e+00	5.263694e-05	2.025988e-06	2.025988e-06
1.300000e+00	1.400000e+00	4.929368e-05	1.960788e-06	1.960788e-06
1.400000e+00	1.500000e+00	4.820518e-05	1.935966e-06	1.935966e-06
1.500000e+00	1.600000e+00	4.043015e-05	1.772979e-06	1.772979e-06
1.600000e+00	1.700000e+00	4.392891e-05	1.851371e-06	1.851371e-06
1.700000e+00	1.800000e+00	4.315141e-05	1.834973e-06	1.834973e-06
1.800000e+00	1.900000e+00	4.066340e-05	1.778086e-06	1.778086e-06
1.900000e+00	2.000000e+00	3.716464e-05	1.703423e-06	1.703423e-06
2.000000e+00	2.100000e+00	3.234412e-05	1.585801e-06	1.585801e-06
2.100000e+00	2.200000e+00	2.884536e-05	1.497576e-06	1.497576e-06
2.200000e+00	2.300000e+00	2.977836e-05	1.521603e-06	1.521603e-06
2.300000e+00	2.400000e+00	2.659060e-05	1.437855e-06	1.437855e-06
2.400000e+00	2.500000e+00	2.503559e-05	1.395179e-06	1.395179e-06
# END HISTO1D


# BEGIN HISTO1D //eos/home-y/yiyu/monobc/Rivet_New2/X1200_pi20_L40_darkQCDtch.yoda.gz/JetMETAnalysis/bjet_eta
ErrorBars=1
LineColor=blue
LineStyle=dashed
Path=//eos/home-y/yiyu/monobc/Rivet_New2/X1200_pi20_L40_darkQCDtch.yoda.gz/JetMETAnalysis/bjet_eta
ScaledBy=4.02344121026115516e-06
Title=X1200_pi20_L40
# xlow	 xhigh	 val	 errminus	 errplus
-2.500000e+00	-2.400000e+00	1.721965e-05	9.311162e-07	9.311162e-07
-2.400000e+00	-2.300000e+00	2.022308e-05	1.006136e-06	1.006136e-06
-2.300000e+00	-2.200000e+00	2.057347e-05	1.014815e-06	1.014815e-06
-2.200000e+00	-2.100000e+00	2.412753e-05	1.098979e-06	1.098979e-06
-2.100000e+00	-2.000000e+00	2.572936e-05	1.134873e-06	1.134873e-06
-2.000000e+00	-1.900000e+00	2.733119e-05	1.171807e-06	1.171807e-06
-1.900000e+00	-1.800000e+00	3.243701e-05	1.274246e-06	1.274246e-06
-1.800000e+00	-1.700000e+00	3.428912e-05	1.313940e-06	1.313940e-06
-1.700000e+00	-1.600000e+00	3.604112e-05	1.346899e-06	1.346899e-06
-1.600000e+00	-1.500000e+00	3.519015e-05	1.327222e-06	1.327222e-06
-1.500000e+00	-1.400000e+00	3.789324e-05	1.377253e-06	1.377253e-06
-1.400000e+00	-1.300000e+00	4.304912e-05	1.469669e-06	1.469669e-06
-1.300000e+00	-1.200000e+00	4.720386e-05	1.538799e-06	1.538799e-06
-1.200000e+00	-1.100000e+00	4.730398e-05	1.542052e-06	1.542052e-06
-1.100000e+00	-1.000000e+00	4.900592e-05	1.566236e-06	1.566236e-06
-1.000000e+00	-9.000000e-01	5.120843e-05	1.601045e-06	1.601045e-06
-9.000000e-01	-8.000000e-01	5.461231e-05	1.654916e-06	1.654916e-06
-8.000000e-01	-7.000000e-01	5.781597e-05	1.701206e-06	1.701206e-06
-7.000000e-01	-6.000000e-01	6.076934e-05	1.745551e-06	1.745551e-06
-6.000000e-01	-5.000000e-01	5.991837e-05	1.731861e-06	1.731861e-06
-5.000000e-01	-4.000000e-01	6.137003e-05	1.754143e-06	1.754143e-06
-4.000000e-01	-3.000000e-01	6.137003e-05	1.754143e-06	1.754143e-06
-3.000000e-01	-2.000000e-01	6.056911e-05	1.744115e-06	1.744115e-06
-2.000000e-01	-1.000000e-01	6.592522e-05	1.816598e-06	1.816598e-06
-1.000000e-01	0.000000e+00	6.657597e-05	1.825541e-06	1.825541e-06
0.000000e+00	1.000000e-01	6.652591e-05	1.824855e-06	1.824855e-06
1.000000e-01	2.000000e-01	6.437345e-05	1.806223e-06	1.806223e-06
2.000000e-01	3.000000e-01	6.287174e-05	1.776851e-06	1.776851e-06
3.000000e-01	4.000000e-01	6.302191e-05	1.777556e-06	1.777556e-06
4.000000e-01	5.000000e-01	5.866694e-05	1.713680e-06	1.713680e-06
5.000000e-01	6.000000e-01	5.771586e-05	1.701206e-06	1.701206e-06
6.000000e-01	7.000000e-01	5.956797e-05	1.731137e-06	1.731137e-06
7.000000e-01	8.000000e-01	5.886717e-05	1.719519e-06	1.719519e-06
8.000000e-01	9.000000e-01	5.411174e-05	1.650367e-06	1.650367e-06
9.000000e-01	1.000000e+00	5.155883e-05	1.612741e-06	1.612741e-06
1.000000e+00	1.100000e+00	5.105826e-05	1.600263e-06	1.600263e-06
1.100000e+00	1.200000e+00	4.580226e-05	1.514176e-06	1.514176e-06
1.200000e+00	1.300000e+00	4.485118e-05	1.498373e-06	1.498373e-06
1.300000e+00	1.400000e+00	4.234832e-05	1.455965e-06	1.455965e-06
1.400000e+00	1.500000e+00	3.949507e-05	1.406062e-06	1.406062e-06
1.500000e+00	1.600000e+00	3.539038e-05	1.332874e-06	1.332874e-06
1.600000e+00	1.700000e+00	3.463952e-05	1.316797e-06	1.316797e-06
1.700000e+00	1.800000e+00	3.213667e-05	1.270307e-06	1.270307e-06
1.800000e+00	1.900000e+00	3.078513e-05	1.241376e-06	1.241376e-06
1.900000e+00	2.000000e+00	2.963381e-05	1.219998e-06	1.219998e-06
2.000000e+00	2.100000e+00	2.362696e-05	1.089821e-06	1.089821e-06
2.100000e+00	2.200000e+00	2.347679e-05	1.084057e-06	1.084057e-06
2.200000e+00	2.300000e+00	2.222536e-05	1.057142e-06	1.057142e-06
2.300000e+00	2.400000e+00	1.892159e-05	9.757929e-07	9.757929e-07
2.400000e+00	2.500000e+00	1.656891e-05	9.107094e-07	9.107094e-07
# END HISTO1D


# BEGIN HISTO1D //eos/home-y/yiyu/monobc/Rivet_New2/X2000_pi10_L20_darkQCDtch.yoda.gz/JetMETAnalysis/bjet_eta
ErrorBars=1
LineColor=violet
LineStyle=solid
Path=//eos/home-y/yiyu/monobc/Rivet_New2/X2000_pi10_L20_darkQCDtch.yoda.gz/JetMETAnalysis/bjet_eta
ScaledBy=7.01734778906469231e-06
Title=X2000_pi10_L20
# xlow	 xhigh	 val	 errminus	 errplus
-2.500000e+00	-2.400000e+00	3.235876e-06	1.900172e-07	1.900172e-07
-2.400000e+00	-2.300000e+00	4.173164e-06	2.157892e-07	2.157892e-07
-2.300000e+00	-2.200000e+00	5.043503e-06	2.372264e-07	2.372264e-07
-2.200000e+00	-2.100000e+00	4.742232e-06	2.300320e-07	2.300320e-07
-2.100000e+00	-2.000000e+00	5.010028e-06	2.364379e-07	2.364379e-07
-2.000000e+00	-1.900000e+00	5.021186e-06	2.367010e-07	2.367010e-07
-1.900000e+00	-1.800000e+00	6.103531e-06	2.614448e-07	2.614448e-07
-1.800000e+00	-1.700000e+00	5.724153e-06	2.527275e-07	2.527275e-07
-1.700000e+00	-1.600000e+00	6.203955e-06	2.631063e-07	2.631063e-07
-1.600000e+00	-1.500000e+00	6.605650e-06	2.714905e-07	2.714905e-07
-1.500000e+00	-1.400000e+00	6.951554e-06	2.785081e-07	2.785081e-07
-1.400000e+00	-1.300000e+00	6.940395e-06	2.782845e-07	2.782845e-07
-1.300000e+00	-1.200000e+00	7.174718e-06	2.833829e-07	2.833829e-07
-1.200000e+00	-1.100000e+00	8.078531e-06	3.002362e-07	3.002362e-07
-1.100000e+00	-1.000000e+00	7.286299e-06	2.851349e-07	2.851349e-07
-1.000000e+00	-9.000000e-01	7.855367e-06	2.960603e-07	2.960603e-07
-9.000000e-01	-8.000000e-01	7.922316e-06	2.973192e-07	2.973192e-07
-8.000000e-01	-7.000000e-01	8.067373e-06	3.000288e-07	3.000288e-07
-7.000000e-01	-6.000000e-01	8.480226e-06	3.076101e-07	3.076101e-07
-6.000000e-01	-5.000000e-01	8.770339e-06	3.128276e-07	3.128276e-07
-5.000000e-01	-4.000000e-01	8.703390e-06	3.120306e-07	3.120306e-07
-4.000000e-01	-3.000000e-01	8.324011e-06	3.051720e-07	3.051720e-07
-3.000000e-01	-2.000000e-01	8.814972e-06	3.136226e-07	3.136226e-07
-2.000000e-01	-1.000000e-01	8.480226e-06	3.076101e-07	3.076101e-07
-1.000000e-01	0.000000e+00	8.826130e-06	3.138210e-07	3.138210e-07
0.000000e+00	1.000000e-01	8.469068e-06	3.074077e-07	3.074077e-07
1.000000e-01	2.000000e-01	8.145480e-06	3.014777e-07	3.014777e-07
2.000000e-01	3.000000e-01	8.948870e-06	3.163893e-07	3.163893e-07
3.000000e-01	4.000000e-01	8.837288e-06	3.140194e-07	3.140194e-07
4.000000e-01	5.000000e-01	8.848446e-06	3.142175e-07	3.142175e-07
5.000000e-01	6.000000e-01	8.245904e-06	3.033305e-07	3.033305e-07
6.000000e-01	7.000000e-01	8.647599e-06	3.106309e-07	3.106309e-07
7.000000e-01	8.000000e-01	8.145480e-06	3.014777e-07	3.014777e-07
8.000000e-01	9.000000e-01	7.933475e-06	2.975285e-07	2.975285e-07
9.000000e-01	1.000000e+00	8.357486e-06	3.053759e-07	3.053759e-07
1.000000e+00	1.100000e+00	7.799576e-06	2.950071e-07	2.950071e-07
1.100000e+00	1.200000e+00	7.833051e-06	2.960603e-07	2.960603e-07
1.200000e+00	1.300000e+00	7.375565e-06	2.868762e-07	2.868762e-07
1.300000e+00	1.400000e+00	7.163559e-06	2.827231e-07	2.827231e-07
1.400000e+00	1.500000e+00	6.706073e-06	2.735464e-07	2.735464e-07
1.500000e+00	1.600000e+00	6.438277e-06	2.680290e-07	2.680290e-07
1.600000e+00	1.700000e+00	6.103531e-06	2.609681e-07	2.609681e-07
1.700000e+00	1.800000e+00	6.148164e-06	2.619206e-07	2.619206e-07
1.800000e+00	1.900000e+00	5.835734e-06	2.551789e-07	2.551789e-07
1.900000e+00	2.000000e+00	5.255508e-06	2.421610e-07	2.421610e-07
2.000000e+00	2.100000e+00	5.132768e-06	2.393166e-07	2.393166e-07
2.100000e+00	2.200000e+00	5.021186e-06	2.367010e-07	2.367010e-07
2.200000e+00	2.300000e+00	4.954237e-06	2.351177e-07	2.351177e-07
2.300000e+00	2.400000e+00	4.530226e-06	2.248313e-07	2.248313e-07
2.400000e+00	2.500000e+00	3.302825e-06	1.919728e-07	1.919728e-07
# END HISTO1D


# BEGIN HISTO1D //eos/home-y/yiyu/monobc/Rivet_New2/X2000_pi20_L40_darkQCDtch.yoda.gz/JetMETAnalysis/bjet_eta
ErrorBars=1
LineColor=violet
LineStyle=dashed
Path=//eos/home-y/yiyu/monobc/Rivet_New2/X2000_pi20_L40_darkQCDtch.yoda.gz/JetMETAnalysis/bjet_eta
ScaledBy=4.88444148017628439e-06
Title=X2000_pi20_L40
# xlow	 xhigh	 val	 errminus	 errplus
-2.500000e+00	-2.400000e+00	2.547363e-06	1.348207e-07	1.348207e-07
-2.400000e+00	-2.300000e+00	2.961220e-06	1.453606e-07	1.453606e-07
-2.300000e+00	-2.200000e+00	3.246639e-06	1.525389e-07	1.525389e-07
-2.200000e+00	-2.100000e+00	3.895967e-06	1.670371e-07	1.670371e-07
-2.100000e+00	-2.000000e+00	4.117166e-06	1.716967e-07	1.716967e-07
-2.000000e+00	-1.900000e+00	4.095760e-06	1.709537e-07	1.709537e-07
-1.900000e+00	-1.800000e+00	4.267011e-06	1.747826e-07	1.747826e-07
-1.800000e+00	-1.700000e+00	4.809307e-06	1.852476e-07	1.852476e-07
-1.700000e+00	-1.600000e+00	5.201758e-06	1.926577e-07	1.926577e-07
-1.600000e+00	-1.500000e+00	5.629886e-06	2.004293e-07	2.004293e-07
-1.500000e+00	-1.400000e+00	6.072285e-06	2.081553e-07	2.081553e-07
-1.400000e+00	-1.300000e+00	5.965253e-06	2.065592e-07	2.065592e-07
-1.300000e+00	-1.200000e+00	6.222130e-06	2.107079e-07	2.107079e-07
-1.200000e+00	-1.100000e+00	6.357704e-06	2.129911e-07	2.129911e-07
-1.100000e+00	-1.000000e+00	6.900000e-06	2.218890e-07	2.218890e-07
-1.000000e+00	-9.000000e-01	7.442296e-06	2.304437e-07	2.304437e-07
-9.000000e-01	-8.000000e-01	7.677766e-06	2.340608e-07	2.340608e-07
-8.000000e-01	-7.000000e-01	7.492244e-06	2.314358e-07	2.314358e-07
-7.000000e-01	-6.000000e-01	8.148707e-06	2.413435e-07	2.413435e-07
-6.000000e-01	-5.000000e-01	8.027404e-06	2.393310e-07	2.393310e-07
-5.000000e-01	-4.000000e-01	8.255739e-06	2.429206e-07	2.429206e-07
-4.000000e-01	-3.000000e-01	8.541158e-06	2.472829e-07	2.472829e-07
-3.000000e-01	-2.000000e-01	8.790900e-06	2.506572e-07	2.506572e-07
-2.000000e-01	-1.000000e-01	8.847983e-06	2.512659e-07	2.512659e-07
-1.000000e-01	0.000000e+00	8.498345e-06	2.464579e-07	2.464579e-07
0.000000e+00	1.000000e-01	9.069183e-06	2.545874e-07	2.545874e-07
1.000000e-01	2.000000e-01	8.748087e-06	2.500471e-07	2.500471e-07
2.000000e-01	3.000000e-01	8.612513e-06	2.485152e-07	2.485152e-07
3.000000e-01	4.000000e-01	8.990693e-06	2.534850e-07	2.534850e-07
4.000000e-01	5.000000e-01	8.362771e-06	2.442792e-07	2.442792e-07
5.000000e-01	6.000000e-01	8.312823e-06	2.435486e-07	2.435486e-07
6.000000e-01	7.000000e-01	8.127301e-06	2.412380e-07	2.412380e-07
7.000000e-01	8.000000e-01	7.963185e-06	2.383717e-07	2.383717e-07
8.000000e-01	9.000000e-01	7.178283e-06	2.263193e-07	2.263193e-07
9.000000e-01	1.000000e+00	7.342399e-06	2.293363e-07	2.293363e-07
1.000000e+00	1.100000e+00	7.378077e-06	2.294473e-07	2.294473e-07
1.100000e+00	1.200000e+00	7.071251e-06	2.250786e-07	2.250786e-07
1.200000e+00	1.300000e+00	6.628852e-06	2.174856e-07	2.174856e-07
1.300000e+00	1.400000e+00	6.393382e-06	2.140641e-07	2.140641e-07
1.400000e+00	1.500000e+00	5.915305e-06	2.056947e-07	2.056947e-07
1.500000e+00	1.600000e+00	5.572802e-06	1.994106e-07	1.994106e-07
1.600000e+00	1.700000e+00	5.087590e-06	1.907988e-07	1.907988e-07
1.700000e+00	1.800000e+00	4.752223e-06	1.841449e-07	1.841449e-07
1.800000e+00	1.900000e+00	4.302689e-06	1.752190e-07	1.752190e-07
1.900000e+00	2.000000e+00	4.031541e-06	1.696082e-07	1.696082e-07
2.000000e+00	2.100000e+00	3.781799e-06	1.645805e-07	1.645805e-07
2.100000e+00	2.200000e+00	3.489245e-06	1.581115e-07	1.581115e-07
2.200000e+00	2.300000e+00	3.246639e-06	1.522048e-07	1.522048e-07
2.300000e+00	2.400000e+00	2.782834e-06	1.409143e-07	1.409143e-07
2.400000e+00	2.500000e+00	2.632989e-06	1.370679e-07	1.370679e-07
# END HISTO1D

