# BEGIN PLOT
Legend=1
LogY=1
LegendPlacement=manual
LegendAlign=r
LegendXPos=1.36
RightMargin=3.7
Title=Di-jet $\Delta R$
XLabel=$\Delta R_{jj}$
YLabel=$\mathrm{d}\sigma/\mathrm{d}\Delta R_{jj}$ [pb]
DrawOnly=//eos/home-y/yiyu/monobc/Rivet_New2/X600_pi10_L20_darkQCDtch.yoda.gz/JetMETAnalysis/jet12_dR //eos/home-y/yiyu/monobc/Rivet_New2/X600_pi20_L40_darkQCDtch.yoda.gz/JetMETAnalysis/jet12_dR //eos/home-y/yiyu/monobc/Rivet_New2/X1200_pi10_L20_darkQCDtch.yoda.gz/JetMETAnalysis/jet12_dR //eos/home-y/yiyu/monobc/Rivet_New2/X1200_pi20_L40_darkQCDtch.yoda.gz/JetMETAnalysis/jet12_dR //eos/home-y/yiyu/monobc/Rivet_New2/X2000_pi10_L20_darkQCDtch.yoda.gz/JetMETAnalysis/jet12_dR //eos/home-y/yiyu/monobc/Rivet_New2/X2000_pi20_L40_darkQCDtch.yoda.gz/JetMETAnalysis/jet12_dR
LegendOnly=//eos/home-y/yiyu/monobc/Rivet_New2/X600_pi10_L20_darkQCDtch.yoda.gz/JetMETAnalysis/jet12_dR //eos/home-y/yiyu/monobc/Rivet_New2/X600_pi20_L40_darkQCDtch.yoda.gz/JetMETAnalysis/jet12_dR //eos/home-y/yiyu/monobc/Rivet_New2/X1200_pi10_L20_darkQCDtch.yoda.gz/JetMETAnalysis/jet12_dR //eos/home-y/yiyu/monobc/Rivet_New2/X1200_pi20_L40_darkQCDtch.yoda.gz/JetMETAnalysis/jet12_dR //eos/home-y/yiyu/monobc/Rivet_New2/X2000_pi10_L20_darkQCDtch.yoda.gz/JetMETAnalysis/jet12_dR //eos/home-y/yiyu/monobc/Rivet_New2/X2000_pi20_L40_darkQCDtch.yoda.gz/JetMETAnalysis/jet12_dR
RatioPlot=1
RatioPlotReference=//eos/home-y/yiyu/monobc/Rivet_New2/X600_pi10_L20_darkQCDtch.yoda.gz/JetMETAnalysis/jet12_dR
RatioPlotYLabel=Ratio
# END PLOT

# BEGIN HISTO1D //eos/home-y/yiyu/monobc/Rivet_New2/X600_pi10_L20_darkQCDtch.yoda.gz/JetMETAnalysis/jet12_dR
ErrorBars=1
LineColor=red
LineStyle=solid
Path=//eos/home-y/yiyu/monobc/Rivet_New2/X600_pi10_L20_darkQCDtch.yoda.gz/JetMETAnalysis/jet12_dR
ScaledBy=8.61703272748720283e-06
Title=X600_pi10_L20
# xlow	 xhigh	 val	 errminus	 errplus
0.000000e+00	1.000000e-01	0.000000e+00	0.000000e+00	0.000000e+00
1.000000e-01	2.000000e-01	0.000000e+00	0.000000e+00	0.000000e+00
2.000000e-01	3.000000e-01	0.000000e+00	0.000000e+00	0.000000e+00
3.000000e-01	4.000000e-01	0.000000e+00	0.000000e+00	0.000000e+00
4.000000e-01	5.000000e-01	4.665344e-04	3.887786e-05	3.887786e-05
5.000000e-01	6.000000e-01	7.905165e-04	5.060764e-05	5.060764e-05
6.000000e-01	7.000000e-01	9.687067e-04	5.602175e-05	5.602175e-05
7.000000e-01	8.000000e-01	8.941908e-04	5.382396e-05	5.382396e-05
8.000000e-01	9.000000e-01	8.650324e-04	5.293913e-05	5.293913e-05
9.000000e-01	1.000000e+00	9.687067e-04	5.602175e-05	5.602175e-05
1.000000e+00	1.100000e+00	9.654669e-04	5.611536e-05	5.611536e-05
1.100000e+00	1.200000e+00	1.033503e-03	5.786507e-05	5.786507e-05
1.200000e+00	1.300000e+00	1.124218e-03	6.035120e-05	6.035120e-05
1.300000e+00	1.400000e+00	1.292689e-03	6.471539e-05	6.471539e-05
1.400000e+00	1.500000e+00	1.263531e-03	6.398136e-05	6.398136e-05
1.500000e+00	1.600000e+00	1.266770e-03	6.406333e-05	6.406333e-05
1.600000e+00	1.700000e+00	1.399603e-03	6.733844e-05	6.733844e-05
1.700000e+00	1.800000e+00	1.538915e-03	7.061028e-05	7.061028e-05
1.800000e+00	1.900000e+00	1.590753e-03	7.193572e-05	7.193572e-05
1.900000e+00	2.000000e+00	1.739784e-03	7.507723e-05	7.507723e-05
2.000000e+00	2.100000e+00	1.597232e-03	7.193572e-05	7.193572e-05
2.100000e+00	2.200000e+00	1.713866e-03	7.465663e-05	7.465663e-05
2.200000e+00	2.300000e+00	1.791622e-03	7.618750e-05	7.618750e-05
2.300000e+00	2.400000e+00	1.856418e-03	7.755297e-05	7.755297e-05
2.400000e+00	2.500000e+00	1.911495e-03	7.869500e-05	7.869500e-05
2.500000e+00	2.600000e+00	2.118844e-03	8.285334e-05	8.285334e-05
2.600000e+00	2.700000e+00	2.151242e-03	8.348437e-05	8.348437e-05
2.700000e+00	2.800000e+00	2.329432e-03	8.687315e-05	8.687315e-05
2.800000e+00	2.900000e+00	2.397468e-03	8.813268e-05	8.813268e-05
2.900000e+00	3.000000e+00	2.368310e-03	8.771485e-05	8.771485e-05
3.000000e+00	3.100000e+00	2.293794e-03	8.632773e-05	8.632773e-05
3.100000e+00	3.200000e+00	2.092925e-03	8.234503e-05	8.234503e-05
3.200000e+00	3.300000e+00	1.454680e-03	6.865059e-05	6.865059e-05
3.300000e+00	3.400000e+00	1.156616e-03	6.121463e-05	6.121463e-05
3.400000e+00	3.500000e+00	9.622271e-04	5.583408e-05	5.583408e-05
3.500000e+00	3.600000e+00	7.645980e-04	4.977109e-05	4.977109e-05
3.600000e+00	3.700000e+00	6.447246e-04	4.570331e-05	4.570331e-05
3.700000e+00	3.800000e+00	5.831679e-04	4.346677e-05	4.346677e-05
3.800000e+00	3.900000e+00	4.308963e-04	3.736344e-05	3.736344e-05
3.900000e+00	4.000000e+00	4.114574e-04	3.651094e-05	3.651094e-05
4.000000e+00	4.100000e+00	3.758193e-04	3.489395e-05	3.489395e-05
4.100000e+00	4.200000e+00	2.689052e-04	2.951618e-05	2.951618e-05
4.200000e+00	4.300000e+00	2.429866e-04	2.805768e-05	2.805768e-05
4.300000e+00	4.400000e+00	1.587513e-04	2.267875e-05	2.267875e-05
4.400000e+00	4.500000e+00	1.879097e-04	2.467375e-05	2.467375e-05
4.500000e+00	4.600000e+00	1.166336e-04	1.943893e-05	1.943893e-05
4.600000e+00	4.700000e+00	9.719466e-05	1.774524e-05	1.774524e-05
4.700000e+00	4.800000e+00	8.747519e-05	1.683461e-05	1.683461e-05
4.800000e+00	4.900000e+00	6.479644e-05	1.448892e-05	1.448892e-05
4.900000e+00	5.000000e+00	6.479644e-05	1.448892e-05	1.448892e-05
# END HISTO1D


# BEGIN HISTO1D //eos/home-y/yiyu/monobc/Rivet_New2/X600_pi20_L40_darkQCDtch.yoda.gz/JetMETAnalysis/jet12_dR
ErrorBars=1
LineColor=red
LineStyle=dashed
Path=//eos/home-y/yiyu/monobc/Rivet_New2/X600_pi20_L40_darkQCDtch.yoda.gz/JetMETAnalysis/jet12_dR
ScaledBy=7.76911121898319573e-06
Title=X600_pi20_L40
# xlow	 xhigh	 val	 errminus	 errplus
0.000000e+00	1.000000e-01	0.000000e+00	0.000000e+00	0.000000e+00
1.000000e-01	2.000000e-01	0.000000e+00	0.000000e+00	0.000000e+00
2.000000e-01	3.000000e-01	0.000000e+00	0.000000e+00	0.000000e+00
3.000000e-01	4.000000e-01	0.000000e+00	0.000000e+00	0.000000e+00
4.000000e-01	5.000000e-01	4.406270e-04	3.516586e-05	3.516586e-05
5.000000e-01	6.000000e-01	6.932156e-04	4.410825e-05	4.410825e-05
6.000000e-01	7.000000e-01	7.661857e-04	4.637167e-05	4.637167e-05
7.000000e-01	8.000000e-01	8.559950e-04	4.901413e-05	4.901413e-05
8.000000e-01	9.000000e-01	7.381203e-04	4.551445e-05	4.551445e-05
9.000000e-01	1.000000e+00	7.998642e-04	4.737987e-05	4.737987e-05
1.000000e+00	1.100000e+00	9.121259e-04	5.059564e-05	5.059564e-05
1.100000e+00	1.200000e+00	9.008997e-04	5.028332e-05	5.028332e-05
1.200000e+00	1.300000e+00	1.032807e-03	5.383880e-05	5.383880e-05
1.300000e+00	1.400000e+00	1.119810e-03	5.606061e-05	5.606061e-05
1.400000e+00	1.500000e+00	1.187167e-03	5.772203e-05	5.772203e-05
1.500000e+00	1.600000e+00	1.114197e-03	5.591993e-05	5.591993e-05
1.600000e+00	1.700000e+00	1.206813e-03	5.819767e-05	5.819767e-05
1.700000e+00	1.800000e+00	1.293815e-03	6.025899e-05	6.025899e-05
1.800000e+00	1.900000e+00	1.428529e-03	6.331845e-05	6.331845e-05
1.900000e+00	2.000000e+00	1.526758e-03	6.545922e-05	6.545922e-05
2.000000e+00	2.100000e+00	1.557630e-03	6.611772e-05	6.611772e-05
2.100000e+00	2.200000e+00	1.498693e-03	6.485478e-05	6.485478e-05
2.200000e+00	2.300000e+00	1.810219e-03	7.127730e-05	7.127730e-05
2.300000e+00	2.400000e+00	1.958966e-03	7.414795e-05	7.414795e-05
2.400000e+00	2.500000e+00	1.995451e-03	7.483525e-05	7.483525e-05
2.500000e+00	2.600000e+00	2.079647e-03	7.639774e-05	7.639774e-05
2.600000e+00	2.700000e+00	2.270492e-03	7.982624e-05	7.982624e-05
2.700000e+00	2.800000e+00	2.458530e-03	8.316080e-05	8.316080e-05
2.800000e+00	2.900000e+00	2.486595e-03	8.372717e-05	8.372717e-05
2.900000e+00	3.000000e+00	2.506241e-03	8.386816e-05	8.386816e-05
3.000000e+00	3.100000e+00	2.685860e-03	8.682152e-05	8.682152e-05
3.100000e+00	3.200000e+00	2.264879e-03	7.972750e-05	7.972750e-05
3.200000e+00	3.300000e+00	1.515532e-03	6.521812e-05	6.521812e-05
3.300000e+00	3.400000e+00	1.142262e-03	5.661984e-05	5.661984e-05
3.400000e+00	3.500000e+00	8.138969e-04	4.779367e-05	4.779367e-05
3.500000e+00	3.600000e+00	6.595372e-04	4.302346e-05	4.302346e-05
3.600000e+00	3.700000e+00	5.613082e-04	3.969049e-05	3.969049e-05
3.700000e+00	3.800000e+00	4.967578e-04	3.733860e-05	3.733860e-05
3.800000e+00	3.900000e+00	3.648503e-04	3.199948e-05	3.199948e-05
3.900000e+00	4.000000e+00	2.722345e-04	2.764122e-05	2.764122e-05
4.000000e+00	4.100000e+00	2.469756e-04	2.632769e-05	2.632769e-05
4.100000e+00	4.200000e+00	2.469756e-04	2.632769e-05	2.632769e-05
4.200000e+00	4.300000e+00	1.178747e-04	1.818847e-05	1.818847e-05
4.300000e+00	4.400000e+00	9.822894e-05	1.660372e-05	1.660372e-05
4.400000e+00	4.500000e+00	9.542240e-05	1.636481e-05	1.636481e-05
4.500000e+00	4.600000e+00	9.261586e-05	1.612235e-05	1.612235e-05
4.600000e+00	4.700000e+00	5.893736e-05	1.286119e-05	1.286119e-05
4.700000e+00	4.800000e+00	5.893736e-05	1.286119e-05	1.286119e-05
4.800000e+00	4.900000e+00	3.367849e-05	9.722143e-06	9.722143e-06
4.900000e+00	5.000000e+00	1.964579e-05	7.425410e-06	7.425410e-06
# END HISTO1D


# BEGIN HISTO1D //eos/home-y/yiyu/monobc/Rivet_New2/X1200_pi10_L20_darkQCDtch.yoda.gz/JetMETAnalysis/jet12_dR
ErrorBars=1
LineColor=blue
LineStyle=solid
Path=//eos/home-y/yiyu/monobc/Rivet_New2/X1200_pi10_L20_darkQCDtch.yoda.gz/JetMETAnalysis/jet12_dR
ScaledBy=1.30078643920316757e-05
Title=X1200_pi10_L20
# xlow	 xhigh	 val	 errminus	 errplus
0.000000e+00	1.000000e-01	0.000000e+00	0.000000e+00	0.000000e+00
1.000000e-01	2.000000e-01	0.000000e+00	0.000000e+00	0.000000e+00
2.000000e-01	3.000000e-01	0.000000e+00	0.000000e+00	0.000000e+00
3.000000e-01	4.000000e-01	0.000000e+00	0.000000e+00	0.000000e+00
4.000000e-01	5.000000e-01	1.646362e-05	1.706820e-06	1.706820e-06
5.000000e-01	6.000000e-01	2.391558e-05	2.050528e-06	2.050528e-06
6.000000e-01	7.000000e-01	2.807481e-05	2.205765e-06	2.205765e-06
7.000000e-01	8.000000e-01	3.171413e-05	2.357152e-06	2.357152e-06
8.000000e-01	9.000000e-01	3.414035e-05	2.444715e-06	2.444715e-06
9.000000e-01	1.000000e+00	4.193891e-05	2.695935e-06	2.695935e-06
1.000000e+00	1.100000e+00	4.141901e-05	2.679173e-06	2.679173e-06
1.100000e+00	1.200000e+00	4.055250e-05	2.662305e-06	2.662305e-06
1.200000e+00	1.300000e+00	4.644474e-05	2.847631e-06	2.847631e-06
1.300000e+00	1.400000e+00	4.280542e-05	2.723643e-06	2.723643e-06
1.400000e+00	1.500000e+00	5.043067e-05	2.956298e-06	2.956298e-06
1.500000e+00	1.600000e+00	5.666952e-05	3.133832e-06	3.133832e-06
1.600000e+00	1.700000e+00	6.273506e-05	3.297282e-06	3.297282e-06
1.700000e+00	1.800000e+00	5.874913e-05	3.200214e-06	3.200214e-06
1.800000e+00	1.900000e+00	6.793410e-05	3.439932e-06	3.439932e-06
1.900000e+00	2.000000e+00	6.828070e-05	3.439932e-06	3.439932e-06
2.000000e+00	2.100000e+00	7.833218e-05	3.684436e-06	3.684436e-06
2.100000e+00	2.200000e+00	7.971859e-05	3.724970e-06	3.724970e-06
2.200000e+00	2.300000e+00	8.925016e-05	3.932832e-06	3.932832e-06
2.300000e+00	2.400000e+00	8.717054e-05	3.886743e-06	3.886743e-06
2.400000e+00	2.500000e+00	9.410259e-05	4.038329e-06	4.038329e-06
2.500000e+00	2.600000e+00	8.925016e-05	3.932832e-06	3.932832e-06
2.600000e+00	2.700000e+00	9.496910e-05	4.056879e-06	4.056879e-06
2.700000e+00	2.800000e+00	1.103929e-04	4.380788e-06	4.380788e-06
2.800000e+00	2.900000e+00	1.065803e-04	4.304715e-06	4.304715e-06
2.900000e+00	3.000000e+00	1.136856e-04	4.445439e-06	4.445439e-06
3.000000e+00	3.100000e+00	1.135123e-04	4.435294e-06	4.435294e-06
3.100000e+00	3.200000e+00	1.072735e-04	4.311685e-06	4.311685e-06
3.200000e+00	3.300000e+00	8.457102e-05	3.836187e-06	3.836187e-06
3.300000e+00	3.400000e+00	6.758750e-05	3.422426e-06	3.422426e-06
3.400000e+00	3.500000e+00	6.290836e-05	3.310917e-06	3.310917e-06
3.500000e+00	3.600000e+00	5.372340e-05	3.051284e-06	3.051284e-06
3.600000e+00	3.700000e+00	4.592484e-05	2.821140e-06	2.821140e-06
3.700000e+00	3.800000e+00	3.777968e-05	2.558763e-06	2.558763e-06
3.800000e+00	3.900000e+00	3.604667e-05	2.499387e-06	2.499387e-06
3.900000e+00	4.000000e+00	3.102093e-05	2.318613e-06	2.318613e-06
4.000000e+00	4.100000e+00	2.772820e-05	2.192107e-06	2.192107e-06
4.100000e+00	4.200000e+00	2.547529e-05	2.101166e-06	2.101166e-06
4.200000e+00	4.300000e+00	2.027625e-05	1.874540e-06	1.874540e-06
4.300000e+00	4.400000e+00	1.559712e-05	1.644080e-06	1.644080e-06
4.400000e+00	4.500000e+00	1.334420e-05	1.520713e-06	1.520713e-06
4.500000e+00	4.600000e+00	1.334420e-05	1.520713e-06	1.520713e-06
4.600000e+00	4.700000e+00	7.625256e-06	1.149551e-06	1.149551e-06
4.700000e+00	4.800000e+00	7.278654e-06	1.123121e-06	1.123121e-06
4.800000e+00	4.900000e+00	7.798558e-06	1.162540e-06	1.162540e-06
4.900000e+00	5.000000e+00	4.679135e-06	9.004999e-07	9.004999e-07
# END HISTO1D


# BEGIN HISTO1D //eos/home-y/yiyu/monobc/Rivet_New2/X1200_pi20_L40_darkQCDtch.yoda.gz/JetMETAnalysis/jet12_dR
ErrorBars=1
LineColor=blue
LineStyle=dashed
Path=//eos/home-y/yiyu/monobc/Rivet_New2/X1200_pi20_L40_darkQCDtch.yoda.gz/JetMETAnalysis/jet12_dR
ScaledBy=1.08493113462930623e-05
Title=X1200_pi20_L40
# xlow	 xhigh	 val	 errminus	 errplus
0.000000e+00	1.000000e-01	0.000000e+00	0.000000e+00	0.000000e+00
1.000000e-01	2.000000e-01	0.000000e+00	0.000000e+00	0.000000e+00
2.000000e-01	3.000000e-01	0.000000e+00	0.000000e+00	0.000000e+00
3.000000e-01	4.000000e-01	1.349803e-07	1.349803e-07	1.349803e-07
4.000000e-01	5.000000e-01	1.228321e-05	1.287630e-06	1.287630e-06
5.000000e-01	6.000000e-01	2.686108e-05	1.904131e-06	1.904131e-06
6.000000e-01	7.000000e-01	3.158539e-05	2.064801e-06	2.064801e-06
7.000000e-01	8.000000e-01	3.023558e-05	2.020200e-06	2.020200e-06
8.000000e-01	9.000000e-01	3.361009e-05	2.138490e-06	2.138490e-06
9.000000e-01	1.000000e+00	3.563480e-05	2.193170e-06	2.193170e-06
1.000000e+00	1.100000e+00	3.860436e-05	2.290691e-06	2.290691e-06
1.100000e+00	1.200000e+00	3.630970e-05	2.213841e-06	2.213841e-06
1.200000e+00	1.300000e+00	4.292373e-05	2.407043e-06	2.407043e-06
1.300000e+00	1.400000e+00	4.454349e-05	2.452039e-06	2.452039e-06
1.400000e+00	1.500000e+00	4.332867e-05	2.425893e-06	2.425893e-06
1.500000e+00	1.600000e+00	4.535338e-05	2.481582e-06	2.481582e-06
1.600000e+00	1.700000e+00	5.358717e-05	2.689463e-06	2.689463e-06
1.700000e+00	1.800000e+00	5.723164e-05	2.779414e-06	2.779414e-06
1.800000e+00	1.900000e+00	6.141603e-05	2.879228e-06	2.879228e-06
1.900000e+00	2.000000e+00	6.735516e-05	3.015231e-06	3.015231e-06
2.000000e+00	2.100000e+00	6.816504e-05	3.033305e-06	3.033305e-06
2.100000e+00	2.200000e+00	7.477908e-05	3.177058e-06	3.177058e-06
2.200000e+00	2.300000e+00	7.599390e-05	3.208445e-06	3.208445e-06
2.300000e+00	2.400000e+00	8.355280e-05	3.358270e-06	3.358270e-06
2.400000e+00	2.500000e+00	8.139311e-05	3.314584e-06	3.314584e-06
2.500000e+00	2.600000e+00	9.016683e-05	3.493878e-06	3.493878e-06
2.600000e+00	2.700000e+00	9.462118e-05	3.578887e-06	3.578887e-06
2.700000e+00	2.800000e+00	1.042048e-04	3.760116e-06	3.760116e-06
2.800000e+00	2.900000e+00	1.035299e-04	3.738247e-06	3.738247e-06
2.900000e+00	3.000000e+00	1.064994e-04	3.805869e-06	3.805869e-06
3.000000e+00	3.100000e+00	1.139234e-04	3.921404e-06	3.921404e-06
3.100000e+00	3.200000e+00	1.005603e-04	3.689187e-06	3.689187e-06
3.200000e+00	3.300000e+00	7.396920e-05	3.159807e-06	3.159807e-06
3.300000e+00	3.400000e+00	6.249587e-05	2.904430e-06	2.904430e-06
3.400000e+00	3.500000e+00	4.818796e-05	2.550377e-06	2.550377e-06
3.500000e+00	3.600000e+00	3.995416e-05	2.322289e-06	2.322289e-06
3.600000e+00	3.700000e+00	3.185535e-05	2.073607e-06	2.073607e-06
3.700000e+00	3.800000e+00	2.713104e-05	1.913676e-06	1.913676e-06
3.800000e+00	3.900000e+00	2.618618e-05	1.880058e-06	1.880058e-06
3.900000e+00	4.000000e+00	2.254171e-05	1.744330e-06	1.744330e-06
4.000000e+00	4.100000e+00	2.146187e-05	1.702037e-06	1.702037e-06
4.100000e+00	4.200000e+00	1.795238e-05	1.556669e-06	1.556669e-06
4.200000e+00	4.300000e+00	1.376799e-05	1.363234e-06	1.363234e-06
4.300000e+00	4.400000e+00	8.908699e-06	1.096585e-06	1.096585e-06
4.400000e+00	4.500000e+00	9.853561e-06	1.153272e-06	1.153272e-06
4.500000e+00	4.600000e+00	7.423916e-06	1.001040e-06	1.001040e-06
4.600000e+00	4.700000e+00	4.589330e-06	7.870635e-07	7.870635e-07
4.700000e+00	4.800000e+00	4.724310e-06	7.985541e-07	7.985541e-07
4.800000e+00	4.900000e+00	3.779448e-06	7.142486e-07	7.142486e-07
4.900000e+00	5.000000e+00	2.969566e-06	6.331137e-07	6.331137e-07
# END HISTO1D


# BEGIN HISTO1D //eos/home-y/yiyu/monobc/Rivet_New2/X2000_pi10_L20_darkQCDtch.yoda.gz/JetMETAnalysis/jet12_dR
ErrorBars=1
LineColor=violet
LineStyle=solid
Path=//eos/home-y/yiyu/monobc/Rivet_New2/X2000_pi10_L20_darkQCDtch.yoda.gz/JetMETAnalysis/jet12_dR
ScaledBy=1.55690063617137710e-05
Title=X2000_pi10_L20
# xlow	 xhigh	 val	 errminus	 errplus
0.000000e+00	1.000000e-01	0.000000e+00	0.000000e+00	0.000000e+00
1.000000e-01	2.000000e-01	0.000000e+00	0.000000e+00	0.000000e+00
2.000000e-01	3.000000e-01	0.000000e+00	0.000000e+00	0.000000e+00
3.000000e-01	4.000000e-01	0.000000e+00	0.000000e+00	0.000000e+00
4.000000e-01	5.000000e-01	1.435852e-06	1.885366e-07	1.885366e-07
5.000000e-01	6.000000e-01	2.723168e-06	2.596439e-07	2.596439e-07
6.000000e-01	7.000000e-01	3.688655e-06	3.021864e-07	3.021864e-07
7.000000e-01	8.000000e-01	3.837191e-06	3.082106e-07	3.082106e-07
8.000000e-01	9.000000e-01	4.406581e-06	3.302871e-07	3.302871e-07
9.000000e-01	1.000000e+00	4.753166e-06	3.430302e-07	3.430302e-07
1.000000e+00	1.100000e+00	4.852190e-06	3.465851e-07	3.465851e-07
1.100000e+00	1.200000e+00	5.421580e-06	3.663564e-07	3.663564e-07
1.200000e+00	1.300000e+00	6.263286e-06	3.937695e-07	3.937695e-07
1.300000e+00	1.400000e+00	6.560359e-06	4.029996e-07	4.029996e-07
1.400000e+00	1.500000e+00	7.352553e-06	4.266384e-07	4.266384e-07
1.500000e+00	1.600000e+00	7.278285e-06	4.244782e-07	4.244782e-07
1.600000e+00	1.700000e+00	8.119991e-06	4.483515e-07	4.483515e-07
1.700000e+00	1.800000e+00	9.011210e-06	4.723158e-07	4.723158e-07
1.800000e+00	1.900000e+00	9.159746e-06	4.761925e-07	4.761925e-07
1.900000e+00	2.000000e+00	9.828160e-06	4.932612e-07	4.932612e-07
2.000000e+00	2.100000e+00	1.007572e-05	4.994350e-07	4.994350e-07
2.100000e+00	2.200000e+00	1.151157e-05	5.338364e-07	5.338364e-07
2.200000e+00	2.300000e+00	1.203145e-05	5.468795e-07	5.468795e-07
2.300000e+00	2.400000e+00	1.217999e-05	5.491162e-07	5.491162e-07
2.400000e+00	2.500000e+00	1.267511e-05	5.601660e-07	5.601660e-07
2.500000e+00	2.600000e+00	1.297218e-05	5.666924e-07	5.666924e-07
2.600000e+00	2.700000e+00	1.425950e-05	5.962052e-07	5.962052e-07
2.700000e+00	2.800000e+00	1.485364e-05	6.063974e-07	6.063974e-07
2.800000e+00	2.900000e+00	1.502694e-05	6.099245e-07	6.099245e-07
2.900000e+00	3.000000e+00	1.623998e-05	6.340648e-07	6.340648e-07
3.000000e+00	3.100000e+00	1.589340e-05	6.272624e-07	6.272624e-07
3.100000e+00	3.200000e+00	1.465559e-05	6.023412e-07	6.023412e-07
3.200000e+00	3.300000e+00	1.190767e-05	5.429430e-07	5.429430e-07
3.300000e+00	3.400000e+00	1.089267e-05	5.192878e-07	5.192878e-07
3.400000e+00	3.500000e+00	1.029853e-05	5.061391e-07	5.061391e-07
3.500000e+00	3.600000e+00	8.540845e-06	4.598237e-07	4.598237e-07
3.600000e+00	3.700000e+00	7.550602e-06	4.323462e-07	4.323462e-07
3.700000e+00	3.800000e+00	6.510847e-06	4.014760e-07	4.014760e-07
3.800000e+00	3.900000e+00	5.570116e-06	3.713411e-07	3.713411e-07
3.900000e+00	4.000000e+00	4.530361e-06	3.348939e-07	3.348939e-07
4.000000e+00	4.100000e+00	4.258044e-06	3.246728e-07	3.246728e-07
4.100000e+00	4.200000e+00	3.317314e-06	2.865722e-07	2.865722e-07
4.200000e+00	4.300000e+00	3.193533e-06	2.811749e-07	2.811749e-07
4.300000e+00	4.400000e+00	2.945973e-06	2.700569e-07	2.700569e-07
4.400000e+00	4.500000e+00	2.426095e-06	2.450726e-07	2.450726e-07
4.500000e+00	4.600000e+00	2.178534e-06	2.322325e-07	2.322325e-07
4.600000e+00	4.700000e+00	1.386340e-06	1.852575e-07	1.852575e-07
4.700000e+00	4.800000e+00	1.534876e-06	1.949295e-07	1.949295e-07
4.800000e+00	4.900000e+00	9.654868e-07	1.546016e-07	1.546016e-07
4.900000e+00	5.000000e+00	8.169504e-07	1.422128e-07	1.422128e-07
# END HISTO1D


# BEGIN HISTO1D //eos/home-y/yiyu/monobc/Rivet_New2/X2000_pi20_L40_darkQCDtch.yoda.gz/JetMETAnalysis/jet12_dR
ErrorBars=1
LineColor=violet
LineStyle=dashed
Path=//eos/home-y/yiyu/monobc/Rivet_New2/X2000_pi20_L40_darkQCDtch.yoda.gz/JetMETAnalysis/jet12_dR
ScaledBy=1.31469333215724904e-05
Title=X2000_pi20_L40
# xlow	 xhigh	 val	 errminus	 errplus
0.000000e+00	1.000000e-01	0.000000e+00	0.000000e+00	0.000000e+00
1.000000e-01	2.000000e-01	0.000000e+00	0.000000e+00	0.000000e+00
2.000000e-01	3.000000e-01	0.000000e+00	0.000000e+00	0.000000e+00
3.000000e-01	4.000000e-01	0.000000e+00	0.000000e+00	0.000000e+00
4.000000e-01	5.000000e-01	1.786138e-06	1.852139e-07	1.852139e-07
5.000000e-01	6.000000e-01	3.821952e-06	2.709310e-07	2.709310e-07
6.000000e-01	7.000000e-01	4.513361e-06	2.944192e-07	2.944192e-07
7.000000e-01	8.000000e-01	4.263685e-06	2.861598e-07	2.861598e-07
8.000000e-01	9.000000e-01	4.955094e-06	3.084907e-07	3.084907e-07
9.000000e-01	1.000000e+00	5.070328e-06	3.120571e-07	3.120571e-07
1.000000e+00	1.100000e+00	4.916682e-06	3.072926e-07	3.072926e-07
1.100000e+00	1.200000e+00	5.665708e-06	3.298703e-07	3.298703e-07
1.200000e+00	1.300000e+00	5.339210e-06	3.202245e-07	3.202245e-07
1.300000e+00	1.400000e+00	6.011412e-06	3.397851e-07	3.397851e-07
1.400000e+00	1.500000e+00	6.145853e-06	3.435637e-07	3.435637e-07
1.500000e+00	1.600000e+00	7.240583e-06	3.729090e-07	3.729090e-07
1.600000e+00	1.700000e+00	7.778345e-06	3.865091e-07	3.865091e-07
1.700000e+00	1.800000e+00	7.663110e-06	3.836354e-07	3.836354e-07
1.800000e+00	1.900000e+00	8.892281e-06	4.132594e-07	4.132594e-07
1.900000e+00	2.000000e+00	8.834663e-06	4.128128e-07	4.128128e-07
2.000000e+00	2.100000e+00	9.967805e-06	4.375381e-07	4.375381e-07
2.100000e+00	2.200000e+00	1.006383e-05	4.396406e-07	4.396406e-07
2.200000e+00	2.300000e+00	1.002542e-05	4.388008e-07	4.388008e-07
2.300000e+00	2.400000e+00	1.123539e-05	4.653195e-07	4.653195e-07
2.400000e+00	2.500000e+00	1.165791e-05	4.731801e-07	4.731801e-07
2.500000e+00	2.600000e+00	1.209965e-05	4.820615e-07	4.820615e-07
2.600000e+00	2.700000e+00	1.323279e-05	5.048603e-07	5.048603e-07
2.700000e+00	2.800000e+00	1.476925e-05	5.325928e-07	5.325928e-07
2.800000e+00	2.900000e+00	1.450037e-05	5.291186e-07	5.291186e-07
2.900000e+00	3.000000e+00	1.515337e-05	5.394742e-07	5.394742e-07
3.000000e+00	3.100000e+00	1.540304e-05	5.445781e-07	5.445781e-07
3.100000e+00	3.200000e+00	1.557590e-05	5.476177e-07	5.476177e-07
3.200000e+00	3.300000e+00	1.085127e-05	4.565164e-07	4.565164e-07
3.300000e+00	3.400000e+00	9.141956e-06	4.199002e-07	4.199002e-07
3.400000e+00	3.500000e+00	7.163760e-06	3.709255e-07	3.709255e-07
3.500000e+00	3.600000e+00	6.107441e-06	3.424882e-07	3.424882e-07
3.600000e+00	3.700000e+00	4.955094e-06	3.084907e-07	3.084907e-07
3.700000e+00	3.800000e+00	4.321303e-06	2.880868e-07	2.880868e-07
3.800000e+00	3.900000e+00	4.340508e-06	2.887263e-07	2.887263e-07
3.900000e+00	4.000000e+00	2.900074e-06	2.360047e-07	2.360047e-07
4.000000e+00	4.100000e+00	2.996103e-06	2.398802e-07	2.398802e-07
4.100000e+00	4.200000e+00	2.131843e-06	2.041604e-07	2.041604e-07
4.200000e+00	4.300000e+00	1.805344e-06	1.862070e-07	1.862070e-07
4.300000e+00	4.400000e+00	1.728521e-06	1.822021e-07	1.822021e-07
4.400000e+00	4.500000e+00	1.190759e-06	1.512266e-07	1.512266e-07
4.500000e+00	4.600000e+00	9.602895e-07	1.358054e-07	1.358054e-07
4.600000e+00	4.700000e+00	6.529968e-07	1.119880e-07	1.119880e-07
4.700000e+00	4.800000e+00	6.529968e-07	1.119880e-07	1.119880e-07
4.800000e+00	4.900000e+00	7.298200e-07	1.183924e-07	1.183924e-07
4.900000e+00	5.000000e+00	5.185563e-07	9.979621e-08	9.979621e-08
# END HISTO1D

