# BEGIN PLOT
Legend=1
LogY=1
LegendPlacement=manual
LegendAlign=r
LegendXPos=1.36
RightMargin=3.7
Title=Di-jet $\Delta\eta$
XLabel=$\Delta\eta_{jj}$
YLabel=$\mathrm{d}\sigma/\mathrm{d}\Delta\eta_{jj}$ [pb]
DrawOnly=//eos/home-y/yiyu/monobc/Rivet_New2/X600_pi10_L20_darkQCDtch.yoda.gz/JetMETAnalysis/jet12_deta //eos/home-y/yiyu/monobc/Rivet_New2/X600_pi20_L40_darkQCDtch.yoda.gz/JetMETAnalysis/jet12_deta //eos/home-y/yiyu/monobc/Rivet_New2/X1200_pi10_L20_darkQCDtch.yoda.gz/JetMETAnalysis/jet12_deta //eos/home-y/yiyu/monobc/Rivet_New2/X1200_pi20_L40_darkQCDtch.yoda.gz/JetMETAnalysis/jet12_deta //eos/home-y/yiyu/monobc/Rivet_New2/X2000_pi10_L20_darkQCDtch.yoda.gz/JetMETAnalysis/jet12_deta //eos/home-y/yiyu/monobc/Rivet_New2/X2000_pi20_L40_darkQCDtch.yoda.gz/JetMETAnalysis/jet12_deta
LegendOnly=//eos/home-y/yiyu/monobc/Rivet_New2/X600_pi10_L20_darkQCDtch.yoda.gz/JetMETAnalysis/jet12_deta //eos/home-y/yiyu/monobc/Rivet_New2/X600_pi20_L40_darkQCDtch.yoda.gz/JetMETAnalysis/jet12_deta //eos/home-y/yiyu/monobc/Rivet_New2/X1200_pi10_L20_darkQCDtch.yoda.gz/JetMETAnalysis/jet12_deta //eos/home-y/yiyu/monobc/Rivet_New2/X1200_pi20_L40_darkQCDtch.yoda.gz/JetMETAnalysis/jet12_deta //eos/home-y/yiyu/monobc/Rivet_New2/X2000_pi10_L20_darkQCDtch.yoda.gz/JetMETAnalysis/jet12_deta //eos/home-y/yiyu/monobc/Rivet_New2/X2000_pi20_L40_darkQCDtch.yoda.gz/JetMETAnalysis/jet12_deta
RatioPlot=1
RatioPlotReference=//eos/home-y/yiyu/monobc/Rivet_New2/X600_pi10_L20_darkQCDtch.yoda.gz/JetMETAnalysis/jet12_deta
RatioPlotYLabel=Ratio
# END PLOT

# BEGIN HISTO1D //eos/home-y/yiyu/monobc/Rivet_New2/X600_pi10_L20_darkQCDtch.yoda.gz/JetMETAnalysis/jet12_deta
ErrorBars=1
LineColor=red
LineStyle=solid
Path=//eos/home-y/yiyu/monobc/Rivet_New2/X600_pi10_L20_darkQCDtch.yoda.gz/JetMETAnalysis/jet12_deta
ScaledBy=8.61703272748720283e-06
Title=X600_pi10_L20
# xlow	 xhigh	 val	 errminus	 errplus
0.000000e+00	1.000000e-01	2.488183e-03	8.990141e-05	8.990141e-05
1.000000e-01	2.000000e-01	2.410427e-03	8.837056e-05	8.837056e-05
2.000000e-01	3.000000e-01	2.426627e-03	8.866701e-05	8.866701e-05
3.000000e-01	4.000000e-01	2.552980e-03	9.094613e-05	9.094613e-05
4.000000e-01	5.000000e-01	2.552980e-03	9.106147e-05	9.106147e-05
5.000000e-01	6.000000e-01	2.731170e-03	9.406649e-05	9.406649e-05
6.000000e-01	7.000000e-01	2.478464e-03	8.960905e-05	8.960905e-05
7.000000e-01	8.000000e-01	2.348871e-03	8.723487e-05	8.723487e-05
8.000000e-01	9.000000e-01	2.271115e-03	8.577884e-05	8.577884e-05
9.000000e-01	1.000000e+00	2.160961e-03	8.367275e-05	8.367275e-05
1.000000e+00	1.100000e+00	2.057287e-03	8.164094e-05	8.164094e-05
1.100000e+00	1.200000e+00	1.853178e-03	7.748527e-05	7.748527e-05
1.200000e+00	1.300000e+00	1.759223e-03	7.549550e-05	7.549550e-05
1.300000e+00	1.400000e+00	1.717106e-03	7.472690e-05	7.472690e-05
1.400000e+00	1.500000e+00	1.723585e-03	7.472690e-05	7.472690e-05
1.500000e+00	1.600000e+00	1.399603e-03	6.749413e-05	6.749413e-05
1.600000e+00	1.700000e+00	1.477359e-03	6.933521e-05	6.933521e-05
1.700000e+00	1.800000e+00	1.376924e-03	6.679064e-05	6.679064e-05
1.800000e+00	1.900000e+00	1.111259e-03	6.000234e-05	6.000234e-05
1.900000e+00	2.000000e+00	1.218173e-03	6.282248e-05	6.282248e-05
2.000000e+00	2.100000e+00	1.088580e-03	5.938692e-05	5.938692e-05
2.100000e+00	2.200000e+00	1.036743e-03	5.795570e-05	5.795570e-05
2.200000e+00	2.300000e+00	9.654669e-04	5.592800e-05	5.592800e-05
2.300000e+00	2.400000e+00	9.265891e-04	5.479036e-05	5.479036e-05
2.400000e+00	2.500000e+00	7.419192e-04	4.902740e-05	4.902740e-05
2.500000e+00	2.600000e+00	6.998015e-04	4.761546e-05	4.761546e-05
2.600000e+00	2.700000e+00	6.155662e-04	4.465787e-05	4.465787e-05
2.700000e+00	2.800000e+00	5.864078e-04	4.358735e-05	4.358735e-05
2.800000e+00	2.900000e+00	5.604892e-04	4.261320e-05	4.261320e-05
2.900000e+00	3.000000e+00	4.697742e-04	3.901263e-05	3.901263e-05
3.000000e+00	3.100000e+00	4.341361e-04	3.750365e-05	3.750365e-05
3.100000e+00	3.200000e+00	4.114574e-04	3.651094e-05	3.651094e-05
3.200000e+00	3.300000e+00	3.660999e-04	3.443977e-05	3.443977e-05
3.300000e+00	3.400000e+00	3.077831e-04	3.157788e-05	3.157788e-05
3.400000e+00	3.500000e+00	2.656654e-04	2.933784e-05	2.933784e-05
3.500000e+00	3.600000e+00	2.105884e-04	2.612028e-05	2.612028e-05
3.600000e+00	3.700000e+00	2.397468e-04	2.787000e-05	2.787000e-05
3.700000e+00	3.800000e+00	1.555115e-04	2.244614e-05	2.244614e-05
3.800000e+00	3.900000e+00	2.235477e-04	2.691198e-05	2.691198e-05
3.900000e+00	4.000000e+00	1.133938e-04	1.916704e-05	1.916704e-05
4.000000e+00	4.100000e+00	1.036743e-04	1.832720e-05	1.832720e-05
4.100000e+00	4.200000e+00	8.423537e-05	1.651992e-05	1.651992e-05
4.200000e+00	4.300000e+00	6.479644e-05	1.448892e-05	1.448892e-05
4.300000e+00	4.400000e+00	2.591858e-05	9.163600e-06	9.163600e-06
4.400000e+00	4.500000e+00	3.563804e-05	1.074527e-05	1.074527e-05
4.500000e+00	4.600000e+00	2.267875e-05	8.571763e-06	8.571763e-06
4.600000e+00	4.700000e+00	2.591858e-05	9.163600e-06	9.163600e-06
4.700000e+00	4.800000e+00	1.619911e-05	7.244462e-06	7.244462e-06
4.800000e+00	4.900000e+00	1.619911e-05	7.244462e-06	7.244462e-06
4.900000e+00	5.000000e+00	0.000000e+00	0.000000e+00	0.000000e+00
# END HISTO1D


# BEGIN HISTO1D //eos/home-y/yiyu/monobc/Rivet_New2/X600_pi20_L40_darkQCDtch.yoda.gz/JetMETAnalysis/jet12_deta
ErrorBars=1
LineColor=red
LineStyle=dashed
Path=//eos/home-y/yiyu/monobc/Rivet_New2/X600_pi20_L40_darkQCDtch.yoda.gz/JetMETAnalysis/jet12_deta
ScaledBy=7.76911121898319573e-06
Title=X600_pi20_L40
# xlow	 xhigh	 val	 errminus	 errplus
0.000000e+00	1.000000e-01	2.638149e-03	8.604692e-05	8.604692e-05
1.000000e-01	2.000000e-01	2.792508e-03	8.852846e-05	8.852846e-05
2.000000e-01	3.000000e-01	2.753217e-03	8.790345e-05	8.790345e-05
3.000000e-01	4.000000e-01	2.688666e-03	8.695750e-05	8.695750e-05
4.000000e-01	5.000000e-01	2.722345e-03	8.758926e-05	8.758926e-05
5.000000e-01	6.000000e-01	2.775669e-03	8.826114e-05	8.826114e-05
6.000000e-01	7.000000e-01	2.649375e-03	8.622980e-05	8.622980e-05
7.000000e-01	8.000000e-01	2.413625e-03	8.230394e-05	8.230394e-05
8.000000e-01	9.000000e-01	2.121745e-03	7.716712e-05	7.716712e-05
9.000000e-01	1.000000e+00	2.026323e-03	7.541192e-05	7.541192e-05
1.000000e+00	1.100000e+00	2.029129e-03	7.546412e-05	7.546412e-05
1.100000e+00	1.200000e+00	1.914061e-03	7.329319e-05	7.329319e-05
1.200000e+00	1.300000e+00	1.667085e-03	6.840135e-05	6.840135e-05
1.300000e+00	1.400000e+00	1.515532e-03	6.521812e-05	6.521812e-05
1.400000e+00	1.500000e+00	1.512726e-03	6.515771e-05	6.515771e-05
1.500000e+00	1.600000e+00	1.403271e-03	6.275616e-05	6.275616e-05
1.600000e+00	1.700000e+00	1.349946e-03	6.155225e-05	6.155225e-05
1.700000e+00	1.800000e+00	1.265750e-03	5.960184e-05	5.960184e-05
1.800000e+00	1.900000e+00	1.030001e-03	5.376559e-05	5.376559e-05
1.900000e+00	2.000000e+00	1.021581e-03	5.354539e-05	5.354539e-05
2.000000e+00	2.100000e+00	9.907090e-04	5.273012e-05	5.273012e-05
2.100000e+00	2.200000e+00	8.447689e-04	4.869167e-05	4.869167e-05
2.200000e+00	2.300000e+00	8.138969e-04	4.779367e-05	4.779367e-05
2.300000e+00	2.400000e+00	6.370848e-04	4.228481e-05	4.228481e-05
2.400000e+00	2.500000e+00	6.146325e-04	4.153301e-05	4.153301e-05
2.500000e+00	2.600000e+00	5.248232e-04	3.837887e-05	3.837887e-05
2.600000e+00	2.700000e+00	5.107905e-04	3.786230e-05	3.786230e-05
2.700000e+00	2.800000e+00	4.294008e-04	3.471500e-05	3.471500e-05
2.800000e+00	2.900000e+00	3.985288e-04	3.344380e-05	3.344380e-05
2.900000e+00	3.000000e+00	3.957223e-04	3.332583e-05	3.332583e-05
3.000000e+00	3.100000e+00	3.283653e-04	3.035738e-05	3.035738e-05
3.100000e+00	3.200000e+00	2.806541e-04	2.806541e-05	2.806541e-05
3.200000e+00	3.300000e+00	2.694279e-04	2.749837e-05	2.749837e-05
3.300000e+00	3.400000e+00	2.441691e-04	2.617767e-05	2.617767e-05
3.400000e+00	3.500000e+00	1.599728e-04	2.118892e-05	2.118892e-05
3.500000e+00	3.600000e+00	1.627794e-04	2.137398e-05	2.137398e-05
3.600000e+00	3.700000e+00	1.375205e-04	1.964579e-05	1.964579e-05
3.700000e+00	3.800000e+00	1.150682e-04	1.797063e-05	1.797063e-05
3.800000e+00	3.900000e+00	7.016353e-05	1.403270e-05	1.403270e-05
3.900000e+00	4.000000e+00	7.297007e-05	1.431061e-05	1.431061e-05
4.000000e+00	4.100000e+00	5.051774e-05	1.190714e-05	1.190714e-05
4.100000e+00	4.200000e+00	6.735699e-05	1.374919e-05	1.374919e-05
4.200000e+00	4.300000e+00	3.929158e-05	1.050111e-05	1.050111e-05
4.300000e+00	4.400000e+00	2.806541e-05	8.875062e-06	8.875062e-06
4.400000e+00	4.500000e+00	3.087195e-05	9.308244e-06	9.308244e-06
4.500000e+00	4.600000e+00	1.964579e-05	7.425410e-06	7.425410e-06
4.600000e+00	4.700000e+00	2.525887e-05	8.419624e-06	8.419624e-06
4.700000e+00	4.800000e+00	5.613082e-06	3.969049e-06	3.969049e-06
4.800000e+00	4.900000e+00	1.122616e-05	5.613082e-06	5.613082e-06
4.900000e+00	5.000000e+00	0.000000e+00	0.000000e+00	0.000000e+00
# END HISTO1D


# BEGIN HISTO1D //eos/home-y/yiyu/monobc/Rivet_New2/X1200_pi10_L20_darkQCDtch.yoda.gz/JetMETAnalysis/jet12_deta
ErrorBars=1
LineColor=blue
LineStyle=solid
Path=//eos/home-y/yiyu/monobc/Rivet_New2/X1200_pi10_L20_darkQCDtch.yoda.gz/JetMETAnalysis/jet12_deta
ScaledBy=1.30078643920316757e-05
Title=X1200_pi10_L20
# xlow	 xhigh	 val	 errminus	 errplus
0.000000e+00	1.000000e-01	8.509093e-05	3.847912e-06	3.847912e-06
1.000000e-01	2.000000e-01	7.815888e-05	3.704758e-06	3.704758e-06
2.000000e-01	3.000000e-01	8.093170e-05	3.753083e-06	3.753083e-06
3.000000e-01	4.000000e-01	8.907686e-05	3.929011e-06	3.929011e-06
4.000000e-01	5.000000e-01	9.046327e-05	3.982160e-06	3.982160e-06
5.000000e-01	6.000000e-01	8.769045e-05	3.898316e-06	3.898316e-06
6.000000e-01	7.000000e-01	9.756862e-05	4.112027e-06	4.112027e-06
7.000000e-01	8.000000e-01	9.652881e-05	4.090057e-06	4.090057e-06
8.000000e-01	9.000000e-01	8.699724e-05	3.882877e-06	3.882877e-06
9.000000e-01	1.000000e+00	8.682394e-05	3.894461e-06	3.894461e-06
1.000000e+00	1.100000e+00	8.890356e-05	3.932832e-06	3.932832e-06
1.100000e+00	1.200000e+00	8.491763e-05	3.836187e-06	3.836187e-06
1.200000e+00	1.300000e+00	8.162490e-05	3.761077e-06	3.761077e-06
1.300000e+00	1.400000e+00	8.110500e-05	3.749080e-06	3.749080e-06
1.400000e+00	1.500000e+00	7.625256e-05	3.635199e-06	3.635199e-06
1.500000e+00	1.600000e+00	8.058510e-05	3.745073e-06	3.745073e-06
1.600000e+00	1.700000e+00	7.885208e-05	3.704758e-06	3.704758e-06
1.700000e+00	1.800000e+00	7.642586e-05	3.639327e-06	3.639327e-06
1.800000e+00	1.900000e+00	6.949381e-05	3.470356e-06	3.470356e-06
1.900000e+00	2.000000e+00	6.914721e-05	3.461690e-06	3.461690e-06
2.000000e+00	2.100000e+00	6.325497e-05	3.310917e-06	3.310917e-06
2.100000e+00	2.200000e+00	6.481468e-05	3.351488e-06	3.351488e-06
2.200000e+00	2.300000e+00	6.030885e-05	3.242171e-06	3.242171e-06
2.300000e+00	2.400000e+00	5.303019e-05	3.031534e-06	3.031534e-06
2.400000e+00	2.500000e+00	5.562971e-05	3.104948e-06	3.104948e-06
2.500000e+00	2.600000e+00	4.783115e-05	2.879097e-06	2.879097e-06
2.600000e+00	2.700000e+00	5.181708e-05	2.996659e-06	2.996659e-06
2.700000e+00	2.800000e+00	4.297872e-05	2.729151e-06	2.729151e-06
2.800000e+00	2.900000e+00	3.587336e-05	2.493371e-06	2.493371e-06
2.900000e+00	3.000000e+00	3.708647e-05	2.535179e-06	2.535179e-06
3.000000e+00	3.100000e+00	3.448695e-05	2.444715e-06	2.444715e-06
3.100000e+00	3.200000e+00	2.963452e-05	2.266208e-06	2.266208e-06
3.200000e+00	3.300000e+00	2.703500e-05	2.164532e-06	2.164532e-06
3.300000e+00	3.400000e+00	2.408888e-05	2.043192e-06	2.043192e-06
3.400000e+00	3.500000e+00	2.114276e-05	1.914175e-06	1.914175e-06
3.500000e+00	3.600000e+00	2.096945e-05	1.906314e-06	1.906314e-06
3.600000e+00	3.700000e+00	1.958304e-05	1.842218e-06	1.842218e-06
3.700000e+00	3.800000e+00	2.079615e-05	1.898420e-06	1.898420e-06
3.800000e+00	3.900000e+00	1.455731e-05	1.588332e-06	1.588332e-06
3.900000e+00	4.000000e+00	1.213109e-05	1.449942e-06	1.449942e-06
4.000000e+00	4.100000e+00	1.022478e-05	1.331153e-06	1.331153e-06
4.100000e+00	4.200000e+00	1.005147e-05	1.319823e-06	1.319823e-06
4.200000e+00	4.300000e+00	7.105352e-06	1.109670e-06	1.109670e-06
4.300000e+00	4.400000e+00	4.679135e-06	9.004999e-07	9.004999e-07
4.400000e+00	4.500000e+00	5.199038e-06	9.492102e-07	9.492102e-07
4.500000e+00	4.600000e+00	3.812628e-06	8.128550e-07	8.128550e-07
4.600000e+00	4.700000e+00	1.906314e-06	5.747753e-07	5.747753e-07
4.700000e+00	4.800000e+00	1.733013e-06	5.480267e-07	5.480267e-07
4.800000e+00	4.900000e+00	1.906314e-06	5.747753e-07	5.747753e-07
4.900000e+00	5.000000e+00	5.199038e-07	3.001666e-07	3.001666e-07
# END HISTO1D


# BEGIN HISTO1D //eos/home-y/yiyu/monobc/Rivet_New2/X1200_pi20_L40_darkQCDtch.yoda.gz/JetMETAnalysis/jet12_deta
ErrorBars=1
LineColor=blue
LineStyle=dashed
Path=//eos/home-y/yiyu/monobc/Rivet_New2/X1200_pi20_L40_darkQCDtch.yoda.gz/JetMETAnalysis/jet12_deta
ScaledBy=1.08493113462930623e-05
Title=X1200_pi20_L40
# xlow	 xhigh	 val	 errminus	 errplus
0.000000e+00	1.000000e-01	9.826565e-05	3.646966e-06	3.646966e-06
1.000000e-01	2.000000e-01	1.020451e-04	3.711345e-06	3.711345e-06
2.000000e-01	3.000000e-01	9.786071e-05	3.634456e-06	3.634456e-06
3.000000e-01	4.000000e-01	9.435122e-05	3.573792e-06	3.573792e-06
4.000000e-01	5.000000e-01	1.025850e-04	3.730929e-06	3.730929e-06
5.000000e-01	6.000000e-01	1.015052e-04	3.706432e-06	3.706432e-06
6.000000e-01	7.000000e-01	9.732079e-05	3.639466e-06	3.639466e-06
7.000000e-01	8.000000e-01	8.935695e-05	3.472957e-06	3.472957e-06
8.000000e-01	9.000000e-01	9.300142e-05	3.548211e-06	3.548211e-06
9.000000e-01	1.000000e+00	8.517256e-05	3.401397e-06	3.401397e-06
1.000000e+00	1.100000e+00	7.963837e-05	3.278660e-06	3.278660e-06
1.100000e+00	1.200000e+00	7.720872e-05	3.228260e-06	3.228260e-06
1.200000e+00	1.300000e+00	7.585892e-05	3.199916e-06	3.199916e-06
1.300000e+00	1.400000e+00	7.261939e-05	3.130844e-06	3.130844e-06
1.400000e+00	1.500000e+00	7.491406e-05	3.179925e-06	3.179925e-06
1.500000e+00	1.600000e+00	6.668026e-05	3.000087e-06	3.000087e-06
1.600000e+00	1.700000e+00	6.614034e-05	2.994008e-06	2.994008e-06
1.700000e+00	1.800000e+00	5.804152e-05	2.799011e-06	2.799011e-06
1.800000e+00	1.900000e+00	5.817650e-05	2.802264e-06	2.802264e-06
1.900000e+00	2.000000e+00	5.790654e-05	2.795754e-06	2.795754e-06
2.000000e+00	2.100000e+00	5.048263e-05	2.610394e-06	2.610394e-06
2.100000e+00	2.200000e+00	4.602828e-05	2.492571e-06	2.492571e-06
2.200000e+00	2.300000e+00	4.683816e-05	2.514404e-06	2.514404e-06
2.300000e+00	2.400000e+00	3.833440e-05	2.274728e-06	2.274728e-06
2.400000e+00	2.500000e+00	3.725456e-05	2.242461e-06	2.242461e-06
2.500000e+00	2.600000e+00	3.522985e-05	2.180673e-06	2.180673e-06
2.600000e+00	2.700000e+00	3.388005e-05	2.146993e-06	2.146993e-06
2.700000e+00	2.800000e+00	3.104547e-05	2.047077e-06	2.047077e-06
2.800000e+00	2.900000e+00	2.632116e-05	1.884897e-06	1.884897e-06
2.900000e+00	3.000000e+00	2.551127e-05	1.855672e-06	1.855672e-06
3.000000e+00	3.100000e+00	2.254171e-05	1.744330e-06	1.744330e-06
3.100000e+00	3.200000e+00	2.254171e-05	1.744330e-06	1.744330e-06
3.200000e+00	3.300000e+00	1.714250e-05	1.521151e-06	1.521151e-06
3.300000e+00	3.400000e+00	2.146187e-05	1.702037e-06	1.702037e-06
3.400000e+00	3.500000e+00	1.417293e-05	1.383136e-06	1.383136e-06
3.500000e+00	3.600000e+00	1.295811e-05	1.322531e-06	1.322531e-06
3.600000e+00	3.700000e+00	1.201325e-05	1.273401e-06	1.273401e-06
3.700000e+00	3.800000e+00	9.178659e-06	1.113076e-06	1.113076e-06
3.800000e+00	3.900000e+00	9.853561e-06	1.153272e-06	1.153272e-06
3.900000e+00	4.000000e+00	7.288935e-06	9.918985e-07	9.918985e-07
4.000000e+00	4.100000e+00	5.534192e-06	8.642956e-07	8.642956e-07
4.100000e+00	4.200000e+00	4.049409e-06	7.393175e-07	7.393175e-07
4.200000e+00	4.300000e+00	4.049409e-06	7.393175e-07	7.393175e-07
4.300000e+00	4.400000e+00	2.429645e-06	5.726729e-07	5.726729e-07
4.400000e+00	4.500000e+00	2.564625e-06	5.883654e-07	5.883654e-07
4.500000e+00	4.600000e+00	1.889724e-06	5.050500e-07	5.050500e-07
4.600000e+00	4.700000e+00	1.079842e-06	3.817819e-07	3.817819e-07
4.700000e+00	4.800000e+00	5.399211e-07	2.699606e-07	2.699606e-07
4.800000e+00	4.900000e+00	1.349803e-07	1.349803e-07	1.349803e-07
4.900000e+00	5.000000e+00	0.000000e+00	0.000000e+00	0.000000e+00
# END HISTO1D


# BEGIN HISTO1D //eos/home-y/yiyu/monobc/Rivet_New2/X2000_pi10_L20_darkQCDtch.yoda.gz/JetMETAnalysis/jet12_deta
ErrorBars=1
LineColor=violet
LineStyle=solid
Path=//eos/home-y/yiyu/monobc/Rivet_New2/X2000_pi10_L20_darkQCDtch.yoda.gz/JetMETAnalysis/jet12_deta
ScaledBy=1.55690063617137710e-05
Title=X2000_pi10_L20
# xlow	 xhigh	 val	 errminus	 errplus
0.000000e+00	1.000000e-01	1.116499e-05	5.257387e-07	5.257387e-07
1.000000e-01	2.000000e-01	1.052133e-05	5.115589e-07	5.115589e-07
2.000000e-01	3.000000e-01	1.022426e-05	5.031029e-07	5.031029e-07
3.000000e-01	4.000000e-01	1.091743e-05	5.198775e-07	5.198775e-07
4.000000e-01	5.000000e-01	1.151157e-05	5.338364e-07	5.338364e-07
5.000000e-01	6.000000e-01	1.245230e-05	5.552208e-07	5.552208e-07
6.000000e-01	7.000000e-01	1.123926e-05	5.274844e-07	5.274844e-07
7.000000e-01	8.000000e-01	1.237804e-05	5.535626e-07	5.535626e-07
8.000000e-01	9.000000e-01	1.257608e-05	5.590708e-07	5.590708e-07
9.000000e-01	1.000000e+00	1.287316e-05	5.645253e-07	5.645253e-07
1.000000e+00	1.100000e+00	1.143731e-05	5.321115e-07	5.321115e-07
1.100000e+00	1.200000e+00	1.217999e-05	5.491162e-07	5.491162e-07
1.200000e+00	1.300000e+00	1.170962e-05	5.384090e-07	5.384090e-07
1.300000e+00	1.400000e+00	1.027377e-05	5.043195e-07	5.043195e-07
1.400000e+00	1.500000e+00	1.054609e-05	5.121576e-07	5.121576e-07
1.500000e+00	1.600000e+00	1.128877e-05	5.286451e-07	5.286451e-07
1.600000e+00	1.700000e+00	1.146206e-05	5.326872e-07	5.326872e-07
1.700000e+00	1.800000e+00	1.044706e-05	5.085550e-07	5.085550e-07
1.800000e+00	1.900000e+00	1.034804e-05	5.061391e-07	5.061391e-07
1.900000e+00	2.000000e+00	9.605356e-06	4.876381e-07	4.876381e-07
2.000000e+00	2.100000e+00	9.308283e-06	4.800380e-07	4.800380e-07
2.100000e+00	2.200000e+00	9.580600e-06	4.870092e-07	4.870092e-07
2.200000e+00	2.300000e+00	8.738893e-06	4.651244e-07	4.651244e-07
2.300000e+00	2.400000e+00	8.639869e-06	4.638048e-07	4.638048e-07
2.400000e+00	2.500000e+00	8.095235e-06	4.476675e-07	4.476675e-07
2.500000e+00	2.600000e+00	7.030724e-06	4.171967e-07	4.171967e-07
2.600000e+00	2.700000e+00	7.303041e-06	4.251995e-07	4.251995e-07
2.700000e+00	2.800000e+00	7.055480e-06	4.179306e-07	4.179306e-07
2.800000e+00	2.900000e+00	6.312798e-06	3.953228e-07	3.953228e-07
2.900000e+00	3.000000e+00	5.966213e-06	3.843176e-07	3.843176e-07
3.000000e+00	3.100000e+00	5.322555e-06	3.629953e-07	3.629953e-07
3.100000e+00	3.200000e+00	5.198775e-06	3.587495e-07	3.587495e-07
3.200000e+00	3.300000e+00	4.852190e-06	3.465851e-07	3.465851e-07
3.300000e+00	3.400000e+00	4.233288e-06	3.237277e-07	3.237277e-07
3.400000e+00	3.500000e+00	3.589630e-06	2.981026e-07	2.981026e-07
3.500000e+00	3.600000e+00	3.639143e-06	3.001514e-07	3.001514e-07
3.600000e+00	3.700000e+00	2.945973e-06	2.700569e-07	2.700569e-07
3.700000e+00	3.800000e+00	3.020241e-06	2.734398e-07	2.734398e-07
3.800000e+00	3.900000e+00	1.955730e-06	2.200368e-07	2.200368e-07
3.900000e+00	4.000000e+00	1.683413e-06	2.041438e-07	2.041438e-07
4.000000e+00	4.100000e+00	1.930974e-06	2.186397e-07	2.186397e-07
4.100000e+00	4.200000e+00	1.262560e-06	1.767937e-07	1.767937e-07
4.200000e+00	4.300000e+00	1.312072e-06	1.802269e-07	1.802269e-07
4.300000e+00	4.400000e+00	1.039755e-06	1.604377e-07	1.604377e-07
4.400000e+00	4.500000e+00	8.417064e-07	1.443514e-07	1.443514e-07
4.500000e+00	4.600000e+00	7.674382e-07	1.378360e-07	1.378360e-07
4.600000e+00	4.700000e+00	2.723168e-07	8.210660e-08	8.210660e-08
4.700000e+00	4.800000e+00	3.218289e-07	8.925929e-08	8.925929e-08
4.800000e+00	4.900000e+00	1.485364e-07	6.063974e-08	6.063974e-08
4.900000e+00	5.000000e+00	7.426821e-08	4.287877e-08	4.287877e-08
# END HISTO1D


# BEGIN HISTO1D //eos/home-y/yiyu/monobc/Rivet_New2/X2000_pi20_L40_darkQCDtch.yoda.gz/JetMETAnalysis/jet12_deta
ErrorBars=1
LineColor=violet
LineStyle=dashed
Path=//eos/home-y/yiyu/monobc/Rivet_New2/X2000_pi20_L40_darkQCDtch.yoda.gz/JetMETAnalysis/jet12_deta
ScaledBy=1.31469333215724904e-05
Title=X2000_pi20_L40
# xlow	 xhigh	 val	 errminus	 errplus
0.000000e+00	1.000000e-01	1.321358e-05	5.037631e-07	5.037631e-07
1.000000e-01	2.000000e-01	1.319438e-05	5.041292e-07	5.041292e-07
2.000000e-01	3.000000e-01	1.309835e-05	5.022965e-07	5.022965e-07
3.000000e-01	4.000000e-01	1.279106e-05	4.956433e-07	4.956433e-07
4.000000e-01	5.000000e-01	1.403943e-05	5.192672e-07	5.192672e-07
5.000000e-01	6.000000e-01	1.403943e-05	5.192672e-07	5.192672e-07
6.000000e-01	7.000000e-01	1.209965e-05	4.820615e-07	4.820615e-07
7.000000e-01	8.000000e-01	1.334802e-05	5.063194e-07	5.063194e-07
8.000000e-01	9.000000e-01	1.194600e-05	4.789910e-07	4.789910e-07
9.000000e-01	1.000000e+00	1.192680e-05	4.801448e-07	4.801448e-07
1.000000e+00	1.100000e+00	1.075524e-05	4.544919e-07	4.544919e-07
1.100000e+00	1.200000e+00	1.158109e-05	4.723999e-07	4.723999e-07
1.200000e+00	1.300000e+00	1.019827e-05	4.425674e-07	4.425674e-07
1.300000e+00	1.400000e+00	1.113936e-05	4.633335e-07	4.633335e-07
1.400000e+00	1.500000e+00	1.048636e-05	4.487748e-07	4.487748e-07
1.500000e+00	1.600000e+00	1.048636e-05	4.487748e-07	4.487748e-07
1.600000e+00	1.700000e+00	9.161162e-06	4.194607e-07	4.194607e-07
1.700000e+00	1.800000e+00	9.141956e-06	4.190209e-07	4.190209e-07
1.800000e+00	1.900000e+00	8.815457e-06	4.123657e-07	4.123657e-07
1.900000e+00	2.000000e+00	7.567081e-06	3.821904e-07	3.821904e-07
2.000000e+00	2.100000e+00	7.759139e-06	3.860316e-07	3.860316e-07
2.100000e+00	2.200000e+00	7.298200e-06	3.743898e-07	3.743898e-07
2.200000e+00	2.300000e+00	6.664409e-06	3.577642e-07	3.577642e-07
2.300000e+00	2.400000e+00	5.973001e-06	3.386978e-07	3.386978e-07
2.400000e+00	2.500000e+00	6.318705e-06	3.483615e-07	3.483615e-07
2.500000e+00	2.600000e+00	5.243181e-06	3.173317e-07	3.173317e-07
2.600000e+00	2.700000e+00	5.281592e-06	3.184919e-07	3.184919e-07
2.700000e+00	2.800000e+00	4.705418e-06	3.006182e-07	3.006182e-07
2.800000e+00	2.900000e+00	4.090833e-06	2.802993e-07	2.802993e-07
2.900000e+00	3.000000e+00	3.649100e-06	2.647335e-07	2.647335e-07
3.000000e+00	3.100000e+00	2.746428e-06	2.296678e-07	2.296678e-07
3.100000e+00	3.200000e+00	3.188161e-06	2.474493e-07	2.474493e-07
3.200000e+00	3.300000e+00	2.592782e-06	2.231511e-07	2.231511e-07
3.300000e+00	3.400000e+00	2.016608e-06	1.968008e-07	1.968008e-07
3.400000e+00	3.500000e+00	2.323901e-06	2.112637e-07	2.112637e-07
3.500000e+00	3.600000e+00	2.093431e-06	2.005143e-07	2.005143e-07
3.600000e+00	3.700000e+00	1.517257e-06	1.707048e-07	1.707048e-07
3.700000e+00	3.800000e+00	1.421228e-06	1.674322e-07	1.674322e-07
3.800000e+00	3.900000e+00	1.229171e-06	1.536463e-07	1.536463e-07
3.900000e+00	4.000000e+00	1.152347e-06	1.487674e-07	1.487674e-07
4.000000e+00	4.100000e+00	1.113936e-06	1.462669e-07	1.462669e-07
4.100000e+00	4.200000e+00	8.450547e-07	1.273968e-07	1.273968e-07
4.200000e+00	4.300000e+00	7.106142e-07	1.168243e-07	1.168243e-07
4.300000e+00	4.400000e+00	4.801447e-07	9.602895e-08	9.602895e-08
4.400000e+00	4.500000e+00	3.649100e-07	8.371610e-08	8.371610e-08
4.500000e+00	4.600000e+00	3.264984e-07	7.918750e-08	7.918750e-08
4.600000e+00	4.700000e+00	9.602895e-08	4.294545e-08	4.294545e-08
4.700000e+00	4.800000e+00	7.682316e-08	3.841157e-08	3.841157e-08
4.800000e+00	4.900000e+00	1.728521e-07	5.761737e-08	5.761737e-08
4.900000e+00	5.000000e+00	1.920579e-08	1.920579e-08	1.920579e-08
# END HISTO1D

