# BEGIN PLOT
Legend=1
LogY=1
LegendPlacement=manual
LegendAlign=r
LegendXPos=1.36
RightMargin=3.7
Title=Di-jet $\Delta\phi$
XLabel=$\Delta\phi_{jj}$ [rad]
YLabel=$\mathrm{d}\sigma/\mathrm{d}\Delta\phi_{jj}$ [pb/rad]
XMin=0
DrawOnly=//eos/home-y/yiyu/monobc/Rivet_New2/X600_pi10_L20_darkQCDtch.yoda.gz/JetMETAnalysis/jet12_dphi //eos/home-y/yiyu/monobc/Rivet_New2/X600_pi20_L40_darkQCDtch.yoda.gz/JetMETAnalysis/jet12_dphi //eos/home-y/yiyu/monobc/Rivet_New2/X1200_pi10_L20_darkQCDtch.yoda.gz/JetMETAnalysis/jet12_dphi //eos/home-y/yiyu/monobc/Rivet_New2/X1200_pi20_L40_darkQCDtch.yoda.gz/JetMETAnalysis/jet12_dphi //eos/home-y/yiyu/monobc/Rivet_New2/X2000_pi10_L20_darkQCDtch.yoda.gz/JetMETAnalysis/jet12_dphi //eos/home-y/yiyu/monobc/Rivet_New2/X2000_pi20_L40_darkQCDtch.yoda.gz/JetMETAnalysis/jet12_dphi
LegendOnly=//eos/home-y/yiyu/monobc/Rivet_New2/X600_pi10_L20_darkQCDtch.yoda.gz/JetMETAnalysis/jet12_dphi //eos/home-y/yiyu/monobc/Rivet_New2/X600_pi20_L40_darkQCDtch.yoda.gz/JetMETAnalysis/jet12_dphi //eos/home-y/yiyu/monobc/Rivet_New2/X1200_pi10_L20_darkQCDtch.yoda.gz/JetMETAnalysis/jet12_dphi //eos/home-y/yiyu/monobc/Rivet_New2/X1200_pi20_L40_darkQCDtch.yoda.gz/JetMETAnalysis/jet12_dphi //eos/home-y/yiyu/monobc/Rivet_New2/X2000_pi10_L20_darkQCDtch.yoda.gz/JetMETAnalysis/jet12_dphi //eos/home-y/yiyu/monobc/Rivet_New2/X2000_pi20_L40_darkQCDtch.yoda.gz/JetMETAnalysis/jet12_dphi
RatioPlot=1
RatioPlotReference=//eos/home-y/yiyu/monobc/Rivet_New2/X600_pi10_L20_darkQCDtch.yoda.gz/JetMETAnalysis/jet12_dphi
RatioPlotYLabel=Ratio
# END PLOT

# BEGIN HISTO1D //eos/home-y/yiyu/monobc/Rivet_New2/X600_pi10_L20_darkQCDtch.yoda.gz/JetMETAnalysis/jet12_dphi
ErrorBars=1
LineColor=red
LineStyle=solid
Path=//eos/home-y/yiyu/monobc/Rivet_New2/X600_pi10_L20_darkQCDtch.yoda.gz/JetMETAnalysis/jet12_dphi
ScaledBy=8.61703272748720283e-06
Title=X600_pi10_L20
# xlow	 xhigh	 val	 errminus	 errplus
0.000000e+00	6.283185e-02	1.046736e-03	7.346650e-05	7.346650e-05
6.283185e-02	1.256637e-01	1.067362e-03	7.418676e-05	7.418676e-05
1.256637e-01	1.884956e-01	1.258145e-03	8.054450e-05	8.054450e-05
1.884956e-01	2.513274e-01	1.185958e-03	7.819979e-05	7.819979e-05
2.513274e-01	3.141593e-01	1.278770e-03	8.120202e-05	8.120202e-05
3.141593e-01	3.769911e-01	1.314867e-03	8.234017e-05	8.234017e-05
3.769911e-01	4.398230e-01	1.387054e-03	8.457015e-05	8.457015e-05
4.398230e-01	5.026548e-01	1.552059e-03	8.945917e-05	8.945917e-05
5.026548e-01	5.654867e-01	1.397366e-03	8.488395e-05	8.488395e-05
5.654867e-01	6.283185e-01	1.557215e-03	8.960766e-05	8.960766e-05
6.283185e-01	6.911504e-01	1.402523e-03	8.504042e-05	8.504042e-05
6.911504e-01	7.539822e-01	1.417994e-03	8.550825e-05	8.550825e-05
7.539822e-01	8.168141e-01	1.485024e-03	8.750586e-05	8.750586e-05
8.168141e-01	8.796459e-01	1.433463e-03	8.597339e-05	8.597339e-05
8.796459e-01	9.424778e-01	1.433461e-03	8.628195e-05	8.628195e-05
9.424778e-01	1.005310e+00	1.412828e-03	8.535209e-05	8.535209e-05
1.005310e+00	1.068142e+00	1.283925e-03	8.136543e-05	8.136543e-05
1.068142e+00	1.130973e+00	1.335509e-03	8.298450e-05	8.298450e-05
1.130973e+00	1.193805e+00	1.423146e-03	8.566330e-05	8.566330e-05
1.193805e+00	1.256637e+00	1.417989e-03	8.550798e-05	8.550798e-05
1.256637e+00	1.319469e+00	1.294237e-03	8.169155e-05	8.169155e-05
1.319469e+00	1.382301e+00	1.454084e-03	8.658942e-05	8.658942e-05
1.382301e+00	1.445133e+00	1.459240e-03	8.674280e-05	8.674280e-05
1.445133e+00	1.507964e+00	1.479889e-03	8.735507e-05	8.735507e-05
1.507964e+00	1.570796e+00	1.485021e-03	8.750572e-05	8.750572e-05
1.570796e+00	1.633628e+00	1.536585e-03	8.901197e-05	8.901197e-05
1.633628e+00	1.696460e+00	1.572679e-03	9.005134e-05	9.005134e-05
1.696460e+00	1.759292e+00	1.644867e-03	9.238315e-05	9.238315e-05
1.759292e+00	1.822124e+00	1.510803e-03	8.856279e-05	8.856279e-05
1.822124e+00	1.884956e+00	1.789244e-03	9.605169e-05	9.605169e-05
1.884956e+00	1.947787e+00	1.742866e-03	9.479939e-05	9.479939e-05
1.947787e+00	2.010619e+00	1.546897e-03	8.931017e-05	8.931017e-05
2.010619e+00	2.073451e+00	1.706743e-03	9.381111e-05	9.381111e-05
2.073451e+00	2.136283e+00	1.593304e-03	9.063992e-05	9.063992e-05
2.136283e+00	2.199115e+00	1.644867e-03	9.209490e-05	9.209490e-05
2.199115e+00	2.261947e+00	1.784088e-03	9.591318e-05	9.591318e-05
2.261947e+00	2.324779e+00	1.722213e-03	9.423527e-05	9.423527e-05
2.324779e+00	2.387610e+00	1.732552e-03	9.451850e-05	9.451850e-05
2.387610e+00	2.450442e+00	1.753150e-03	9.507793e-05	9.507793e-05
2.450442e+00	2.513274e+00	2.191437e-03	1.065502e-04	1.065502e-04
2.513274e+00	2.576106e+00	1.980029e-03	1.013057e-04	1.013057e-04
2.576106e+00	2.638938e+00	2.057374e-03	1.029975e-04	1.029975e-04
2.638938e+00	2.701770e+00	2.016122e-03	1.019597e-04	1.019597e-04
2.701770e+00	2.764602e+00	2.382222e-03	1.108310e-04	1.108310e-04
2.764602e+00	2.827433e+00	2.005843e-03	1.017002e-04	1.017002e-04
2.827433e+00	2.890265e+00	2.279095e-03	1.084055e-04	1.084055e-04
2.890265e+00	2.953097e+00	2.067687e-03	1.032553e-04	1.032553e-04
2.953097e+00	3.015929e+00	2.284252e-03	1.085281e-04	1.085281e-04
3.015929e+00	3.078761e+00	2.139875e-03	1.050423e-04	1.050423e-04
3.078761e+00	3.141593e+00	2.108937e-03	1.042802e-04	1.042802e-04
# END HISTO1D


# BEGIN HISTO1D //eos/home-y/yiyu/monobc/Rivet_New2/X600_pi20_L40_darkQCDtch.yoda.gz/JetMETAnalysis/jet12_dphi
ErrorBars=1
LineColor=red
LineStyle=dashed
Path=//eos/home-y/yiyu/monobc/Rivet_New2/X600_pi20_L40_darkQCDtch.yoda.gz/JetMETAnalysis/jet12_dphi
ScaledBy=7.76911121898319573e-06
Title=X600_pi20_L40
# xlow	 xhigh	 val	 errminus	 errplus
0.000000e+00	6.283185e-02	7.950813e-04	5.959387e-05	5.959387e-05
6.283185e-02	1.256637e-01	8.933498e-04	6.316938e-05	6.316938e-05
1.256637e-01	1.884956e-01	9.960843e-04	6.670273e-05	6.670273e-05
1.884956e-01	2.513274e-01	9.469515e-04	6.503691e-05	6.503691e-05
2.513274e-01	3.141593e-01	9.246163e-04	6.426527e-05	6.426527e-05
3.141593e-01	3.769911e-01	9.290845e-04	6.442042e-05	6.442042e-05
3.769911e-01	4.398230e-01	1.076486e-03	6.934254e-05	6.934254e-05
4.398230e-01	5.026548e-01	1.268558e-03	7.527505e-05	7.527505e-05
5.026548e-01	5.654867e-01	1.214955e-03	7.366745e-05	7.366745e-05
5.654867e-01	6.283185e-01	1.308758e-03	7.645849e-05	7.645849e-05
6.283185e-01	6.911504e-01	1.174754e-03	7.243844e-05	7.243844e-05
6.911504e-01	7.539822e-01	1.085421e-03	6.962979e-05	6.962979e-05
7.539822e-01	8.168141e-01	1.201555e-03	7.326007e-05	7.326007e-05
8.168141e-01	8.796459e-01	1.031820e-03	6.788875e-05	6.788875e-05
8.796459e-01	9.424778e-01	1.277489e-03	7.553951e-05	7.553951e-05
9.424778e-01	1.005310e+00	1.206016e-03	7.339577e-05	7.339577e-05
1.005310e+00	1.068142e+00	1.130085e-03	7.104782e-05	7.104782e-05
1.068142e+00	1.130973e+00	1.214972e-03	7.366851e-05	7.366851e-05
1.130973e+00	1.193805e+00	1.188152e-03	7.285030e-05	7.285030e-05
1.193805e+00	1.256637e+00	1.219420e-03	7.380264e-05	7.380264e-05
1.256637e+00	1.319469e+00	1.366822e-03	7.813601e-05	7.813601e-05
1.319469e+00	1.382301e+00	1.156885e-03	7.188535e-05	7.188535e-05
1.382301e+00	1.445133e+00	1.398089e-03	7.902468e-05	7.902468e-05
1.445133e+00	1.507964e+00	1.322176e-03	7.684989e-05	7.684989e-05
1.507964e+00	1.570796e+00	1.389156e-03	7.877179e-05	7.877179e-05
1.570796e+00	1.633628e+00	1.147952e-03	7.160727e-05	7.160727e-05
1.633628e+00	1.696460e+00	1.398089e-03	7.902468e-05	7.902468e-05
1.696460e+00	1.759292e+00	1.433823e-03	8.002820e-05	8.002820e-05
1.759292e+00	1.822124e+00	1.554425e-03	8.332592e-05	8.332592e-05
1.822124e+00	1.884956e+00	1.429356e-03	7.990344e-05	7.990344e-05
1.884956e+00	1.947787e+00	1.442780e-03	8.027839e-05	8.027839e-05
1.947787e+00	2.010619e+00	1.549958e-03	8.320611e-05	8.320611e-05
2.010619e+00	2.073451e+00	1.706295e-03	8.730160e-05	8.730160e-05
2.073451e+00	2.136283e+00	1.608026e-03	8.475040e-05	8.475040e-05
2.136283e+00	2.199115e+00	1.826896e-03	9.033419e-05	9.033419e-05
2.199115e+00	2.261947e+00	1.768828e-03	8.888697e-05	8.888697e-05
2.261947e+00	2.324779e+00	1.893896e-03	9.197577e-05	9.197577e-05
2.324779e+00	2.387610e+00	2.010064e-03	9.475534e-05	9.475534e-05
2.387610e+00	2.450442e+00	1.965365e-03	9.369509e-05	9.369509e-05
2.450442e+00	2.513274e+00	2.027900e-03	9.517402e-05	9.517402e-05
2.513274e+00	2.576106e+00	2.184236e-03	9.877452e-05	9.877452e-05
2.576106e+00	2.638938e+00	2.032366e-03	9.527878e-05	9.527878e-05
2.638938e+00	2.701770e+00	2.371838e-03	1.031227e-04	1.031227e-04
2.701770e+00	2.764602e+00	2.331637e-03	1.020530e-04	1.020530e-04
2.764602e+00	2.827433e+00	2.657752e-03	1.091402e-04	1.091402e-04
2.827433e+00	2.890265e+00	2.398639e-03	1.037015e-04	1.037015e-04
2.890265e+00	2.953097e+00	2.514774e-03	1.059851e-04	1.059851e-04
2.953097e+00	3.015929e+00	2.336104e-03	1.021507e-04	1.021507e-04
3.015929e+00	3.078761e+00	2.340572e-03	1.022483e-04	1.022483e-04
3.078761e+00	3.141593e+00	2.653242e-03	1.088639e-04	1.088639e-04
# END HISTO1D


# BEGIN HISTO1D //eos/home-y/yiyu/monobc/Rivet_New2/X1200_pi10_L20_darkQCDtch.yoda.gz/JetMETAnalysis/jet12_dphi
ErrorBars=1
LineColor=blue
LineStyle=solid
Path=//eos/home-y/yiyu/monobc/Rivet_New2/X1200_pi10_L20_darkQCDtch.yoda.gz/JetMETAnalysis/jet12_dphi
ScaledBy=1.30078643920316757e-05
Title=X1200_pi10_L20
# xlow	 xhigh	 val	 errminus	 errplus
0.000000e+00	6.283185e-02	6.454131e-05	4.219197e-06	4.219197e-06
6.283185e-02	1.256637e-01	5.792169e-05	3.996976e-06	3.996976e-06
1.256637e-01	1.884956e-01	6.123144e-05	4.109586e-06	4.109586e-06
1.884956e-01	2.513274e-01	5.847337e-05	4.015968e-06	4.015968e-06
2.513274e-01	3.141593e-01	6.123144e-05	4.109586e-06	4.109586e-06
3.141593e-01	3.769911e-01	6.095573e-05	4.100326e-06	4.100326e-06
3.769911e-01	4.398230e-01	6.481708e-05	4.246154e-06	4.246154e-06
4.398230e-01	5.026548e-01	6.261064e-05	4.155614e-06	4.155614e-06
5.026548e-01	5.654867e-01	6.674780e-05	4.290711e-06	4.290711e-06
5.654867e-01	6.283185e-01	7.005773e-05	4.413084e-06	4.413084e-06
6.283185e-01	6.911504e-01	6.895434e-05	4.378465e-06	4.378465e-06
6.911504e-01	7.539822e-01	7.088517e-05	4.455973e-06	4.455973e-06
7.539822e-01	8.168141e-01	7.309160e-05	4.489981e-06	4.489981e-06
8.168141e-01	8.796459e-01	7.033354e-05	4.404457e-06	4.404457e-06
8.796459e-01	9.424778e-01	6.978178e-05	4.404450e-06	4.404450e-06
9.424778e-01	1.005310e+00	6.509258e-05	4.237166e-06	4.237166e-06
1.005310e+00	1.068142e+00	6.785095e-05	4.326019e-06	4.326019e-06
1.068142e+00	1.130973e+00	7.833324e-05	4.648223e-06	4.648223e-06
1.130973e+00	1.193805e+00	6.205881e-05	4.137254e-06	4.137254e-06
1.193805e+00	1.256637e+00	7.612546e-05	4.598787e-06	4.598787e-06
1.256637e+00	1.319469e+00	7.281567e-05	4.481494e-06	4.481494e-06
1.319469e+00	1.382301e+00	7.060913e-05	4.413070e-06	4.413070e-06
1.382301e+00	1.445133e+00	6.261044e-05	4.155601e-06	4.155601e-06
1.445133e+00	1.507964e+00	6.923114e-05	4.369831e-06	4.369831e-06
1.507964e+00	1.570796e+00	7.888364e-05	4.664487e-06	4.664487e-06
1.570796e+00	1.633628e+00	6.978167e-05	4.404443e-06	4.404443e-06
1.633628e+00	1.696460e+00	7.943527e-05	4.680768e-06	4.680768e-06
1.696460e+00	1.759292e+00	6.923004e-05	4.369762e-06	4.369762e-06
1.759292e+00	1.822124e+00	7.116076e-05	4.430276e-06	4.430276e-06
1.822124e+00	1.884956e+00	7.971109e-05	4.688887e-06	4.688887e-06
1.884956e+00	1.947787e+00	8.467713e-05	4.832779e-06	4.832779e-06
1.947787e+00	2.010619e+00	8.136599e-05	4.737311e-06	4.737311e-06
2.010619e+00	2.073451e+00	8.798560e-05	4.926247e-06	4.926247e-06
2.073451e+00	2.136283e+00	8.522743e-05	4.848419e-06	4.848419e-06
2.136283e+00	2.199115e+00	8.026272e-05	4.721225e-06	4.721225e-06
2.199115e+00	2.261947e+00	7.998690e-05	4.696993e-06	4.696993e-06
2.261947e+00	2.324779e+00	8.908886e-05	4.957037e-06	4.957037e-06
2.324779e+00	2.387610e+00	8.936609e-05	4.964783e-06	4.964783e-06
2.387610e+00	2.450442e+00	9.129539e-05	5.018049e-06	5.018049e-06
2.450442e+00	2.513274e+00	9.267448e-05	5.070833e-06	5.070833e-06
2.513274e+00	2.576106e+00	9.819083e-05	5.218700e-06	5.218700e-06
2.576106e+00	2.638938e+00	8.991632e-05	4.980004e-06	4.980004e-06
2.638938e+00	2.701770e+00	9.377776e-05	5.085812e-06	5.085812e-06
2.701770e+00	2.764602e+00	1.037072e-04	5.362494e-06	5.362494e-06
2.764602e+00	2.827433e+00	8.991775e-05	4.995336e-06	4.995336e-06
2.827433e+00	2.890265e+00	9.543265e-05	5.130490e-06	5.130490e-06
2.890265e+00	2.953097e+00	1.015006e-04	5.291086e-06	5.291086e-06
2.953097e+00	3.015929e+00	1.045346e-04	5.369581e-06	5.369581e-06
3.015929e+00	3.078761e+00	1.067412e-04	5.425957e-06	5.425957e-06
3.078761e+00	3.141593e+00	1.006732e-04	5.283891e-06	5.283891e-06
# END HISTO1D


# BEGIN HISTO1D //eos/home-y/yiyu/monobc/Rivet_New2/X1200_pi20_L40_darkQCDtch.yoda.gz/JetMETAnalysis/jet12_dphi
ErrorBars=1
LineColor=blue
LineStyle=dashed
Path=//eos/home-y/yiyu/monobc/Rivet_New2/X1200_pi20_L40_darkQCDtch.yoda.gz/JetMETAnalysis/jet12_dphi
ScaledBy=1.08493113462930623e-05
Title=X1200_pi20_L40
# xlow	 xhigh	 val	 errminus	 errplus
0.000000e+00	6.283185e-02	4.704729e-05	3.179161e-06	3.179161e-06
6.283185e-02	1.256637e-01	4.661763e-05	3.164611e-06	3.164611e-06
1.256637e-01	1.884956e-01	4.425449e-05	3.083357e-06	3.083357e-06
1.884956e-01	2.513274e-01	4.446939e-05	3.090836e-06	3.090836e-06
2.513274e-01	3.141593e-01	4.489898e-05	3.105727e-06	3.105727e-06
3.141593e-01	3.769911e-01	4.812146e-05	3.215251e-06	3.215251e-06
3.769911e-01	4.398230e-01	5.564035e-05	3.457323e-06	3.457323e-06
4.398230e-01	5.026548e-01	5.585527e-05	3.463997e-06	3.463997e-06
5.026548e-01	5.654867e-01	5.435139e-05	3.417043e-06	3.417043e-06
5.654867e-01	6.283185e-01	6.058149e-05	3.620345e-06	3.620345e-06
6.283185e-01	6.911504e-01	5.456622e-05	3.423789e-06	3.423789e-06
6.911504e-01	7.539822e-01	5.843321e-05	3.543034e-06	3.543034e-06
7.539822e-01	8.168141e-01	5.026967e-05	3.286231e-06	3.286231e-06
8.168141e-01	8.796459e-01	4.898079e-05	3.243831e-06	3.243831e-06
8.796459e-01	9.424778e-01	5.134381e-05	3.335022e-06	3.335022e-06
9.424778e-01	1.005310e+00	5.456596e-05	3.423773e-06	3.423773e-06
1.005310e+00	1.068142e+00	6.122578e-05	3.626702e-06	3.626702e-06
1.068142e+00	1.130973e+00	5.564115e-05	3.457373e-06	3.457373e-06
1.130973e+00	1.193805e+00	5.392165e-05	3.403504e-06	3.403504e-06
1.193805e+00	1.256637e+00	5.864785e-05	3.562508e-06	3.562508e-06
1.256637e+00	1.319469e+00	5.993682e-05	3.588323e-06	3.588323e-06
1.319469e+00	1.382301e+00	6.229991e-05	3.658377e-06	3.658377e-06
1.382301e+00	1.445133e+00	6.251474e-05	3.664679e-06	3.664679e-06
1.445133e+00	1.507964e+00	5.886362e-05	3.569036e-06	3.569036e-06
1.507964e+00	1.570796e+00	5.950716e-05	3.575439e-06	3.575439e-06
1.570796e+00	1.633628e+00	6.595198e-05	3.776319e-06	3.776319e-06
1.633628e+00	1.696460e+00	6.466302e-05	3.727114e-06	3.727114e-06
1.696460e+00	1.759292e+00	6.616681e-05	3.770204e-06	3.770204e-06
1.759292e+00	1.822124e+00	6.745577e-05	3.806749e-06	3.806749e-06
1.822124e+00	1.884956e+00	6.831508e-05	3.830919e-06	3.830919e-06
1.884956e+00	1.947787e+00	6.810134e-05	3.836999e-06	3.836999e-06
1.947787e+00	2.010619e+00	6.745577e-05	3.806749e-06	3.806749e-06
2.010619e+00	2.073451e+00	7.647851e-05	4.053353e-06	4.053353e-06
2.073451e+00	2.136283e+00	6.702612e-05	3.794606e-06	3.794606e-06
2.136283e+00	2.199115e+00	7.927128e-05	4.126698e-06	4.126698e-06
2.199115e+00	2.261947e+00	7.948611e-05	4.143439e-06	4.143439e-06
2.261947e+00	2.324779e+00	8.013059e-05	4.149004e-06	4.149004e-06
2.324779e+00	2.387610e+00	8.356915e-05	4.237124e-06	4.237124e-06
2.387610e+00	2.450442e+00	8.786437e-05	4.355223e-06	4.355223e-06
2.450442e+00	2.513274e+00	9.237573e-05	4.454753e-06	4.454753e-06
2.513274e+00	2.576106e+00	9.688711e-05	4.562236e-06	4.562236e-06
2.576106e+00	2.638938e+00	9.774642e-05	4.582423e-06	4.582423e-06
2.638938e+00	2.701770e+00	9.946503e-05	4.632505e-06	4.632505e-06
2.701770e+00	2.764602e+00	1.024726e-04	4.711530e-06	4.711530e-06
2.764602e+00	2.827433e+00	1.035484e-04	4.716501e-06	4.716501e-06
2.827433e+00	2.890265e+00	9.753159e-05	4.587456e-06	4.587456e-06
2.890265e+00	2.953097e+00	1.089174e-04	4.846725e-06	4.846725e-06
2.953097e+00	3.015929e+00	1.074136e-04	4.803684e-06	4.803684e-06
3.015929e+00	3.078761e+00	1.065543e-04	4.784431e-06	4.784431e-06
3.078761e+00	3.141593e+00	9.967986e-05	4.627521e-06	4.627521e-06
# END HISTO1D


# BEGIN HISTO1D //eos/home-y/yiyu/monobc/Rivet_New2/X2000_pi10_L20_darkQCDtch.yoda.gz/JetMETAnalysis/jet12_dphi
ErrorBars=1
LineColor=violet
LineStyle=solid
Path=//eos/home-y/yiyu/monobc/Rivet_New2/X2000_pi10_L20_darkQCDtch.yoda.gz/JetMETAnalysis/jet12_dphi
ScaledBy=1.55690063617137710e-05
Title=X2000_pi10_L20
# xlow	 xhigh	 val	 errminus	 errplus
0.000000e+00	6.283185e-02	8.234707e-06	5.696067e-07	5.696067e-07
6.283185e-02	1.256637e-01	9.022717e-06	5.962379e-07	5.962379e-07
1.256637e-01	1.884956e-01	8.865108e-06	5.910072e-07	5.910072e-07
1.884956e-01	2.513274e-01	8.431716e-06	5.763803e-07	5.763803e-07
2.513274e-01	3.141593e-01	8.746907e-06	5.870540e-07	5.870540e-07
3.141593e-01	3.769911e-01	8.274114e-06	5.709680e-07	5.709680e-07
3.769911e-01	4.398230e-01	8.983309e-06	5.949343e-07	5.949343e-07
4.398230e-01	5.026548e-01	9.534931e-06	6.129287e-07	6.129287e-07
5.026548e-01	5.654867e-01	8.549905e-06	5.804054e-07	5.804054e-07
5.654867e-01	6.283185e-01	1.036234e-05	6.389695e-07	6.389695e-07
6.283185e-01	6.911504e-01	9.495516e-06	6.116600e-07	6.116600e-07
6.911504e-01	7.539822e-01	9.101527e-06	5.988365e-07	5.988365e-07
7.539822e-01	8.168141e-01	9.456115e-06	6.103896e-07	6.103896e-07
8.168141e-01	8.796459e-01	1.004714e-05	6.291763e-07	6.291763e-07
8.796459e-01	9.424778e-01	9.731920e-06	6.192272e-07	6.192272e-07
9.424778e-01	1.005310e+00	9.692473e-06	6.179694e-07	6.179694e-07
1.005310e+00	1.068142e+00	9.062096e-06	5.975369e-07	5.975369e-07
1.068142e+00	1.130973e+00	9.338048e-06	6.065713e-07	6.065713e-07
1.130973e+00	1.193805e+00	1.004711e-05	6.291743e-07	6.291743e-07
1.193805e+00	1.256637e+00	9.928906e-06	6.254623e-07	6.254623e-07
1.256637e+00	1.319469e+00	9.534901e-06	6.129268e-07	6.129268e-07
1.319469e+00	1.382301e+00	9.692504e-06	6.204783e-07	6.204783e-07
1.382301e+00	1.445133e+00	9.298499e-06	6.052808e-07	6.052808e-07
1.445133e+00	1.507964e+00	1.055948e-05	6.450229e-07	6.450229e-07
1.507964e+00	1.570796e+00	1.111092e-05	6.616456e-07	6.616456e-07
1.570796e+00	1.633628e+00	9.692504e-06	6.179714e-07	6.179714e-07
1.633628e+00	1.696460e+00	1.087452e-05	6.545689e-07	6.545689e-07
1.696460e+00	1.759292e+00	1.067751e-05	6.486128e-07	6.486128e-07
1.759292e+00	1.822124e+00	1.107152e-05	6.604713e-07	6.604713e-07
1.822124e+00	1.884956e+00	1.189893e-05	6.847062e-07	6.847062e-07
1.884956e+00	1.947787e+00	1.044128e-05	6.414025e-07	6.414025e-07
1.947787e+00	2.010619e+00	1.150492e-05	6.732746e-07	6.732746e-07
2.010619e+00	2.073451e+00	1.213533e-05	6.914745e-07	6.914745e-07
2.073451e+00	2.136283e+00	1.154432e-05	6.767244e-07	6.767244e-07
2.136283e+00	2.199115e+00	1.241113e-05	6.992881e-07	6.992881e-07
2.199115e+00	2.261947e+00	1.260813e-05	7.048162e-07	7.048162e-07
2.261947e+00	2.324779e+00	1.323854e-05	7.222216e-07	7.222216e-07
2.324779e+00	2.387610e+00	1.284474e-05	7.114045e-07	7.114045e-07
2.387610e+00	2.450442e+00	1.312034e-05	7.189902e-07	7.189902e-07
2.450442e+00	2.513274e+00	1.205653e-05	6.892258e-07	6.892258e-07
2.513274e+00	2.576106e+00	1.442055e-05	7.537744e-07	7.537744e-07
2.576106e+00	2.638938e+00	1.418415e-05	7.496440e-07	7.496440e-07
2.638938e+00	2.701770e+00	1.351434e-05	7.297059e-07	7.297059e-07
2.701770e+00	2.764602e+00	1.465696e-05	7.599278e-07	7.599278e-07
2.764602e+00	2.827433e+00	1.528761e-05	7.761107e-07	7.761107e-07
2.827433e+00	2.890265e+00	1.390835e-05	7.402667e-07	7.402667e-07
2.890265e+00	2.953097e+00	1.359315e-05	7.318304e-07	7.318304e-07
2.953097e+00	3.015929e+00	1.461756e-05	7.589057e-07	7.589057e-07
3.015929e+00	3.078761e+00	1.375075e-05	7.360606e-07	7.360606e-07
3.078761e+00	3.141593e+00	1.406595e-05	7.465313e-07	7.465313e-07
# END HISTO1D


# BEGIN HISTO1D //eos/home-y/yiyu/monobc/Rivet_New2/X2000_pi20_L40_darkQCDtch.yoda.gz/JetMETAnalysis/jet12_dphi
ErrorBars=1
LineColor=violet
LineStyle=dashed
Path=//eos/home-y/yiyu/monobc/Rivet_New2/X2000_pi20_L40_darkQCDtch.yoda.gz/JetMETAnalysis/jet12_dphi
ScaledBy=1.31469333215724904e-05
Title=X2000_pi20_L40
# xlow	 xhigh	 val	 errminus	 errplus
0.000000e+00	6.283185e-02	6.602465e-06	4.492408e-07	4.492408e-07
6.283185e-02	1.256637e-01	6.296795e-06	4.387185e-07	4.387185e-07
1.256637e-01	1.884956e-01	6.541325e-06	4.471558e-07	4.471558e-07
1.884956e-01	2.513274e-01	6.663603e-06	4.513162e-07	4.513162e-07
2.513274e-01	3.141593e-01	7.672302e-06	4.842714e-07	4.842714e-07
3.141593e-01	3.769911e-01	7.488912e-06	4.784491e-07	4.784491e-07
3.769911e-01	4.398230e-01	7.397200e-06	4.755100e-07	4.755100e-07
4.398230e-01	5.026548e-01	7.886284e-06	4.928779e-07	4.928779e-07
5.026548e-01	5.654867e-01	8.100239e-06	4.975937e-07	4.975937e-07
5.654867e-01	6.283185e-01	8.864427e-06	5.205371e-07	5.205371e-07
6.283185e-01	6.911504e-01	8.436476e-06	5.078161e-07	5.078161e-07
6.911504e-01	7.539822e-01	8.405922e-06	5.068961e-07	5.068961e-07
7.539822e-01	8.168141e-01	8.130806e-06	4.985317e-07	4.985317e-07
8.168141e-01	8.796459e-01	8.772727e-06	5.178376e-07	5.178376e-07
8.796459e-01	9.424778e-01	7.458334e-06	4.774709e-07	4.774709e-07
9.424778e-01	1.005310e+00	7.519431e-06	4.794214e-07	4.794214e-07
1.005310e+00	1.068142e+00	8.314195e-06	5.041222e-07	5.041222e-07
1.068142e+00	1.130973e+00	7.733547e-06	4.862039e-07	4.862039e-07
1.130973e+00	1.193805e+00	7.397188e-06	4.755092e-07	4.755092e-07
1.193805e+00	1.256637e+00	7.641722e-06	4.833050e-07	4.833050e-07
1.256637e+00	1.319469e+00	7.825124e-06	4.890703e-07	4.890703e-07
1.319469e+00	1.382301e+00	8.039093e-06	4.957117e-07	4.957117e-07
1.382301e+00	1.445133e+00	8.497597e-06	5.096519e-07	5.096519e-07
1.445133e+00	1.507964e+00	8.833972e-06	5.196454e-07	5.196454e-07
1.507964e+00	1.570796e+00	8.375328e-06	5.059721e-07	5.059721e-07
1.570796e+00	1.633628e+00	8.680997e-06	5.151224e-07	5.151224e-07
1.633628e+00	1.696460e+00	9.567437e-06	5.407835e-07	5.407835e-07
1.696460e+00	1.759292e+00	9.873106e-06	5.493542e-07	5.493542e-07
1.759292e+00	1.822124e+00	9.659139e-06	5.450857e-07	5.450857e-07
1.822124e+00	1.884956e+00	9.659139e-06	5.433689e-07	5.433689e-07
1.884956e+00	1.947787e+00	9.598157e-06	5.416554e-07	5.416554e-07
1.947787e+00	2.010619e+00	9.995373e-06	5.527455e-07	5.527455e-07
2.010619e+00	2.073451e+00	1.030104e-05	5.611335e-07	5.611335e-07
2.073451e+00	2.136283e+00	1.063728e-05	5.702180e-07	5.702180e-07
2.136283e+00	2.199115e+00	1.146258e-05	5.919254e-07	5.919254e-07
2.199115e+00	2.261947e+00	1.088181e-05	5.767350e-07	5.767350e-07
2.261947e+00	2.324779e+00	1.158485e-05	5.950738e-07	5.950738e-07
2.324779e+00	2.387610e+00	1.124880e-05	5.895623e-07	5.895623e-07
2.387610e+00	2.450442e+00	1.161542e-05	5.958584e-07	5.958584e-07
2.450442e+00	2.513274e+00	1.256299e-05	6.196867e-07	6.196867e-07
2.513274e+00	2.576106e+00	1.289923e-05	6.279246e-07	6.279246e-07
2.576106e+00	2.638938e+00	1.308263e-05	6.338485e-07	6.338485e-07
2.638938e+00	2.701770e+00	1.393850e-05	6.541601e-07	6.541601e-07
2.701770e+00	2.764602e+00	1.348000e-05	6.433586e-07	6.433586e-07
2.764602e+00	2.827433e+00	1.439724e-05	6.633896e-07	6.633896e-07
2.827433e+00	2.890265e+00	1.415247e-05	6.577212e-07	6.577212e-07
2.890265e+00	2.953097e+00	1.436644e-05	6.626744e-07	6.626744e-07
2.953097e+00	3.015929e+00	1.565025e-05	6.929993e-07	6.929993e-07
3.015929e+00	3.078761e+00	1.461097e-05	6.696870e-07	6.696870e-07
3.078761e+00	3.141593e+00	1.537515e-05	6.855440e-07	6.855440e-07
# END HISTO1D

