# BEGIN PLOT
Legend=1
LogY=1
LegendPlacement=manual
LegendAlign=r
LegendXPos=1.36
RightMargin=3.7
Title=Di-jet invariant mass
XLabel=$m_{jj}$ [GeV]
YLabel=$\mathrm{d}\sigma/\mathrm{d}m_{jj}$ [pb/GeV]
LogX=1
DrawOnly=//eos/home-y/yiyu/monobc/Rivet_New2/X600_pi10_L20_darkQCDtch.yoda.gz/JetMETAnalysis/jet12_m //eos/home-y/yiyu/monobc/Rivet_New2/X600_pi20_L40_darkQCDtch.yoda.gz/JetMETAnalysis/jet12_m //eos/home-y/yiyu/monobc/Rivet_New2/X1200_pi10_L20_darkQCDtch.yoda.gz/JetMETAnalysis/jet12_m //eos/home-y/yiyu/monobc/Rivet_New2/X1200_pi20_L40_darkQCDtch.yoda.gz/JetMETAnalysis/jet12_m //eos/home-y/yiyu/monobc/Rivet_New2/X2000_pi10_L20_darkQCDtch.yoda.gz/JetMETAnalysis/jet12_m //eos/home-y/yiyu/monobc/Rivet_New2/X2000_pi20_L40_darkQCDtch.yoda.gz/JetMETAnalysis/jet12_m
LegendOnly=//eos/home-y/yiyu/monobc/Rivet_New2/X600_pi10_L20_darkQCDtch.yoda.gz/JetMETAnalysis/jet12_m //eos/home-y/yiyu/monobc/Rivet_New2/X600_pi20_L40_darkQCDtch.yoda.gz/JetMETAnalysis/jet12_m //eos/home-y/yiyu/monobc/Rivet_New2/X1200_pi10_L20_darkQCDtch.yoda.gz/JetMETAnalysis/jet12_m //eos/home-y/yiyu/monobc/Rivet_New2/X1200_pi20_L40_darkQCDtch.yoda.gz/JetMETAnalysis/jet12_m //eos/home-y/yiyu/monobc/Rivet_New2/X2000_pi10_L20_darkQCDtch.yoda.gz/JetMETAnalysis/jet12_m //eos/home-y/yiyu/monobc/Rivet_New2/X2000_pi20_L40_darkQCDtch.yoda.gz/JetMETAnalysis/jet12_m
RatioPlot=1
RatioPlotReference=//eos/home-y/yiyu/monobc/Rivet_New2/X600_pi10_L20_darkQCDtch.yoda.gz/JetMETAnalysis/jet12_m
RatioPlotYLabel=Ratio
# END PLOT

# BEGIN HISTO1D //eos/home-y/yiyu/monobc/Rivet_New2/X600_pi10_L20_darkQCDtch.yoda.gz/JetMETAnalysis/jet12_m
ErrorBars=1
LineColor=red
LineStyle=solid
Path=//eos/home-y/yiyu/monobc/Rivet_New2/X600_pi10_L20_darkQCDtch.yoda.gz/JetMETAnalysis/jet12_m
ScaledBy=8.61703272748720283e-06
Title=X600_pi10_L20
# xlow	 xhigh	 val	 errminus	 errplus
5.000000e+01	5.426665e+01	1.230125e-05	9.664772e-07	9.664772e-07
5.426665e+01	5.889739e+01	1.588169e-05	1.054104e-06	1.054104e-06
5.889739e+01	6.392328e+01	1.527765e-05	9.923900e-07	9.923900e-07
6.392328e+01	6.937805e+01	1.752132e-05	1.020131e-06	1.020131e-06
6.937805e+01	7.529829e+01	1.778546e-05	9.865600e-07	9.865600e-07
7.529829e+01	8.172373e+01	1.552991e-05	8.848988e-07	8.848988e-07
8.172373e+01	8.869746e+01	1.588847e-05	8.591501e-07	8.591501e-07
8.869746e+01	9.626628e+01	1.652267e-05	8.409818e-07	8.409818e-07
9.626628e+01	1.044810e+02	1.514467e-05	7.728478e-07	7.728478e-07
1.044810e+02	1.133967e+02	1.573452e-05	7.561529e-07	7.561529e-07
1.133967e+02	1.230731e+02	1.546854e-05	7.196616e-07	7.196616e-07
1.230731e+02	1.335753e+02	1.471496e-05	6.737520e-07	6.737520e-07
1.335753e+02	1.449737e+02	1.361485e-05	6.220782e-07	6.220782e-07
1.449737e+02	1.573448e+02	1.241342e-05	5.701669e-07	5.701669e-07
1.573448e+02	1.707715e+02	1.196833e-05	5.373938e-07	5.373938e-07
1.707715e+02	1.853439e+02	1.078281e-05	4.906305e-07	4.906305e-07
1.853439e+02	2.011599e+02	1.005787e-05	4.539053e-07	4.539053e-07
2.011599e+02	2.183255e+02	9.569080e-06	4.258151e-07	4.258151e-07
2.183255e+02	2.369559e+02	9.390587e-06	4.041065e-07	4.041065e-07
2.369559e+02	2.571760e+02	7.883205e-06	3.561240e-07	3.561240e-07
2.571760e+02	2.791217e+02	8.119595e-06	3.462207e-07	3.462207e-07
2.791217e+02	3.029400e+02	7.358812e-06	3.163800e-07	3.163800e-07
3.029400e+02	3.287907e+02	6.329074e-06	2.816401e-07	2.816401e-07
3.287907e+02	3.568475e+02	6.154747e-06	2.665917e-07	2.665917e-07
3.568475e+02	3.872983e+02	5.904938e-06	2.506507e-07	2.506507e-07
3.872983e+02	4.203477e+02	4.685819e-06	2.147723e-07	2.147723e-07
4.203477e+02	4.562172e+02	4.687737e-06	2.057688e-07	2.057688e-07
4.562172e+02	4.951476e+02	3.936348e-06	1.809934e-07	1.809934e-07
4.951476e+02	5.374001e+02	3.396819e-06	1.613878e-07	1.613878e-07
5.374001e+02	5.832581e+02	2.903674e-06	1.432277e-07	1.432277e-07
5.832581e+02	6.330293e+02	2.623300e-06	1.306759e-07	1.306759e-07
6.330293e+02	6.870476e+02	2.153152e-06	1.136390e-07	1.136390e-07
6.870476e+02	7.456754e+02	1.541778e-06	9.230381e-08	9.230381e-08
7.456754e+02	8.093062e+02	1.425646e-06	8.519866e-08	8.519866e-08
8.093062e+02	8.783667e+02	9.101084e-07	6.567792e-08	6.567792e-08
8.783667e+02	9.533204e+02	6.570095e-07	5.329051e-08	5.329051e-08
9.533204e+02	1.034670e+03	4.500328e-07	4.233552e-08	4.233552e-08
1.034670e+03	1.122962e+03	4.366633e-07	4.002886e-08	4.002886e-08
1.122962e+03	1.218787e+03	2.738592e-07	3.042880e-08	3.042880e-08
1.218787e+03	1.322790e+03	1.744469e-07	2.331145e-08	2.331145e-08
1.322790e+03	1.435668e+03	1.004570e-07	1.698032e-08	1.698032e-08
1.435668e+03	1.558178e+03	7.404702e-08	1.399357e-08	1.399357e-08
1.558178e+03	1.691142e+03	3.411262e-08	9.116980e-09	9.116980e-09
1.691142e+03	1.835452e+03	3.143061e-08	8.400181e-09	8.400181e-09
1.835452e+03	1.992077e+03	1.034261e-08	4.625355e-09	4.625355e-09
1.992077e+03	2.162067e+03	5.717669e-09	3.301098e-09	3.301098e-09
2.162067e+03	2.346563e+03	3.512078e-09	2.483414e-09	2.483414e-09
2.346563e+03	2.546802e+03	0.000000e+00	0.000000e+00	0.000000e+00
2.546802e+03	2.764129e+03	1.490759e-09	1.490759e-09	1.490759e-09
2.764129e+03	3.000000e+03	0.000000e+00	0.000000e+00	0.000000e+00
# END HISTO1D


# BEGIN HISTO1D //eos/home-y/yiyu/monobc/Rivet_New2/X600_pi20_L40_darkQCDtch.yoda.gz/JetMETAnalysis/jet12_m
ErrorBars=1
LineColor=red
LineStyle=dashed
Path=//eos/home-y/yiyu/monobc/Rivet_New2/X600_pi20_L40_darkQCDtch.yoda.gz/JetMETAnalysis/jet12_m
ScaledBy=7.76911121898319573e-06
Title=X600_pi20_L40
# xlow	 xhigh	 val	 errminus	 errplus
5.000000e+01	5.426665e+01	1.019568e-05	8.189364e-07	8.189364e-07
5.426665e+01	5.889739e+01	9.818295e-06	7.713980e-07	7.713980e-07
5.889739e+01	6.392328e+01	1.401626e-05	8.846985e-07	8.846985e-07
6.392328e+01	6.937805e+01	1.399471e-05	8.485539e-07	8.485539e-07
6.937805e+01	7.529829e+01	1.336845e-05	7.960799e-07	7.960799e-07
7.529829e+01	8.172373e+01	1.406450e-05	7.837842e-07	7.837842e-07
8.172373e+01	8.869746e+01	1.476973e-05	7.709733e-07	7.709733e-07
8.869746e+01	9.626628e+01	1.427591e-05	7.275680e-07	7.275680e-07
9.626628e+01	1.044810e+02	1.366591e-05	6.832956e-07	6.832956e-07
1.044810e+02	1.133967e+02	1.315807e-05	6.435823e-07	6.435823e-07
1.133967e+02	1.230731e+02	1.392191e-05	6.354454e-07	6.354454e-07
1.230731e+02	1.335753e+02	1.242637e-05	5.762588e-07	5.762588e-07
1.335753e+02	1.449737e+02	1.191716e-05	5.416892e-07	5.416892e-07
1.449737e+02	1.573448e+02	1.163806e-05	5.138327e-07	5.138327e-07
1.573448e+02	1.707715e+02	1.040953e-05	4.664626e-07	4.664626e-07
1.707715e+02	1.853439e+02	1.055410e-05	4.508485e-07	4.508485e-07
1.853439e+02	2.011599e+02	9.085414e-06	4.015224e-07	4.015224e-07
2.011599e+02	2.183255e+02	9.303036e-06	3.906883e-07	3.906883e-07
2.183255e+02	2.369559e+02	8.978326e-06	3.677667e-07	3.677667e-07
2.369559e+02	2.571760e+02	8.536174e-06	3.442117e-07	3.442117e-07
2.571760e+02	2.791217e+02	8.082376e-06	3.214996e-07	3.214996e-07
2.791217e+02	3.029400e+02	7.600118e-06	2.992544e-07	2.992544e-07
3.029400e+02	3.287907e+02	7.100303e-06	2.776438e-07	2.776438e-07
3.287907e+02	3.568475e+02	6.902116e-06	2.627591e-07	2.627591e-07
3.568475e+02	3.872983e+02	5.852569e-06	2.322520e-07	2.322520e-07
3.872983e+02	4.203477e+02	5.231045e-06	2.107648e-07	2.107648e-07
4.203477e+02	4.562172e+02	4.694587e-06	1.916557e-07	1.916557e-07
4.562172e+02	4.951476e+02	4.383148e-06	1.777601e-07	1.777601e-07
4.951476e+02	5.374001e+02	3.420789e-06	1.507380e-07	1.507380e-07
5.374001e+02	5.832581e+02	2.876432e-06	1.329619e-07	1.329619e-07
5.832581e+02	6.330293e+02	2.571332e-06	1.204137e-07	1.204137e-07
6.330293e+02	6.870476e+02	2.124974e-06	1.053298e-07	1.053298e-07
6.870476e+02	7.456754e+02	1.728124e-06	9.095392e-08	9.095392e-08
7.456754e+02	8.093062e+02	1.168826e-06	7.180041e-08	7.180041e-08
8.093062e+02	8.783667e+02	9.306302e-07	6.149778e-08	6.149778e-08
8.783667e+02	9.533204e+02	6.739859e-07	5.023594e-08	5.023594e-08
9.533204e+02	1.034670e+03	5.174963e-07	4.225340e-08	4.225340e-08
1.034670e+03	1.122962e+03	3.274064e-07	3.226032e-08	3.226032e-08
1.122962e+03	1.218787e+03	2.401632e-07	2.652159e-08	2.652159e-08
1.218787e+03	1.322790e+03	1.511171e-07	2.019387e-08	2.019387e-08
1.322790e+03	1.435668e+03	1.168584e-07	1.704555e-08	1.704555e-08
1.435668e+03	1.558178e+03	5.498081e-08	1.122291e-08	1.122291e-08
1.558178e+03	1.691142e+03	4.854731e-08	1.012281e-08	1.012281e-08
1.691142e+03	1.835452e+03	2.333760e-08	6.736985e-09	6.736985e-09
1.835452e+03	1.992077e+03	8.959432e-09	4.006778e-09	4.006778e-09
1.992077e+03	2.162067e+03	4.953011e-09	2.859622e-09	2.859622e-09
2.162067e+03	2.346563e+03	1.521193e-09	1.521193e-09	1.521193e-09
2.346563e+03	2.546802e+03	0.000000e+00	0.000000e+00	0.000000e+00
2.546802e+03	2.764129e+03	0.000000e+00	0.000000e+00	0.000000e+00
2.764129e+03	3.000000e+03	1.189863e-09	1.189863e-09	1.189863e-09
# END HISTO1D


# BEGIN HISTO1D //eos/home-y/yiyu/monobc/Rivet_New2/X1200_pi10_L20_darkQCDtch.yoda.gz/JetMETAnalysis/jet12_m
ErrorBars=1
LineColor=blue
LineStyle=solid
Path=//eos/home-y/yiyu/monobc/Rivet_New2/X1200_pi10_L20_darkQCDtch.yoda.gz/JetMETAnalysis/jet12_m
ScaledBy=1.30078643920316757e-05
Title=X1200_pi10_L20
# xlow	 xhigh	 val	 errminus	 errplus
5.000000e+01	5.426665e+01	1.080429e-06	6.624538e-08	6.624538e-08
5.426665e+01	5.889739e+01	1.036647e-06	6.228612e-08	6.228612e-08
5.889739e+01	6.392328e+01	1.282720e-06	6.650591e-08	6.650591e-08
6.392328e+01	6.937805e+01	1.229522e-06	6.250011e-08	6.250011e-08
6.937805e+01	7.529829e+01	1.390452e-06	6.379832e-08	6.379832e-08
7.529829e+01	8.172373e+01	1.310796e-06	5.945892e-08	5.945892e-08
8.172373e+01	8.869746e+01	1.294716e-06	5.672252e-08	5.672252e-08
8.869746e+01	9.626628e+01	1.259320e-06	5.369760e-08	5.369760e-08
9.626628e+01	1.044810e+02	1.166633e-06	4.961026e-08	4.961026e-08
1.044810e+02	1.133967e+02	1.094346e-06	4.612120e-08	4.612120e-08
1.133967e+02	1.230731e+02	1.038761e-06	4.313223e-08	4.313223e-08
1.230731e+02	1.335753e+02	9.273802e-07	3.911917e-08	3.911917e-08
1.335753e+02	1.449737e+02	8.179752e-07	3.526541e-08	3.526541e-08
1.449737e+02	1.573448e+02	7.732725e-07	3.291266e-08	3.291266e-08
1.573448e+02	1.707715e+02	7.008616e-07	3.007685e-08	3.007685e-08
1.707715e+02	1.853439e+02	6.207850e-07	2.717102e-08	2.717102e-08
1.853439e+02	2.011599e+02	5.478670e-07	2.455031e-08	2.455031e-08
2.011599e+02	2.183255e+02	4.664281e-07	2.170020e-08	2.170020e-08
2.183255e+02	2.369559e+02	4.111515e-07	1.955648e-08	1.955648e-08
2.369559e+02	2.571760e+02	3.299736e-07	1.690415e-08	1.690415e-08
2.571760e+02	2.791217e+02	2.906030e-07	1.518984e-08	1.518984e-08
2.791217e+02	3.029400e+02	2.364691e-07	1.323747e-08	1.323747e-08
3.029400e+02	3.287907e+02	1.957547e-07	1.145568e-08	1.145568e-08
3.287907e+02	3.568475e+02	1.636852e-07	1.005510e-08	1.005510e-08
3.568475e+02	3.872983e+02	1.439871e-07	9.052391e-09	9.052391e-09
3.872983e+02	4.203477e+02	1.274220e-07	8.207696e-09	8.207696e-09
4.203477e+02	4.562172e+02	9.517933e-08	6.781247e-09	6.781247e-09
4.562172e+02	4.951476e+02	7.256054e-08	5.683380e-09	5.683380e-09
4.951476e+02	5.374001e+02	6.890627e-08	5.316233e-09	5.316233e-09
5.374001e+02	5.832581e+02	5.026183e-08	4.358253e-09	4.358253e-09
5.832581e+02	6.330293e+02	4.805104e-08	4.090376e-09	4.090376e-09
6.330293e+02	6.870476e+02	3.400688e-08	3.334055e-09	3.334055e-09
6.870476e+02	7.456754e+02	3.369792e-08	3.156099e-09	3.156099e-09
7.456754e+02	8.093062e+02	2.995898e-08	2.856477e-09	2.856477e-09
8.093062e+02	8.783667e+02	2.383942e-08	2.445873e-09	2.445873e-09
8.783667e+02	9.533204e+02	2.358353e-08	2.335118e-09	2.335118e-09
9.533204e+02	1.034670e+03	1.874688e-08	2.021006e-09	2.021006e-09
1.034670e+03	1.122962e+03	1.413230e-08	1.688481e-09	1.688481e-09
1.122962e+03	1.218787e+03	1.356389e-08	1.566223e-09	1.566223e-09
1.218787e+03	1.322790e+03	9.331339e-09	1.269024e-09	1.269024e-09
1.322790e+03	1.435668e+03	1.105414e-08	1.320713e-09	1.320713e-09
1.435668e+03	1.558178e+03	7.497321e-09	1.029836e-09	1.029836e-09
1.558178e+03	1.691142e+03	5.734827e-09	8.645579e-10	8.645579e-10
1.691142e+03	1.835452e+03	2.762060e-09	6.004479e-10	6.004479e-10
1.835452e+03	1.992077e+03	2.766182e-09	5.532363e-10	5.532363e-10
1.992077e+03	2.162067e+03	1.121427e-09	3.381230e-10	3.381230e-10
2.162067e+03	2.346563e+03	1.127187e-09	3.253909e-10	3.253909e-10
2.346563e+03	2.546802e+03	6.058305e-10	2.289824e-10	2.289824e-10
2.546802e+03	2.764129e+03	4.784532e-10	1.953276e-10	1.953276e-10
2.764129e+03	3.000000e+03	2.204187e-10	1.272588e-10	1.272588e-10
# END HISTO1D


# BEGIN HISTO1D //eos/home-y/yiyu/monobc/Rivet_New2/X1200_pi20_L40_darkQCDtch.yoda.gz/JetMETAnalysis/jet12_m
ErrorBars=1
LineColor=blue
LineStyle=dashed
Path=//eos/home-y/yiyu/monobc/Rivet_New2/X1200_pi20_L40_darkQCDtch.yoda.gz/JetMETAnalysis/jet12_m
ScaledBy=1.08493113462930623e-05
Title=X1200_pi20_L40
# xlow	 xhigh	 val	 errminus	 errplus
5.000000e+01	5.426665e+01	7.687579e-07	4.931585e-08	4.931585e-08
5.426665e+01	5.889739e+01	8.453137e-07	4.963853e-08	4.963853e-08
5.889739e+01	6.392328e+01	9.856515e-07	5.145060e-08	5.145060e-08
6.392328e+01	6.937805e+01	1.051678e-06	5.101388e-08	5.101388e-08
6.937805e+01	7.529829e+01	1.130870e-06	5.077756e-08	5.077756e-08
7.529829e+01	8.172373e+01	1.046157e-06	4.687941e-08	4.687941e-08
8.172373e+01	8.869746e+01	1.209721e-06	4.838884e-08	4.838884e-08
8.869746e+01	9.626628e+01	1.075374e-06	4.379262e-08	4.379262e-08
9.626628e+01	1.044810e+02	1.030256e-06	4.114446e-08	4.114446e-08
1.044810e+02	1.133967e+02	9.416842e-07	3.775810e-08	3.775810e-08
1.133967e+02	1.230731e+02	8.592851e-07	3.462158e-08	3.462158e-08
1.230731e+02	1.335753e+02	8.444140e-07	3.294373e-08	3.294373e-08
1.335753e+02	1.449737e+02	7.649956e-07	3.009835e-08	3.009835e-08
1.449737e+02	1.573448e+02	7.212129e-07	2.805193e-08	2.805193e-08
1.573448e+02	1.707715e+02	6.373681e-07	2.531313e-08	2.531313e-08
1.707715e+02	1.853439e+02	5.881837e-07	2.334136e-08	2.334136e-08
1.853439e+02	2.011599e+02	5.043839e-07	2.074758e-08	2.074758e-08
2.011599e+02	2.183255e+02	4.238382e-07	1.828984e-08	1.828984e-08
2.183255e+02	2.369559e+02	3.666052e-07	1.629759e-08	1.629759e-08
2.369559e+02	2.571760e+02	3.197589e-07	1.461015e-08	1.461015e-08
2.571760e+02	2.791217e+02	2.890805e-07	1.333429e-08	1.333429e-08
2.791217e+02	3.029400e+02	2.323504e-07	1.150292e-08	1.150292e-08
3.029400e+02	3.287907e+02	1.733549e-07	9.514086e-09	9.514086e-09
3.287907e+02	3.568475e+02	1.558753e-07	8.686424e-09	8.686424e-09
3.568475e+02	3.872983e+02	1.254464e-07	7.483316e-09	7.483316e-09
3.872983e+02	4.203477e+02	1.106818e-07	6.748202e-09	6.748202e-09
4.203477e+02	4.562172e+02	9.031425e-08	5.829760e-09	5.829760e-09
4.562172e+02	4.951476e+02	8.043953e-08	5.281113e-09	5.281113e-09
4.951476e+02	5.374001e+02	6.453114e-08	4.540395e-09	4.540395e-09
5.374001e+02	5.832581e+02	5.680841e-08	4.089158e-09	4.089158e-09
5.832581e+02	6.330293e+02	4.881628e-08	3.638551e-09	3.638551e-09
6.330293e+02	6.870476e+02	3.998062e-08	3.160745e-09	3.160745e-09
6.870476e+02	7.456754e+02	3.729768e-08	2.948415e-09	2.948415e-09
7.456754e+02	8.093062e+02	2.863761e-08	2.464733e-09	2.464733e-09
8.093062e+02	8.783667e+02	2.384516e-08	2.158841e-09	2.158841e-09
8.783667e+02	9.533204e+02	2.485172e-08	2.115519e-09	2.115519e-09
9.533204e+02	1.034670e+03	1.841780e-08	1.763820e-09	1.763820e-09
1.034670e+03	1.122962e+03	1.880417e-08	1.695515e-09	1.695515e-09
1.122962e+03	1.218787e+03	1.394526e-08	1.401552e-09	1.401552e-09
1.218787e+03	1.322790e+03	1.129129e-08	1.224389e-09	1.224389e-09
1.322790e+03	1.435668e+03	7.055261e-09	9.185167e-10	9.185167e-10
1.435668e+03	1.558178e+03	6.610740e-09	8.814318e-10	8.814318e-10
1.558178e+03	1.691142e+03	5.684919e-09	7.731259e-10	7.731259e-10
1.691142e+03	1.835452e+03	4.396142e-09	6.412433e-10	6.412433e-10
1.835452e+03	1.992077e+03	2.326875e-09	4.478073e-10	4.478073e-10
1.992077e+03	2.162067e+03	1.588097e-09	3.724417e-10	3.724417e-10
2.162067e+03	2.346563e+03	9.511014e-10	2.833538e-10	2.833538e-10
2.346563e+03	2.546802e+03	8.089148e-10	2.335136e-10	2.335136e-10
2.546802e+03	2.764129e+03	3.105465e-10	1.388806e-10	1.388806e-10
2.764129e+03	3.000000e+03	1.144526e-10	8.093024e-11	8.093024e-11
# END HISTO1D


# BEGIN HISTO1D //eos/home-y/yiyu/monobc/Rivet_New2/X2000_pi10_L20_darkQCDtch.yoda.gz/JetMETAnalysis/jet12_m
ErrorBars=1
LineColor=violet
LineStyle=solid
Path=//eos/home-y/yiyu/monobc/Rivet_New2/X2000_pi10_L20_darkQCDtch.yoda.gz/JetMETAnalysis/jet12_m
ScaledBy=1.55690063617137710e-05
Title=X2000_pi10_L20
# xlow	 xhigh	 val	 errminus	 errplus
5.000000e+01	5.426665e+01	1.613019e-07	9.674245e-09	9.674245e-09
5.426665e+01	5.889739e+01	1.641231e-07	9.367001e-09	9.367001e-09
5.889739e+01	6.392328e+01	1.817587e-07	9.461978e-09	9.461978e-09
6.392328e+01	6.937805e+01	2.019599e-07	9.573821e-09	9.573821e-09
6.937805e+01	7.529829e+01	1.952808e-07	9.036513e-09	9.036513e-09
7.529829e+01	8.172373e+01	2.030437e-07	8.844721e-09	8.844721e-09
8.172373e+01	8.869746e+01	1.995046e-07	8.415593e-09	8.415593e-09
8.869746e+01	9.626628e+01	2.044247e-07	8.176992e-09	8.176992e-09
9.626628e+01	1.044810e+02	1.750915e-07	7.264019e-09	7.264019e-09
1.044810e+02	1.133967e+02	1.624359e-07	6.715900e-09	6.715900e-09
1.133967e+02	1.230731e+02	1.611791e-07	6.421525e-09	6.421525e-09
1.230731e+02	1.335753e+02	1.369549e-07	5.681846e-09	5.681846e-09
1.335753e+02	1.449737e+02	1.359603e-07	5.434067e-09	5.434067e-09
1.449737e+02	1.573448e+02	1.322741e-07	5.144867e-09	5.144867e-09
1.573448e+02	1.707715e+02	1.074932e-07	4.459543e-09	4.459543e-09
1.707715e+02	1.853439e+02	9.275631e-08	3.969602e-09	3.969602e-09
1.853439e+02	2.011599e+02	7.920188e-08	3.520954e-09	3.520954e-09
2.011599e+02	2.183255e+02	7.225375e-08	3.228060e-09	3.228060e-09
2.183255e+02	2.369559e+02	5.580959e-08	2.723229e-09	2.723229e-09
2.369559e+02	2.571760e+02	5.031998e-08	2.482100e-09	2.482100e-09
2.571760e+02	2.791217e+02	4.760413e-08	2.317333e-09	2.317333e-09
2.791217e+02	3.029400e+02	3.419534e-08	1.885250e-09	1.885250e-09
3.029400e+02	3.287907e+02	3.102805e-08	1.723780e-09	1.723780e-09
3.287907e+02	3.568475e+02	2.391183e-08	1.452540e-09	1.452540e-09
3.568475e+02	3.872983e+02	1.739790e-08	1.189296e-09	1.189296e-09
3.872983e+02	4.203477e+02	1.505616e-08	1.061980e-09	1.061980e-09
4.203477e+02	4.562172e+02	1.332029e-08	9.588156e-10	9.588156e-10
4.562172e+02	4.951476e+02	1.036527e-08	8.118703e-10	8.118703e-10
4.951476e+02	5.374001e+02	8.319891e-09	6.981898e-10	6.981898e-10
5.374001e+02	5.832581e+02	5.506387e-09	5.452136e-10	5.452136e-10
5.832581e+02	6.330293e+02	3.780220e-09	4.336211e-10	4.336211e-10
6.330293e+02	6.870476e+02	3.299691e-09	3.888723e-10	3.888723e-10
6.870476e+02	7.456754e+02	2.406872e-09	3.187980e-10	3.187980e-10
7.456754e+02	8.093062e+02	1.789666e-09	2.638720e-10	2.638720e-10
8.093062e+02	8.783667e+02	1.541418e-09	2.350641e-10	2.350641e-10
8.783667e+02	9.533204e+02	1.023883e-09	1.897342e-10	1.897342e-10
9.533204e+02	1.034670e+03	6.390658e-10	1.394556e-10	1.394556e-10
1.034670e+03	1.122962e+03	4.486217e-10	1.121554e-10	1.121554e-10
1.122962e+03	1.218787e+03	4.650241e-10	1.155361e-10	1.155361e-10
1.218787e+03	1.322790e+03	2.380323e-10	7.527242e-11	7.527242e-11
1.322790e+03	1.435668e+03	4.167025e-10	9.559810e-11	9.559810e-11
1.435668e+03	1.558178e+03	1.414517e-10	5.346373e-11	5.346373e-11
1.558178e+03	1.691142e+03	1.675676e-10	5.585588e-11	5.585588e-11
1.691142e+03	1.835452e+03	1.029287e-10	4.202047e-11	4.202047e-11
1.835452e+03	1.992077e+03	9.483569e-11	3.871651e-11	3.871651e-11
1.992077e+03	2.162067e+03	8.737949e-11	3.567253e-11	3.567253e-11
2.162067e+03	2.346563e+03	6.709110e-11	3.000404e-11	3.000404e-11
2.346563e+03	2.546802e+03	3.708978e-11	2.141380e-11	2.141380e-11
2.546802e+03	2.764129e+03	3.417349e-11	1.973007e-11	1.973007e-11
2.764129e+03	3.000000e+03	2.099119e-11	2.099119e-11	2.099119e-11
# END HISTO1D


# BEGIN HISTO1D //eos/home-y/yiyu/monobc/Rivet_New2/X2000_pi20_L40_darkQCDtch.yoda.gz/JetMETAnalysis/jet12_m
ErrorBars=1
LineColor=violet
LineStyle=dashed
Path=//eos/home-y/yiyu/monobc/Rivet_New2/X2000_pi20_L40_darkQCDtch.yoda.gz/JetMETAnalysis/jet12_m
ScaledBy=1.31469333215724904e-05
Title=X2000_pi20_L40
# xlow	 xhigh	 val	 errminus	 errplus
5.000000e+01	5.426665e+01	1.143349e-07	7.174011e-09	7.174011e-09
5.426665e+01	5.889739e+01	1.343776e-07	7.465420e-09	7.465420e-09
5.889739e+01	6.392328e+01	1.524727e-07	7.633183e-09	7.633183e-09
6.392328e+01	6.937805e+01	1.697082e-07	7.729997e-09	7.729997e-09
6.937805e+01	7.529829e+01	1.875084e-07	7.799320e-09	7.799320e-09
7.529829e+01	8.172373e+01	1.898030e-07	7.532101e-09	7.532101e-09
8.172373e+01	8.869746e+01	1.726770e-07	6.896057e-09	6.896057e-09
8.869746e+01	9.626628e+01	1.639217e-07	6.449414e-09	6.449414e-09
9.626628e+01	1.044810e+02	1.419149e-07	5.760149e-09	5.760149e-09
1.044810e+02	1.133967e+02	1.385121e-07	5.462384e-09	5.462384e-09
1.133967e+02	1.230731e+02	1.444939e-07	5.355303e-09	5.355303e-09
1.230731e+02	1.335753e+02	1.278289e-07	4.834933e-09	4.834933e-09
1.335753e+02	1.449737e+02	1.167674e-07	4.435626e-09	4.435626e-09
1.449737e+02	1.573448e+02	1.128647e-07	4.185921e-09	4.185921e-09
1.573448e+02	1.707715e+02	9.955708e-08	3.773701e-09	3.773701e-09
1.707715e+02	1.853439e+02	8.316303e-08	3.310669e-09	3.310669e-09
1.853439e+02	2.011599e+02	7.455962e-08	3.008983e-09	3.008983e-09
2.011599e+02	2.183255e+02	6.836196e-08	2.765628e-09	2.765628e-09
2.183255e+02	2.369559e+02	6.370867e-08	2.562738e-09	2.562738e-09
2.369559e+02	2.571760e+02	5.461561e-08	2.277628e-09	2.277628e-09
2.571760e+02	2.791217e+02	3.990686e-08	1.872904e-09	1.872904e-09
2.791217e+02	3.029400e+02	3.338272e-08	1.640671e-09	1.640671e-09
3.029400e+02	3.287907e+02	2.979232e-08	1.487757e-09	1.487757e-09
3.287907e+02	3.568475e+02	2.265802e-08	1.245397e-09	1.245397e-09
3.568475e+02	3.872983e+02	1.892146e-08	1.092431e-09	1.092431e-09
3.872983e+02	4.203477e+02	1.534166e-08	9.442142e-10	9.442142e-10
4.203477e+02	4.562172e+02	1.263627e-08	8.225510e-10	8.225510e-10
4.562172e+02	4.951476e+02	9.274726e-09	6.764290e-10	6.764290e-10
4.951476e+02	5.374001e+02	7.409133e-09	5.803280e-10	5.803280e-10
5.374001e+02	5.832581e+02	5.528292e-09	4.848077e-10	4.848077e-10
5.832581e+02	6.330293e+02	3.665875e-09	3.761108e-10	3.761108e-10
6.330293e+02	6.870476e+02	3.662085e-09	3.608360e-10	3.608360e-10
6.870476e+02	7.456754e+02	2.620707e-09	2.966439e-10	2.966439e-10
7.456754e+02	8.093062e+02	2.082638e-09	2.507202e-10	2.507202e-10
8.093062e+02	8.783667e+02	1.362695e-09	1.946707e-10	1.946707e-10
8.783667e+02	9.533204e+02	8.968238e-10	1.515909e-10	1.515909e-10
9.533204e+02	1.034670e+03	6.846597e-10	1.271381e-10	1.271381e-10
1.034670e+03	1.122962e+03	6.308249e-10	1.211132e-10	1.211132e-10
1.122962e+03	1.218787e+03	5.411493e-10	1.041442e-10	1.041442e-10
1.218787e+03	1.322790e+03	4.247312e-10	8.856257e-11	8.856257e-11
1.322790e+03	1.435668e+03	2.722343e-10	6.805858e-11	6.805858e-11
1.435668e+03	1.558178e+03	1.724461e-10	5.199445e-11	5.199445e-11
1.558178e+03	1.691142e+03	2.166653e-10	5.955559e-11	5.955559e-11
1.691142e+03	1.835452e+03	1.064696e-10	3.764270e-11	3.764270e-11
1.835452e+03	1.992077e+03	1.348850e-10	4.066937e-11	4.066937e-11
1.992077e+03	2.162067e+03	4.519275e-11	2.259637e-11	2.259637e-11
2.162067e+03	2.346563e+03	6.245919e-11	2.549886e-11	2.549886e-11
2.346563e+03	2.546802e+03	2.877430e-11	1.661285e-11	1.661285e-11
2.546802e+03	2.764129e+03	7.069821e-11	2.499560e-11	2.499560e-11
2.764129e+03	3.000000e+03	2.442749e-11	1.410322e-11	1.410322e-11
# END HISTO1D

