# BEGIN PLOT
Legend=1
LogY=1
LegendPlacement=manual
LegendAlign=r
LegendXPos=1.36
RightMargin=3.7
Title=Jet multiplicity ($p_\mathrm{T} > 25$ GeV)
XLabel=$N_\mathrm{jets}$
YLabel=$\mathrm{d}\sigma/\mathrm{d}N_\mathrm{jets}$ [pb]
DrawOnly=//eos/home-y/yiyu/monobc/Rivet_New2/X600_pi10_L20_darkQCDtch.yoda.gz/JetMETAnalysis/jet_mult //eos/home-y/yiyu/monobc/Rivet_New2/X600_pi20_L40_darkQCDtch.yoda.gz/JetMETAnalysis/jet_mult //eos/home-y/yiyu/monobc/Rivet_New2/X1200_pi10_L20_darkQCDtch.yoda.gz/JetMETAnalysis/jet_mult //eos/home-y/yiyu/monobc/Rivet_New2/X1200_pi20_L40_darkQCDtch.yoda.gz/JetMETAnalysis/jet_mult //eos/home-y/yiyu/monobc/Rivet_New2/X2000_pi10_L20_darkQCDtch.yoda.gz/JetMETAnalysis/jet_mult //eos/home-y/yiyu/monobc/Rivet_New2/X2000_pi20_L40_darkQCDtch.yoda.gz/JetMETAnalysis/jet_mult
LegendOnly=//eos/home-y/yiyu/monobc/Rivet_New2/X600_pi10_L20_darkQCDtch.yoda.gz/JetMETAnalysis/jet_mult //eos/home-y/yiyu/monobc/Rivet_New2/X600_pi20_L40_darkQCDtch.yoda.gz/JetMETAnalysis/jet_mult //eos/home-y/yiyu/monobc/Rivet_New2/X1200_pi10_L20_darkQCDtch.yoda.gz/JetMETAnalysis/jet_mult //eos/home-y/yiyu/monobc/Rivet_New2/X1200_pi20_L40_darkQCDtch.yoda.gz/JetMETAnalysis/jet_mult //eos/home-y/yiyu/monobc/Rivet_New2/X2000_pi10_L20_darkQCDtch.yoda.gz/JetMETAnalysis/jet_mult //eos/home-y/yiyu/monobc/Rivet_New2/X2000_pi20_L40_darkQCDtch.yoda.gz/JetMETAnalysis/jet_mult
RatioPlot=1
RatioPlotReference=//eos/home-y/yiyu/monobc/Rivet_New2/X600_pi10_L20_darkQCDtch.yoda.gz/JetMETAnalysis/jet_mult
RatioPlotYLabel=Ratio
# END PLOT

# BEGIN HISTO1D //eos/home-y/yiyu/monobc/Rivet_New2/X600_pi10_L20_darkQCDtch.yoda.gz/JetMETAnalysis/jet_mult
ErrorBars=1
LineColor=red
LineStyle=solid
Path=//eos/home-y/yiyu/monobc/Rivet_New2/X600_pi10_L20_darkQCDtch.yoda.gz/JetMETAnalysis/jet_mult
ScaledBy=6.77976749129633426e-06
Title=X600_pi10_L20
# xlow	 xhigh	 val	 errminus	 errplus
-5.000000e-01	5.000000e-01	9.711877e-05	5.001596e-06	5.001596e-06
5.000000e-01	1.500000e+00	9.887761e-04	1.588816e-05	1.588816e-05
1.500000e+00	2.500000e+00	2.804464e-03	2.674923e-05	2.674923e-05
2.500000e+00	3.500000e+00	9.044026e-04	1.518344e-05	1.518344e-05
3.500000e+00	4.500000e+00	2.362968e-04	7.761007e-06	7.761007e-06
4.500000e+00	5.500000e+00	5.047117e-05	3.586830e-06	3.586830e-06
5.500000e+00	6.500000e+00	8.921672e-06	1.508038e-06	1.508038e-06
6.500000e+00	7.500000e+00	2.549049e-06	8.060801e-07	8.060801e-07
7.500000e+00	8.500000e+00	0.000000e+00	0.000000e+00	0.000000e+00
8.500000e+00	9.500000e+00	0.000000e+00	0.000000e+00	0.000000e+00
9.500000e+00	1.050000e+01	0.000000e+00	0.000000e+00	0.000000e+00
1.050000e+01	1.150000e+01	0.000000e+00	0.000000e+00	0.000000e+00
1.150000e+01	1.250000e+01	0.000000e+00	0.000000e+00	0.000000e+00
1.250000e+01	1.350000e+01	0.000000e+00	0.000000e+00	0.000000e+00
1.350000e+01	1.450000e+01	0.000000e+00	0.000000e+00	0.000000e+00
1.450000e+01	1.550000e+01	0.000000e+00	0.000000e+00	0.000000e+00
1.550000e+01	1.650000e+01	0.000000e+00	0.000000e+00	0.000000e+00
1.650000e+01	1.750000e+01	0.000000e+00	0.000000e+00	0.000000e+00
1.750000e+01	1.850000e+01	0.000000e+00	0.000000e+00	0.000000e+00
1.850000e+01	1.950000e+01	0.000000e+00	0.000000e+00	0.000000e+00
1.950000e+01	2.050000e+01	0.000000e+00	0.000000e+00	0.000000e+00
2.050000e+01	2.150000e+01	0.000000e+00	0.000000e+00	0.000000e+00
2.150000e+01	2.250000e+01	0.000000e+00	0.000000e+00	0.000000e+00
2.250000e+01	2.350000e+01	0.000000e+00	0.000000e+00	0.000000e+00
2.350000e+01	2.450000e+01	0.000000e+00	0.000000e+00	0.000000e+00
# END HISTO1D


# BEGIN HISTO1D //eos/home-y/yiyu/monobc/Rivet_New2/X600_pi20_L40_darkQCDtch.yoda.gz/JetMETAnalysis/jet_mult
ErrorBars=1
LineColor=red
LineStyle=dashed
Path=//eos/home-y/yiyu/monobc/Rivet_New2/X600_pi20_L40_darkQCDtch.yoda.gz/JetMETAnalysis/jet_mult
ScaledBy=6.72462932658413322e-06
Title=X600_pi20_L40
# xlow	 xhigh	 val	 errminus	 errplus
-5.000000e-01	5.000000e-01	5.732980e-05	3.731852e-06	3.731852e-06
5.000000e-01	1.500000e+00	5.956469e-04	1.202898e-05	1.202898e-05
1.500000e+00	2.500000e+00	1.823136e-03	2.105036e-05	2.105036e-05
2.500000e+00	3.500000e+00	1.216072e-03	1.719098e-05	1.719098e-05
3.500000e+00	4.500000e+00	7.161366e-04	1.318962e-05	1.318962e-05
4.500000e+00	5.500000e+00	2.966088e-04	8.488408e-06	8.488408e-06
5.500000e+00	6.500000e+00	1.076148e-04	5.112936e-06	5.112936e-06
6.500000e+00	7.500000e+00	3.060828e-05	2.726803e-06	2.726803e-06
7.500000e+00	8.500000e+00	9.231069e-06	1.497477e-06	1.497477e-06
8.500000e+00	9.500000e+00	3.400920e-06	9.089342e-07	9.089342e-07
9.500000e+00	1.050000e+01	9.716915e-07	4.858458e-07	4.858458e-07
1.050000e+01	1.150000e+01	2.429229e-07	2.429229e-07	2.429229e-07
1.150000e+01	1.250000e+01	0.000000e+00	0.000000e+00	0.000000e+00
1.250000e+01	1.350000e+01	0.000000e+00	0.000000e+00	0.000000e+00
1.350000e+01	1.450000e+01	0.000000e+00	0.000000e+00	0.000000e+00
1.450000e+01	1.550000e+01	0.000000e+00	0.000000e+00	0.000000e+00
1.550000e+01	1.650000e+01	0.000000e+00	0.000000e+00	0.000000e+00
1.650000e+01	1.750000e+01	0.000000e+00	0.000000e+00	0.000000e+00
1.750000e+01	1.850000e+01	0.000000e+00	0.000000e+00	0.000000e+00
1.850000e+01	1.950000e+01	0.000000e+00	0.000000e+00	0.000000e+00
1.950000e+01	2.050000e+01	0.000000e+00	0.000000e+00	0.000000e+00
2.050000e+01	2.150000e+01	0.000000e+00	0.000000e+00	0.000000e+00
2.150000e+01	2.250000e+01	0.000000e+00	0.000000e+00	0.000000e+00
2.250000e+01	2.350000e+01	0.000000e+00	0.000000e+00	0.000000e+00
2.350000e+01	2.450000e+01	0.000000e+00	0.000000e+00	0.000000e+00
# END HISTO1D


# BEGIN HISTO1D //eos/home-y/yiyu/monobc/Rivet_New2/X1200_pi10_L20_darkQCDtch.yoda.gz/JetMETAnalysis/jet_mult
ErrorBars=1
LineColor=blue
LineStyle=solid
Path=//eos/home-y/yiyu/monobc/Rivet_New2/X1200_pi10_L20_darkQCDtch.yoda.gz/JetMETAnalysis/jet_mult
ScaledBy=9.21325250883938894e-06
Title=X1200_pi10_L20
# xlow	 xhigh	 val	 errminus	 errplus
-5.000000e-01	5.000000e-01	8.076713e-06	3.148630e-07	3.148630e-07
5.000000e-01	1.500000e+00	6.342306e-05	8.826652e-07	8.826652e-07
1.500000e+00	2.500000e+00	1.172719e-04	1.201035e-06	1.201035e-06
2.500000e+00	3.500000e+00	4.027309e-05	7.039482e-07	7.039482e-07
3.500000e+00	4.500000e+00	1.174683e-05	3.797211e-07	3.797211e-07
4.500000e+00	5.500000e+00	3.252779e-06	1.998166e-07	1.998166e-07
5.500000e+00	6.500000e+00	8.592248e-07	1.026970e-07	1.026970e-07
6.500000e+00	7.500000e+00	1.227464e-07	3.881582e-08	3.881582e-08
7.500000e+00	8.500000e+00	6.137320e-08	2.744693e-08	2.744693e-08
8.500000e+00	9.500000e+00	1.227464e-08	1.227464e-08	1.227464e-08
9.500000e+00	1.050000e+01	0.000000e+00	0.000000e+00	0.000000e+00
1.050000e+01	1.150000e+01	0.000000e+00	0.000000e+00	0.000000e+00
1.150000e+01	1.250000e+01	0.000000e+00	0.000000e+00	0.000000e+00
1.250000e+01	1.350000e+01	0.000000e+00	0.000000e+00	0.000000e+00
1.350000e+01	1.450000e+01	0.000000e+00	0.000000e+00	0.000000e+00
1.450000e+01	1.550000e+01	0.000000e+00	0.000000e+00	0.000000e+00
1.550000e+01	1.650000e+01	0.000000e+00	0.000000e+00	0.000000e+00
1.650000e+01	1.750000e+01	0.000000e+00	0.000000e+00	0.000000e+00
1.750000e+01	1.850000e+01	0.000000e+00	0.000000e+00	0.000000e+00
1.850000e+01	1.950000e+01	0.000000e+00	0.000000e+00	0.000000e+00
1.950000e+01	2.050000e+01	0.000000e+00	0.000000e+00	0.000000e+00
2.050000e+01	2.150000e+01	0.000000e+00	0.000000e+00	0.000000e+00
2.150000e+01	2.250000e+01	0.000000e+00	0.000000e+00	0.000000e+00
2.250000e+01	2.350000e+01	0.000000e+00	0.000000e+00	0.000000e+00
2.350000e+01	2.450000e+01	0.000000e+00	0.000000e+00	0.000000e+00
# END HISTO1D


# BEGIN HISTO1D //eos/home-y/yiyu/monobc/Rivet_New2/X1200_pi20_L40_darkQCDtch.yoda.gz/JetMETAnalysis/jet_mult
ErrorBars=1
LineColor=blue
LineStyle=dashed
Path=//eos/home-y/yiyu/monobc/Rivet_New2/X1200_pi20_L40_darkQCDtch.yoda.gz/JetMETAnalysis/jet_mult
ScaledBy=8.81852888197592805e-06
Title=X1200_pi20_L40
# xlow	 xhigh	 val	 errminus	 errplus
-5.000000e-01	5.000000e-01	4.344697e-06	2.188799e-07	2.188799e-07
5.000000e-01	1.500000e+00	3.666661e-05	6.344501e-07	6.344501e-07
1.500000e+00	2.500000e+00	7.682214e-05	9.183313e-07	9.183313e-07
2.500000e+00	3.500000e+00	5.081979e-05	7.470265e-07	7.470265e-07
3.500000e+00	4.500000e+00	2.905242e-05	5.652164e-07	5.652164e-07
4.500000e+00	5.500000e+00	1.315478e-05	3.805373e-07	3.805373e-07
5.500000e+00	6.500000e+00	5.288242e-06	2.413721e-07	2.413721e-07
6.500000e+00	7.500000e+00	1.930976e-06	1.480130e-07	1.480130e-07
7.500000e+00	8.500000e+00	7.899449e-07	9.309590e-08	9.309590e-08
8.500000e+00	9.500000e+00	1.316575e-07	3.800624e-08	3.800624e-08
9.500000e+00	1.050000e+01	6.582874e-08	2.687447e-08	2.687447e-08
1.050000e+01	1.150000e+01	2.194291e-08	1.551598e-08	1.551598e-08
1.150000e+01	1.250000e+01	1.097146e-08	1.097146e-08	1.097146e-08
1.250000e+01	1.350000e+01	0.000000e+00	0.000000e+00	0.000000e+00
1.350000e+01	1.450000e+01	0.000000e+00	0.000000e+00	0.000000e+00
1.450000e+01	1.550000e+01	0.000000e+00	0.000000e+00	0.000000e+00
1.550000e+01	1.650000e+01	0.000000e+00	0.000000e+00	0.000000e+00
1.650000e+01	1.750000e+01	0.000000e+00	0.000000e+00	0.000000e+00
1.750000e+01	1.850000e+01	0.000000e+00	0.000000e+00	0.000000e+00
1.850000e+01	1.950000e+01	0.000000e+00	0.000000e+00	0.000000e+00
1.950000e+01	2.050000e+01	0.000000e+00	0.000000e+00	0.000000e+00
2.050000e+01	2.150000e+01	0.000000e+00	0.000000e+00	0.000000e+00
2.150000e+01	2.250000e+01	0.000000e+00	0.000000e+00	0.000000e+00
2.250000e+01	2.350000e+01	0.000000e+00	0.000000e+00	0.000000e+00
2.350000e+01	2.450000e+01	0.000000e+00	0.000000e+00	0.000000e+00
# END HISTO1D


# BEGIN HISTO1D //eos/home-y/yiyu/monobc/Rivet_New2/X2000_pi10_L20_darkQCDtch.yoda.gz/JetMETAnalysis/jet_mult
ErrorBars=1
LineColor=violet
LineStyle=solid
Path=//eos/home-y/yiyu/monobc/Rivet_New2/X2000_pi10_L20_darkQCDtch.yoda.gz/JetMETAnalysis/jet_mult
ScaledBy=1.09345947541460697e-05
Title=X2000_pi10_L20
# xlow	 xhigh	 val	 errminus	 errplus
-5.000000e-01	5.000000e-01	1.244906e-06	4.652432e-08	4.652432e-08
5.000000e-01	1.500000e+00	9.102071e-06	1.258004e-07	1.258004e-07
1.500000e+00	2.500000e+00	1.582387e-05	1.658883e-07	1.658883e-07
2.500000e+00	3.500000e+00	5.972419e-06	1.019623e-07	1.019623e-07
3.500000e+00	4.500000e+00	1.874314e-06	5.708643e-08	5.708643e-08
4.500000e+00	5.500000e+00	5.320408e-07	3.051398e-08	3.051398e-08
5.500000e+00	6.500000e+00	1.477891e-07	1.602998e-08	1.602998e-08
6.500000e+00	7.500000e+00	4.868347e-08	9.200312e-09	9.200312e-09
7.500000e+00	8.500000e+00	1.043217e-08	4.258917e-09	4.258917e-09
8.500000e+00	9.500000e+00	3.477391e-09	2.458887e-09	2.458887e-09
9.500000e+00	1.050000e+01	0.000000e+00	0.000000e+00	0.000000e+00
1.050000e+01	1.150000e+01	0.000000e+00	0.000000e+00	0.000000e+00
1.150000e+01	1.250000e+01	0.000000e+00	0.000000e+00	0.000000e+00
1.250000e+01	1.350000e+01	0.000000e+00	0.000000e+00	0.000000e+00
1.350000e+01	1.450000e+01	0.000000e+00	0.000000e+00	0.000000e+00
1.450000e+01	1.550000e+01	0.000000e+00	0.000000e+00	0.000000e+00
1.550000e+01	1.650000e+01	0.000000e+00	0.000000e+00	0.000000e+00
1.650000e+01	1.750000e+01	0.000000e+00	0.000000e+00	0.000000e+00
1.750000e+01	1.850000e+01	0.000000e+00	0.000000e+00	0.000000e+00
1.850000e+01	1.950000e+01	0.000000e+00	0.000000e+00	0.000000e+00
1.950000e+01	2.050000e+01	0.000000e+00	0.000000e+00	0.000000e+00
2.050000e+01	2.150000e+01	0.000000e+00	0.000000e+00	0.000000e+00
2.150000e+01	2.250000e+01	0.000000e+00	0.000000e+00	0.000000e+00
2.250000e+01	2.350000e+01	0.000000e+00	0.000000e+00	0.000000e+00
2.350000e+01	2.450000e+01	0.000000e+00	0.000000e+00	0.000000e+00
# END HISTO1D


# BEGIN HISTO1D //eos/home-y/yiyu/monobc/Rivet_New2/X2000_pi20_L40_darkQCDtch.yoda.gz/JetMETAnalysis/jet_mult
ErrorBars=1
LineColor=violet
LineStyle=dashed
Path=//eos/home-y/yiyu/monobc/Rivet_New2/X2000_pi20_L40_darkQCDtch.yoda.gz/JetMETAnalysis/jet_mult
ScaledBy=1.06390264796208363e-05
Title=X2000_pi20_L40
# xlow	 xhigh	 val	 errminus	 errplus
-5.000000e-01	5.000000e-01	6.854064e-07	3.271232e-08	3.271232e-08
5.000000e-01	1.500000e+00	5.237686e-06	9.025128e-08	9.025128e-08
1.500000e+00	2.500000e+00	1.049402e-05	1.277292e-07	1.277292e-07
2.500000e+00	3.500000e+00	7.222412e-06	1.060172e-07	1.060172e-07
3.500000e+00	4.500000e+00	4.166836e-06	8.056445e-08	8.056445e-08
4.500000e+00	5.500000e+00	1.958304e-06	5.521273e-08	5.521273e-08
5.500000e+00	6.500000e+00	8.268395e-07	3.591536e-08	3.591536e-08
6.500000e+00	7.500000e+00	2.952998e-07	2.142330e-08	2.142330e-08
7.500000e+00	8.500000e+00	1.025778e-07	1.262646e-08	1.262646e-08
8.500000e+00	9.500000e+00	4.351787e-08	8.224104e-09	8.224104e-09
9.500000e+00	1.050000e+01	9.325258e-09	3.807021e-09	3.807021e-09
1.050000e+01	1.150000e+01	7.771048e-09	3.475319e-09	3.475319e-09
1.150000e+01	1.250000e+01	0.000000e+00	0.000000e+00	0.000000e+00
1.250000e+01	1.350000e+01	0.000000e+00	0.000000e+00	0.000000e+00
1.350000e+01	1.450000e+01	0.000000e+00	0.000000e+00	0.000000e+00
1.450000e+01	1.550000e+01	0.000000e+00	0.000000e+00	0.000000e+00
1.550000e+01	1.650000e+01	0.000000e+00	0.000000e+00	0.000000e+00
1.650000e+01	1.750000e+01	0.000000e+00	0.000000e+00	0.000000e+00
1.750000e+01	1.850000e+01	0.000000e+00	0.000000e+00	0.000000e+00
1.850000e+01	1.950000e+01	0.000000e+00	0.000000e+00	0.000000e+00
1.950000e+01	2.050000e+01	0.000000e+00	0.000000e+00	0.000000e+00
2.050000e+01	2.150000e+01	0.000000e+00	0.000000e+00	0.000000e+00
2.150000e+01	2.250000e+01	0.000000e+00	0.000000e+00	0.000000e+00
2.250000e+01	2.350000e+01	0.000000e+00	0.000000e+00	0.000000e+00
2.350000e+01	2.450000e+01	0.000000e+00	0.000000e+00	0.000000e+00
# END HISTO1D

