# BEGIN PLOT
Legend=1
LogY=1
LegendPlacement=manual
LegendAlign=r
LegendXPos=1.36
RightMargin=3.7
Title=Jet $\eta$ distribution
XLabel=$\eta^\mathrm{jet}$
YLabel=$\mathrm{d}\sigma/\mathrm{d}\eta^\mathrm{jet}$ [pb]
DrawOnly=//eos/home-y/yiyu/monobc/Rivet_New2/X600_pi10_L20_darkQCDtch.yoda.gz/JetMETAnalysis/jet_eta //eos/home-y/yiyu/monobc/Rivet_New2/X600_pi20_L40_darkQCDtch.yoda.gz/JetMETAnalysis/jet_eta //eos/home-y/yiyu/monobc/Rivet_New2/X1200_pi10_L20_darkQCDtch.yoda.gz/JetMETAnalysis/jet_eta //eos/home-y/yiyu/monobc/Rivet_New2/X1200_pi20_L40_darkQCDtch.yoda.gz/JetMETAnalysis/jet_eta //eos/home-y/yiyu/monobc/Rivet_New2/X2000_pi10_L20_darkQCDtch.yoda.gz/JetMETAnalysis/jet_eta //eos/home-y/yiyu/monobc/Rivet_New2/X2000_pi20_L40_darkQCDtch.yoda.gz/JetMETAnalysis/jet_eta
LegendOnly=//eos/home-y/yiyu/monobc/Rivet_New2/X600_pi10_L20_darkQCDtch.yoda.gz/JetMETAnalysis/jet_eta //eos/home-y/yiyu/monobc/Rivet_New2/X600_pi20_L40_darkQCDtch.yoda.gz/JetMETAnalysis/jet_eta //eos/home-y/yiyu/monobc/Rivet_New2/X1200_pi10_L20_darkQCDtch.yoda.gz/JetMETAnalysis/jet_eta //eos/home-y/yiyu/monobc/Rivet_New2/X1200_pi20_L40_darkQCDtch.yoda.gz/JetMETAnalysis/jet_eta //eos/home-y/yiyu/monobc/Rivet_New2/X2000_pi10_L20_darkQCDtch.yoda.gz/JetMETAnalysis/jet_eta //eos/home-y/yiyu/monobc/Rivet_New2/X2000_pi20_L40_darkQCDtch.yoda.gz/JetMETAnalysis/jet_eta
RatioPlot=1
RatioPlotReference=//eos/home-y/yiyu/monobc/Rivet_New2/X600_pi10_L20_darkQCDtch.yoda.gz/JetMETAnalysis/jet_eta
RatioPlotYLabel=Ratio
# END PLOT

# BEGIN HISTO1D //eos/home-y/yiyu/monobc/Rivet_New2/X600_pi10_L20_darkQCDtch.yoda.gz/JetMETAnalysis/jet_eta
ErrorBars=1
LineColor=red
LineStyle=solid
Path=//eos/home-y/yiyu/monobc/Rivet_New2/X600_pi10_L20_darkQCDtch.yoda.gz/JetMETAnalysis/jet_eta
ScaledBy=3.26369725276724326e-06
Title=X600_pi10_L20
# xlow	 xhigh	 val	 errminus	 errplus
-2.500000e+00	-2.400000e+00	3.877576e-04	2.181307e-05	2.181307e-05
-2.400000e+00	-2.300000e+00	4.601554e-04	2.376232e-05	2.376232e-05
-2.300000e+00	-2.200000e+00	4.761075e-04	2.417069e-05	2.417069e-05
-2.200000e+00	-2.100000e+00	5.006491e-04	2.478582e-05	2.478582e-05
-2.100000e+00	-2.000000e+00	5.951343e-04	2.702366e-05	2.702366e-05
-2.000000e+00	-1.900000e+00	5.534136e-04	2.605923e-05	2.605923e-05
-1.900000e+00	-1.800000e+00	6.675321e-04	2.862020e-05	2.862020e-05
-1.800000e+00	-1.700000e+00	7.301132e-04	2.998199e-05	2.998199e-05
-1.700000e+00	-1.600000e+00	7.890131e-04	3.111564e-05	3.111564e-05
-1.600000e+00	-1.500000e+00	8.761359e-04	3.278857e-05	3.278857e-05
-1.500000e+00	-1.400000e+00	9.939357e-04	3.492334e-05	3.492334e-05
-1.400000e+00	-1.300000e+00	1.018477e-03	3.535186e-05	3.535186e-05
-1.300000e+00	-1.200000e+00	1.033202e-03	3.560650e-05	3.560650e-05
-1.200000e+00	-1.100000e+00	1.099465e-03	3.673053e-05	3.673053e-05
-1.100000e+00	-1.000000e+00	1.241806e-03	3.907439e-05	3.907439e-05
-1.000000e+00	-9.000000e-01	1.257758e-03	3.928576e-05	3.928576e-05
-9.000000e-01	-8.000000e-01	1.238125e-03	3.897794e-05	3.897794e-05
-8.000000e-01	-7.000000e-01	1.255304e-03	3.924742e-05	3.924742e-05
-7.000000e-01	-6.000000e-01	1.412370e-03	4.163043e-05	4.163043e-05
-6.000000e-01	-5.000000e-01	1.396418e-03	4.139466e-05	4.139466e-05
-5.000000e-01	-4.000000e-01	1.445502e-03	4.211589e-05	4.211589e-05
-4.000000e-01	-3.000000e-01	1.517899e-03	4.319256e-05	4.319256e-05
-3.000000e-01	-2.000000e-01	1.467589e-03	4.247190e-05	4.247190e-05
-2.000000e-01	-1.000000e-01	1.477406e-03	4.257812e-05	4.257812e-05
-1.000000e-01	0.000000e+00	1.472497e-03	4.250734e-05	4.250734e-05
0.000000e+00	1.000000e-01	1.547349e-03	4.357434e-05	4.357434e-05
1.000000e-01	2.000000e-01	1.462681e-03	4.236541e-05	4.236541e-05
2.000000e-01	3.000000e-01	1.585389e-03	4.410670e-05	4.410670e-05
3.000000e-01	4.000000e-01	1.433231e-03	4.193674e-05	4.193674e-05
4.000000e-01	5.000000e-01	1.396418e-03	4.139466e-05	4.139466e-05
5.000000e-01	6.000000e-01	1.435685e-03	4.200849e-05	4.200849e-05
6.000000e-01	7.000000e-01	1.359606e-03	4.084540e-05	4.084540e-05
7.000000e-01	8.000000e-01	1.401327e-03	4.150365e-05	4.150365e-05
8.000000e-01	9.000000e-01	1.317885e-03	4.025125e-05	4.025125e-05
9.000000e-01	1.000000e+00	1.220946e-03	3.874546e-05	3.874546e-05
1.000000e+00	1.100000e+00	1.200085e-03	3.845289e-05	3.845289e-05
1.100000e+00	1.200000e+00	1.139958e-03	3.740082e-05	3.740082e-05
1.200000e+00	1.300000e+00	1.009888e-03	3.520247e-05	3.520247e-05
1.300000e+00	1.400000e+00	1.003752e-03	3.513826e-05	3.513826e-05
1.400000e+00	1.500000e+00	9.092671e-04	3.340275e-05	3.340275e-05
1.500000e+00	1.600000e+00	8.405505e-04	3.211579e-05	3.211579e-05
1.600000e+00	1.700000e+00	7.632444e-04	3.060331e-05	3.060331e-05
1.700000e+00	1.800000e+00	7.497465e-04	3.033150e-05	3.033150e-05
1.800000e+00	1.900000e+00	6.147676e-04	2.752056e-05	2.752056e-05
1.900000e+00	2.000000e+00	6.209030e-04	2.760251e-05	2.760251e-05
2.000000e+00	2.100000e+00	5.595490e-04	2.620328e-05	2.620328e-05
2.100000e+00	2.200000e+00	5.681385e-04	2.640364e-05	2.640364e-05
2.200000e+00	2.300000e+00	4.834699e-04	2.441861e-05	2.441861e-05
2.300000e+00	2.400000e+00	4.037097e-04	2.225723e-05	2.225723e-05
2.400000e+00	2.500000e+00	4.000284e-04	2.215553e-05	2.215553e-05
# END HISTO1D


# BEGIN HISTO1D //eos/home-y/yiyu/monobc/Rivet_New2/X600_pi20_L40_darkQCDtch.yoda.gz/JetMETAnalysis/jet_eta
ErrorBars=1
LineColor=red
LineStyle=dashed
Path=//eos/home-y/yiyu/monobc/Rivet_New2/X600_pi20_L40_darkQCDtch.yoda.gz/JetMETAnalysis/jet_eta
ScaledBy=2.47163937563744436e-06
Title=X600_pi20_L40
# xlow	 xhigh	 val	 errminus	 errplus
-2.500000e+00	-2.400000e+00	2.982165e-04	1.631768e-05	1.631768e-05
-2.400000e+00	-2.300000e+00	3.401811e-04	1.742800e-05	1.742800e-05
-2.300000e+00	-2.200000e+00	3.937529e-04	1.875014e-05	1.875014e-05
-2.200000e+00	-2.100000e+00	4.357175e-04	1.972400e-05	1.972400e-05
-2.100000e+00	-2.000000e+00	4.375032e-04	1.976438e-05	1.976438e-05
-2.000000e+00	-1.900000e+00	5.178610e-04	2.150300e-05	2.150300e-05
-1.900000e+00	-1.800000e+00	5.633970e-04	2.242848e-05	2.242848e-05
-1.800000e+00	-1.700000e+00	6.571477e-04	2.422278e-05	2.422278e-05
-1.700000e+00	-1.600000e+00	7.053623e-04	2.509566e-05	2.509566e-05
-1.600000e+00	-1.500000e+00	7.705414e-04	2.622953e-05	2.622953e-05
-1.500000e+00	-1.400000e+00	7.955416e-04	2.665165e-05	2.665165e-05
-1.400000e+00	-1.300000e+00	9.178639e-04	2.862739e-05	2.862739e-05
-1.300000e+00	-1.200000e+00	9.892930e-04	2.972043e-05	2.972043e-05
-1.200000e+00	-1.100000e+00	1.056258e-03	3.070984e-05	3.070984e-05
-1.100000e+00	-1.000000e+00	1.127687e-03	3.175634e-05	3.175634e-05
-1.000000e+00	-9.000000e-01	1.166973e-03	3.230390e-05	3.230390e-05
-9.000000e-01	-8.000000e-01	1.243759e-03	3.332427e-05	3.332427e-05
-8.000000e-01	-7.000000e-01	1.363403e-03	3.489030e-05	3.489030e-05
-7.000000e-01	-6.000000e-01	1.409832e-03	3.547940e-05	3.547940e-05
-6.000000e-01	-5.000000e-01	1.412510e-03	3.553553e-05	3.553553e-05
-5.000000e-01	-4.000000e-01	1.460725e-03	3.611410e-05	3.611410e-05
-4.000000e-01	-3.000000e-01	1.499118e-03	3.658563e-05	3.658563e-05
-3.000000e-01	-2.000000e-01	1.485725e-03	3.642183e-05	3.642183e-05
-2.000000e-01	-1.000000e-01	1.483939e-03	3.639995e-05	3.639995e-05
-1.000000e-01	0.000000e+00	1.542868e-03	3.711564e-05	3.711564e-05
0.000000e+00	1.000000e-01	1.533940e-03	3.700809e-05	3.700809e-05
1.000000e-01	2.000000e-01	1.560726e-03	3.732981e-05	3.732981e-05
2.000000e-01	3.000000e-01	1.505368e-03	3.666182e-05	3.666182e-05
3.000000e-01	4.000000e-01	1.477689e-03	3.632320e-05	3.632320e-05
4.000000e-01	5.000000e-01	1.433046e-03	3.577031e-05	3.577031e-05
5.000000e-01	6.000000e-01	1.392867e-03	3.526529e-05	3.526529e-05
6.000000e-01	7.000000e-01	1.370546e-03	3.498158e-05	3.498158e-05
7.000000e-01	8.000000e-01	1.264295e-03	3.359826e-05	3.359826e-05
8.000000e-01	9.000000e-01	1.272331e-03	3.370487e-05	3.370487e-05
9.000000e-01	1.000000e+00	1.156259e-03	3.215550e-05	3.215550e-05
1.000000e+00	1.100000e+00	1.105365e-03	3.141561e-05	3.141561e-05
1.100000e+00	1.200000e+00	1.091079e-03	3.123747e-05	3.123747e-05
1.200000e+00	1.300000e+00	1.017865e-03	3.014655e-05	3.014655e-05
1.300000e+00	1.400000e+00	9.250068e-04	2.873856e-05	2.873856e-05
1.400000e+00	1.500000e+00	9.080424e-04	2.852975e-05	2.852975e-05
1.500000e+00	1.600000e+00	8.035773e-04	2.678591e-05	2.678591e-05
1.600000e+00	1.700000e+00	7.330411e-04	2.558331e-05	2.558331e-05
1.700000e+00	1.800000e+00	6.839336e-04	2.471153e-05	2.471153e-05
1.800000e+00	1.900000e+00	5.776828e-04	2.271105e-05	2.271105e-05
1.900000e+00	2.000000e+00	5.250039e-04	2.165079e-05	2.165079e-05
2.000000e+00	2.100000e+00	4.928608e-04	2.097755e-05	2.097755e-05
2.100000e+00	2.200000e+00	4.571462e-04	2.020320e-05	2.020320e-05
2.200000e+00	2.300000e+00	3.964315e-04	1.881381e-05	1.881381e-05
2.300000e+00	2.400000e+00	3.705384e-04	1.818902e-05	1.818902e-05
2.400000e+00	2.500000e+00	3.187523e-04	1.687016e-05	1.687016e-05
# END HISTO1D


# BEGIN HISTO1D //eos/home-y/yiyu/monobc/Rivet_New2/X1200_pi10_L20_darkQCDtch.yoda.gz/JetMETAnalysis/jet_eta
ErrorBars=1
LineColor=blue
LineStyle=solid
Path=//eos/home-y/yiyu/monobc/Rivet_New2/X1200_pi10_L20_darkQCDtch.yoda.gz/JetMETAnalysis/jet_eta
ScaledBy=4.62120638273062052e-06
Title=X1200_pi10_L20
# xlow	 xhigh	 val	 errminus	 errplus
-2.500000e+00	-2.400000e+00	2.708968e-05	1.291450e-06	1.291450e-06
-2.400000e+00	-2.300000e+00	2.850573e-05	1.324774e-06	1.324774e-06
-2.300000e+00	-2.200000e+00	3.029118e-05	1.365632e-06	1.365632e-06
-2.200000e+00	-2.100000e+00	3.404680e-05	1.447817e-06	1.447817e-06
-2.100000e+00	-2.000000e+00	3.521658e-05	1.472479e-06	1.472479e-06
-2.000000e+00	-1.900000e+00	3.669420e-05	1.503053e-06	1.503053e-06
-1.900000e+00	-1.800000e+00	3.909533e-05	1.551451e-06	1.551451e-06
-1.800000e+00	-1.700000e+00	4.223527e-05	1.614899e-06	1.614899e-06
-1.700000e+00	-1.600000e+00	4.346662e-05	1.635888e-06	1.635888e-06
-1.600000e+00	-1.500000e+00	4.623715e-05	1.687218e-06	1.687218e-06
-1.500000e+00	-1.400000e+00	4.543677e-05	1.677077e-06	1.677077e-06
-1.400000e+00	-1.300000e+00	5.017747e-05	1.757640e-06	1.757640e-06
-1.300000e+00	-1.200000e+00	5.079314e-05	1.768390e-06	1.768390e-06
-1.200000e+00	-1.100000e+00	5.110098e-05	1.775877e-06	1.775877e-06
-1.100000e+00	-1.000000e+00	5.713459e-05	1.879573e-06	1.879573e-06
-1.000000e+00	-9.000000e-01	5.424092e-05	1.829496e-06	1.829496e-06
-9.000000e-01	-8.000000e-01	5.731929e-05	1.878564e-06	1.878564e-06
-8.000000e-01	-7.000000e-01	5.928945e-05	1.910576e-06	1.910576e-06
-7.000000e-01	-6.000000e-01	6.052080e-05	1.930314e-06	1.930314e-06
-6.000000e-01	-5.000000e-01	6.089020e-05	1.938152e-06	1.938152e-06
-5.000000e-01	-4.000000e-01	6.119804e-05	1.941084e-06	1.941084e-06
-4.000000e-01	-3.000000e-01	6.267566e-05	1.964378e-06	1.964378e-06
-3.000000e-01	-2.000000e-01	6.255252e-05	1.964378e-06	1.964378e-06
-2.000000e-01	-1.000000e-01	6.630814e-05	2.020501e-06	2.020501e-06
-1.000000e-01	0.000000e+00	6.513836e-05	2.004491e-06	2.004491e-06
0.000000e+00	1.000000e-01	6.341447e-05	1.977839e-06	1.977839e-06
1.000000e-01	2.000000e-01	6.341447e-05	1.979755e-06	1.979755e-06
2.000000e-01	3.000000e-01	6.403014e-05	1.985490e-06	1.985490e-06
3.000000e-01	4.000000e-01	6.205998e-05	1.956644e-06	1.956644e-06
4.000000e-01	5.000000e-01	6.218312e-05	1.960515e-06	1.960515e-06
5.000000e-01	6.000000e-01	5.842751e-05	1.906604e-06	1.906604e-06
6.000000e-01	7.000000e-01	5.664205e-05	1.871488e-06	1.871488e-06
7.000000e-01	8.000000e-01	5.824280e-05	1.895638e-06	1.895638e-06
8.000000e-01	9.000000e-01	5.399465e-05	1.823270e-06	1.823270e-06
9.000000e-01	1.000000e+00	5.454876e-05	1.836734e-06	1.836734e-06
1.000000e+00	1.100000e+00	5.214763e-05	1.796040e-06	1.796040e-06
1.100000e+00	1.200000e+00	5.239390e-05	1.796040e-06	1.796040e-06
1.200000e+00	1.300000e+00	5.220919e-05	1.794984e-06	1.794984e-06
1.300000e+00	1.400000e+00	4.950023e-05	1.747908e-06	1.747908e-06
1.400000e+00	1.500000e+00	4.882298e-05	1.735940e-06	1.735940e-06
1.500000e+00	1.600000e+00	4.174273e-05	1.603120e-06	1.603120e-06
1.600000e+00	1.700000e+00	4.414386e-05	1.650880e-06	1.650880e-06
1.700000e+00	1.800000e+00	4.248154e-05	1.619587e-06	1.619587e-06
1.800000e+00	1.900000e+00	4.149646e-05	1.598384e-06	1.598384e-06
1.900000e+00	2.000000e+00	3.915690e-05	1.555111e-06	1.555111e-06
2.000000e+00	2.100000e+00	3.404680e-05	1.447817e-06	1.447817e-06
2.100000e+00	2.200000e+00	3.139940e-05	1.390389e-06	1.390389e-06
2.200000e+00	2.300000e+00	3.041432e-05	1.368405e-06	1.368405e-06
2.300000e+00	2.400000e+00	2.949081e-05	1.347469e-06	1.347469e-06
2.400000e+00	2.500000e+00	2.678184e-05	1.284091e-06	1.284091e-06
# END HISTO1D


# BEGIN HISTO1D //eos/home-y/yiyu/monobc/Rivet_New2/X1200_pi20_L40_darkQCDtch.yoda.gz/JetMETAnalysis/jet_eta
ErrorBars=1
LineColor=blue
LineStyle=dashed
Path=//eos/home-y/yiyu/monobc/Rivet_New2/X1200_pi20_L40_darkQCDtch.yoda.gz/JetMETAnalysis/jet_eta
ScaledBy=3.33970570960423628e-06
Title=X1200_pi20_L40
# xlow	 xhigh	 val	 errminus	 errplus
-2.500000e+00	-2.400000e+00	2.002735e-05	9.141113e-07	9.141113e-07
-2.400000e+00	-2.300000e+00	2.281123e-05	9.735596e-07	9.735596e-07
-2.300000e+00	-2.200000e+00	2.293588e-05	9.762160e-07	9.762160e-07
-2.200000e+00	-2.100000e+00	2.567822e-05	1.032929e-06	1.032929e-06
-2.100000e+00	-2.000000e+00	2.713248e-05	1.061776e-06	1.061776e-06
-2.000000e+00	-1.900000e+00	2.908536e-05	1.100892e-06	1.100892e-06
-1.900000e+00	-1.800000e+00	3.311576e-05	1.174491e-06	1.174491e-06
-1.800000e+00	-1.700000e+00	3.502708e-05	1.209256e-06	1.209256e-06
-1.700000e+00	-1.600000e+00	3.594119e-05	1.224860e-06	1.224860e-06
-1.600000e+00	-1.500000e+00	3.585809e-05	1.220624e-06	1.220624e-06
-1.500000e+00	-1.400000e+00	3.864198e-05	1.267120e-06	1.267120e-06
-1.400000e+00	-1.300000e+00	4.400199e-05	1.353425e-06	1.353425e-06
-1.300000e+00	-1.200000e+00	4.699363e-05	1.398593e-06	1.398593e-06
-1.200000e+00	-1.100000e+00	4.666122e-05	1.394885e-06	1.394885e-06
-1.100000e+00	-1.000000e+00	4.873875e-05	1.423067e-06	1.423067e-06
-1.000000e+00	-9.000000e-01	5.085783e-05	1.454862e-06	1.454862e-06
-9.000000e-01	-8.000000e-01	5.310155e-05	1.487717e-06	1.487717e-06
-8.000000e-01	-7.000000e-01	5.576079e-05	1.522133e-06	1.522133e-06
-7.000000e-01	-6.000000e-01	5.995739e-05	1.579466e-06	1.579466e-06
-6.000000e-01	-5.000000e-01	5.771366e-05	1.550786e-06	1.550786e-06
-5.000000e-01	-4.000000e-01	5.970808e-05	1.576183e-06	1.576183e-06
-4.000000e-01	-3.000000e-01	6.004049e-05	1.580559e-06	1.580559e-06
-3.000000e-01	-2.000000e-01	5.974963e-05	1.578920e-06	1.578920e-06
-2.000000e-01	-1.000000e-01	6.369693e-05	1.627911e-06	1.627911e-06
-1.000000e-01	0.000000e+00	6.369693e-05	1.627911e-06	1.627911e-06
0.000000e+00	1.000000e-01	6.398779e-05	1.630560e-06	1.630560e-06
1.000000e-01	2.000000e-01	6.220112e-05	1.618338e-06	1.618338e-06
2.000000e-01	3.000000e-01	6.137010e-05	1.599020e-06	1.599020e-06
3.000000e-01	4.000000e-01	6.070530e-05	1.590359e-06	1.590359e-06
4.000000e-01	5.000000e-01	5.825382e-05	1.555788e-06	1.555788e-06
5.000000e-01	6.000000e-01	5.601009e-05	1.526663e-06	1.526663e-06
6.000000e-01	7.000000e-01	5.891862e-05	1.567947e-06	1.567947e-06
7.000000e-01	8.000000e-01	5.709040e-05	1.542414e-06	1.542414e-06
8.000000e-01	9.000000e-01	5.218744e-05	1.476067e-06	1.476067e-06
9.000000e-01	1.000000e+00	5.160573e-05	1.469032e-06	1.469032e-06
1.000000e+00	1.100000e+00	5.031767e-05	1.448320e-06	1.448320e-06
1.100000e+00	1.200000e+00	4.479145e-05	1.365489e-06	1.365489e-06
1.200000e+00	1.300000e+00	4.549781e-05	1.374939e-06	1.374939e-06
1.300000e+00	1.400000e+00	4.105190e-05	1.306035e-06	1.306035e-06
1.400000e+00	1.500000e+00	3.938988e-05	1.279324e-06	1.279324e-06
1.500000e+00	1.600000e+00	3.569189e-05	1.219208e-06	1.219208e-06
1.600000e+00	1.700000e+00	3.585809e-05	1.220624e-06	1.220624e-06
1.700000e+00	1.800000e+00	3.490243e-05	1.205681e-06	1.205681e-06
1.800000e+00	1.900000e+00	3.128753e-05	1.140181e-06	1.140181e-06
1.900000e+00	2.000000e+00	3.083048e-05	1.133347e-06	1.133347e-06
2.000000e+00	2.100000e+00	2.584442e-05	1.037932e-06	1.037932e-06
2.100000e+00	2.200000e+00	2.580287e-05	1.035433e-06	1.035433e-06
2.200000e+00	2.300000e+00	2.355914e-05	9.911343e-07	9.911343e-07
2.300000e+00	2.400000e+00	1.994425e-05	9.122206e-07	9.122206e-07
2.400000e+00	2.500000e+00	1.927944e-05	8.950254e-07	8.950254e-07
# END HISTO1D


# BEGIN HISTO1D //eos/home-y/yiyu/monobc/Rivet_New2/X2000_pi10_L20_darkQCDtch.yoda.gz/JetMETAnalysis/jet_eta
ErrorBars=1
LineColor=violet
LineStyle=solid
Path=//eos/home-y/yiyu/monobc/Rivet_New2/X2000_pi10_L20_darkQCDtch.yoda.gz/JetMETAnalysis/jet_eta
ScaledBy=5.41690004769961833e-06
Title=X2000_pi10_L20
# xlow	 xhigh	 val	 errminus	 errplus
-2.500000e+00	-2.400000e+00	3.815710e-06	1.812899e-07	1.812899e-07
-2.400000e+00	-2.300000e+00	4.470324e-06	1.962255e-07	1.962255e-07
-2.300000e+00	-2.200000e+00	5.150778e-06	2.106310e-07	2.106310e-07
-2.200000e+00	-2.100000e+00	4.987125e-06	2.072578e-07	2.072578e-07
-2.100000e+00	-2.000000e+00	5.176618e-06	2.111587e-07	2.111587e-07
-2.000000e+00	-1.900000e+00	5.228298e-06	2.122101e-07	2.122101e-07
-1.900000e+00	-1.800000e+00	6.098246e-06	2.295096e-07	2.295096e-07
-1.800000e+00	-1.700000e+00	5.814005e-06	2.237812e-07	2.237812e-07
-1.700000e+00	-1.600000e+00	6.210219e-06	2.312807e-07	2.312807e-07
-1.600000e+00	-1.500000e+00	6.683953e-06	2.399399e-07	2.399399e-07
-1.500000e+00	-1.400000e+00	6.916513e-06	2.443822e-07	2.443822e-07
-1.400000e+00	-1.300000e+00	7.157687e-06	2.482974e-07	2.482974e-07
-1.300000e+00	-1.200000e+00	7.166300e-06	2.490433e-07	2.490433e-07
-1.200000e+00	-1.100000e+00	7.932887e-06	2.613975e-07	2.613975e-07
-1.100000e+00	-1.000000e+00	7.209367e-06	2.491922e-07	2.491922e-07
-1.000000e+00	-9.000000e-01	7.657260e-06	2.568163e-07	2.568163e-07
-9.000000e-01	-8.000000e-01	7.803687e-06	2.592601e-07	2.592601e-07
-8.000000e-01	-7.000000e-01	8.139607e-06	2.647815e-07	2.647815e-07
-7.000000e-01	-6.000000e-01	8.105154e-06	2.645011e-07	2.645011e-07
-6.000000e-01	-5.000000e-01	8.535821e-06	2.711493e-07	2.711493e-07
-5.000000e-01	-4.000000e-01	8.570275e-06	2.719689e-07	2.719689e-07
-4.000000e-01	-3.000000e-01	8.165448e-06	2.654810e-07	2.654810e-07
-3.000000e-01	-2.000000e-01	8.578888e-06	2.718325e-07	2.718325e-07
-2.000000e-01	-1.000000e-01	8.458301e-06	2.701900e-07	2.701900e-07
-1.000000e-01	0.000000e+00	8.561661e-06	2.715594e-07	2.715594e-07
0.000000e+00	1.000000e-01	8.337714e-06	2.682610e-07	2.682610e-07
1.000000e-01	2.000000e-01	7.932887e-06	2.613975e-07	2.613975e-07
2.000000e-01	3.000000e-01	8.647795e-06	2.731937e-07	2.731937e-07
3.000000e-01	4.000000e-01	8.708088e-06	2.738717e-07	2.738717e-07
4.000000e-01	5.000000e-01	8.475528e-06	2.704644e-07	2.704644e-07
5.000000e-01	6.000000e-01	8.010407e-06	2.626716e-07	2.626716e-07
6.000000e-01	7.000000e-01	8.268808e-06	2.668746e-07	2.668746e-07
7.000000e-01	8.000000e-01	8.105154e-06	2.642205e-07	2.642205e-07
8.000000e-01	9.000000e-01	7.777847e-06	2.588305e-07	2.588305e-07
9.000000e-01	1.000000e+00	8.096541e-06	2.640800e-07	2.640800e-07
1.000000e+00	1.100000e+00	7.596967e-06	2.558032e-07	2.558032e-07
1.100000e+00	1.200000e+00	7.553900e-06	2.553678e-07	2.553678e-07
1.200000e+00	1.300000e+00	7.278273e-06	2.506763e-07	2.506763e-07
1.300000e+00	1.400000e+00	7.261047e-06	2.500837e-07	2.500837e-07
1.400000e+00	1.500000e+00	6.813153e-06	2.422478e-07	2.422478e-07
1.500000e+00	1.600000e+00	6.408326e-06	2.349406e-07	2.349406e-07
1.600000e+00	1.700000e+00	6.279126e-06	2.325602e-07	2.325602e-07
1.700000e+00	1.800000e+00	6.210219e-06	2.312807e-07	2.312807e-07
1.800000e+00	1.900000e+00	5.891525e-06	2.252681e-07	2.252681e-07
1.900000e+00	2.000000e+00	5.435018e-06	2.163647e-07	2.163647e-07
2.000000e+00	2.100000e+00	5.185231e-06	2.113343e-07	2.113343e-07
2.100000e+00	2.200000e+00	5.288592e-06	2.134302e-07	2.134302e-07
2.200000e+00	2.300000e+00	4.909605e-06	2.056407e-07	2.056407e-07
2.300000e+00	2.400000e+00	4.823471e-06	2.038288e-07	2.038288e-07
2.400000e+00	2.500000e+00	3.901844e-06	1.833246e-07	1.833246e-07
# END HISTO1D


# BEGIN HISTO1D //eos/home-y/yiyu/monobc/Rivet_New2/X2000_pi20_L40_darkQCDtch.yoda.gz/JetMETAnalysis/jet_eta
ErrorBars=1
LineColor=violet
LineStyle=dashed
Path=//eos/home-y/yiyu/monobc/Rivet_New2/X2000_pi20_L40_darkQCDtch.yoda.gz/JetMETAnalysis/jet_eta
ScaledBy=3.99103332976325597e-06
Title=X2000_pi20_L40
# xlow	 xhigh	 val	 errminus	 errplus
-2.500000e+00	-2.400000e+00	2.967637e-06	1.315382e-07	1.315382e-07
-2.400000e+00	-2.300000e+00	3.399082e-06	1.407756e-07	1.407756e-07
-2.300000e+00	-2.200000e+00	3.515688e-06	1.434071e-07	1.434071e-07
-2.200000e+00	-2.100000e+00	4.186176e-06	1.564441e-07	1.564441e-07
-2.100000e+00	-2.000000e+00	4.314443e-06	1.588163e-07	1.588163e-07
-2.000000e+00	-1.900000e+00	4.261970e-06	1.576347e-07	1.576347e-07
-1.900000e+00	-1.800000e+00	4.483523e-06	1.618901e-07	1.618901e-07
-1.800000e+00	-1.700000e+00	5.072386e-06	1.719700e-07	1.719700e-07
-1.700000e+00	-1.600000e+00	5.270617e-06	1.752981e-07	1.752981e-07
-1.600000e+00	-1.500000e+00	5.707892e-06	1.824250e-07	1.824250e-07
-1.500000e+00	-1.400000e+00	6.238452e-06	1.907150e-07	1.907150e-07
-1.400000e+00	-1.300000e+00	5.970257e-06	1.867526e-07	1.867526e-07
-1.300000e+00	-1.200000e+00	6.331737e-06	1.921357e-07	1.921357e-07
-1.200000e+00	-1.100000e+00	6.349228e-06	1.925774e-07	1.925774e-07
-1.100000e+00	-1.000000e+00	6.774842e-06	1.987450e-07	1.987450e-07
-1.000000e+00	-9.000000e-01	7.223778e-06	2.052243e-07	2.052243e-07
-9.000000e-01	-8.000000e-01	7.456991e-06	2.085107e-07	2.085107e-07
-8.000000e-01	-7.000000e-01	7.276251e-06	2.061333e-07	2.061333e-07
-7.000000e-01	-6.000000e-01	7.935078e-06	2.152489e-07	2.152489e-07
-6.000000e-01	-5.000000e-01	7.672713e-06	2.115052e-07	2.115052e-07
-5.000000e-01	-4.000000e-01	7.923417e-06	2.150909e-07	2.150909e-07
-4.000000e-01	-3.000000e-01	8.273237e-06	2.199356e-07	2.199356e-07
-3.000000e-01	-2.000000e-01	8.436486e-06	2.219357e-07	2.219357e-07
-2.000000e-01	-1.000000e-01	8.413165e-06	2.214758e-07	2.214758e-07
-1.000000e-01	0.000000e+00	8.232425e-06	2.193940e-07	2.193940e-07
0.000000e+00	1.000000e-01	8.722172e-06	2.256571e-07	2.256571e-07
1.000000e-01	2.000000e-01	8.535602e-06	2.232338e-07	2.232338e-07
2.000000e-01	3.000000e-01	8.314049e-06	2.206300e-07	2.206300e-07
3.000000e-01	4.000000e-01	8.576414e-06	2.239180e-07	2.239180e-07
4.000000e-01	5.000000e-01	7.993381e-06	2.158797e-07	2.158797e-07
5.000000e-01	6.000000e-01	7.970060e-06	2.155645e-07	2.155645e-07
6.000000e-01	7.000000e-01	7.806811e-06	2.136638e-07	2.136638e-07
7.000000e-01	8.000000e-01	7.795150e-06	2.131860e-07	2.131860e-07
8.000000e-01	9.000000e-01	7.171305e-06	2.044776e-07	2.044776e-07
9.000000e-01	1.000000e+00	7.252929e-06	2.059683e-07	2.059683e-07
1.000000e+00	1.100000e+00	7.375366e-06	2.073664e-07	2.073664e-07
1.100000e+00	1.200000e+00	7.066359e-06	2.033105e-07	2.033105e-07
1.200000e+00	1.300000e+00	6.512477e-06	1.948586e-07	1.948586e-07
1.300000e+00	1.400000e+00	6.296755e-06	1.919587e-07	1.919587e-07
1.400000e+00	1.500000e+00	5.766195e-06	1.835396e-07	1.835396e-07
1.500000e+00	1.600000e+00	5.690401e-06	1.821453e-07	1.821453e-07
1.600000e+00	1.700000e+00	5.305599e-06	1.762650e-07	1.762650e-07
1.700000e+00	1.800000e+00	4.845003e-06	1.682734e-07	1.682734e-07
1.800000e+00	1.900000e+00	4.518505e-06	1.623095e-07	1.623095e-07
1.900000e+00	2.000000e+00	4.331934e-06	1.589233e-07	1.589233e-07
2.000000e+00	2.100000e+00	4.057909e-06	1.540355e-07	1.540355e-07
2.100000e+00	2.200000e+00	3.859678e-06	1.502371e-07	1.502371e-07
2.200000e+00	2.300000e+00	3.439894e-06	1.416182e-07	1.416182e-07
2.300000e+00	2.400000e+00	3.241663e-06	1.374771e-07	1.374771e-07
2.400000e+00	2.500000e+00	3.090074e-06	1.342243e-07	1.342243e-07
# END HISTO1D

