# BEGIN PLOT
Legend=1
LogY=1
LegendPlacement=manual
LegendAlign=r
LegendXPos=1.36
RightMargin=3.7
Title=Di-bjet $\Delta\eta$
XLabel=$\Delta\eta_{bb}$
YLabel=$\mathrm{d}\sigma/\mathrm{d}\Delta\eta_{bb}$ [pb]
DrawOnly=//eos/home-y/yiyu/monobc/Rivet_New/X1500_pi20_L40.yoda.gz/JetMETAnalysis/bb_deta //eos/home-y/yiyu/monobc/Rivet_New/X2000_pi20_L40.yoda.gz/JetMETAnalysis/bb_deta //eos/home-y/yiyu/monobc/Rivet_New/X3000_pi20_L40.yoda.gz/JetMETAnalysis/bb_deta //eos/home-y/yiyu/monobc/Rivet_New/X600_pi20_L40.yoda.gz/JetMETAnalysis/bb_deta //eos/home-y/yiyu/monobc/Rivet_New/X800_pi20_L40.yoda.gz/JetMETAnalysis/bb_deta
LegendOnly=//eos/home-y/yiyu/monobc/Rivet_New/X1500_pi20_L40.yoda.gz/JetMETAnalysis/bb_deta //eos/home-y/yiyu/monobc/Rivet_New/X2000_pi20_L40.yoda.gz/JetMETAnalysis/bb_deta //eos/home-y/yiyu/monobc/Rivet_New/X3000_pi20_L40.yoda.gz/JetMETAnalysis/bb_deta //eos/home-y/yiyu/monobc/Rivet_New/X600_pi20_L40.yoda.gz/JetMETAnalysis/bb_deta //eos/home-y/yiyu/monobc/Rivet_New/X800_pi20_L40.yoda.gz/JetMETAnalysis/bb_deta
RatioPlot=1
RatioPlotReference=//eos/home-y/yiyu/monobc/Rivet_New/X1500_pi20_L40.yoda.gz/JetMETAnalysis/bb_deta
RatioPlotYLabel=Ratio
# END PLOT

# BEGIN HISTO1D //eos/home-y/yiyu/monobc/Rivet_New/X1500_pi20_L40.yoda.gz/JetMETAnalysis/bb_deta
ErrorBars=1
LineColor=red
LineStyle=solid
Path=//eos/home-y/yiyu/monobc/Rivet_New/X1500_pi20_L40.yoda.gz/JetMETAnalysis/bb_deta
ScaledBy=1.03949231414651749e-07
Title=X1500_pi20_L40
# xlow	 xhigh	 val	 errminus	 errplus
0.000000e+00	1.000000e-01	9.854387e-04	3.200556e-05	3.200556e-05
1.000000e-01	2.000000e-01	9.802413e-04	3.192104e-05	3.192104e-05
2.000000e-01	3.000000e-01	1.056124e-03	3.313356e-05	3.313356e-05
3.000000e-01	4.000000e-01	1.022860e-03	3.260761e-05	3.260761e-05
4.000000e-01	5.000000e-01	1.166310e-03	3.481912e-05	3.481912e-05
5.000000e-01	6.000000e-01	1.091467e-03	3.368339e-05	3.368339e-05
6.000000e-01	7.000000e-01	9.313851e-04	3.111539e-05	3.111539e-05
7.000000e-01	8.000000e-01	7.016573e-04	2.700680e-05	2.700680e-05
8.000000e-01	9.000000e-01	6.226559e-04	2.544103e-05	2.544103e-05
9.000000e-01	1.000000e+00	4.677715e-04	2.205096e-05	2.205096e-05
1.000000e+00	1.100000e+00	3.960466e-04	2.029008e-05	2.029008e-05
1.100000e+00	1.200000e+00	3.201636e-04	1.824302e-05	1.824302e-05
1.200000e+00	1.300000e+00	2.640310e-04	1.656678e-05	1.656678e-05
1.300000e+00	1.400000e+00	1.954246e-04	1.425280e-05	1.425280e-05
1.400000e+00	1.500000e+00	2.027010e-04	1.451572e-05	1.451572e-05
1.500000e+00	1.600000e+00	1.569633e-04	1.277350e-05	1.277350e-05
1.600000e+00	1.700000e+00	1.392920e-04	1.203299e-05	1.203299e-05
1.700000e+00	1.800000e+00	1.205811e-04	1.119567e-05	1.119567e-05
1.800000e+00	1.900000e+00	1.205811e-04	1.119567e-05	1.119567e-05
1.900000e+00	2.000000e+00	8.523837e-05	9.413003e-06	9.413003e-06
2.000000e+00	2.100000e+00	7.276446e-05	8.697017e-06	8.697017e-06
2.100000e+00	2.200000e+00	5.925106e-05	7.847995e-06	7.847995e-06
2.200000e+00	2.300000e+00	6.860649e-05	8.444875e-06	8.444875e-06
2.300000e+00	2.400000e+00	6.133005e-05	7.984492e-06	7.984492e-06
2.400000e+00	2.500000e+00	4.261918e-05	6.655999e-06	6.655999e-06
2.500000e+00	2.600000e+00	4.365868e-05	6.736680e-06	6.736680e-06
2.600000e+00	2.700000e+00	3.950071e-05	6.407861e-06	6.407861e-06
2.700000e+00	2.800000e+00	1.559238e-05	4.025936e-06	4.025936e-06
2.800000e+00	2.900000e+00	3.014528e-05	5.597837e-06	5.597837e-06
2.900000e+00	3.000000e+00	1.351340e-05	3.747943e-06	3.747943e-06
3.000000e+00	3.100000e+00	9.355431e-06	3.118477e-06	3.118477e-06
3.100000e+00	3.200000e+00	8.315939e-06	2.940128e-06	2.940128e-06
3.200000e+00	3.300000e+00	7.276446e-06	2.750238e-06	2.750238e-06
3.300000e+00	3.400000e+00	4.157969e-06	2.078985e-06	2.078985e-06
3.400000e+00	3.500000e+00	5.197462e-06	2.324375e-06	2.324375e-06
3.500000e+00	3.600000e+00	3.118477e-06	1.800454e-06	1.800454e-06
3.600000e+00	3.700000e+00	4.157969e-06	2.078985e-06	2.078985e-06
3.700000e+00	3.800000e+00	1.039492e-06	1.039492e-06	1.039492e-06
3.800000e+00	3.900000e+00	1.039492e-06	1.039492e-06	1.039492e-06
3.900000e+00	4.000000e+00	1.039492e-06	1.039492e-06	1.039492e-06
4.000000e+00	4.100000e+00	0.000000e+00	0.000000e+00	0.000000e+00
4.100000e+00	4.200000e+00	1.039492e-06	1.039492e-06	1.039492e-06
4.200000e+00	4.300000e+00	0.000000e+00	0.000000e+00	0.000000e+00
4.300000e+00	4.400000e+00	1.039492e-06	1.039492e-06	1.039492e-06
4.400000e+00	4.500000e+00	1.039492e-06	1.039492e-06	1.039492e-06
4.500000e+00	4.600000e+00	0.000000e+00	0.000000e+00	0.000000e+00
4.600000e+00	4.700000e+00	0.000000e+00	0.000000e+00	0.000000e+00
4.700000e+00	4.800000e+00	0.000000e+00	0.000000e+00	0.000000e+00
4.800000e+00	4.900000e+00	0.000000e+00	0.000000e+00	0.000000e+00
4.900000e+00	5.000000e+00	0.000000e+00	0.000000e+00	0.000000e+00
# END HISTO1D


# BEGIN HISTO1D //eos/home-y/yiyu/monobc/Rivet_New/X2000_pi20_L40.yoda.gz/JetMETAnalysis/bb_deta
ErrorBars=1
LineColor=blue
LineStyle=solid
Path=//eos/home-y/yiyu/monobc/Rivet_New/X2000_pi20_L40.yoda.gz/JetMETAnalysis/bb_deta
ScaledBy=1.96730639154521465e-08
Title=X2000_pi20_L40
# xlow	 xhigh	 val	 errminus	 errplus
0.000000e+00	1.000000e-01	1.947633e-04	6.189985e-06	6.189985e-06
1.000000e-01	2.000000e-01	1.973208e-04	6.230494e-06	6.230494e-06
2.000000e-01	3.000000e-01	1.953535e-04	6.199356e-06	6.199356e-06
3.000000e-01	4.000000e-01	2.020424e-04	6.304595e-06	6.304595e-06
4.000000e-01	5.000000e-01	2.126658e-04	6.468221e-06	6.468221e-06
5.000000e-01	6.000000e-01	2.020424e-04	6.304595e-06	6.304595e-06
6.000000e-01	7.000000e-01	1.766641e-04	5.895357e-06	5.895357e-06
7.000000e-01	8.000000e-01	1.339736e-04	5.133879e-06	5.133879e-06
8.000000e-01	9.000000e-01	1.188253e-04	4.834933e-06	4.834933e-06
9.000000e-01	1.000000e+00	9.502090e-05	4.323600e-06	4.323600e-06
1.000000e+00	1.100000e+00	7.947918e-05	3.954237e-06	3.954237e-06
1.100000e+00	1.200000e+00	7.160995e-05	3.753381e-06	3.753381e-06
1.200000e+00	1.300000e+00	6.826553e-05	3.664686e-06	3.664686e-06
1.300000e+00	1.400000e+00	5.036304e-05	3.147690e-06	3.147690e-06
1.400000e+00	1.500000e+00	4.367420e-05	2.931221e-06	2.931221e-06
1.500000e+00	1.600000e+00	3.698536e-05	2.697435e-06	2.697435e-06
1.600000e+00	1.700000e+00	2.852594e-05	2.368951e-06	2.368951e-06
1.700000e+00	1.800000e+00	3.009979e-05	2.433424e-06	2.433424e-06
1.800000e+00	1.900000e+00	2.341095e-05	2.146078e-06	2.146078e-06
1.900000e+00	2.000000e+00	2.026326e-05	1.996598e-06	1.996598e-06
2.000000e+00	2.100000e+00	1.908287e-05	1.937572e-06	1.937572e-06
2.100000e+00	2.200000e+00	2.065672e-05	2.015889e-06	2.015889e-06
2.200000e+00	2.300000e+00	1.298422e-05	1.598247e-06	1.598247e-06
2.300000e+00	2.400000e+00	1.357441e-05	1.634167e-06	1.634167e-06
2.400000e+00	2.500000e+00	8.852879e-06	1.319709e-06	1.319709e-06
2.500000e+00	2.600000e+00	1.042672e-05	1.432221e-06	1.432221e-06
2.600000e+00	2.700000e+00	7.279034e-06	1.196666e-06	1.196666e-06
2.700000e+00	2.800000e+00	7.869226e-06	1.244234e-06	1.244234e-06
2.800000e+00	2.900000e+00	3.737882e-06	8.575289e-07	8.575289e-07
2.900000e+00	3.000000e+00	3.737882e-06	8.575289e-07	8.575289e-07
3.000000e+00	3.100000e+00	3.344421e-06	8.111412e-07	8.111412e-07
3.100000e+00	3.200000e+00	2.557498e-06	7.093224e-07	7.093224e-07
3.200000e+00	3.300000e+00	3.147690e-06	7.869226e-07	7.869226e-07
3.300000e+00	3.400000e+00	2.950960e-06	7.619345e-07	7.619345e-07
3.400000e+00	3.500000e+00	9.836532e-07	4.399031e-07	4.399031e-07
3.500000e+00	3.600000e+00	1.967306e-06	6.221169e-07	6.221169e-07
3.600000e+00	3.700000e+00	7.869226e-07	3.934613e-07	3.934613e-07
3.700000e+00	3.800000e+00	5.901919e-07	3.407474e-07	3.407474e-07
3.800000e+00	3.900000e+00	9.836532e-07	4.399031e-07	4.399031e-07
3.900000e+00	4.000000e+00	0.000000e+00	0.000000e+00	0.000000e+00
4.000000e+00	4.100000e+00	1.967306e-07	1.967306e-07	1.967306e-07
4.100000e+00	4.200000e+00	5.901919e-07	3.407474e-07	3.407474e-07
4.200000e+00	4.300000e+00	0.000000e+00	0.000000e+00	0.000000e+00
4.300000e+00	4.400000e+00	1.967306e-07	1.967306e-07	1.967306e-07
4.400000e+00	4.500000e+00	0.000000e+00	0.000000e+00	0.000000e+00
4.500000e+00	4.600000e+00	1.967306e-07	1.967306e-07	1.967306e-07
4.600000e+00	4.700000e+00	1.967306e-07	1.967306e-07	1.967306e-07
4.700000e+00	4.800000e+00	0.000000e+00	0.000000e+00	0.000000e+00
4.800000e+00	4.900000e+00	0.000000e+00	0.000000e+00	0.000000e+00
4.900000e+00	5.000000e+00	0.000000e+00	0.000000e+00	0.000000e+00
# END HISTO1D


# BEGIN HISTO1D //eos/home-y/yiyu/monobc/Rivet_New/X3000_pi20_L40.yoda.gz/JetMETAnalysis/bb_deta
ErrorBars=1
LineColor=green
LineStyle=solid
Path=//eos/home-y/yiyu/monobc/Rivet_New/X3000_pi20_L40.yoda.gz/JetMETAnalysis/bb_deta
ScaledBy=1.53604633671142634e-09
Title=X3000_pi20_L40
# xlow	 xhigh	 val	 errminus	 errplus
0.000000e+00	1.000000e-01	1.493037e-05	4.788918e-07	4.788918e-07
1.000000e-01	2.000000e-01	1.502253e-05	4.803677e-07	4.803677e-07
2.000000e-01	3.000000e-01	1.437739e-05	4.699398e-07	4.699398e-07
3.000000e-01	4.000000e-01	1.554479e-05	4.886463e-07	4.886463e-07
4.000000e-01	5.000000e-01	1.688115e-05	5.092173e-07	5.092173e-07
5.000000e-01	6.000000e-01	1.591344e-05	4.944065e-07	4.944065e-07
6.000000e-01	7.000000e-01	1.345577e-05	4.546282e-07	4.546282e-07
7.000000e-01	8.000000e-01	1.061408e-05	4.037787e-07	4.037787e-07
8.000000e-01	9.000000e-01	8.939790e-06	3.705662e-07	3.705662e-07
9.000000e-01	1.000000e+00	7.157976e-06	3.315868e-07	3.315868e-07
1.000000e+00	1.100000e+00	6.835406e-06	3.240293e-07	3.240293e-07
1.100000e+00	1.200000e+00	6.267069e-06	3.102661e-07	3.102661e-07
1.200000e+00	1.300000e+00	4.654220e-06	2.673780e-07	2.673780e-07
1.300000e+00	1.400000e+00	4.178046e-06	2.533312e-07	2.533312e-07
1.400000e+00	1.500000e+00	3.471465e-06	2.309184e-07	2.309184e-07
1.500000e+00	1.600000e+00	3.087453e-06	2.177722e-07	2.177722e-07
1.600000e+00	1.700000e+00	2.887767e-06	2.106121e-07	2.106121e-07
1.700000e+00	1.800000e+00	2.242628e-06	1.856012e-07	1.856012e-07
1.800000e+00	1.900000e+00	2.073663e-06	1.784725e-07	1.784725e-07
1.900000e+00	2.000000e+00	2.089023e-06	1.791322e-07	1.791322e-07
2.000000e+00	2.100000e+00	1.382442e-06	1.457222e-07	1.457222e-07
2.100000e+00	2.200000e+00	1.628209e-06	1.581457e-07	1.581457e-07
2.200000e+00	2.300000e+00	1.167395e-06	1.339094e-07	1.339094e-07
2.300000e+00	2.400000e+00	1.152035e-06	1.330255e-07	1.330255e-07
2.400000e+00	2.500000e+00	1.167395e-06	1.339094e-07	1.339094e-07
2.500000e+00	2.600000e+00	8.755464e-07	1.159690e-07	1.159690e-07
2.600000e+00	2.700000e+00	6.912209e-07	1.030411e-07	1.030411e-07
2.700000e+00	2.800000e+00	4.454534e-07	8.271863e-08	8.271863e-08
2.800000e+00	2.900000e+00	5.222558e-07	8.956612e-08	8.956612e-08
2.900000e+00	3.000000e+00	5.990581e-07	9.592607e-08	9.592607e-08
3.000000e+00	3.100000e+00	2.611279e-07	6.333281e-08	6.333281e-08
3.100000e+00	3.200000e+00	2.764883e-07	6.516893e-08	6.516893e-08
3.200000e+00	3.300000e+00	2.764883e-07	6.516893e-08	6.516893e-08
3.300000e+00	3.400000e+00	1.996860e-07	5.538294e-08	5.538294e-08
3.400000e+00	3.500000e+00	1.075232e-07	4.063997e-08	4.063997e-08
3.500000e+00	3.600000e+00	7.680232e-08	3.434704e-08	3.434704e-08
3.600000e+00	3.700000e+00	9.216278e-08	3.762530e-08	3.762530e-08
3.700000e+00	3.800000e+00	4.608139e-08	2.660510e-08	2.660510e-08
3.800000e+00	3.900000e+00	6.144185e-08	3.072093e-08	3.072093e-08
3.900000e+00	4.000000e+00	3.072093e-08	2.172298e-08	2.172298e-08
4.000000e+00	4.100000e+00	9.216278e-08	3.762530e-08	3.762530e-08
4.100000e+00	4.200000e+00	3.072093e-08	2.172298e-08	2.172298e-08
4.200000e+00	4.300000e+00	3.072093e-08	2.172298e-08	2.172298e-08
4.300000e+00	4.400000e+00	3.072093e-08	2.172298e-08	2.172298e-08
4.400000e+00	4.500000e+00	1.536046e-08	1.536046e-08	1.536046e-08
4.500000e+00	4.600000e+00	0.000000e+00	0.000000e+00	0.000000e+00
4.600000e+00	4.700000e+00	0.000000e+00	0.000000e+00	0.000000e+00
4.700000e+00	4.800000e+00	0.000000e+00	0.000000e+00	0.000000e+00
4.800000e+00	4.900000e+00	0.000000e+00	0.000000e+00	0.000000e+00
4.900000e+00	5.000000e+00	0.000000e+00	0.000000e+00	0.000000e+00
# END HISTO1D


# BEGIN HISTO1D //eos/home-y/yiyu/monobc/Rivet_New/X600_pi20_L40.yoda.gz/JetMETAnalysis/bb_deta
ErrorBars=1
LineColor=orange
LineStyle=solid
Path=//eos/home-y/yiyu/monobc/Rivet_New/X600_pi20_L40.yoda.gz/JetMETAnalysis/bb_deta
ScaledBy=1.07186602773497680e-05
Title=X600_pi20_L40
# xlow	 xhigh	 val	 errminus	 errplus
0.000000e+00	1.000000e-01	7.192221e-02	2.776526e-03	2.776526e-03
1.000000e-01	2.000000e-01	7.631686e-02	2.860095e-03	2.860095e-03
2.000000e-01	3.000000e-01	6.934973e-02	2.726419e-03	2.726419e-03
3.000000e-01	4.000000e-01	7.610249e-02	2.856075e-03	2.856075e-03
4.000000e-01	5.000000e-01	7.385157e-02	2.813521e-03	2.813521e-03
5.000000e-01	6.000000e-01	7.331564e-02	2.803293e-03	2.803293e-03
6.000000e-01	7.000000e-01	7.138628e-02	2.766162e-03	2.766162e-03
7.000000e-01	8.000000e-01	6.216823e-02	2.581395e-03	2.581395e-03
8.000000e-01	9.000000e-01	5.520110e-02	2.432451e-03	2.432451e-03
9.000000e-01	1.000000e+00	4.394651e-02	2.170363e-03	2.170363e-03
1.000000e+00	1.100000e+00	3.429971e-02	1.917412e-03	1.917412e-03
1.100000e+00	1.200000e+00	2.593916e-02	1.667432e-03	1.667432e-03
1.200000e+00	1.300000e+00	1.940078e-02	1.442048e-03	1.442048e-03
1.300000e+00	1.400000e+00	1.639955e-02	1.325825e-03	1.325825e-03
1.400000e+00	1.500000e+00	1.393426e-02	1.222115e-03	1.222115e-03
1.500000e+00	1.600000e+00	1.028991e-02	1.050210e-03	1.050210e-03
1.600000e+00	1.700000e+00	7.931809e-03	9.220540e-04	9.220540e-04
1.700000e+00	1.800000e+00	6.859943e-03	8.574928e-04	8.574928e-04
1.800000e+00	1.900000e+00	4.716211e-03	7.109955e-04	7.109955e-04
1.900000e+00	2.000000e+00	3.751531e-03	6.341245e-04	6.341245e-04
2.000000e+00	2.100000e+00	3.322785e-03	5.967897e-04	5.967897e-04
2.100000e+00	2.200000e+00	3.322785e-03	5.967897e-04	5.967897e-04
2.200000e+00	2.300000e+00	2.572478e-03	5.251049e-04	5.251049e-04
2.300000e+00	2.400000e+00	1.500612e-03	4.010555e-04	4.010555e-04
2.400000e+00	2.500000e+00	1.071866e-03	3.389538e-04	3.389538e-04
2.500000e+00	2.600000e+00	1.179053e-03	3.554977e-04	3.554977e-04
2.600000e+00	2.700000e+00	1.393426e-03	3.864668e-04	3.864668e-04
2.700000e+00	2.800000e+00	1.071866e-03	3.389538e-04	3.389538e-04
2.800000e+00	2.900000e+00	3.215598e-04	1.856526e-04	1.856526e-04
2.900000e+00	3.000000e+00	5.359330e-04	2.396765e-04	2.396765e-04
3.000000e+00	3.100000e+00	1.071866e-04	1.071866e-04	1.071866e-04
3.100000e+00	3.200000e+00	3.215598e-04	1.856526e-04	1.856526e-04
3.200000e+00	3.300000e+00	1.071866e-04	1.071866e-04	1.071866e-04
3.300000e+00	3.400000e+00	2.143732e-04	1.515848e-04	1.515848e-04
3.400000e+00	3.500000e+00	0.000000e+00	0.000000e+00	0.000000e+00
3.500000e+00	3.600000e+00	2.143732e-04	1.515848e-04	1.515848e-04
3.600000e+00	3.700000e+00	2.143732e-04	1.515848e-04	1.515848e-04
3.700000e+00	3.800000e+00	0.000000e+00	0.000000e+00	0.000000e+00
3.800000e+00	3.900000e+00	1.071866e-04	1.071866e-04	1.071866e-04
3.900000e+00	4.000000e+00	1.071866e-04	1.071866e-04	1.071866e-04
4.000000e+00	4.100000e+00	0.000000e+00	0.000000e+00	0.000000e+00
4.100000e+00	4.200000e+00	0.000000e+00	0.000000e+00	0.000000e+00
4.200000e+00	4.300000e+00	0.000000e+00	0.000000e+00	0.000000e+00
4.300000e+00	4.400000e+00	0.000000e+00	0.000000e+00	0.000000e+00
4.400000e+00	4.500000e+00	0.000000e+00	0.000000e+00	0.000000e+00
4.500000e+00	4.600000e+00	0.000000e+00	0.000000e+00	0.000000e+00
4.600000e+00	4.700000e+00	0.000000e+00	0.000000e+00	0.000000e+00
4.700000e+00	4.800000e+00	0.000000e+00	0.000000e+00	0.000000e+00
4.800000e+00	4.900000e+00	0.000000e+00	0.000000e+00	0.000000e+00
4.900000e+00	5.000000e+00	0.000000e+00	0.000000e+00	0.000000e+00
# END HISTO1D


# BEGIN HISTO1D //eos/home-y/yiyu/monobc/Rivet_New/X800_pi20_L40.yoda.gz/JetMETAnalysis/bb_deta
ErrorBars=1
LineColor=lilac
LineStyle=solid
Path=//eos/home-y/yiyu/monobc/Rivet_New/X800_pi20_L40.yoda.gz/JetMETAnalysis/bb_deta
ScaledBy=2.67745470492880614e-06
Title=X800_pi20_L40
# xlow	 xhigh	 val	 errminus	 errplus
0.000000e+00	1.000000e-01	2.324031e-02	7.888274e-04	7.888274e-04
1.000000e-01	2.000000e-01	2.096447e-02	7.492090e-04	7.492090e-04
2.000000e-01	3.000000e-01	2.235675e-02	7.736871e-04	7.736871e-04
3.000000e-01	4.000000e-01	2.294579e-02	7.838131e-04	7.838131e-04
4.000000e-01	5.000000e-01	2.324031e-02	7.888274e-04	7.888274e-04
5.000000e-01	6.000000e-01	2.390967e-02	8.001066e-04	8.001066e-04
6.000000e-01	7.000000e-01	2.000059e-02	7.317832e-04	7.317832e-04
7.000000e-01	8.000000e-01	1.547569e-02	6.437037e-04	6.437037e-04
8.000000e-01	9.000000e-01	1.392276e-02	6.105536e-04	6.105536e-04
9.000000e-01	1.000000e+00	1.092402e-02	5.408194e-04	5.408194e-04
1.000000e+00	1.100000e+00	8.969473e-03	4.900547e-04	4.900547e-04
1.100000e+00	1.200000e+00	6.773960e-03	4.258752e-04	4.258752e-04
1.200000e+00	1.300000e+00	5.890400e-03	3.971307e-04	3.971307e-04
1.300000e+00	1.400000e+00	4.980066e-03	3.651561e-04	3.651561e-04
1.400000e+00	1.500000e+00	3.694887e-03	3.145297e-04	3.145297e-04
1.500000e+00	1.600000e+00	2.677455e-03	2.677455e-04	2.677455e-04
1.600000e+00	1.700000e+00	2.891651e-03	2.782493e-04	2.782493e-04
1.700000e+00	1.800000e+00	2.115189e-03	2.379774e-04	2.379774e-04
1.800000e+00	1.900000e+00	1.231629e-03	1.815938e-04	1.815938e-04
1.900000e+00	2.000000e+00	1.258404e-03	1.835570e-04	1.835570e-04
2.000000e+00	2.100000e+00	1.419051e-03	1.949217e-04	1.949217e-04
2.100000e+00	2.200000e+00	1.124531e-03	1.735189e-04	1.735189e-04
2.200000e+00	2.300000e+00	8.032364e-04	1.466502e-04	1.466502e-04
2.300000e+00	2.400000e+00	8.567855e-04	1.514597e-04	1.514597e-04
2.400000e+00	2.500000e+00	6.961382e-04	1.365240e-04	1.365240e-04
2.500000e+00	2.600000e+00	4.283928e-04	1.070982e-04	1.070982e-04
2.600000e+00	2.700000e+00	4.016182e-04	1.036974e-04	1.036974e-04
2.700000e+00	2.800000e+00	3.212946e-04	9.274975e-05	9.274975e-05
2.800000e+00	2.900000e+00	2.409709e-04	8.032364e-05	8.032364e-05
2.900000e+00	3.000000e+00	2.409709e-04	8.032364e-05	8.032364e-05
3.000000e+00	3.100000e+00	1.338727e-04	5.986971e-05	5.986971e-05
3.100000e+00	3.200000e+00	1.070982e-04	5.354909e-05	5.354909e-05
3.200000e+00	3.300000e+00	5.354909e-05	3.786493e-05	3.786493e-05
3.300000e+00	3.400000e+00	5.354909e-05	3.786493e-05	3.786493e-05
3.400000e+00	3.500000e+00	5.354909e-05	3.786493e-05	3.786493e-05
3.500000e+00	3.600000e+00	0.000000e+00	0.000000e+00	0.000000e+00
3.600000e+00	3.700000e+00	0.000000e+00	0.000000e+00	0.000000e+00
3.700000e+00	3.800000e+00	0.000000e+00	0.000000e+00	0.000000e+00
3.800000e+00	3.900000e+00	2.677455e-05	2.677455e-05	2.677455e-05
3.900000e+00	4.000000e+00	0.000000e+00	0.000000e+00	0.000000e+00
4.000000e+00	4.100000e+00	2.677455e-05	2.677455e-05	2.677455e-05
4.100000e+00	4.200000e+00	0.000000e+00	0.000000e+00	0.000000e+00
4.200000e+00	4.300000e+00	0.000000e+00	0.000000e+00	0.000000e+00
4.300000e+00	4.400000e+00	0.000000e+00	0.000000e+00	0.000000e+00
4.400000e+00	4.500000e+00	0.000000e+00	0.000000e+00	0.000000e+00
4.500000e+00	4.600000e+00	0.000000e+00	0.000000e+00	0.000000e+00
4.600000e+00	4.700000e+00	0.000000e+00	0.000000e+00	0.000000e+00
4.700000e+00	4.800000e+00	0.000000e+00	0.000000e+00	0.000000e+00
4.800000e+00	4.900000e+00	0.000000e+00	0.000000e+00	0.000000e+00
4.900000e+00	5.000000e+00	0.000000e+00	0.000000e+00	0.000000e+00
# END HISTO1D

