# BEGIN PLOT
Legend=1
LogY=1
LegendPlacement=manual
LegendAlign=r
LegendXPos=1.36
RightMargin=3.7
Title=Di-bjet $\Delta R$
XLabel=$\Delta R_{bb}$
YLabel=$\mathrm{d}\sigma/\mathrm{d}\Delta R_{bb}$ [pb]
DrawOnly=//eos/home-y/yiyu/monobc/Rivet_New/X1500_pi20_L40.yoda.gz/JetMETAnalysis/bb_dR //eos/home-y/yiyu/monobc/Rivet_New/X2000_pi20_L40.yoda.gz/JetMETAnalysis/bb_dR //eos/home-y/yiyu/monobc/Rivet_New/X3000_pi20_L40.yoda.gz/JetMETAnalysis/bb_dR //eos/home-y/yiyu/monobc/Rivet_New/X600_pi20_L40.yoda.gz/JetMETAnalysis/bb_dR //eos/home-y/yiyu/monobc/Rivet_New/X800_pi20_L40.yoda.gz/JetMETAnalysis/bb_dR
LegendOnly=//eos/home-y/yiyu/monobc/Rivet_New/X1500_pi20_L40.yoda.gz/JetMETAnalysis/bb_dR //eos/home-y/yiyu/monobc/Rivet_New/X2000_pi20_L40.yoda.gz/JetMETAnalysis/bb_dR //eos/home-y/yiyu/monobc/Rivet_New/X3000_pi20_L40.yoda.gz/JetMETAnalysis/bb_dR //eos/home-y/yiyu/monobc/Rivet_New/X600_pi20_L40.yoda.gz/JetMETAnalysis/bb_dR //eos/home-y/yiyu/monobc/Rivet_New/X800_pi20_L40.yoda.gz/JetMETAnalysis/bb_dR
RatioPlot=1
RatioPlotReference=//eos/home-y/yiyu/monobc/Rivet_New/X1500_pi20_L40.yoda.gz/JetMETAnalysis/bb_dR
RatioPlotYLabel=Ratio
# END PLOT

# BEGIN HISTO1D //eos/home-y/yiyu/monobc/Rivet_New/X1500_pi20_L40.yoda.gz/JetMETAnalysis/bb_dR
ErrorBars=1
LineColor=red
LineStyle=solid
Path=//eos/home-y/yiyu/monobc/Rivet_New/X1500_pi20_L40.yoda.gz/JetMETAnalysis/bb_dR
ScaledBy=1.03949231414651749e-07
Title=X1500_pi20_L40
# xlow	 xhigh	 val	 errminus	 errplus
0.000000e+00	1.000000e-01	0.000000e+00	0.000000e+00	0.000000e+00
1.000000e-01	2.000000e-01	0.000000e+00	0.000000e+00	0.000000e+00
2.000000e-01	3.000000e-01	0.000000e+00	0.000000e+00	0.000000e+00
3.000000e-01	4.000000e-01	2.078985e-06	1.470064e-06	1.470064e-06
4.000000e-01	5.000000e-01	4.532186e-04	2.170524e-05	2.170524e-05
5.000000e-01	6.000000e-01	9.885572e-04	3.205617e-05	3.205617e-05
6.000000e-01	7.000000e-01	8.950029e-04	3.050162e-05	3.050162e-05
7.000000e-01	8.000000e-01	7.702638e-04	2.829635e-05	2.829635e-05
8.000000e-01	9.000000e-01	6.735910e-04	2.646115e-05	2.646115e-05
9.000000e-01	1.000000e+00	5.426150e-04	2.374961e-05	2.374961e-05
1.000000e+00	1.100000e+00	5.031143e-04	2.286883e-05	2.286883e-05
1.100000e+00	1.200000e+00	4.469817e-04	2.155537e-05	2.155537e-05
1.200000e+00	1.300000e+00	3.419930e-04	1.885468e-05	1.885468e-05
1.300000e+00	1.400000e+00	3.045712e-04	1.779324e-05	1.779324e-05
1.400000e+00	1.500000e+00	2.806629e-04	1.708060e-05	1.708060e-05
1.500000e+00	1.600000e+00	2.151749e-04	1.495569e-05	1.495569e-05
1.600000e+00	1.700000e+00	1.933456e-04	1.417678e-05	1.417678e-05
1.700000e+00	1.800000e+00	1.881481e-04	1.398494e-05	1.398494e-05
1.800000e+00	1.900000e+00	1.715162e-04	1.335252e-05	1.335252e-05
1.900000e+00	2.000000e+00	1.902271e-04	1.406199e-05	1.406199e-05
2.000000e+00	2.100000e+00	1.735952e-04	1.343320e-05	1.343320e-05
2.100000e+00	2.200000e+00	1.694372e-04	1.327135e-05	1.327135e-05
2.200000e+00	2.300000e+00	2.047800e-04	1.458997e-05	1.458997e-05
2.300000e+00	2.400000e+00	1.964640e-04	1.429066e-05	1.429066e-05
2.400000e+00	2.500000e+00	2.130959e-04	1.488327e-05	1.488327e-05
2.500000e+00	2.600000e+00	2.484387e-04	1.607016e-05	1.607016e-05
2.600000e+00	2.700000e+00	2.629916e-04	1.653414e-05	1.653414e-05
2.700000e+00	2.800000e+00	2.993738e-04	1.764077e-05	1.764077e-05
2.800000e+00	2.900000e+00	4.126784e-04	2.071174e-05	2.071174e-05
2.900000e+00	3.000000e+00	3.762962e-04	1.977769e-05	1.977769e-05
3.000000e+00	3.100000e+00	4.792060e-04	2.231885e-05	2.231885e-05
3.100000e+00	3.200000e+00	4.656926e-04	2.200190e-05	2.200190e-05
3.200000e+00	3.300000e+00	2.422017e-04	1.586716e-05	1.586716e-05
3.300000e+00	3.400000e+00	1.943851e-04	1.421484e-05	1.421484e-05
3.400000e+00	3.500000e+00	1.091467e-04	1.065162e-05	1.065162e-05
3.500000e+00	3.600000e+00	8.835685e-05	9.583645e-06	9.583645e-06
3.600000e+00	3.700000e+00	5.509309e-05	7.567619e-06	7.567619e-06
3.700000e+00	3.800000e+00	5.197462e-05	7.350320e-06	7.350320e-06
3.800000e+00	3.900000e+00	3.742172e-05	6.236954e-06	6.236954e-06
3.900000e+00	4.000000e+00	2.078985e-05	4.648751e-06	4.648751e-06
4.000000e+00	4.100000e+00	1.975035e-05	4.531042e-06	4.531042e-06
4.100000e+00	4.200000e+00	1.455289e-05	3.889424e-06	3.889424e-06
4.200000e+00	4.300000e+00	7.276446e-06	2.750238e-06	2.750238e-06
4.300000e+00	4.400000e+00	5.197462e-06	2.324375e-06	2.324375e-06
4.400000e+00	4.500000e+00	3.118477e-06	1.800454e-06	1.800454e-06
4.500000e+00	4.600000e+00	1.039492e-06	1.039492e-06	1.039492e-06
4.600000e+00	4.700000e+00	3.118477e-06	1.800454e-06	1.800454e-06
4.700000e+00	4.800000e+00	3.118477e-06	1.800454e-06	1.800454e-06
4.800000e+00	4.900000e+00	0.000000e+00	0.000000e+00	0.000000e+00
4.900000e+00	5.000000e+00	1.039492e-06	1.039492e-06	1.039492e-06
# END HISTO1D


# BEGIN HISTO1D //eos/home-y/yiyu/monobc/Rivet_New/X2000_pi20_L40.yoda.gz/JetMETAnalysis/bb_dR
ErrorBars=1
LineColor=blue
LineStyle=solid
Path=//eos/home-y/yiyu/monobc/Rivet_New/X2000_pi20_L40.yoda.gz/JetMETAnalysis/bb_dR
ScaledBy=1.96730639154521465e-08
Title=X2000_pi20_L40
# xlow	 xhigh	 val	 errminus	 errplus
0.000000e+00	1.000000e-01	0.000000e+00	0.000000e+00	0.000000e+00
1.000000e-01	2.000000e-01	0.000000e+00	0.000000e+00	0.000000e+00
2.000000e-01	3.000000e-01	0.000000e+00	0.000000e+00	0.000000e+00
3.000000e-01	4.000000e-01	0.000000e+00	0.000000e+00	0.000000e+00
4.000000e-01	5.000000e-01	8.990590e-05	4.205621e-06	4.205621e-06
5.000000e-01	6.000000e-01	2.018456e-04	6.301525e-06	6.301525e-06
6.000000e-01	7.000000e-01	1.774510e-04	5.908474e-06	5.908474e-06
7.000000e-01	8.000000e-01	1.355474e-04	5.163945e-06	5.163945e-06
8.000000e-01	9.000000e-01	1.217763e-04	4.894601e-06	4.894601e-06
9.000000e-01	1.000000e+00	1.013163e-04	4.464529e-06	4.464529e-06
1.000000e+00	1.100000e+00	7.987264e-05	3.964013e-06	3.964013e-06
1.100000e+00	1.200000e+00	7.416745e-05	3.819818e-06	3.819818e-06
1.200000e+00	1.300000e+00	7.082303e-05	3.732701e-06	3.732701e-06
1.300000e+00	1.400000e+00	5.193689e-05	3.196495e-06	3.196495e-06
1.400000e+00	1.500000e+00	4.564151e-05	2.996512e-06	2.996512e-06
1.500000e+00	1.600000e+00	4.996958e-05	3.135370e-06	3.135370e-06
1.600000e+00	1.700000e+00	4.052651e-05	2.823616e-06	2.823616e-06
1.700000e+00	1.800000e+00	3.639517e-05	2.675826e-06	2.675826e-06
1.800000e+00	1.900000e+00	4.072324e-05	2.830461e-06	2.830461e-06
1.900000e+00	2.000000e+00	3.639517e-05	2.675826e-06	2.675826e-06
2.000000e+00	2.100000e+00	3.875594e-05	2.761246e-06	2.761246e-06
2.100000e+00	2.200000e+00	3.600171e-05	2.661323e-06	2.661323e-06
2.200000e+00	2.300000e+00	3.816574e-05	2.740141e-06	2.740141e-06
2.300000e+00	2.400000e+00	4.091997e-05	2.837290e-06	2.837290e-06
2.400000e+00	2.500000e+00	3.875594e-05	2.761246e-06	2.761246e-06
2.500000e+00	2.600000e+00	5.055977e-05	3.153832e-06	3.153832e-06
2.600000e+00	2.700000e+00	5.449439e-05	3.274251e-06	3.274251e-06
2.700000e+00	2.800000e+00	6.393746e-05	3.546612e-06	3.546612e-06
2.800000e+00	2.900000e+00	7.810206e-05	3.919830e-06	3.919830e-06
2.900000e+00	3.000000e+00	9.167648e-05	4.246831e-06	4.246831e-06
3.000000e+00	3.100000e+00	1.009228e-04	4.455851e-06	4.455851e-06
3.100000e+00	3.200000e+00	1.028901e-04	4.499071e-06	4.499071e-06
3.200000e+00	3.300000e+00	5.842900e-05	3.390394e-06	3.390394e-06
3.300000e+00	3.400000e+00	4.524805e-05	2.983568e-06	2.983568e-06
3.400000e+00	3.500000e+00	3.049325e-05	2.449277e-06	2.449277e-06
3.500000e+00	3.600000e+00	2.596844e-05	2.260263e-06	2.260263e-06
3.600000e+00	3.700000e+00	1.396788e-05	1.657682e-06	1.657682e-06
3.700000e+00	3.800000e+00	1.298422e-05	1.598247e-06	1.598247e-06
3.800000e+00	3.900000e+00	8.459417e-06	1.290049e-06	1.290049e-06
3.900000e+00	4.000000e+00	6.885572e-06	1.163874e-06	1.163874e-06
4.000000e+00	4.100000e+00	2.557498e-06	7.093224e-07	7.093224e-07
4.100000e+00	4.200000e+00	5.114997e-06	1.003134e-06	1.003134e-06
4.200000e+00	4.300000e+00	1.377114e-06	5.205003e-07	5.205003e-07
4.300000e+00	4.400000e+00	1.967306e-06	6.221169e-07	6.221169e-07
4.400000e+00	4.500000e+00	1.573845e-06	5.564383e-07	5.564383e-07
4.500000e+00	4.600000e+00	9.836532e-07	4.399031e-07	4.399031e-07
4.600000e+00	4.700000e+00	1.180384e-06	4.818897e-07	4.818897e-07
4.700000e+00	4.800000e+00	3.934613e-07	2.782191e-07	2.782191e-07
4.800000e+00	4.900000e+00	1.967306e-07	1.967306e-07	1.967306e-07
4.900000e+00	5.000000e+00	5.901919e-07	3.407474e-07	3.407474e-07
# END HISTO1D


# BEGIN HISTO1D //eos/home-y/yiyu/monobc/Rivet_New/X3000_pi20_L40.yoda.gz/JetMETAnalysis/bb_dR
ErrorBars=1
LineColor=green
LineStyle=solid
Path=//eos/home-y/yiyu/monobc/Rivet_New/X3000_pi20_L40.yoda.gz/JetMETAnalysis/bb_dR
ScaledBy=1.53604633671142634e-09
Title=X3000_pi20_L40
# xlow	 xhigh	 val	 errminus	 errplus
0.000000e+00	1.000000e-01	0.000000e+00	0.000000e+00	0.000000e+00
1.000000e-01	2.000000e-01	0.000000e+00	0.000000e+00	0.000000e+00
2.000000e-01	3.000000e-01	0.000000e+00	0.000000e+00	0.000000e+00
3.000000e-01	4.000000e-01	0.000000e+00	0.000000e+00	0.000000e+00
4.000000e-01	5.000000e-01	6.082743e-06	3.056694e-07	3.056694e-07
5.000000e-01	6.000000e-01	1.383978e-05	4.610698e-07	4.610698e-07
6.000000e-01	7.000000e-01	1.301031e-05	4.470396e-07	4.470396e-07
7.000000e-01	8.000000e-01	1.001502e-05	3.922186e-07	3.922186e-07
8.000000e-01	9.000000e-01	8.233208e-06	3.556204e-07	3.556204e-07
9.000000e-01	1.000000e+00	6.205627e-06	3.087415e-07	3.087415e-07
1.000000e+00	1.100000e+00	5.683371e-06	2.954644e-07	2.954644e-07
1.100000e+00	1.200000e+00	4.823185e-06	2.721881e-07	2.721881e-07
1.200000e+00	1.300000e+00	4.316290e-06	2.574883e-07	2.574883e-07
1.300000e+00	1.400000e+00	4.654220e-06	2.673780e-07	2.673780e-07
1.400000e+00	1.500000e+00	3.686511e-06	2.379633e-07	2.379633e-07
1.500000e+00	1.600000e+00	3.763314e-06	2.404293e-07	2.404293e-07
1.600000e+00	1.700000e+00	3.609709e-06	2.354714e-07	2.354714e-07
1.700000e+00	1.800000e+00	2.810965e-06	2.077925e-07	2.077925e-07
1.800000e+00	1.900000e+00	2.995290e-06	2.144972e-07	2.144972e-07
1.900000e+00	2.000000e+00	2.642000e-06	2.014506e-07	2.014506e-07
2.000000e+00	2.100000e+00	3.164255e-06	2.204641e-07	2.204641e-07
2.100000e+00	2.200000e+00	2.841686e-06	2.089249e-07	2.089249e-07
2.200000e+00	2.300000e+00	2.764883e-06	2.060822e-07	2.060822e-07
2.300000e+00	2.400000e+00	3.241058e-06	2.231236e-07	2.231236e-07
2.400000e+00	2.500000e+00	3.901558e-06	2.448055e-07	2.448055e-07
2.500000e+00	2.600000e+00	4.654220e-06	2.673780e-07	2.673780e-07
2.600000e+00	2.700000e+00	5.253278e-06	2.840648e-07	2.840648e-07
2.700000e+00	2.800000e+00	5.683371e-06	2.954644e-07	2.954644e-07
2.800000e+00	2.900000e+00	6.927569e-06	3.262065e-07	3.262065e-07
2.900000e+00	3.000000e+00	7.864557e-06	3.475675e-07	3.475675e-07
3.000000e+00	3.100000e+00	9.999662e-06	3.919176e-07	3.919176e-07
3.100000e+00	3.200000e+00	9.615650e-06	3.843186e-07	3.843186e-07
3.200000e+00	3.300000e+00	5.406883e-06	2.881878e-07	2.881878e-07
3.300000e+00	3.400000e+00	3.548267e-06	2.334588e-07	2.334588e-07
3.400000e+00	3.500000e+00	2.918488e-06	2.117294e-07	2.117294e-07
3.500000e+00	3.600000e+00	1.935418e-06	1.724208e-07	1.724208e-07
3.600000e+00	3.700000e+00	1.428523e-06	1.481310e-07	1.481310e-07
3.700000e+00	3.800000e+00	9.830697e-07	1.228837e-07	1.228837e-07
3.800000e+00	3.900000e+00	9.216278e-07	1.189816e-07	1.189816e-07
3.900000e+00	4.000000e+00	6.451395e-07	9.954718e-08	9.954718e-08
4.000000e+00	4.100000e+00	5.836976e-07	9.468826e-08	9.468826e-08
4.100000e+00	4.200000e+00	3.840116e-07	7.680232e-08	7.680232e-08
4.200000e+00	4.300000e+00	3.225697e-07	7.039049e-08	7.039049e-08
4.300000e+00	4.400000e+00	1.536046e-07	4.857405e-08	4.857405e-08
4.400000e+00	4.500000e+00	1.075232e-07	4.063997e-08	4.063997e-08
4.500000e+00	4.600000e+00	4.608139e-08	2.660510e-08	2.660510e-08
4.600000e+00	4.700000e+00	7.680232e-08	3.434704e-08	3.434704e-08
4.700000e+00	4.800000e+00	4.608139e-08	2.660510e-08	2.660510e-08
4.800000e+00	4.900000e+00	1.536046e-08	1.536046e-08	1.536046e-08
4.900000e+00	5.000000e+00	1.536046e-08	1.536046e-08	1.536046e-08
# END HISTO1D


# BEGIN HISTO1D //eos/home-y/yiyu/monobc/Rivet_New/X600_pi20_L40.yoda.gz/JetMETAnalysis/bb_dR
ErrorBars=1
LineColor=orange
LineStyle=solid
Path=//eos/home-y/yiyu/monobc/Rivet_New/X600_pi20_L40.yoda.gz/JetMETAnalysis/bb_dR
ScaledBy=1.07186602773497680e-05
Title=X600_pi20_L40
# xlow	 xhigh	 val	 errminus	 errplus
0.000000e+00	1.000000e-01	0.000000e+00	0.000000e+00	0.000000e+00
1.000000e-01	2.000000e-01	0.000000e+00	0.000000e+00	0.000000e+00
2.000000e-01	3.000000e-01	0.000000e+00	0.000000e+00	0.000000e+00
3.000000e-01	4.000000e-01	0.000000e+00	0.000000e+00	0.000000e+00
4.000000e-01	5.000000e-01	5.252144e-03	7.503062e-04	7.503062e-04
5.000000e-01	6.000000e-01	2.358105e-02	1.589834e-03	1.589834e-03
6.000000e-01	7.000000e-01	4.737648e-02	2.253469e-03	2.253469e-03
7.000000e-01	8.000000e-01	6.088199e-02	2.554552e-03	2.554552e-03
8.000000e-01	9.000000e-01	5.562985e-02	2.441879e-03	2.441879e-03
9.000000e-01	1.000000e+00	5.380767e-02	2.401554e-03	2.401554e-03
1.000000e+00	1.100000e+00	4.866272e-02	2.283854e-03	2.283854e-03
1.100000e+00	1.200000e+00	4.180278e-02	2.116766e-03	2.116766e-03
1.200000e+00	1.300000e+00	3.890874e-02	2.042179e-03	2.042179e-03
1.300000e+00	1.400000e+00	3.408534e-02	1.911411e-03	1.911411e-03
1.400000e+00	1.500000e+00	2.936913e-02	1.774254e-03	1.774254e-03
1.500000e+00	1.600000e+00	2.690384e-02	1.698155e-03	1.698155e-03
1.600000e+00	1.700000e+00	2.390261e-02	1.600637e-03	1.600637e-03
1.700000e+00	1.800000e+00	2.218763e-02	1.542147e-03	1.542147e-03
1.800000e+00	1.900000e+00	1.907922e-02	1.430048e-03	1.430048e-03
1.900000e+00	2.000000e+00	1.961515e-02	1.449993e-03	1.449993e-03
2.000000e+00	2.100000e+00	1.597080e-02	1.308379e-03	1.308379e-03
2.100000e+00	2.200000e+00	1.500612e-02	1.268249e-03	1.268249e-03
2.200000e+00	2.300000e+00	1.607799e-02	1.312762e-03	1.312762e-03
2.300000e+00	2.400000e+00	1.832891e-02	1.401647e-03	1.401647e-03
2.400000e+00	2.500000e+00	1.629236e-02	1.321485e-03	1.321485e-03
2.500000e+00	2.600000e+00	2.025827e-02	1.473572e-03	1.473572e-03
2.600000e+00	2.700000e+00	2.068701e-02	1.489084e-03	1.489084e-03
2.700000e+00	2.800000e+00	2.583197e-02	1.663983e-03	1.663983e-03
2.800000e+00	2.900000e+00	2.240200e-02	1.549579e-03	1.549579e-03
2.900000e+00	3.000000e+00	2.497448e-02	1.636133e-03	1.636133e-03
3.000000e+00	3.100000e+00	2.894038e-02	1.761256e-03	1.761256e-03
3.100000e+00	3.200000e+00	2.358105e-02	1.589834e-03	1.589834e-03
3.200000e+00	3.300000e+00	1.296958e-02	1.179053e-03	1.179053e-03
3.300000e+00	3.400000e+00	6.859943e-03	8.574928e-04	8.574928e-04
3.400000e+00	3.500000e+00	5.573703e-03	7.729336e-04	7.729336e-04
3.500000e+00	3.600000e+00	3.858718e-03	6.431196e-04	6.431196e-04
3.600000e+00	3.700000e+00	1.929359e-03	4.547542e-04	4.547542e-04
3.700000e+00	3.800000e+00	1.179053e-03	3.554977e-04	3.554977e-04
3.800000e+00	3.900000e+00	1.286239e-03	3.713053e-04	3.713053e-04
3.900000e+00	4.000000e+00	4.287464e-04	2.143732e-04	2.143732e-04
4.000000e+00	4.100000e+00	3.215598e-04	1.856526e-04	1.856526e-04
4.100000e+00	4.200000e+00	2.143732e-04	1.515848e-04	1.515848e-04
4.200000e+00	4.300000e+00	1.071866e-04	1.071866e-04	1.071866e-04
4.300000e+00	4.400000e+00	3.215598e-04	1.856526e-04	1.856526e-04
4.400000e+00	4.500000e+00	1.071866e-04	1.071866e-04	1.071866e-04
4.500000e+00	4.600000e+00	1.071866e-04	1.071866e-04	1.071866e-04
4.600000e+00	4.700000e+00	0.000000e+00	0.000000e+00	0.000000e+00
4.700000e+00	4.800000e+00	0.000000e+00	0.000000e+00	0.000000e+00
4.800000e+00	4.900000e+00	0.000000e+00	0.000000e+00	0.000000e+00
4.900000e+00	5.000000e+00	1.071866e-04	1.071866e-04	1.071866e-04
# END HISTO1D


# BEGIN HISTO1D //eos/home-y/yiyu/monobc/Rivet_New/X800_pi20_L40.yoda.gz/JetMETAnalysis/bb_dR
ErrorBars=1
LineColor=lilac
LineStyle=solid
Path=//eos/home-y/yiyu/monobc/Rivet_New/X800_pi20_L40.yoda.gz/JetMETAnalysis/bb_dR
ScaledBy=2.67745470492880614e-06
Title=X800_pi20_L40
# xlow	 xhigh	 val	 errminus	 errplus
0.000000e+00	1.000000e-01	0.000000e+00	0.000000e+00	0.000000e+00
1.000000e-01	2.000000e-01	0.000000e+00	0.000000e+00	0.000000e+00
2.000000e-01	3.000000e-01	0.000000e+00	0.000000e+00	0.000000e+00
3.000000e-01	4.000000e-01	2.677455e-05	2.677455e-05	2.677455e-05
4.000000e-01	5.000000e-01	4.471349e-03	3.460035e-04	3.460035e-04
5.000000e-01	6.000000e-01	1.499375e-02	6.336015e-04	6.336015e-04
6.000000e-01	7.000000e-01	1.962574e-02	7.248934e-04	7.248934e-04
7.000000e-01	8.000000e-01	1.745700e-02	6.836691e-04	6.836691e-04
8.000000e-01	9.000000e-01	1.507407e-02	6.352963e-04	6.352963e-04
9.000000e-01	1.000000e+00	1.357470e-02	6.028734e-04	6.028734e-04
1.000000e+00	1.100000e+00	1.317308e-02	5.938882e-04	5.938882e-04
1.100000e+00	1.200000e+00	1.038852e-02	5.273974e-04	5.273974e-04
1.200000e+00	1.300000e+00	9.719161e-03	5.101236e-04	5.101236e-04
1.300000e+00	1.400000e+00	8.728502e-03	4.834270e-04	4.834270e-04
1.400000e+00	1.500000e+00	7.229128e-03	4.399507e-04	4.399507e-04
1.500000e+00	1.600000e+00	6.452666e-03	4.156527e-04	4.156527e-04
1.600000e+00	1.700000e+00	5.917175e-03	3.980323e-04	3.980323e-04
1.700000e+00	1.800000e+00	5.542331e-03	3.852186e-04	3.852186e-04
1.800000e+00	1.900000e+00	5.140713e-03	3.709991e-04	3.709991e-04
1.900000e+00	2.000000e+00	4.257153e-03	3.376141e-04	3.376141e-04
2.000000e+00	2.100000e+00	4.605222e-03	3.511448e-04	3.511448e-04
2.100000e+00	2.200000e+00	4.069731e-03	3.300988e-04	3.300988e-04
2.200000e+00	2.300000e+00	4.230378e-03	3.365509e-04	3.365509e-04
2.300000e+00	2.400000e+00	3.935858e-03	3.246241e-04	3.246241e-04
2.400000e+00	2.500000e+00	5.060389e-03	3.680891e-04	3.680891e-04
2.500000e+00	2.600000e+00	4.792644e-03	3.582191e-04	3.582191e-04
2.600000e+00	2.700000e+00	5.810077e-03	3.944137e-04	3.944137e-04
2.700000e+00	2.800000e+00	5.970724e-03	3.998292e-04	3.998292e-04
2.800000e+00	2.900000e+00	7.122030e-03	4.366796e-04	4.366796e-04
2.900000e+00	3.000000e+00	8.353659e-03	4.729328e-04	4.729328e-04
3.000000e+00	3.100000e+00	8.889150e-03	4.878555e-04	4.878555e-04
3.100000e+00	3.200000e+00	7.630746e-03	4.520064e-04	4.520064e-04
3.200000e+00	3.300000e+00	4.283928e-03	3.386742e-04	3.386742e-04
3.300000e+00	3.400000e+00	2.784553e-03	2.730479e-04	2.730479e-04
3.400000e+00	3.500000e+00	1.820669e-03	2.207886e-04	2.207886e-04
3.500000e+00	3.600000e+00	1.044207e-03	1.672070e-04	1.672070e-04
3.600000e+00	3.700000e+00	6.693637e-04	1.338727e-04	1.338727e-04
3.700000e+00	3.800000e+00	4.551673e-04	1.103943e-04	1.103943e-04
3.800000e+00	3.900000e+00	3.480691e-04	9.653700e-05	9.653700e-05
3.900000e+00	4.000000e+00	2.409709e-04	8.032364e-05	8.032364e-05
4.000000e+00	4.100000e+00	1.874218e-04	7.083880e-05	7.083880e-05
4.100000e+00	4.200000e+00	2.141964e-04	7.572986e-05	7.572986e-05
4.200000e+00	4.300000e+00	1.070982e-04	5.354909e-05	5.354909e-05
4.300000e+00	4.400000e+00	0.000000e+00	0.000000e+00	0.000000e+00
4.400000e+00	4.500000e+00	0.000000e+00	0.000000e+00	0.000000e+00
4.500000e+00	4.600000e+00	2.677455e-05	2.677455e-05	2.677455e-05
4.600000e+00	4.700000e+00	0.000000e+00	0.000000e+00	0.000000e+00
4.700000e+00	4.800000e+00	2.677455e-05	2.677455e-05	2.677455e-05
4.800000e+00	4.900000e+00	0.000000e+00	0.000000e+00	0.000000e+00
4.900000e+00	5.000000e+00	0.000000e+00	0.000000e+00	0.000000e+00
# END HISTO1D

