# BEGIN PLOT
Legend=1
LogY=1
LegendPlacement=manual
LegendAlign=r
LegendXPos=1.36
RightMargin=3.7
Title=Di-bjet $\Delta\phi$
XLabel=$\Delta\phi_{bb}$ [rad]
YLabel=$\mathrm{d}\sigma/\mathrm{d}\Delta\phi_{bb}$ [pb/rad]
XMin=0
DrawOnly=//eos/home-y/yiyu/monobc/Rivet_New/X1500_pi20_L40.yoda.gz/JetMETAnalysis/bb_dphi //eos/home-y/yiyu/monobc/Rivet_New/X2000_pi20_L40.yoda.gz/JetMETAnalysis/bb_dphi //eos/home-y/yiyu/monobc/Rivet_New/X3000_pi20_L40.yoda.gz/JetMETAnalysis/bb_dphi //eos/home-y/yiyu/monobc/Rivet_New/X600_pi20_L40.yoda.gz/JetMETAnalysis/bb_dphi //eos/home-y/yiyu/monobc/Rivet_New/X800_pi20_L40.yoda.gz/JetMETAnalysis/bb_dphi
LegendOnly=//eos/home-y/yiyu/monobc/Rivet_New/X1500_pi20_L40.yoda.gz/JetMETAnalysis/bb_dphi //eos/home-y/yiyu/monobc/Rivet_New/X2000_pi20_L40.yoda.gz/JetMETAnalysis/bb_dphi //eos/home-y/yiyu/monobc/Rivet_New/X3000_pi20_L40.yoda.gz/JetMETAnalysis/bb_dphi //eos/home-y/yiyu/monobc/Rivet_New/X600_pi20_L40.yoda.gz/JetMETAnalysis/bb_dphi //eos/home-y/yiyu/monobc/Rivet_New/X800_pi20_L40.yoda.gz/JetMETAnalysis/bb_dphi
RatioPlot=1
RatioPlotReference=//eos/home-y/yiyu/monobc/Rivet_New/X1500_pi20_L40.yoda.gz/JetMETAnalysis/bb_dphi
RatioPlotYLabel=Ratio
# END PLOT

# BEGIN HISTO1D //eos/home-y/yiyu/monobc/Rivet_New/X1500_pi20_L40.yoda.gz/JetMETAnalysis/bb_dphi
ErrorBars=1
LineColor=red
LineStyle=solid
Path=//eos/home-y/yiyu/monobc/Rivet_New/X1500_pi20_L40.yoda.gz/JetMETAnalysis/bb_dphi
ScaledBy=1.03949231414651749e-07
Title=X1500_pi20_L40
# xlow	 xhigh	 val	 errminus	 errplus
0.000000e+00	6.283185e-02	4.020200e-04	2.578960e-05	2.578960e-05
6.283185e-02	1.256637e-01	4.466889e-04	2.718463e-05	2.718463e-05
1.256637e-01	1.884956e-01	4.632325e-04	2.768344e-05	2.768344e-05
1.884956e-01	2.513274e-01	5.426448e-04	2.996254e-05	2.996254e-05
2.513274e-01	3.141593e-01	4.715046e-04	2.792952e-05	2.792952e-05
3.141593e-01	3.769911e-01	5.575344e-04	3.037083e-05	3.037083e-05
3.769911e-01	4.398230e-01	6.948490e-04	3.390516e-05	3.390516e-05
4.398230e-01	5.026548e-01	8.536728e-04	3.758085e-05	3.758085e-05
5.026548e-01	5.654867e-01	7.841867e-04	3.601889e-05	3.601889e-05
5.654867e-01	6.283185e-01	6.650707e-04	3.317071e-05	3.317071e-05
6.283185e-01	6.911504e-01	6.154375e-04	3.190895e-05	3.190895e-05
6.911504e-01	7.539822e-01	5.194831e-04	2.931613e-05	2.931613e-05
7.539822e-01	8.168141e-01	5.393351e-04	2.987101e-05	2.987101e-05
8.168141e-01	8.796459e-01	4.516525e-04	2.733525e-05	2.733525e-05
8.796459e-01	9.424778e-01	3.788580e-04	2.503565e-05	2.503565e-05
9.424778e-01	1.005310e+00	3.523860e-04	2.414509e-05	2.414509e-05
1.005310e+00	1.068142e+00	3.457695e-04	2.391738e-05	2.391738e-05
1.068142e+00	1.130973e+00	2.779435e-04	2.144381e-05	2.144381e-05
1.130973e+00	1.193805e+00	2.597407e-04	2.072957e-05	2.072957e-05
1.193805e+00	1.256637e+00	2.696670e-04	2.112196e-05	2.112196e-05
1.256637e+00	1.319469e+00	2.415424e-04	1.999019e-05	1.999019e-05
1.319469e+00	1.382301e+00	1.985280e-04	1.812304e-05	1.812304e-05
1.382301e+00	1.445133e+00	2.034912e-04	1.834818e-05	1.834818e-05
1.445133e+00	1.507964e+00	1.836412e-04	1.743046e-05	1.743046e-05
1.507964e+00	1.570796e+00	1.919103e-04	1.781843e-05	1.781843e-05
1.570796e+00	1.633628e+00	1.902559e-04	1.774146e-05	1.774146e-05
1.633628e+00	1.696460e+00	1.538592e-04	1.595445e-05	1.595445e-05
1.696460e+00	1.759292e+00	1.538592e-04	1.595445e-05	1.595445e-05
1.759292e+00	1.822124e+00	1.654399e-04	1.654399e-05	1.654399e-05
1.822124e+00	1.884956e+00	1.588224e-04	1.620974e-05	1.620974e-05
1.884956e+00	1.947787e+00	2.101120e-04	1.864443e-05	1.864443e-05
1.947787e+00	2.010619e+00	1.670943e-04	1.662651e-05	1.662651e-05
2.010619e+00	2.073451e+00	1.935647e-04	1.789507e-05	1.789507e-05
2.073451e+00	2.136283e+00	1.786752e-04	1.719303e-05	1.719303e-05
2.136283e+00	2.199115e+00	1.852927e-04	1.750852e-05	1.750852e-05
2.199115e+00	2.261947e+00	2.431968e-04	2.005853e-05	2.005853e-05
2.261947e+00	2.324779e+00	2.101087e-04	1.864413e-05	1.864413e-05
2.324779e+00	2.387610e+00	2.233476e-04	1.922269e-05	1.922269e-05
2.387610e+00	2.450442e+00	2.448512e-04	2.012664e-05	2.012664e-05
2.450442e+00	2.513274e+00	2.862112e-04	2.176023e-05	2.176023e-05
2.513274e+00	2.576106e+00	2.994463e-04	2.225767e-05	2.225767e-05
2.576106e+00	2.638938e+00	2.961375e-04	2.213436e-05	2.213436e-05
2.638938e+00	2.701770e+00	3.209535e-04	2.304312e-05	2.304312e-05
2.701770e+00	2.764602e+00	4.284895e-04	2.662504e-05	2.662504e-05
2.764602e+00	2.827433e+00	4.516583e-04	2.733560e-05	2.733560e-05
2.827433e+00	2.890265e+00	4.119455e-04	2.610598e-05	2.610598e-05
2.890265e+00	2.953097e+00	4.880478e-04	2.841525e-05	2.841525e-05
2.953097e+00	3.015929e+00	5.327166e-04	2.968714e-05	2.968714e-05
3.015929e+00	3.078761e+00	6.005470e-04	3.152055e-05	3.152055e-05
3.078761e+00	3.141593e+00	6.319807e-04	3.233494e-05	3.233494e-05
# END HISTO1D


# BEGIN HISTO1D //eos/home-y/yiyu/monobc/Rivet_New/X2000_pi20_L40.yoda.gz/JetMETAnalysis/bb_dphi
ErrorBars=1
LineColor=blue
LineStyle=solid
Path=//eos/home-y/yiyu/monobc/Rivet_New/X2000_pi20_L40.yoda.gz/JetMETAnalysis/bb_dphi
ScaledBy=1.96730639154521465e-08
Title=X2000_pi20_L40
# xlow	 xhigh	 val	 errminus	 errplus
0.000000e+00	6.283185e-02	8.046838e-05	5.019480e-06	5.019480e-06
6.283185e-02	1.256637e-01	9.174022e-05	5.359520e-06	5.359520e-06
1.256637e-01	1.884956e-01	8.579113e-05	5.182832e-06	5.182832e-06
1.884956e-01	2.513274e-01	9.205340e-05	5.368664e-06	5.368664e-06
2.513274e-01	3.141593e-01	1.033251e-04	5.687858e-06	5.687858e-06
3.141593e-01	3.769911e-01	1.171019e-04	6.055197e-06	6.055197e-06
3.769911e-01	4.398230e-01	1.371406e-04	6.552830e-06	6.552830e-06
4.398230e-01	5.026548e-01	1.487257e-04	6.824005e-06	6.824005e-06
5.026548e-01	5.654867e-01	1.477862e-04	6.802410e-06	6.802410e-06
5.654867e-01	6.283185e-01	1.371408e-04	6.552840e-06	6.552840e-06
6.283185e-01	6.911504e-01	1.124052e-04	5.932518e-06	5.932518e-06
6.911504e-01	7.539822e-01	1.008204e-04	5.618501e-06	5.618501e-06
7.539822e-01	8.168141e-01	8.641735e-05	5.201712e-06	5.201712e-06
8.168141e-01	8.796459e-01	8.140777e-05	5.048697e-06	5.048697e-06
8.796459e-01	9.424778e-01	7.044891e-05	4.696594e-06	4.696594e-06
9.424778e-01	1.005310e+00	6.105543e-05	4.372271e-06	4.372271e-06
1.005310e+00	1.068142e+00	6.136875e-05	4.383481e-06	4.383481e-06
1.068142e+00	1.130973e+00	5.354195e-05	4.094455e-06	4.094455e-06
1.130973e+00	1.193805e+00	5.354109e-05	4.094390e-06	4.094390e-06
1.193805e+00	1.256637e+00	4.759209e-05	3.860228e-06	3.860228e-06
1.256637e+00	1.319469e+00	4.352171e-05	3.691463e-06	3.691463e-06
1.319469e+00	1.382301e+00	4.195618e-05	3.624462e-06	3.624462e-06
1.382301e+00	1.445133e+00	4.039064e-05	3.556198e-06	3.556198e-06
1.445133e+00	1.507964e+00	3.569463e-05	3.343109e-06	3.343109e-06
1.507964e+00	1.570796e+00	3.757270e-05	3.429902e-06	3.429902e-06
1.570796e+00	1.633628e+00	3.005816e-05	3.067798e-06	3.067798e-06
1.633628e+00	1.696460e+00	3.412853e-05	3.268921e-06	3.268921e-06
1.696460e+00	1.759292e+00	3.663337e-05	3.386757e-06	3.386757e-06
1.759292e+00	1.822124e+00	4.101685e-05	3.583660e-06	3.583660e-06
1.822124e+00	1.884956e+00	3.131057e-05	3.131058e-06	3.131058e-06
1.884956e+00	1.947787e+00	3.538152e-05	3.328413e-06	3.328413e-06
1.947787e+00	2.010619e+00	3.757270e-05	3.429902e-06	3.429902e-06
2.010619e+00	2.073451e+00	3.632027e-05	3.372253e-06	3.372253e-06
2.073451e+00	2.136283e+00	4.226929e-05	3.637961e-06	3.637961e-06
2.136283e+00	2.199115e+00	4.320860e-05	3.678160e-06	3.678160e-06
2.199115e+00	2.261947e+00	4.414792e-05	3.717925e-06	3.717925e-06
2.261947e+00	2.324779e+00	4.101685e-05	3.583660e-06	3.583660e-06
2.324779e+00	2.387610e+00	4.446173e-05	3.731146e-06	3.731146e-06
2.387610e+00	2.450442e+00	5.667216e-05	4.212408e-06	4.212408e-06
2.450442e+00	2.513274e+00	5.573283e-05	4.177352e-06	4.177352e-06
2.513274e+00	2.576106e+00	5.855079e-05	4.281658e-06	4.281658e-06
2.576106e+00	2.638938e+00	7.201434e-05	4.748485e-06	4.748485e-06
2.638938e+00	2.701770e+00	7.232744e-05	4.758796e-06	4.758796e-06
2.701770e+00	2.764602e+00	8.673031e-05	5.211120e-06	5.211120e-06
2.764602e+00	2.827433e+00	9.581191e-05	5.477202e-06	5.477202e-06
2.827433e+00	2.890265e+00	1.014463e-04	5.635904e-06	5.635904e-06
2.890265e+00	2.953097e+00	1.124050e-04	5.932509e-06	5.932509e-06
2.953097e+00	3.015929e+00	1.152229e-04	6.006410e-06	6.006410e-06
3.015929e+00	3.078761e+00	1.358879e-04	6.522829e-06	6.522829e-06
3.078761e+00	3.141593e+00	1.443418e-04	6.722667e-06	6.722667e-06
# END HISTO1D


# BEGIN HISTO1D //eos/home-y/yiyu/monobc/Rivet_New/X3000_pi20_L40.yoda.gz/JetMETAnalysis/bb_dphi
ErrorBars=1
LineColor=green
LineStyle=solid
Path=//eos/home-y/yiyu/monobc/Rivet_New/X3000_pi20_L40.yoda.gz/JetMETAnalysis/bb_dphi
ScaledBy=1.53604633671142634e-09
Title=X3000_pi20_L40
# xlow	 xhigh	 val	 errminus	 errplus
0.000000e+00	6.283185e-02	5.427220e-06	3.642512e-07	3.642512e-07
6.283185e-02	1.256637e-01	6.233969e-06	3.903863e-07	3.903863e-07
1.256637e-01	1.884956e-01	6.356198e-06	3.941947e-07	3.941947e-07
1.884956e-01	2.513274e-01	6.649572e-06	4.031895e-07	4.031895e-07
2.513274e-01	3.141593e-01	7.040712e-06	4.148780e-07	4.148780e-07
3.141593e-01	3.769911e-01	7.896368e-06	4.393656e-07	4.393656e-07
3.769911e-01	4.398230e-01	8.996467e-06	4.689732e-07	4.689732e-07
4.398230e-01	5.026548e-01	1.102558e-05	5.191743e-07	5.191743e-07
5.026548e-01	5.654867e-01	1.119669e-05	5.231870e-07	5.231870e-07
5.654867e-01	6.283185e-01	9.143162e-06	4.727816e-07	4.727816e-07
6.283185e-01	6.911504e-01	9.363169e-06	4.784356e-07	4.784356e-07
6.911504e-01	7.539822e-01	6.356208e-06	3.941954e-07	3.941954e-07
7.539822e-01	8.168141e-01	5.573898e-06	3.691404e-07	3.691404e-07
8.168141e-01	8.796459e-01	5.451671e-06	3.650709e-07	3.650709e-07
8.796459e-01	9.424778e-01	5.158300e-06	3.551120e-07	3.551120e-07
9.424778e-01	1.005310e+00	4.229296e-06	3.215475e-07	3.215475e-07
1.005310e+00	1.068142e+00	4.180416e-06	3.196844e-07	3.196844e-07
1.068142e+00	1.130973e+00	4.009352e-06	3.130778e-07	3.130778e-07
1.130973e+00	1.193805e+00	4.009288e-06	3.130728e-07	3.130728e-07
1.193805e+00	1.256637e+00	3.349222e-06	2.861434e-07	2.861434e-07
1.256637e+00	1.319469e+00	3.447009e-06	2.902906e-07	2.902906e-07
1.319469e+00	1.382301e+00	3.251436e-06	2.819352e-07	2.819352e-07
1.382301e+00	1.445133e+00	3.153648e-06	2.776632e-07	2.776632e-07
1.445133e+00	1.507964e+00	2.249149e-06	2.344899e-07	2.344899e-07
1.507964e+00	1.570796e+00	3.080306e-06	2.744155e-07	2.744155e-07
1.570796e+00	1.633628e+00	2.786945e-06	2.610213e-07	2.610213e-07
1.633628e+00	1.696460e+00	2.933626e-06	2.678021e-07	2.678021e-07
1.696460e+00	1.759292e+00	2.958072e-06	2.689157e-07	2.689157e-07
1.759292e+00	1.822124e+00	3.226988e-06	2.808733e-07	2.808733e-07
1.822124e+00	1.884956e+00	2.860285e-06	2.644334e-07	2.644334e-07
1.884956e+00	1.947787e+00	2.518069e-06	2.481127e-07	2.481127e-07
1.947787e+00	2.010619e+00	2.884732e-06	2.655611e-07	2.655611e-07
2.010619e+00	2.073451e+00	3.398116e-06	2.882244e-07	2.882244e-07
2.073451e+00	2.136283e+00	3.031412e-06	2.722290e-07	2.722290e-07
2.136283e+00	2.199115e+00	3.055860e-06	2.733244e-07	2.733244e-07
2.199115e+00	2.261947e+00	3.862607e-06	3.072925e-07	3.072925e-07
2.261947e+00	2.324779e+00	3.862607e-06	3.072925e-07	3.072925e-07
2.324779e+00	2.387610e+00	4.278272e-06	3.234070e-07	3.234070e-07
2.387610e+00	2.450442e+00	4.791589e-06	3.422563e-07	3.422563e-07
2.450442e+00	2.513274e+00	4.889376e-06	3.457311e-07	3.457311e-07
2.513274e+00	2.576106e+00	5.500547e-06	3.667032e-07	3.667032e-07
2.576106e+00	2.638938e+00	5.769463e-06	3.755601e-07	3.755601e-07
2.638938e+00	2.701770e+00	7.260724e-06	4.213099e-07	4.213099e-07
2.701770e+00	2.764602e+00	7.114042e-06	4.170325e-07	4.170325e-07
2.764602e+00	2.827433e+00	8.214283e-06	4.481258e-07	4.481258e-07
2.827433e+00	2.890265e+00	9.729857e-06	4.877137e-07	4.877137e-07
2.890265e+00	2.953097e+00	9.778751e-06	4.889376e-07	4.889376e-07
2.953097e+00	3.015929e+00	1.119667e-05	5.231861e-07	5.231861e-07
3.015929e+00	3.078761e+00	1.241901e-05	5.510048e-07	5.510048e-07
3.078761e+00	3.141593e+00	1.432587e-05	5.917963e-07	5.917963e-07
# END HISTO1D


# BEGIN HISTO1D //eos/home-y/yiyu/monobc/Rivet_New/X600_pi20_L40.yoda.gz/JetMETAnalysis/bb_dphi
ErrorBars=1
LineColor=orange
LineStyle=solid
Path=//eos/home-y/yiyu/monobc/Rivet_New/X600_pi20_L40.yoda.gz/JetMETAnalysis/bb_dphi
ScaledBy=1.07186602773497680e-05
Title=X600_pi20_L40
# xlow	 xhigh	 val	 errminus	 errplus
0.000000e+00	6.283185e-02	2.268884e-02	1.967372e-03	1.967372e-03
6.283185e-02	1.256637e-01	2.763603e-02	2.171292e-03	2.171292e-03
1.256637e-01	1.884956e-01	2.132409e-02	1.907284e-03	1.907284e-03
1.884956e-01	2.513274e-01	2.883021e-02	2.217708e-03	2.217708e-03
2.513274e-01	3.141593e-01	2.917134e-02	2.230788e-03	2.230788e-03
3.141593e-01	3.769911e-01	3.019495e-02	2.269591e-03	2.269591e-03
3.769911e-01	4.398230e-01	3.241260e-02	2.351457e-03	2.351457e-03
4.398230e-01	5.026548e-01	3.326562e-02	2.382201e-03	2.382201e-03
5.026548e-01	5.654867e-01	4.145401e-02	2.659276e-03	2.659276e-03
5.654867e-01	6.283185e-01	4.606008e-02	2.803128e-03	2.803128e-03
6.283185e-01	6.911504e-01	4.793654e-02	2.859654e-03	2.859654e-03
6.911504e-01	7.539822e-01	4.520712e-02	2.777051e-03	2.777051e-03
7.539822e-01	8.168141e-01	4.418350e-02	2.745429e-03	2.745429e-03
8.168141e-01	8.796459e-01	3.667748e-02	2.501383e-03	2.501383e-03
8.796459e-01	9.424778e-01	3.957749e-02	2.598390e-03	2.598390e-03
9.424778e-01	1.005310e+00	3.923612e-02	2.587153e-03	2.587153e-03
1.005310e+00	1.068142e+00	3.565381e-02	2.466225e-03	2.466225e-03
1.068142e+00	1.130973e+00	3.275426e-02	2.363835e-03	2.363835e-03
1.130973e+00	1.193805e+00	2.644181e-02	2.123858e-03	2.123858e-03
1.193805e+00	1.256637e+00	2.712419e-02	2.151088e-03	2.151088e-03
1.256637e+00	1.319469e+00	2.320057e-02	1.989432e-03	1.989432e-03
1.319469e+00	1.382301e+00	2.661241e-02	2.130698e-03	2.130698e-03
1.382301e+00	1.445133e+00	2.200641e-02	1.937557e-03	1.937557e-03
1.445133e+00	1.507964e+00	1.808308e-02	1.756384e-03	1.756384e-03
1.507964e+00	1.570796e+00	1.876517e-02	1.789188e-03	1.789188e-03
1.570796e+00	1.633628e+00	2.012990e-02	1.853107e-03	1.853107e-03
1.633628e+00	1.696460e+00	2.166523e-02	1.922479e-03	1.922479e-03
1.696460e+00	1.759292e+00	1.944753e-02	1.821428e-03	1.821428e-03
1.759292e+00	1.822124e+00	1.671806e-02	1.688778e-03	1.688778e-03
1.822124e+00	1.884956e+00	1.757101e-02	1.731324e-03	1.731324e-03
1.884956e+00	1.947787e+00	1.740069e-02	1.722926e-03	1.722926e-03
1.947787e+00	2.010619e+00	1.535331e-02	1.618381e-03	1.618381e-03
2.010619e+00	2.073451e+00	1.944753e-02	1.821428e-03	1.821428e-03
2.073451e+00	2.136283e+00	1.415917e-02	1.554171e-03	1.554171e-03
2.136283e+00	2.199115e+00	1.381798e-02	1.535331e-03	1.535331e-03
2.199115e+00	2.261947e+00	1.518272e-02	1.609365e-03	1.609365e-03
2.261947e+00	2.324779e+00	1.944753e-02	1.821428e-03	1.821428e-03
2.324779e+00	2.387610e+00	1.995962e-02	1.845268e-03	1.845268e-03
2.387610e+00	2.450442e+00	1.859457e-02	1.781036e-03	1.781036e-03
2.450442e+00	2.513274e+00	2.030050e-02	1.860943e-03	1.860943e-03
2.513274e+00	2.576106e+00	2.285937e-02	1.974750e-03	1.974750e-03
2.576106e+00	2.638938e+00	2.115346e-02	1.899636e-03	1.899636e-03
2.638938e+00	2.701770e+00	2.132405e-02	1.907281e-03	1.907281e-03
2.701770e+00	2.764602e+00	2.575945e-02	2.096274e-03	2.096274e-03
2.764602e+00	2.827433e+00	2.507748e-02	2.068355e-03	2.068355e-03
2.827433e+00	2.890265e+00	2.951248e-02	2.243792e-03	2.243792e-03
2.890265e+00	2.953097e+00	2.558886e-02	2.089321e-03	2.089321e-03
2.953097e+00	3.015929e+00	2.558886e-02	2.089321e-03	2.089321e-03
3.015929e+00	3.078761e+00	3.173019e-02	2.326570e-03	2.326570e-03
3.078761e+00	3.141593e+00	3.428907e-02	2.418565e-03	2.418565e-03
# END HISTO1D


# BEGIN HISTO1D //eos/home-y/yiyu/monobc/Rivet_New/X800_pi20_L40.yoda.gz/JetMETAnalysis/bb_dphi
ErrorBars=1
LineColor=lilac
LineStyle=solid
Path=//eos/home-y/yiyu/monobc/Rivet_New/X800_pi20_L40.yoda.gz/JetMETAnalysis/bb_dphi
ScaledBy=2.67745470492880614e-06
Title=X800_pi20_L40
# xlow	 xhigh	 val	 errminus	 errplus
0.000000e+00	6.283185e-02	7.712956e-03	5.732995e-04	5.732995e-04
6.283185e-02	1.256637e-01	8.778282e-03	6.116118e-04	6.116118e-04
1.256637e-01	1.884956e-01	7.926015e-03	5.811636e-04	5.811636e-04
1.884956e-01	2.513274e-01	8.693063e-03	6.086362e-04	6.086362e-04
2.513274e-01	3.141593e-01	9.204404e-03	6.262804e-04	6.262804e-04
3.141593e-01	3.769911e-01	9.843614e-03	6.476622e-04	6.476622e-04
3.769911e-01	4.398230e-01	1.205947e-02	7.168613e-04	7.168613e-04
4.398230e-01	5.026548e-01	1.495718e-02	7.983552e-04	7.983552e-04
5.026548e-01	5.654867e-01	1.525545e-02	8.062754e-04	8.062754e-04
5.654867e-01	6.283185e-01	1.683216e-02	8.469177e-04	8.469177e-04
6.283185e-01	6.911504e-01	1.457364e-02	7.880522e-04	7.880522e-04
6.911504e-01	7.539822e-01	1.269869e-02	7.356154e-04	7.356154e-04
7.539822e-01	8.168141e-01	1.205947e-02	7.168613e-04	7.168613e-04
8.168141e-01	8.796459e-01	1.035497e-02	6.642718e-04	6.642718e-04
8.796459e-01	9.424778e-01	1.031234e-02	6.629025e-04	6.629025e-04
9.424778e-01	1.005310e+00	9.076523e-03	6.219131e-04	6.219131e-04
1.005310e+00	1.068142e+00	8.437357e-03	5.996168e-04	5.996168e-04
1.068142e+00	1.130973e+00	7.755675e-03	5.748888e-04	5.748888e-04
1.130973e+00	1.193805e+00	7.329421e-03	5.588631e-04	5.588631e-04
1.193805e+00	1.256637e+00	7.073744e-03	5.490291e-04	5.490291e-04
1.256637e+00	1.319469e+00	6.690228e-03	5.339383e-04	5.339383e-04
1.319469e+00	1.382301e+00	5.369227e-03	4.783288e-04	4.783288e-04
1.382301e+00	1.445133e+00	5.795356e-03	4.969477e-04	4.969477e-04
1.445133e+00	1.507964e+00	5.454540e-03	4.821178e-04	4.821178e-04
1.507964e+00	1.570796e+00	5.411840e-03	4.802232e-04	4.802232e-04
1.570796e+00	1.633628e+00	5.113550e-03	4.668011e-04	4.668011e-04
1.633628e+00	1.696460e+00	4.644808e-03	4.448919e-04	4.448919e-04
1.696460e+00	1.759292e+00	4.857872e-03	4.549814e-04	4.549814e-04
1.759292e+00	1.822124e+00	4.559583e-03	4.407914e-04	4.407914e-04
1.822124e+00	1.884956e+00	4.985711e-03	4.609292e-04	4.609292e-04
1.884956e+00	1.947787e+00	3.749996e-03	3.997509e-04	3.997509e-04
1.947787e+00	2.010619e+00	4.772646e-03	4.509727e-04	4.509727e-04
2.010619e+00	2.073451e+00	4.516969e-03	4.387268e-04	4.387268e-04
2.073451e+00	2.136283e+00	4.559583e-03	4.407914e-04	4.407914e-04
2.136283e+00	2.199115e+00	4.431743e-03	4.345682e-04	4.345682e-04
2.199115e+00	2.261947e+00	3.792550e-03	4.020095e-04	4.020095e-04
2.261947e+00	2.324779e+00	4.389130e-03	4.324739e-04	4.324739e-04
2.324779e+00	2.387610e+00	4.772722e-03	4.509799e-04	4.509799e-04
2.387610e+00	2.450442e+00	5.156162e-03	4.687421e-04	4.687421e-04
2.450442e+00	2.513274e+00	5.241388e-03	4.726001e-04	4.726001e-04
2.513274e+00	2.576106e+00	5.539679e-03	4.858620e-04	4.858620e-04
2.576106e+00	2.638938e+00	6.008421e-03	5.060004e-04	5.060004e-04
2.638938e+00	2.701770e+00	6.605002e-03	5.305264e-04	5.305264e-04
2.701770e+00	2.764602e+00	7.755551e-03	5.748797e-04	5.748797e-04
2.764602e+00	2.827433e+00	7.457379e-03	5.637249e-04	5.637249e-04
2.827433e+00	2.890265e+00	8.693035e-03	6.086342e-04	6.086342e-04
2.890265e+00	2.953097e+00	8.011228e-03	5.842790e-04	5.842790e-04
2.953097e+00	3.015929e+00	1.065323e-02	6.737694e-04	6.737694e-04
3.015929e+00	3.078761e+00	9.800971e-03	6.462569e-04	6.462569e-04
3.078761e+00	3.141593e+00	9.332229e-03	6.306135e-04	6.306135e-04
# END HISTO1D

