# BEGIN PLOT
Legend=1
LogY=1
LegendPlacement=manual
LegendAlign=r
LegendXPos=1.36
RightMargin=3.7
Title=$b$-jet $p_\mathrm{T}$ spectrum
XLabel=$p_\mathrm{T}^{bb}$ [GeV]
YLabel=$\mathrm{d}\sigma/\mathrm{d}p_\mathrm{T}^{bb}$ [pb/GeV]
LogX=1
DrawOnly=//eos/home-y/yiyu/monobc/Rivet_New/X1500_pi20_L40.yoda.gz/JetMETAnalysis/bb_pt //eos/home-y/yiyu/monobc/Rivet_New/X2000_pi20_L40.yoda.gz/JetMETAnalysis/bb_pt //eos/home-y/yiyu/monobc/Rivet_New/X3000_pi20_L40.yoda.gz/JetMETAnalysis/bb_pt //eos/home-y/yiyu/monobc/Rivet_New/X600_pi20_L40.yoda.gz/JetMETAnalysis/bb_pt //eos/home-y/yiyu/monobc/Rivet_New/X800_pi20_L40.yoda.gz/JetMETAnalysis/bb_pt
LegendOnly=//eos/home-y/yiyu/monobc/Rivet_New/X1500_pi20_L40.yoda.gz/JetMETAnalysis/bb_pt //eos/home-y/yiyu/monobc/Rivet_New/X2000_pi20_L40.yoda.gz/JetMETAnalysis/bb_pt //eos/home-y/yiyu/monobc/Rivet_New/X3000_pi20_L40.yoda.gz/JetMETAnalysis/bb_pt //eos/home-y/yiyu/monobc/Rivet_New/X600_pi20_L40.yoda.gz/JetMETAnalysis/bb_pt //eos/home-y/yiyu/monobc/Rivet_New/X800_pi20_L40.yoda.gz/JetMETAnalysis/bb_pt
RatioPlot=1
RatioPlotReference=//eos/home-y/yiyu/monobc/Rivet_New/X1500_pi20_L40.yoda.gz/JetMETAnalysis/bb_pt
RatioPlotYLabel=Ratio
# END PLOT

# BEGIN HISTO1D //eos/home-y/yiyu/monobc/Rivet_New/X1500_pi20_L40.yoda.gz/JetMETAnalysis/bb_pt
ErrorBars=1
LineColor=red
LineStyle=solid
Path=//eos/home-y/yiyu/monobc/Rivet_New/X1500_pi20_L40.yoda.gz/JetMETAnalysis/bb_pt
ScaledBy=1.03949231414651749e-07
Title=X1500_pi20_L40
# xlow	 xhigh	 val	 errminus	 errplus
2.000000e+01	2.162765e+01	3.448689e-06	4.693071e-07	4.693071e-07
2.162765e+01	2.338777e+01	3.130076e-06	4.299490e-07	4.299490e-07
2.338777e+01	2.529113e+01	3.549880e-06	4.403085e-07	4.403085e-07
2.529113e+01	2.734939e+01	3.787759e-06	4.373727e-07	4.373727e-07
2.734939e+01	2.957515e+01	3.736224e-06	4.177226e-07	4.177226e-07
2.957515e+01	3.198206e+01	3.930093e-06	4.119857e-07	4.119857e-07
3.198206e+01	3.458484e+01	3.834026e-06	3.913087e-07	3.913087e-07
3.458484e+01	3.739945e+01	3.914795e-06	3.802384e-07	3.802384e-07
3.739945e+01	4.044311e+01	4.713072e-06	4.012035e-07	4.012035e-07
4.044311e+01	4.373448e+01	4.737353e-06	3.868033e-07	3.868033e-07
4.373448e+01	4.729371e+01	4.760502e-06	3.728713e-07	3.728713e-07
4.729371e+01	5.114260e+01	4.240191e-06	3.384041e-07	3.384041e-07
5.114260e+01	5.530472e+01	5.644366e-06	3.754576e-07	3.754576e-07
5.530472e+01	5.980556e+01	5.381255e-06	3.525378e-07	3.525378e-07
5.980556e+01	6.467270e+01	5.552912e-06	3.443770e-07	3.443770e-07
6.467270e+01	6.993594e+01	5.095512e-06	3.172327e-07	3.172327e-07
6.993594e+01	7.562751e+01	5.387796e-06	3.136897e-07	3.136897e-07
7.562751e+01	8.178228e+01	5.184988e-06	2.959230e-07	2.959230e-07
8.178228e+01	8.843794e+01	5.653777e-06	2.971559e-07	2.971559e-07
8.843794e+01	9.563525e+01	4.881663e-06	2.655275e-07	2.655275e-07
9.563525e+01	1.034183e+02	4.834817e-06	2.541123e-07	2.541123e-07
1.034183e+02	1.118348e+02	5.014363e-06	2.488587e-07	2.488587e-07
1.118348e+02	1.209362e+02	4.694127e-06	2.315442e-07	2.315442e-07
1.209362e+02	1.307783e+02	4.192991e-06	2.104402e-07	2.104402e-07
1.307783e+02	1.414214e+02	4.219266e-06	2.029995e-07	2.029995e-07
1.414214e+02	1.529306e+02	4.046264e-06	1.911680e-07	1.911680e-07
1.529306e+02	1.653765e+02	3.716679e-06	1.761875e-07	1.761875e-07
1.653765e+02	1.788353e+02	3.413793e-06	1.623776e-07	1.623776e-07
1.788353e+02	1.933894e+02	3.142596e-06	1.498174e-07	1.498174e-07
1.933894e+02	2.091279e+02	2.740981e-06	1.345495e-07	1.345495e-07
2.091279e+02	2.261473e+02	2.589661e-06	1.257651e-07	1.257651e-07
2.261473e+02	2.445518e+02	2.326990e-06	1.146426e-07	1.146426e-07
2.445518e+02	2.644540e+02	1.948180e-06	1.008729e-07	1.008729e-07
2.644540e+02	2.859760e+02	1.772576e-06	9.252768e-08	9.252768e-08
2.859760e+02	3.092495e+02	1.536449e-06	8.283975e-08	8.283975e-08
3.092495e+02	3.344170e+02	1.007792e-06	6.451729e-08	6.451729e-08
3.344170e+02	3.616328e+02	8.593751e-07	5.729167e-08	5.729167e-08
3.616328e+02	3.910634e+02	5.121418e-07	4.253105e-08	4.253105e-08
3.910634e+02	4.228892e+02	4.703319e-07	3.919433e-08	3.919433e-08
4.228892e+02	4.573051e+02	3.352625e-07	3.182172e-08	3.182172e-08
4.573051e+02	4.945218e+02	2.262395e-07	2.513772e-08	2.513772e-08
4.945218e+02	5.347672e+02	1.498073e-07	1.967066e-08	1.967066e-08
5.347672e+02	5.782880e+02	8.598583e-08	1.433097e-08	1.433097e-08
5.782880e+02	6.253506e+02	3.533991e-08	8.834976e-09	8.834976e-09
6.253506e+02	6.762433e+02	8.170070e-09	4.085035e-09	4.085035e-09
6.762433e+02	7.312778e+02	7.555204e-09	3.777602e-09	3.777602e-09
7.312778e+02	7.907911e+02	1.746655e-09	1.746655e-09	1.746655e-09
7.907911e+02	8.551478e+02	1.615204e-09	1.615204e-09	1.615204e-09
8.551478e+02	9.247420e+02	4.480944e-09	2.587074e-09	2.587074e-09
9.247420e+02	1.000000e+03	0.000000e+00	0.000000e+00	0.000000e+00
# END HISTO1D


# BEGIN HISTO1D //eos/home-y/yiyu/monobc/Rivet_New/X2000_pi20_L40.yoda.gz/JetMETAnalysis/bb_pt
ErrorBars=1
LineColor=blue
LineStyle=solid
Path=//eos/home-y/yiyu/monobc/Rivet_New/X2000_pi20_L40.yoda.gz/JetMETAnalysis/bb_pt
ScaledBy=1.96730639154521465e-08
Title=X2000_pi20_L40
# xlow	 xhigh	 val	 errminus	 errplus
2.000000e+01	2.162765e+01	7.131208e-07	9.284040e-08	9.284040e-08
2.162765e+01	2.338777e+01	5.476786e-07	7.823980e-08	7.823980e-08
2.338777e+01	2.529113e+01	5.581419e-07	7.595353e-08	7.595353e-08
2.529113e+01	2.734939e+01	7.455321e-07	8.441490e-08	8.441490e-08
2.734939e+01	2.957515e+01	7.336209e-07	8.052536e-08	8.052536e-08
2.957515e+01	3.198206e+01	7.111014e-07	7.623805e-08	7.623805e-08
3.198206e+01	3.458484e+01	8.087576e-07	7.818554e-08	7.818554e-08
3.458484e+01	3.739945e+01	7.758482e-07	7.364025e-08	7.364025e-08
3.739945e+01	4.044311e+01	8.273434e-07	7.312752e-08	7.312752e-08
4.044311e+01	4.373448e+01	8.248489e-07	7.021580e-08	7.021580e-08
4.373448e+01	4.729371e+01	7.793545e-07	6.563349e-08	6.563349e-08
4.729371e+01	5.114260e+01	8.944880e-07	6.761694e-08	6.761694e-08
5.114260e+01	5.530472e+01	9.642454e-07	6.751068e-08	6.751068e-08
5.530472e+01	5.980556e+01	1.053405e-06	6.785580e-08	6.785580e-08
5.980556e+01	6.467270e+01	8.488235e-07	5.857439e-08	5.857439e-08
6.467270e+01	6.993594e+01	8.634374e-07	5.681000e-08	5.681000e-08
6.993594e+01	7.562751e+01	8.883273e-07	5.541234e-08	5.541234e-08
7.562751e+01	8.178228e+01	9.269541e-07	5.443260e-08	5.443260e-08
8.178228e+01	8.843794e+01	8.158118e-07	4.910609e-08	4.910609e-08
8.843794e+01	9.563525e+01	8.801520e-07	4.904896e-08	4.904896e-08
9.563525e+01	1.034183e+02	8.619391e-07	4.667661e-08	4.667661e-08
1.034183e+02	1.118348e+02	8.110917e-07	4.354168e-08	4.354168e-08
1.118348e+02	1.209362e+02	8.970402e-07	4.403397e-08	4.403397e-08
1.209362e+02	1.307783e+02	8.834999e-07	4.202380e-08	4.202380e-08
1.307783e+02	1.414214e+02	7.597062e-07	3.747354e-08	3.747354e-08
1.414214e+02	1.529306e+02	7.589441e-07	3.601790e-08	3.601790e-08
1.529306e+02	1.653765e+02	7.128895e-07	3.356866e-08	3.356866e-08
1.653765e+02	1.788353e+02	6.270800e-07	3.027571e-08	3.027571e-08
1.788353e+02	1.933894e+02	5.379844e-07	2.696672e-08	2.696672e-08
1.933894e+02	2.091279e+02	5.649983e-07	2.657528e-08	2.657528e-08
2.091279e+02	2.261473e+02	4.762390e-07	2.346261e-08	2.346261e-08
2.261473e+02	2.445518e+02	4.981199e-07	2.307496e-08	2.307496e-08
2.445518e+02	2.644540e+02	4.042911e-07	1.999091e-08	1.999091e-08
2.644540e+02	2.859760e+02	3.811759e-07	1.866627e-08	1.866627e-08
2.859760e+02	3.092495e+02	3.144512e-07	1.630354e-08	1.630354e-08
3.092495e+02	3.344170e+02	2.618645e-07	1.430719e-08	1.430719e-08
3.344170e+02	3.616328e+02	1.864964e-07	1.161076e-08	1.161076e-08
3.616328e+02	3.910634e+02	1.504026e-07	1.002684e-08	1.002684e-08
3.910634e+02	4.228892e+02	1.316656e-07	9.021577e-09	9.021577e-09
4.228892e+02	4.573051e+02	1.120389e-07	8.002780e-09	8.002780e-09
4.573051e+02	4.945218e+02	9.250648e-08	6.992833e-09	6.992833e-09
4.945218e+02	5.347672e+02	6.599174e-08	5.679664e-09	5.679664e-09
5.347672e+02	5.782880e+02	6.192924e-08	5.290971e-09	5.290971e-09
5.782880e+02	6.253506e+02	3.302350e-08	3.715435e-09	3.715435e-09
6.253506e+02	6.762433e+02	2.280702e-08	2.969221e-09	2.969221e-09
6.762433e+02	7.312778e+02	1.751592e-08	2.502275e-09	2.502275e-09
7.312778e+02	7.907911e+02	9.916975e-09	1.810583e-09	1.810583e-09
7.907911e+02	8.551478e+02	3.668255e-09	1.058934e-09	1.058934e-09
8.551478e+02	9.247420e+02	2.826825e-09	8.939206e-10	8.939206e-10
9.247420e+02	1.000000e+03	2.614082e-10	2.614083e-10	2.614083e-10
# END HISTO1D


# BEGIN HISTO1D //eos/home-y/yiyu/monobc/Rivet_New/X3000_pi20_L40.yoda.gz/JetMETAnalysis/bb_pt
ErrorBars=1
LineColor=green
LineStyle=solid
Path=//eos/home-y/yiyu/monobc/Rivet_New/X3000_pi20_L40.yoda.gz/JetMETAnalysis/bb_pt
ScaledBy=1.53604633671142634e-09
Title=X3000_pi20_L40
# xlow	 xhigh	 val	 errminus	 errplus
2.000000e+01	2.162765e+01	5.473578e-08	7.187159e-09	7.187159e-09
2.162765e+01	2.338777e+01	6.807013e-08	7.707426e-09	7.707426e-09
2.338777e+01	2.529113e+01	6.052638e-08	6.988984e-09	6.988984e-09
2.529113e+01	2.734939e+01	7.089697e-08	7.273875e-09	7.273875e-09
2.734939e+01	2.957515e+01	5.313942e-08	6.055798e-09	6.055798e-09
2.957515e+01	3.198206e+01	5.679818e-08	6.020596e-09	6.020596e-09
3.198206e+01	3.458484e+01	5.783528e-08	5.842247e-09	5.842247e-09
3.458484e+01	3.739945e+01	6.003144e-08	5.723773e-09	5.723773e-09
3.739945e+01	4.044311e+01	5.854182e-08	5.435470e-09	5.435470e-09
4.044311e+01	4.373448e+01	5.740275e-08	5.175832e-09	5.175832e-09
4.373448e+01	4.729371e+01	6.689290e-08	5.372966e-09	5.372966e-09
4.729371e+01	5.114260e+01	7.542767e-08	5.486554e-09	5.486554e-09
5.114260e+01	5.530472e+01	6.679875e-08	4.965111e-09	4.965111e-09
5.530472e+01	5.980556e+01	6.689087e-08	4.777919e-09	4.777919e-09
5.980556e+01	6.467270e+01	5.996310e-08	4.350181e-09	4.350181e-09
6.467270e+01	6.993594e+01	6.333021e-08	4.299134e-09	4.299134e-09
6.993594e+01	7.562751e+01	5.721476e-08	3.929526e-09	3.929526e-09
7.562751e+01	8.178228e+01	6.189338e-08	3.930233e-09	3.930233e-09
8.178228e+01	8.843794e+01	6.254355e-08	3.799250e-09	3.799250e-09
8.843794e+01	9.563525e+01	5.805010e-08	3.519805e-09	3.519805e-09
9.563525e+01	1.034183e+02	6.137830e-08	3.480444e-09	3.480444e-09
1.034183e+02	1.118348e+02	6.205142e-08	3.365211e-09	3.365211e-09
1.118348e+02	1.209362e+02	5.552544e-08	3.061217e-09	3.061217e-09
1.209362e+02	1.307783e+02	5.072242e-08	2.813573e-09	2.813573e-09
1.307783e+02	1.414214e+02	4.906990e-08	2.661188e-09	2.661188e-09
1.414214e+02	1.529306e+02	4.764610e-08	2.521699e-09	2.521699e-09
1.529306e+02	1.653765e+02	4.702221e-08	2.409020e-09	2.409020e-09
1.653765e+02	1.788353e+02	4.234205e-08	2.198290e-09	2.198290e-09
1.788353e+02	1.933894e+02	4.158294e-08	2.094918e-09	2.094918e-09
1.933894e+02	2.091279e+02	3.796563e-08	1.924934e-09	1.924934e-09
2.091279e+02	2.261473e+02	4.016244e-08	1.903882e-09	1.903882e-09
2.261473e+02	2.445518e+02	3.171494e-08	1.626942e-09	1.626942e-09
2.445518e+02	2.644540e+02	3.118061e-08	1.551293e-09	1.551293e-09
2.644540e+02	2.859760e+02	2.840565e-08	1.423847e-09	1.423847e-09
2.859760e+02	3.092495e+02	2.197793e-08	1.204383e-09	1.204383e-09
3.092495e+02	3.344170e+02	1.995777e-08	1.103667e-09	1.103667e-09
3.344170e+02	3.616328e+02	1.664966e-08	9.693804e-10	9.693804e-10
3.616328e+02	3.910634e+02	1.325681e-08	8.318060e-10	8.318060e-10
3.910634e+02	4.228892e+02	1.153514e-08	7.461462e-10	7.461462e-10
4.228892e+02	4.573051e+02	9.461958e-09	6.498500e-10	6.498500e-10
4.573051e+02	4.945218e+02	1.060717e-08	6.616572e-10	6.616572e-10
4.945218e+02	5.347672e+02	7.289899e-09	5.274785e-10	5.274785e-10
5.347672e+02	5.782880e+02	6.564783e-09	4.813532e-10	4.813532e-10
5.782880e+02	6.253506e+02	4.732563e-09	3.930180e-10	3.930180e-10
6.253506e+02	6.762433e+02	4.738583e-09	3.781801e-10	3.781801e-10
6.762433e+02	7.312778e+02	3.740021e-09	3.230886e-10	3.230886e-10
7.312778e+02	7.907911e+02	2.529393e-09	2.555073e-10	2.555073e-10
7.907911e+02	8.551478e+02	1.933284e-09	2.148093e-10	2.148093e-10
8.551478e+02	9.247420e+02	1.765718e-09	1.974133e-10	1.974133e-10
9.247420e+02	1.000000e+03	1.020520e-09	1.443234e-10	1.443234e-10
# END HISTO1D


# BEGIN HISTO1D //eos/home-y/yiyu/monobc/Rivet_New/X600_pi20_L40.yoda.gz/JetMETAnalysis/bb_pt
ErrorBars=1
LineColor=orange
LineStyle=solid
Path=//eos/home-y/yiyu/monobc/Rivet_New/X600_pi20_L40.yoda.gz/JetMETAnalysis/bb_pt
ScaledBy=1.07186602773497680e-05
Title=X600_pi20_L40
# xlow	 xhigh	 val	 errminus	 errplus
2.000000e+01	2.162765e+01	4.412191e-04	5.390349e-05	5.390349e-05
2.162765e+01	2.338777e+01	4.141018e-04	5.021722e-05	5.021722e-05
2.338777e+01	2.529113e+01	4.223581e-04	4.876971e-05	4.876971e-05
2.529113e+01	2.734939e+01	4.009876e-04	4.569678e-05	4.569678e-05
2.734939e+01	2.957515e+01	4.719417e-04	4.767330e-05	4.767330e-05
2.957515e+01	3.198206e+01	4.987681e-04	4.712915e-05	4.712915e-05
3.198206e+01	3.458484e+01	5.971331e-04	4.958919e-05	4.958919e-05
3.458484e+01	3.739945e+01	5.293430e-04	4.489828e-05	4.489828e-05
3.739945e+01	4.044311e+01	4.859856e-04	4.136985e-05	4.136985e-05
4.044311e+01	4.373448e+01	6.708586e-04	4.674093e-05	4.674093e-05
4.373448e+01	4.729371e+01	6.384403e-04	4.384826e-05	4.384826e-05
4.729371e+01	5.114260e+01	5.820379e-04	4.026040e-05	4.026040e-05
5.114260e+01	5.530472e+01	5.356600e-04	3.714134e-05	3.714134e-05
5.530472e+01	5.980556e+01	7.025366e-04	4.090326e-05	4.090326e-05
5.980556e+01	6.467270e+01	6.276413e-04	3.717826e-05	3.717826e-05
6.467270e+01	6.993594e+01	6.374288e-04	3.602961e-05	3.602961e-05
6.993594e+01	7.562751e+01	6.177067e-04	3.410714e-05	3.410714e-05
7.562751e+01	8.178228e+01	5.607698e-04	3.125048e-05	3.125048e-05
8.178228e+01	8.843794e+01	5.201779e-04	2.894347e-05	2.894347e-05
8.843794e+01	9.563525e+01	4.854985e-04	2.688928e-05	2.688928e-05
9.563525e+01	1.034183e+02	4.888988e-04	2.594806e-05	2.594806e-05
1.034183e+02	1.118348e+02	4.100765e-04	2.285267e-05	2.285267e-05
1.118348e+02	1.209362e+02	4.216143e-04	2.228301e-05	2.228301e-05
1.209362e+02	1.307783e+02	3.877062e-04	2.054839e-05	2.054839e-05
1.307783e+02	1.414214e+02	3.484564e-04	1.873313e-05	1.873313e-05
1.414214e+02	1.529306e+02	3.129210e-04	1.707124e-05	1.707124e-05
1.529306e+02	1.653765e+02	2.618110e-04	1.501589e-05	1.501589e-05
1.653765e+02	1.788353e+02	2.158259e-04	1.311049e-05	1.311049e-05
1.788353e+02	1.933894e+02	1.914823e-04	1.187523e-05	1.187523e-05
1.933894e+02	2.091279e+02	1.253126e-04	9.238173e-06	9.238173e-06
2.091279e+02	2.261473e+02	8.502174e-05	7.317508e-06	7.317508e-06
2.261473e+02	2.445518e+02	5.416259e-05	5.616399e-06	5.616399e-06
2.445518e+02	2.644540e+02	2.423550e-05	3.612815e-06	3.612815e-06
2.644540e+02	2.859760e+02	1.643508e-05	2.860980e-06	2.860980e-06
2.859760e+02	3.092495e+02	5.526625e-06	1.595399e-06	1.595399e-06
3.092495e+02	3.344170e+02	1.277679e-06	7.376682e-07	7.376682e-07
3.344170e+02	3.616328e+02	2.756877e-06	1.042002e-06	1.042002e-06
3.616328e+02	3.910634e+02	3.642012e-07	3.642012e-07	3.642012e-07
3.910634e+02	4.228892e+02	3.367915e-07	3.367916e-07	3.367916e-07
4.228892e+02	4.573051e+02	0.000000e+00	0.000000e+00	0.000000e+00
4.573051e+02	4.945218e+02	2.880067e-07	2.880068e-07	2.880068e-07
4.945218e+02	5.347672e+02	2.663325e-07	2.663326e-07	2.663326e-07
5.347672e+02	5.782880e+02	0.000000e+00	0.000000e+00	0.000000e+00
5.782880e+02	6.253506e+02	0.000000e+00	0.000000e+00	0.000000e+00
6.253506e+02	6.762433e+02	0.000000e+00	0.000000e+00	0.000000e+00
6.762433e+02	7.312778e+02	0.000000e+00	0.000000e+00	0.000000e+00
7.312778e+02	7.907911e+02	0.000000e+00	0.000000e+00	0.000000e+00
7.907911e+02	8.551478e+02	0.000000e+00	0.000000e+00	0.000000e+00
8.551478e+02	9.247420e+02	0.000000e+00	0.000000e+00	0.000000e+00
9.247420e+02	1.000000e+03	0.000000e+00	0.000000e+00	0.000000e+00
# END HISTO1D


# BEGIN HISTO1D //eos/home-y/yiyu/monobc/Rivet_New/X800_pi20_L40.yoda.gz/JetMETAnalysis/bb_pt
ErrorBars=1
LineColor=lilac
LineStyle=solid
Path=//eos/home-y/yiyu/monobc/Rivet_New/X800_pi20_L40.yoda.gz/JetMETAnalysis/bb_pt
ScaledBy=2.67745470492880614e-06
Title=X800_pi20_L40
# xlow	 xhigh	 val	 errminus	 errplus
2.000000e+01	2.162765e+01	1.200837e-04	1.405473e-05	1.405473e-05
2.162765e+01	2.338777e+01	8.822830e-05	1.158494e-05	1.158494e-05
2.338777e+01	2.529113e+01	1.125359e-04	1.258190e-05	1.258190e-05
2.529113e+01	2.734939e+01	1.183759e-04	1.240917e-05	1.240917e-05
2.734939e+01	2.957515e+01	1.142793e-04	1.172480e-05	1.172480e-05
2.957515e+01	3.198206e+01	1.101279e-04	1.106827e-05	1.106827e-05
3.198206e+01	3.458484e+01	1.131559e-04	1.078900e-05	1.078900e-05
3.458484e+01	3.739945e+01	1.360316e-04	1.137554e-05	1.137554e-05
3.739945e+01	4.044311e+01	1.328321e-04	1.080972e-05	1.080972e-05
4.044311e+01	4.373448e+01	1.334103e-04	1.041759e-05	1.041759e-05
4.373448e+01	4.729371e+01	1.587262e-04	1.092716e-05	1.092716e-05
4.729371e+01	5.114260e+01	1.467807e-04	1.010480e-05	1.010480e-05
5.114260e+01	5.530472e+01	1.531033e-04	9.924212e-06	9.924212e-06
5.530472e+01	5.980556e+01	1.677558e-04	9.989714e-06	9.989714e-06
5.980556e+01	6.467270e+01	1.452286e-04	8.938205e-06	8.938205e-06
6.467270e+01	6.993594e+01	1.582083e-04	8.971172e-06	8.971172e-06
6.993594e+01	7.562751e+01	1.448908e-04	8.255918e-06	8.255918e-06
7.562751e+01	8.178228e+01	1.492122e-04	8.056703e-06	8.056703e-06
8.178228e+01	8.843794e+01	1.323509e-04	7.296741e-06	7.296741e-06
8.843794e+01	9.563525e+01	1.320627e-04	7.009162e-06	7.009162e-06
9.563525e+01	1.034183e+02	1.228119e-04	6.499897e-06	6.499897e-06
1.034183e+02	1.118348e+02	1.142050e-04	6.027508e-06	6.027508e-06
1.118348e+02	1.209362e+02	1.141420e-04	5.794684e-06	5.794684e-06
1.209362e+02	1.307783e+02	1.104487e-04	5.481474e-06	5.481474e-06
1.307783e+02	1.414214e+02	9.408612e-05	4.865078e-06	4.865078e-06
1.414214e+02	1.529306e+02	8.398161e-05	4.420085e-06	4.420085e-06
1.529306e+02	1.653765e+02	8.110301e-05	4.177020e-06	4.177020e-06
1.653765e+02	1.788353e+02	6.923011e-05	3.711124e-06	3.711124e-06
1.788353e+02	1.933894e+02	6.990697e-05	3.586151e-06	3.586151e-06
1.933894e+02	2.091279e+02	5.954247e-05	3.182679e-06	3.182679e-06
2.091279e+02	2.261473e+02	4.483558e-05	2.655830e-06	2.655830e-06
2.261473e+02	2.445518e+02	3.433287e-05	2.234879e-06	2.234879e-06
2.445518e+02	2.644540e+02	3.026938e-05	2.017959e-06	2.017959e-06
2.644540e+02	2.859760e+02	1.816320e-05	1.503197e-06	1.503197e-06
2.859760e+02	3.092495e+02	1.230961e-05	1.190015e-06	1.190015e-06
3.092495e+02	3.344170e+02	7.446977e-06	8.900842e-07	8.900842e-07
3.344170e+02	3.616328e+02	1.967574e-06	4.399629e-07	4.399629e-07
3.616328e+02	3.910634e+02	8.187767e-07	2.729256e-07	2.729256e-07
3.910634e+02	4.228892e+02	2.523853e-07	1.457147e-07	1.457147e-07
4.228892e+02	4.573051e+02	7.779704e-08	7.779703e-08	7.779703e-08
4.573051e+02	4.945218e+02	7.194230e-08	7.194229e-08	7.194229e-08
4.945218e+02	5.347672e+02	1.995846e-07	1.152302e-07	1.152302e-07
5.347672e+02	5.782880e+02	0.000000e+00	0.000000e+00	0.000000e+00
5.782880e+02	6.253506e+02	0.000000e+00	0.000000e+00	0.000000e+00
6.253506e+02	6.762433e+02	1.052196e-07	7.440150e-08	7.440150e-08
6.762433e+02	7.312778e+02	4.865048e-08	4.865048e-08	4.865048e-08
7.312778e+02	7.907911e+02	0.000000e+00	0.000000e+00	0.000000e+00
7.907911e+02	8.551478e+02	4.160336e-08	4.160336e-08	4.160336e-08
8.551478e+02	9.247420e+02	0.000000e+00	0.000000e+00	0.000000e+00
9.247420e+02	1.000000e+03	0.000000e+00	0.000000e+00	0.000000e+00
# END HISTO1D

