# BEGIN PLOT
Legend=1
LogY=1
LegendPlacement=manual
LegendAlign=r
LegendXPos=1.36
RightMargin=3.7
DrawOnly=//eos/home-y/yiyu/monobc/Rivet_New/X1500_pi20_L40.yoda.gz/JetMETAnalysis/bjet_eta //eos/home-y/yiyu/monobc/Rivet_New/X2000_pi20_L40.yoda.gz/JetMETAnalysis/bjet_eta //eos/home-y/yiyu/monobc/Rivet_New/X3000_pi20_L40.yoda.gz/JetMETAnalysis/bjet_eta //eos/home-y/yiyu/monobc/Rivet_New/X600_pi20_L40.yoda.gz/JetMETAnalysis/bjet_eta //eos/home-y/yiyu/monobc/Rivet_New/X800_pi20_L40.yoda.gz/JetMETAnalysis/bjet_eta
LegendOnly=//eos/home-y/yiyu/monobc/Rivet_New/X1500_pi20_L40.yoda.gz/JetMETAnalysis/bjet_eta //eos/home-y/yiyu/monobc/Rivet_New/X2000_pi20_L40.yoda.gz/JetMETAnalysis/bjet_eta //eos/home-y/yiyu/monobc/Rivet_New/X3000_pi20_L40.yoda.gz/JetMETAnalysis/bjet_eta //eos/home-y/yiyu/monobc/Rivet_New/X600_pi20_L40.yoda.gz/JetMETAnalysis/bjet_eta //eos/home-y/yiyu/monobc/Rivet_New/X800_pi20_L40.yoda.gz/JetMETAnalysis/bjet_eta
RatioPlot=1
RatioPlotReference=//eos/home-y/yiyu/monobc/Rivet_New/X1500_pi20_L40.yoda.gz/JetMETAnalysis/bjet_eta
RatioPlotYLabel=Ratio
# END PLOT

# BEGIN HISTO1D //eos/home-y/yiyu/monobc/Rivet_New/X1500_pi20_L40.yoda.gz/JetMETAnalysis/bjet_eta
ErrorBars=1
LineColor=red
LineStyle=solid
Path=//eos/home-y/yiyu/monobc/Rivet_New/X1500_pi20_L40.yoda.gz/JetMETAnalysis/bjet_eta
ScaledBy=3.08496648013280490e-08
Title=X1500_pi20_L40
# xlow	 xhigh	 val	 errminus	 errplus
-2.500000e+00	-2.400000e+00	3.856208e-05	3.449097e-06	3.449097e-06
-2.400000e+00	-2.300000e+00	4.380652e-05	3.676162e-06	3.676162e-06
-2.300000e+00	-2.200000e+00	5.336992e-05	4.057640e-06	4.057640e-06
-2.200000e+00	-2.100000e+00	5.830587e-05	4.241127e-06	4.241127e-06
-2.100000e+00	-2.000000e+00	8.020913e-05	4.974359e-06	4.974359e-06
-2.000000e+00	-1.900000e+00	9.439997e-05	5.396488e-06	5.396488e-06
-1.900000e+00	-1.800000e+00	9.964442e-05	5.544364e-06	5.544364e-06
-1.800000e+00	-1.700000e+00	1.190797e-04	6.060997e-06	6.060997e-06
-1.700000e+00	-1.600000e+00	1.394405e-04	6.558729e-06	6.558729e-06
-1.600000e+00	-1.500000e+00	1.554823e-04	6.925732e-06	6.925732e-06
-1.500000e+00	-1.400000e+00	1.795450e-04	7.442382e-06	7.442382e-06
-1.400000e+00	-1.300000e+00	2.088522e-04	8.026843e-06	8.026843e-06
-1.300000e+00	-1.200000e+00	2.276705e-04	8.380668e-06	8.380668e-06
-1.200000e+00	-1.100000e+00	2.680836e-04	9.094113e-06	9.094113e-06
-1.100000e+00	-1.000000e+00	2.791895e-04	9.280572e-06	9.280572e-06
-1.000000e+00	-9.000000e-01	3.017097e-04	9.647613e-06	9.647613e-06
-9.000000e-01	-8.000000e-01	3.128156e-04	9.823572e-06	9.823572e-06
-8.000000e-01	-7.000000e-01	3.276234e-04	1.005339e-05	1.005339e-05
-7.000000e-01	-6.000000e-01	3.572391e-04	1.049796e-05	1.049796e-05
-6.000000e-01	-5.000000e-01	3.825358e-04	1.086329e-05	1.086329e-05
-5.000000e-01	-4.000000e-01	3.967267e-04	1.106295e-05	1.106295e-05
-4.000000e-01	-3.000000e-01	3.942587e-04	1.102849e-05	1.102849e-05
-3.000000e-01	-2.000000e-01	4.164705e-04	1.133489e-05	1.133489e-05
-2.000000e-01	-1.000000e-01	4.056731e-04	1.118699e-05	1.118699e-05
-1.000000e-01	0.000000e+00	4.247999e-04	1.144768e-05	1.144768e-05
0.000000e+00	1.000000e-01	4.192469e-04	1.137261e-05	1.137261e-05
1.000000e-01	2.000000e-01	4.198639e-04	1.138098e-05	1.138098e-05
2.000000e-01	3.000000e-01	4.121515e-04	1.127597e-05	1.127597e-05
3.000000e-01	4.000000e-01	4.093751e-04	1.123792e-05	1.123792e-05
4.000000e-01	5.000000e-01	3.883973e-04	1.094620e-05	1.094620e-05
5.000000e-01	6.000000e-01	3.689620e-04	1.066881e-05	1.066881e-05
6.000000e-01	7.000000e-01	3.430483e-04	1.028733e-05	1.028733e-05
7.000000e-01	8.000000e-01	3.427398e-04	1.028271e-05	1.028271e-05
8.000000e-01	9.000000e-01	3.177515e-04	9.900772e-06	9.900772e-06
9.000000e-01	1.000000e+00	2.924548e-04	9.498491e-06	9.498491e-06
1.000000e+00	1.100000e+00	2.674666e-04	9.083642e-06	9.083642e-06
1.100000e+00	1.200000e+00	2.511163e-04	8.801621e-06	8.801621e-06
1.200000e+00	1.300000e+00	2.255110e-04	8.340827e-06	8.340827e-06
1.300000e+00	1.400000e+00	2.017568e-04	7.889316e-06	7.889316e-06
1.400000e+00	1.500000e+00	1.801620e-04	7.455159e-06	7.455159e-06
1.500000e+00	1.600000e+00	1.604183e-04	7.034806e-06	7.034806e-06
1.600000e+00	1.700000e+00	1.378980e-04	6.522352e-06	6.522352e-06
1.700000e+00	1.800000e+00	1.332706e-04	6.411983e-06	6.411983e-06
1.800000e+00	1.900000e+00	1.073568e-04	5.754930e-06	5.754930e-06
1.900000e+00	2.000000e+00	9.008102e-05	5.271593e-06	5.271593e-06
2.000000e+00	2.100000e+00	7.743266e-05	4.887507e-06	4.887507e-06
2.100000e+00	2.200000e+00	6.509279e-05	4.481173e-06	4.481173e-06
2.200000e+00	2.300000e+00	5.491240e-05	4.115858e-06	4.115858e-06
2.300000e+00	2.400000e+00	4.318953e-05	3.650182e-06	3.650182e-06
2.400000e+00	2.500000e+00	3.362613e-05	3.220800e-06	3.220800e-06
# END HISTO1D


# BEGIN HISTO1D //eos/home-y/yiyu/monobc/Rivet_New/X2000_pi20_L40.yoda.gz/JetMETAnalysis/bjet_eta
ErrorBars=1
LineColor=blue
LineStyle=solid
Path=//eos/home-y/yiyu/monobc/Rivet_New/X2000_pi20_L40.yoda.gz/JetMETAnalysis/bjet_eta
ScaledBy=5.79683213842638003e-09
Title=X2000_pi20_L40
# xlow	 xhigh	 val	 errminus	 errplus
-2.500000e+00	-2.400000e+00	6.318547e-06	6.052071e-07	6.052071e-07
-2.400000e+00	-2.300000e+00	8.115565e-06	6.858904e-07	6.858904e-07
-2.300000e+00	-2.200000e+00	9.332900e-06	7.355355e-07	7.355355e-07
-2.200000e+00	-2.100000e+00	1.084008e-05	7.927049e-07	7.927049e-07
-2.100000e+00	-2.000000e+00	1.211538e-05	8.380383e-07	8.380383e-07
-2.000000e+00	-1.900000e+00	1.663691e-05	9.820456e-07	9.820456e-07
-1.900000e+00	-1.800000e+00	1.704269e-05	9.939496e-07	9.939496e-07
-1.800000e+00	-1.700000e+00	2.336123e-05	1.163706e-06	1.163706e-06
-1.700000e+00	-1.600000e+00	2.736105e-05	1.259394e-06	1.259394e-06
-1.600000e+00	-1.500000e+00	3.072321e-05	1.334531e-06	1.334531e-06
-1.500000e+00	-1.400000e+00	3.524474e-05	1.429363e-06	1.429363e-06
-1.400000e+00	-1.300000e+00	4.127344e-05	1.546788e-06	1.546788e-06
-1.300000e+00	-1.200000e+00	4.272265e-05	1.573709e-06	1.573709e-06
-1.200000e+00	-1.100000e+00	4.793980e-05	1.667030e-06	1.667030e-06
-1.100000e+00	-1.000000e+00	5.327289e-05	1.757310e-06	1.757310e-06
-1.000000e+00	-9.000000e-01	6.156236e-05	1.889092e-06	1.889092e-06
-9.000000e-01	-8.000000e-01	6.799684e-05	1.985362e-06	1.985362e-06
-8.000000e-01	-7.000000e-01	7.147494e-05	2.035505e-06	2.035505e-06
-7.000000e-01	-6.000000e-01	7.373570e-05	2.067446e-06	2.067446e-06
-6.000000e-01	-5.000000e-01	7.634428e-05	2.103699e-06	2.103699e-06
-5.000000e-01	-4.000000e-01	7.692396e-05	2.111671e-06	2.111671e-06
-4.000000e-01	-3.000000e-01	8.625686e-05	2.236105e-06	2.236105e-06
-3.000000e-01	-2.000000e-01	8.376422e-05	2.203559e-06	2.203559e-06
-2.000000e-01	-1.000000e-01	8.863356e-05	2.266702e-06	2.266702e-06
-1.000000e-01	0.000000e+00	8.515546e-05	2.221783e-06	2.221783e-06
0.000000e+00	1.000000e-01	8.567718e-05	2.228578e-06	2.228578e-06
1.000000e-01	2.000000e-01	8.973496e-05	2.280742e-06	2.280742e-06
2.000000e-01	3.000000e-01	8.706842e-05	2.246600e-06	2.246600e-06
3.000000e-01	4.000000e-01	8.643077e-05	2.238358e-06	2.238358e-06
4.000000e-01	5.000000e-01	7.866301e-05	2.135407e-06	2.135407e-06
5.000000e-01	6.000000e-01	7.640225e-05	2.104498e-06	2.104498e-06
6.000000e-01	7.000000e-01	7.373570e-05	2.067446e-06	2.067446e-06
7.000000e-01	8.000000e-01	6.880840e-05	1.997175e-06	1.997175e-06
8.000000e-01	9.000000e-01	6.579404e-05	1.952939e-06	1.952939e-06
9.000000e-01	1.000000e+00	5.715676e-05	1.820242e-06	1.820242e-06
1.000000e+00	1.100000e+00	5.449022e-05	1.777275e-06	1.777275e-06
1.100000e+00	1.200000e+00	4.927307e-05	1.690052e-06	1.690052e-06
1.200000e+00	1.300000e+00	4.538920e-05	1.622077e-06	1.622077e-06
1.300000e+00	1.400000e+00	3.994017e-05	1.521599e-06	1.521599e-06
1.400000e+00	1.500000e+00	3.269413e-05	1.376671e-06	1.376671e-06
1.500000e+00	1.600000e+00	2.973775e-05	1.312954e-06	1.312954e-06
1.600000e+00	1.700000e+00	2.869432e-05	1.289714e-06	1.289714e-06
1.700000e+00	1.800000e+00	2.127437e-05	1.110513e-06	1.110513e-06
1.800000e+00	1.900000e+00	1.889767e-05	1.046645e-06	1.046645e-06
1.900000e+00	2.000000e+00	1.599926e-05	9.630421e-07	9.630421e-07
2.000000e+00	2.100000e+00	1.344865e-05	8.829472e-07	8.829472e-07
2.100000e+00	2.200000e+00	1.124585e-05	8.074053e-07	8.074053e-07
2.200000e+00	2.300000e+00	8.057597e-06	6.834365e-07	6.834365e-07
2.300000e+00	2.400000e+00	7.651818e-06	6.660053e-07	6.660053e-07
2.400000e+00	2.500000e+00	5.101212e-06	5.437910e-07	5.437910e-07
# END HISTO1D


# BEGIN HISTO1D //eos/home-y/yiyu/monobc/Rivet_New/X3000_pi20_L40.yoda.gz/JetMETAnalysis/bjet_eta
ErrorBars=1
LineColor=green
LineStyle=solid
Path=//eos/home-y/yiyu/monobc/Rivet_New/X3000_pi20_L40.yoda.gz/JetMETAnalysis/bjet_eta
ScaledBy=4.42689107554884833e-10
Title=X3000_pi20_L40
# xlow	 xhigh	 val	 errminus	 errplus
-2.500000e+00	-2.400000e+00	5.710689e-07	5.027982e-08	5.027982e-08
-2.400000e+00	-2.300000e+00	6.728874e-07	5.457837e-08	5.457837e-08
-2.300000e+00	-2.200000e+00	7.392908e-07	5.720804e-08	5.720804e-08
-2.200000e+00	-2.100000e+00	8.676707e-07	6.197647e-08	6.197647e-08
-2.100000e+00	-2.000000e+00	1.115577e-06	7.027472e-08	7.027472e-08
-2.000000e+00	-1.900000e+00	1.274945e-06	7.512683e-08	7.512683e-08
-1.900000e+00	-1.800000e+00	1.403324e-06	7.881856e-08	7.881856e-08
-1.800000e+00	-1.700000e+00	1.677792e-06	8.618237e-08	8.618237e-08
-1.700000e+00	-1.600000e+00	1.863721e-06	9.083221e-08	9.083221e-08
-1.600000e+00	-1.500000e+00	2.332972e-06	1.016258e-07	1.016258e-07
-1.500000e+00	-1.400000e+00	2.642854e-06	1.081648e-07	1.081648e-07
-1.400000e+00	-1.300000e+00	2.806649e-06	1.114663e-07	1.114663e-07
-1.300000e+00	-1.200000e+00	3.346730e-06	1.217194e-07	1.217194e-07
-1.200000e+00	-1.100000e+00	3.665466e-06	1.273838e-07	1.273838e-07
-1.100000e+00	-1.000000e+00	4.134716e-06	1.352921e-07	1.352921e-07
-1.000000e+00	-9.000000e-01	4.311792e-06	1.381587e-07	1.381587e-07
-9.000000e-01	-8.000000e-01	5.325550e-06	1.535436e-07	1.535436e-07
-8.000000e-01	-7.000000e-01	5.334404e-06	1.536711e-07	1.536711e-07
-7.000000e-01	-6.000000e-01	6.078121e-06	1.640341e-07	1.640341e-07
-6.000000e-01	-5.000000e-01	6.078121e-06	1.640341e-07	1.640341e-07
-5.000000e-01	-4.000000e-01	6.622629e-06	1.712240e-07	1.712240e-07
-4.000000e-01	-3.000000e-01	6.755436e-06	1.729323e-07	1.729323e-07
-3.000000e-01	-2.000000e-01	6.830693e-06	1.738929e-07	1.738929e-07
-2.000000e-01	-1.000000e-01	6.857254e-06	1.742307e-07	1.742307e-07
-1.000000e-01	0.000000e+00	7.016622e-06	1.762436e-07	1.762436e-07
0.000000e+00	1.000000e-01	7.477019e-06	1.819339e-07	1.819339e-07
1.000000e-01	2.000000e-01	7.122868e-06	1.775730e-07	1.775730e-07
2.000000e-01	3.000000e-01	6.919231e-06	1.750162e-07	1.750162e-07
3.000000e-01	4.000000e-01	6.737728e-06	1.727055e-07	1.727055e-07
4.000000e-01	5.000000e-01	6.396858e-06	1.682801e-07	1.682801e-07
5.000000e-01	6.000000e-01	6.268478e-06	1.665829e-07	1.665829e-07
6.000000e-01	7.000000e-01	5.901046e-06	1.616270e-07	1.616270e-07
7.000000e-01	8.000000e-01	5.493772e-06	1.559498e-07	1.559498e-07
8.000000e-01	9.000000e-01	5.028948e-06	1.492066e-07	1.492066e-07
9.000000e-01	1.000000e+00	4.555271e-06	1.420060e-07	1.420060e-07
1.000000e+00	1.100000e+00	4.254242e-06	1.372336e-07	1.372336e-07
1.100000e+00	1.200000e+00	3.727442e-06	1.284561e-07	1.284561e-07
1.200000e+00	1.300000e+00	3.483963e-06	1.241899e-07	1.241899e-07
1.300000e+00	1.400000e+00	2.886333e-06	1.130375e-07	1.130375e-07
1.400000e+00	1.500000e+00	2.479059e-06	1.047593e-07	1.047593e-07
1.500000e+00	1.600000e+00	2.129335e-06	9.708930e-08	9.708930e-08
1.600000e+00	1.700000e+00	2.045224e-06	9.515241e-08	9.515241e-08
1.700000e+00	1.800000e+00	1.673365e-06	8.606860e-08	8.606860e-08
1.800000e+00	1.900000e+00	1.363482e-06	7.769162e-08	7.769162e-08
1.900000e+00	2.000000e+00	1.350202e-06	7.731233e-08	7.731233e-08
2.000000e+00	2.100000e+00	1.062454e-06	6.858111e-08	6.858111e-08
2.100000e+00	2.200000e+00	9.075127e-07	6.338344e-08	6.338344e-08
2.200000e+00	2.300000e+00	7.658522e-07	5.822666e-08	5.822666e-08
2.300000e+00	2.400000e+00	6.330454e-07	5.293792e-08	5.293792e-08
2.400000e+00	2.500000e+00	6.109110e-07	5.200419e-08	5.200419e-08
# END HISTO1D


# BEGIN HISTO1D //eos/home-y/yiyu/monobc/Rivet_New/X600_pi20_L40.yoda.gz/JetMETAnalysis/bjet_eta
ErrorBars=1
LineColor=orange
LineStyle=solid
Path=//eos/home-y/yiyu/monobc/Rivet_New/X600_pi20_L40.yoda.gz/JetMETAnalysis/bjet_eta
ScaledBy=2.92737151914714555e-06
Title=X600_pi20_L40
# xlow	 xhigh	 val	 errminus	 errplus
-2.500000e+00	-2.400000e+00	5.649827e-03	4.066834e-04	4.066834e-04
-2.400000e+00	-2.300000e+00	6.732954e-03	4.439579e-04	4.439579e-04
-2.300000e+00	-2.200000e+00	8.343009e-03	4.941972e-04	4.941972e-04
-2.200000e+00	-2.100000e+00	9.748147e-03	5.341952e-04	5.341952e-04
-2.100000e+00	-2.000000e+00	1.074345e-02	5.608037e-04	5.608037e-04
-2.000000e+00	-1.900000e+00	1.170949e-02	5.854743e-04	5.854743e-04
-1.900000e+00	-1.800000e+00	1.206077e-02	5.941916e-04	5.941916e-04
-1.800000e+00	-1.700000e+00	1.431485e-02	6.473397e-04	6.473397e-04
-1.700000e+00	-1.600000e+00	1.443194e-02	6.499819e-04	6.499819e-04
-1.600000e+00	-1.500000e+00	1.571999e-02	6.783675e-04	6.783675e-04
-1.500000e+00	-1.400000e+00	1.733004e-02	7.122602e-04	7.122602e-04
-1.400000e+00	-1.300000e+00	1.776915e-02	7.212274e-04	7.212274e-04
-1.300000e+00	-1.200000e+00	1.961339e-02	7.577314e-04	7.577314e-04
-1.200000e+00	-1.100000e+00	1.885227e-02	7.428836e-04	7.428836e-04
-1.100000e+00	-1.000000e+00	2.011104e-02	7.672841e-04	7.672841e-04
-1.000000e+00	-9.000000e-01	2.125272e-02	7.887623e-04	7.887623e-04
-9.000000e-01	-8.000000e-01	2.160400e-02	7.952543e-04	7.952543e-04
-8.000000e-01	-7.000000e-01	2.221875e-02	8.064896e-04	8.064896e-04
-7.000000e-01	-6.000000e-01	2.119417e-02	7.876751e-04	7.876751e-04
-6.000000e-01	-5.000000e-01	2.259931e-02	8.133669e-04	8.133669e-04
-5.000000e-01	-4.000000e-01	2.084289e-02	7.811202e-04	7.811202e-04
-4.000000e-01	-3.000000e-01	2.268713e-02	8.149458e-04	8.149458e-04
-3.000000e-01	-2.000000e-01	2.210165e-02	8.043616e-04	8.043616e-04
-2.000000e-01	-1.000000e-01	2.227730e-02	8.075514e-04	8.075514e-04
-1.000000e-01	0.000000e+00	2.309696e-02	8.222736e-04	8.222736e-04
0.000000e+00	1.000000e-01	2.177964e-02	7.984805e-04	7.984805e-04
1.000000e-01	2.000000e-01	2.426791e-02	8.428594e-04	8.428594e-04
2.000000e-01	3.000000e-01	2.183819e-02	7.995530e-04	7.995530e-04
3.000000e-01	4.000000e-01	2.081361e-02	7.805714e-04	7.805714e-04
4.000000e-01	5.000000e-01	2.131126e-02	7.898480e-04	7.898480e-04
5.000000e-01	6.000000e-01	2.324333e-02	8.248749e-04	8.248749e-04
6.000000e-01	7.000000e-01	2.005249e-02	7.661664e-04	7.661664e-04
7.000000e-01	8.000000e-01	2.227730e-02	8.075514e-04	8.075514e-04
8.000000e-01	9.000000e-01	2.063797e-02	7.772709e-04	7.772709e-04
9.000000e-01	1.000000e+00	2.072579e-02	7.789229e-04	7.789229e-04
1.000000e+00	1.100000e+00	1.923283e-02	7.503442e-04	7.503442e-04
1.100000e+00	1.200000e+00	1.879373e-02	7.417292e-04	7.417292e-04
1.200000e+00	1.300000e+00	1.785697e-02	7.230074e-04	7.230074e-04
1.300000e+00	1.400000e+00	1.636401e-02	6.921238e-04	6.921238e-04
1.400000e+00	1.500000e+00	1.651038e-02	6.952122e-04	6.952122e-04
1.500000e+00	1.600000e+00	1.425630e-02	6.460146e-04	6.460146e-04
1.600000e+00	1.700000e+00	1.302680e-02	6.175297e-04	6.175297e-04
1.700000e+00	1.800000e+00	1.317317e-02	6.209893e-04	6.209893e-04
1.800000e+00	1.900000e+00	1.185585e-02	5.891221e-04	5.891221e-04
1.900000e+00	2.000000e+00	1.103619e-02	5.683927e-04	5.683927e-04
2.000000e+00	2.100000e+00	1.009943e-02	5.437351e-04	5.437351e-04
2.100000e+00	2.200000e+00	8.518651e-03	4.993722e-04	4.993722e-04
2.200000e+00	2.300000e+00	8.050272e-03	4.854497e-04	4.854497e-04
2.300000e+00	2.400000e+00	6.791502e-03	4.458840e-04	4.458840e-04
2.400000e+00	2.500000e+00	6.323122e-03	4.302340e-04	4.302340e-04
# END HISTO1D


# BEGIN HISTO1D //eos/home-y/yiyu/monobc/Rivet_New/X800_pi20_L40.yoda.gz/JetMETAnalysis/bjet_eta
ErrorBars=1
LineColor=lilac
LineStyle=solid
Path=//eos/home-y/yiyu/monobc/Rivet_New/X800_pi20_L40.yoda.gz/JetMETAnalysis/bjet_eta
ScaledBy=7.74880700415253521e-07
Title=X800_pi20_L40
# xlow	 xhigh	 val	 errminus	 errplus
-2.500000e+00	-2.400000e+00	1.193316e-03	9.616017e-05	9.616017e-05
-2.400000e+00	-2.300000e+00	1.332795e-03	1.016247e-04	1.016247e-04
-2.300000e+00	-2.200000e+00	1.913955e-03	1.217821e-04	1.217821e-04
-2.200000e+00	-2.100000e+00	2.115424e-03	1.280313e-04	1.280313e-04
-2.100000e+00	-2.000000e+00	2.626846e-03	1.426707e-04	1.426707e-04
-2.000000e+00	-1.900000e+00	2.626846e-03	1.426707e-04	1.426707e-04
-1.900000e+00	-1.800000e+00	3.463717e-03	1.638282e-04	1.638282e-04
-1.800000e+00	-1.700000e+00	3.362982e-03	1.614283e-04	1.614283e-04
-1.700000e+00	-1.600000e+00	3.750423e-03	1.704738e-04	1.704738e-04
-1.600000e+00	-1.500000e+00	4.347081e-03	1.835339e-04	1.835339e-04
-1.500000e+00	-1.400000e+00	4.726772e-03	1.913814e-04	1.913814e-04
-1.400000e+00	-1.300000e+00	4.618289e-03	1.891725e-04	1.891725e-04
-1.300000e+00	-1.200000e+00	5.641131e-03	2.090742e-04	2.090742e-04
-1.200000e+00	-1.100000e+00	5.586890e-03	2.080666e-04	2.080666e-04
-1.100000e+00	-1.000000e+00	6.206794e-03	2.193063e-04	2.193063e-04
-1.000000e+00	-9.000000e-01	5.974330e-03	2.151602e-04	2.151602e-04
-9.000000e-01	-8.000000e-01	6.183548e-03	2.188952e-04	2.188952e-04
-8.000000e-01	-7.000000e-01	6.795704e-03	2.294746e-04	2.294746e-04
-7.000000e-01	-6.000000e-01	6.648476e-03	2.269752e-04	2.269752e-04
-6.000000e-01	-5.000000e-01	6.687220e-03	2.276356e-04	2.276356e-04
-5.000000e-01	-4.000000e-01	7.152149e-03	2.354158e-04	2.354158e-04
-4.000000e-01	-3.000000e-01	7.237386e-03	2.368145e-04	2.368145e-04
-3.000000e-01	-2.000000e-01	6.942931e-03	2.319470e-04	2.319470e-04
-2.000000e-01	-1.000000e-01	7.384613e-03	2.392111e-04	2.392111e-04
-1.000000e-01	0.000000e+00	7.198642e-03	2.361798e-04	2.361798e-04
0.000000e+00	1.000000e-01	7.175395e-03	2.357981e-04	2.357981e-04
1.000000e-01	2.000000e-01	7.338120e-03	2.384569e-04	2.384569e-04
2.000000e-01	3.000000e-01	7.934778e-03	2.479618e-04	2.479618e-04
3.000000e-01	4.000000e-01	6.950680e-03	2.320765e-04	2.320765e-04
4.000000e-01	5.000000e-01	6.818950e-03	2.298668e-04	2.298668e-04
5.000000e-01	6.000000e-01	6.981675e-03	2.325933e-04	2.325933e-04
6.000000e-01	7.000000e-01	7.066912e-03	2.340088e-04	2.340088e-04
7.000000e-01	8.000000e-01	6.462505e-03	2.237782e-04	2.237782e-04
8.000000e-01	9.000000e-01	5.997577e-03	2.155784e-04	2.155784e-04
9.000000e-01	1.000000e+00	6.199046e-03	2.191694e-04	2.191694e-04
1.000000e+00	1.100000e+00	5.594639e-03	2.082109e-04	2.082109e-04
1.100000e+00	1.200000e+00	5.664378e-03	2.095046e-04	2.095046e-04
1.200000e+00	1.300000e+00	5.509402e-03	2.066187e-04	2.066187e-04
1.300000e+00	1.400000e+00	4.850753e-03	1.938751e-04	1.938751e-04
1.400000e+00	1.500000e+00	4.757768e-03	1.920079e-04	1.920079e-04
1.500000e+00	1.600000e+00	4.494308e-03	1.866160e-04	1.866160e-04
1.600000e+00	1.700000e+00	3.688432e-03	1.690590e-04	1.690590e-04
1.700000e+00	1.800000e+00	3.215755e-03	1.578552e-04	1.578552e-04
1.800000e+00	1.900000e+00	3.533456e-03	1.654692e-04	1.654692e-04
1.900000e+00	2.000000e+00	2.758575e-03	1.462042e-04	1.462042e-04
2.000000e+00	2.100000e+00	2.394381e-03	1.362116e-04	1.362116e-04
2.100000e+00	2.200000e+00	2.185164e-03	1.301246e-04	1.301246e-04
2.200000e+00	2.300000e+00	1.797723e-03	1.180263e-04	1.180263e-04
2.300000e+00	2.400000e+00	1.797723e-03	1.180263e-04	1.180263e-04
2.400000e+00	2.500000e+00	1.022843e-03	8.902701e-05	8.902701e-05
# END HISTO1D

