# BEGIN PLOT
Legend=1
LogY=1
LegendPlacement=manual
LegendAlign=r
LegendXPos=1.36
RightMargin=3.7
Title=Di-jet $\Delta\eta$
XLabel=$\Delta\eta_{jj}$
YLabel=$\mathrm{d}\sigma/\mathrm{d}\Delta\eta_{jj}$ [pb]
DrawOnly=//eos/home-y/yiyu/monobc/Rivet_New/X1500_pi20_L40.yoda.gz/JetMETAnalysis/jet12_deta //eos/home-y/yiyu/monobc/Rivet_New/X2000_pi20_L40.yoda.gz/JetMETAnalysis/jet12_deta //eos/home-y/yiyu/monobc/Rivet_New/X3000_pi20_L40.yoda.gz/JetMETAnalysis/jet12_deta //eos/home-y/yiyu/monobc/Rivet_New/X600_pi20_L40.yoda.gz/JetMETAnalysis/jet12_deta //eos/home-y/yiyu/monobc/Rivet_New/X800_pi20_L40.yoda.gz/JetMETAnalysis/jet12_deta
LegendOnly=//eos/home-y/yiyu/monobc/Rivet_New/X1500_pi20_L40.yoda.gz/JetMETAnalysis/jet12_deta //eos/home-y/yiyu/monobc/Rivet_New/X2000_pi20_L40.yoda.gz/JetMETAnalysis/jet12_deta //eos/home-y/yiyu/monobc/Rivet_New/X3000_pi20_L40.yoda.gz/JetMETAnalysis/jet12_deta //eos/home-y/yiyu/monobc/Rivet_New/X600_pi20_L40.yoda.gz/JetMETAnalysis/jet12_deta //eos/home-y/yiyu/monobc/Rivet_New/X800_pi20_L40.yoda.gz/JetMETAnalysis/jet12_deta
RatioPlot=1
RatioPlotReference=//eos/home-y/yiyu/monobc/Rivet_New/X1500_pi20_L40.yoda.gz/JetMETAnalysis/jet12_deta
RatioPlotYLabel=Ratio
# END PLOT

# BEGIN HISTO1D //eos/home-y/yiyu/monobc/Rivet_New/X1500_pi20_L40.yoda.gz/JetMETAnalysis/jet12_deta
ErrorBars=1
LineColor=red
LineStyle=solid
Path=//eos/home-y/yiyu/monobc/Rivet_New/X1500_pi20_L40.yoda.gz/JetMETAnalysis/jet12_deta
ScaledBy=7.40852161136831314e-08
Title=X1500_pi20_L40
# xlow	 xhigh	 val	 errminus	 errplus
0.000000e+00	1.000000e-01	7.571509e-04	2.368411e-05	2.368411e-05
1.000000e-01	2.000000e-01	7.690045e-04	2.386878e-05	2.386878e-05
2.000000e-01	3.000000e-01	7.690045e-04	2.386878e-05	2.386878e-05
3.000000e-01	4.000000e-01	8.104923e-04	2.450418e-05	2.450418e-05
4.000000e-01	5.000000e-01	8.860592e-04	2.562106e-05	2.562106e-05
5.000000e-01	6.000000e-01	8.112331e-04	2.451538e-05	2.451538e-05
6.000000e-01	7.000000e-01	7.371479e-04	2.336916e-05	2.336916e-05
7.000000e-01	8.000000e-01	5.941634e-04	2.098064e-05	2.098064e-05
8.000000e-01	9.000000e-01	5.578617e-04	2.032961e-05	2.032961e-05
9.000000e-01	1.000000e+00	4.667369e-04	1.859524e-05	1.859524e-05
1.000000e+00	1.100000e+00	4.511790e-04	1.828269e-05	1.828269e-05
1.100000e+00	1.200000e+00	3.711669e-04	1.658251e-05	1.658251e-05
1.200000e+00	1.300000e+00	3.407920e-04	1.588951e-05	1.588951e-05
1.300000e+00	1.400000e+00	3.044902e-04	1.501940e-05	1.501940e-05
1.400000e+00	1.500000e+00	2.770787e-04	1.432740e-05	1.432740e-05
1.500000e+00	1.600000e+00	2.800421e-04	1.440381e-05	1.440381e-05
1.600000e+00	1.700000e+00	2.311459e-04	1.308606e-05	1.308606e-05
1.700000e+00	1.800000e+00	2.415178e-04	1.337643e-05	1.337643e-05
1.800000e+00	1.900000e+00	2.170697e-04	1.268134e-05	1.268134e-05
1.900000e+00	2.000000e+00	1.970667e-04	1.208293e-05	1.208293e-05
2.000000e+00	2.100000e+00	1.652100e-04	1.106328e-05	1.106328e-05
2.100000e+00	2.200000e+00	1.533564e-04	1.065901e-05	1.065901e-05
2.200000e+00	2.300000e+00	1.503930e-04	1.055552e-05	1.055552e-05
2.300000e+00	2.400000e+00	1.437253e-04	1.031888e-05	1.031888e-05
2.400000e+00	2.500000e+00	1.103870e-04	9.043253e-06	9.043253e-06
2.500000e+00	2.600000e+00	1.000150e-04	8.607924e-06	8.607924e-06
2.600000e+00	2.700000e+00	1.059419e-04	8.859304e-06	8.859304e-06
2.700000e+00	2.800000e+00	7.853033e-05	7.627540e-06	7.627540e-06
2.800000e+00	2.900000e+00	5.778647e-05	6.543029e-06	6.543029e-06
2.900000e+00	3.000000e+00	6.371329e-05	6.870381e-06	6.870381e-06
3.000000e+00	3.100000e+00	6.445414e-05	6.910209e-06	6.910209e-06
3.100000e+00	3.200000e+00	4.000602e-05	5.444129e-06	5.444129e-06
3.200000e+00	3.300000e+00	4.074687e-05	5.494307e-06	5.494307e-06
3.300000e+00	3.400000e+00	2.667068e-05	4.445113e-06	4.445113e-06
3.400000e+00	3.500000e+00	2.963409e-05	4.685561e-06	4.685561e-06
3.500000e+00	3.600000e+00	1.852130e-05	3.704261e-06	3.704261e-06
3.600000e+00	3.700000e+00	1.852130e-05	3.704261e-06	3.704261e-06
3.700000e+00	3.800000e+00	1.926216e-05	3.777620e-06	3.777620e-06
3.800000e+00	3.900000e+00	1.481704e-05	3.313192e-06	3.313192e-06
3.900000e+00	4.000000e+00	1.111278e-05	2.869308e-06	2.869308e-06
4.000000e+00	4.100000e+00	1.111278e-05	2.869308e-06	2.869308e-06
4.100000e+00	4.200000e+00	5.926817e-06	2.095446e-06	2.095446e-06
4.200000e+00	4.300000e+00	8.149374e-06	2.457129e-06	2.457129e-06
4.300000e+00	4.400000e+00	2.222556e-06	1.283194e-06	1.283194e-06
4.400000e+00	4.500000e+00	3.704261e-06	1.656596e-06	1.656596e-06
4.500000e+00	4.600000e+00	1.481704e-06	1.047723e-06	1.047723e-06
4.600000e+00	4.700000e+00	2.222556e-06	1.283194e-06	1.283194e-06
4.700000e+00	4.800000e+00	2.963409e-06	1.481704e-06	1.481704e-06
4.800000e+00	4.900000e+00	0.000000e+00	0.000000e+00	0.000000e+00
4.900000e+00	5.000000e+00	7.408522e-07	7.408521e-07	7.408521e-07
# END HISTO1D


# BEGIN HISTO1D //eos/home-y/yiyu/monobc/Rivet_New/X2000_pi20_L40.yoda.gz/JetMETAnalysis/jet12_deta
ErrorBars=1
LineColor=blue
LineStyle=solid
Path=//eos/home-y/yiyu/monobc/Rivet_New/X2000_pi20_L40.yoda.gz/JetMETAnalysis/jet12_deta
ScaledBy=1.43574086533557273e-08
Title=X2000_pi20_L40
# xlow	 xhigh	 val	 errminus	 errplus
0.000000e+00	1.000000e-01	1.552036e-04	4.720510e-06	4.720510e-06
1.000000e-01	2.000000e-01	1.553472e-04	4.722693e-06	4.722693e-06
2.000000e-01	3.000000e-01	1.491735e-04	4.627899e-06	4.627899e-06
3.000000e-01	4.000000e-01	1.606594e-04	4.802763e-06	4.802763e-06
4.000000e-01	5.000000e-01	1.642488e-04	4.856116e-06	4.856116e-06
5.000000e-01	6.000000e-01	1.593672e-04	4.783410e-06	4.783410e-06
6.000000e-01	7.000000e-01	1.399847e-04	4.483099e-06	4.483099e-06
7.000000e-01	8.000000e-01	1.132800e-04	4.032874e-06	4.032874e-06
8.000000e-01	9.000000e-01	1.086856e-04	3.950244e-06	3.950244e-06
9.000000e-01	1.000000e+00	9.289243e-05	3.651979e-06	3.651979e-06
1.000000e+00	1.100000e+00	8.298582e-05	3.451755e-06	3.451755e-06
1.100000e+00	1.200000e+00	7.925290e-05	3.373227e-06	3.373227e-06
1.200000e+00	1.300000e+00	7.839145e-05	3.354844e-06	3.354844e-06
1.300000e+00	1.400000e+00	6.288545e-05	3.004783e-06	3.004783e-06
1.400000e+00	1.500000e+00	6.116256e-05	2.963336e-06	2.963336e-06
1.500000e+00	1.600000e+00	5.872180e-05	2.903606e-06	2.903606e-06
1.600000e+00	1.700000e+00	5.154310e-05	2.720341e-06	2.720341e-06
1.700000e+00	1.800000e+00	4.723587e-05	2.604198e-06	2.604198e-06
1.800000e+00	1.900000e+00	4.063147e-05	2.415290e-06	2.415290e-06
1.900000e+00	2.000000e+00	3.675497e-05	2.297185e-06	2.297185e-06
2.000000e+00	2.100000e+00	3.560637e-05	2.261007e-06	2.261007e-06
2.100000e+00	2.200000e+00	3.732926e-05	2.315063e-06	2.315063e-06
2.200000e+00	2.300000e+00	3.058128e-05	2.095395e-06	2.095395e-06
2.300000e+00	2.400000e+00	3.015056e-05	2.080586e-06	2.080586e-06
2.400000e+00	2.500000e+00	2.239756e-05	1.793240e-06	1.793240e-06
2.500000e+00	2.600000e+00	2.182326e-05	1.770100e-06	1.770100e-06
2.600000e+00	2.700000e+00	1.895178e-05	1.649541e-06	1.649541e-06
2.700000e+00	2.800000e+00	1.780319e-05	1.598773e-06	1.598773e-06
2.800000e+00	2.900000e+00	1.320882e-05	1.377114e-06	1.377114e-06
2.900000e+00	3.000000e+00	1.105520e-05	1.259858e-06	1.259858e-06
3.000000e+00	3.100000e+00	1.033733e-05	1.218266e-06	1.218266e-06
3.100000e+00	3.200000e+00	1.019376e-05	1.209777e-06	1.209777e-06
3.200000e+00	3.300000e+00	1.148593e-05	1.284165e-06	1.284165e-06
3.300000e+00	3.400000e+00	9.332316e-06	1.157531e-06	1.157531e-06
3.400000e+00	3.500000e+00	5.455815e-06	8.850501e-07	8.850501e-07
3.500000e+00	3.600000e+00	3.589352e-06	7.178705e-07	7.178705e-07
3.600000e+00	3.700000e+00	4.450797e-06	7.993867e-07	7.993867e-07
3.700000e+00	3.800000e+00	4.163649e-06	7.731701e-07	7.731701e-07
3.800000e+00	3.900000e+00	3.158630e-06	6.734222e-07	6.734222e-07
3.900000e+00	4.000000e+00	1.292167e-06	4.307223e-07	4.307223e-07
4.000000e+00	4.100000e+00	2.153611e-06	5.560601e-07	5.560601e-07
4.100000e+00	4.200000e+00	1.579315e-06	4.761814e-07	4.761814e-07
4.200000e+00	4.300000e+00	7.178704e-07	3.210414e-07	3.210414e-07
4.300000e+00	4.400000e+00	1.292167e-06	4.307223e-07	4.307223e-07
4.400000e+00	4.500000e+00	1.435741e-07	1.435741e-07	1.435741e-07
4.500000e+00	4.600000e+00	2.871482e-07	2.030444e-07	2.030444e-07
4.600000e+00	4.700000e+00	7.178704e-07	3.210414e-07	3.210414e-07
4.700000e+00	4.800000e+00	1.435741e-07	1.435741e-07	1.435741e-07
4.800000e+00	4.900000e+00	2.871482e-07	2.030444e-07	2.030444e-07
4.900000e+00	5.000000e+00	1.435741e-07	1.435741e-07	1.435741e-07
# END HISTO1D


# BEGIN HISTO1D //eos/home-y/yiyu/monobc/Rivet_New/X3000_pi20_L40.yoda.gz/JetMETAnalysis/jet12_deta
ErrorBars=1
LineColor=green
LineStyle=solid
Path=//eos/home-y/yiyu/monobc/Rivet_New/X3000_pi20_L40.yoda.gz/JetMETAnalysis/jet12_deta
ScaledBy=1.16353151695240519e-09
Title=X3000_pi20_L40
# xlow	 xhigh	 val	 errminus	 errplus
0.000000e+00	1.000000e-01	1.190293e-05	3.721482e-07	3.721482e-07
1.000000e-01	2.000000e-01	1.190293e-05	3.721482e-07	3.721482e-07
2.000000e-01	3.000000e-01	1.194947e-05	3.728750e-07	3.728750e-07
3.000000e-01	4.000000e-01	1.279885e-05	3.858997e-07	3.858997e-07
4.000000e-01	5.000000e-01	1.341552e-05	3.950871e-07	3.950871e-07
5.000000e-01	6.000000e-01	1.263595e-05	3.834362e-07	3.834362e-07
6.000000e-01	7.000000e-01	1.111173e-05	3.595670e-07	3.595670e-07
7.000000e-01	8.000000e-01	9.284982e-06	3.286848e-07	3.286848e-07
8.000000e-01	9.000000e-01	8.563592e-06	3.156582e-07	3.156582e-07
9.000000e-01	1.000000e+00	7.504778e-06	2.955004e-07	2.955004e-07
1.000000e+00	1.100000e+00	6.480871e-06	2.746033e-07	2.746033e-07
1.100000e+00	1.200000e+00	6.166717e-06	2.678651e-07	2.678651e-07
1.200000e+00	1.300000e+00	5.840928e-06	2.606934e-07	2.606934e-07
1.300000e+00	1.400000e+00	5.410422e-06	2.509023e-07	2.509023e-07
1.400000e+00	1.500000e+00	4.712303e-06	2.341562e-07	2.341562e-07
1.500000e+00	1.600000e+00	4.246890e-06	2.222924e-07	2.222924e-07
1.600000e+00	1.700000e+00	4.281796e-06	2.232041e-07	2.232041e-07
1.700000e+00	1.800000e+00	3.560406e-06	2.035349e-07	2.035349e-07
1.800000e+00	1.900000e+00	3.537136e-06	2.028687e-07	2.028687e-07
1.900000e+00	2.000000e+00	2.908829e-06	1.839705e-07	1.839705e-07
2.000000e+00	2.100000e+00	2.722664e-06	1.779861e-07	1.779861e-07
2.100000e+00	2.200000e+00	2.571405e-06	1.729714e-07	1.729714e-07
2.200000e+00	2.300000e+00	2.257251e-06	1.620612e-07	1.620612e-07
2.300000e+00	2.400000e+00	2.012910e-06	1.530387e-07	1.530387e-07
2.400000e+00	2.500000e+00	2.001274e-06	1.525957e-07	1.525957e-07
2.500000e+00	2.600000e+00	1.745297e-06	1.425029e-07	1.425029e-07
2.600000e+00	2.700000e+00	1.466050e-06	1.306061e-07	1.306061e-07
2.700000e+00	2.800000e+00	1.256614e-06	1.209177e-07	1.209177e-07
2.800000e+00	2.900000e+00	1.279885e-06	1.220322e-07	1.220322e-07
2.900000e+00	3.000000e+00	1.314791e-06	1.236851e-07	1.236851e-07
3.000000e+00	3.100000e+00	8.959193e-07	1.020995e-07	1.020995e-07
3.100000e+00	3.200000e+00	7.446602e-07	9.308252e-08	9.308252e-08
3.200000e+00	3.300000e+00	6.748483e-07	8.861192e-08	8.861192e-08
3.300000e+00	3.400000e+00	6.748483e-07	8.861192e-08	8.861192e-08
3.400000e+00	3.500000e+00	4.072360e-07	6.883546e-08	6.883546e-08
3.500000e+00	3.600000e+00	3.956007e-07	6.784496e-08	6.784496e-08
3.600000e+00	3.700000e+00	2.559769e-07	5.457446e-08	5.457446e-08
3.700000e+00	3.800000e+00	1.628944e-07	4.353536e-08	4.353536e-08
3.800000e+00	3.900000e+00	1.628944e-07	4.353536e-08	4.353536e-08
3.900000e+00	4.000000e+00	1.628944e-07	4.353536e-08	4.353536e-08
4.000000e+00	4.100000e+00	1.279885e-07	3.858997e-08	3.858997e-08
4.100000e+00	4.200000e+00	1.047178e-07	3.490595e-08	3.490595e-08
4.200000e+00	4.300000e+00	8.144721e-08	3.078415e-08	3.078415e-08
4.300000e+00	4.400000e+00	9.308252e-08	3.290963e-08	3.290963e-08
4.400000e+00	4.500000e+00	1.163532e-08	1.163532e-08	1.163532e-08
4.500000e+00	4.600000e+00	1.163532e-08	1.163532e-08	1.163532e-08
4.600000e+00	4.700000e+00	1.163532e-08	1.163532e-08	1.163532e-08
4.700000e+00	4.800000e+00	3.490595e-08	2.015296e-08	2.015296e-08
4.800000e+00	4.900000e+00	2.327063e-08	1.645482e-08	1.645482e-08
4.900000e+00	5.000000e+00	0.000000e+00	0.000000e+00	0.000000e+00
# END HISTO1D


# BEGIN HISTO1D //eos/home-y/yiyu/monobc/Rivet_New/X600_pi20_L40.yoda.gz/JetMETAnalysis/jet12_deta
ErrorBars=1
LineColor=orange
LineStyle=solid
Path=//eos/home-y/yiyu/monobc/Rivet_New/X600_pi20_L40.yoda.gz/JetMETAnalysis/jet12_deta
ScaledBy=6.54464337436299511e-06
Title=X600_pi20_L40
# xlow	 xhigh	 val	 errminus	 errplus
0.000000e+00	1.000000e-01	5.425509e-02	1.884357e-03	1.884357e-03
1.000000e-01	2.000000e-01	5.353518e-02	1.871814e-03	1.871814e-03
2.000000e-01	3.000000e-01	5.314250e-02	1.864936e-03	1.864936e-03
3.000000e-01	4.000000e-01	5.458233e-02	1.890031e-03	1.890031e-03
4.000000e-01	5.000000e-01	5.373152e-02	1.875243e-03	1.875243e-03
5.000000e-01	6.000000e-01	5.536768e-02	1.903580e-03	1.903580e-03
6.000000e-01	7.000000e-01	5.386241e-02	1.877526e-03	1.877526e-03
7.000000e-01	8.000000e-01	4.757956e-02	1.764628e-03	1.764628e-03
8.000000e-01	9.000000e-01	4.306375e-02	1.678800e-03	1.678800e-03
9.000000e-01	1.000000e+00	3.900607e-02	1.597751e-03	1.597751e-03
1.000000e+00	1.100000e+00	3.193786e-02	1.445759e-03	1.445759e-03
1.100000e+00	1.200000e+00	2.990902e-02	1.399085e-03	1.399085e-03
1.200000e+00	1.300000e+00	2.676759e-02	1.323572e-03	1.323572e-03
1.300000e+00	1.400000e+00	2.297170e-02	1.226139e-03	1.226139e-03
1.400000e+00	1.500000e+00	2.277536e-02	1.220887e-03	1.220887e-03
1.500000e+00	1.600000e+00	2.002661e-02	1.144845e-03	1.144845e-03
1.600000e+00	1.700000e+00	1.825956e-02	1.093171e-03	1.093171e-03
1.700000e+00	1.800000e+00	1.609982e-02	1.026487e-03	1.026487e-03
1.800000e+00	1.900000e+00	1.537991e-02	1.003275e-03	1.003275e-03
1.900000e+00	2.000000e+00	1.315473e-02	9.278634e-04	9.278634e-04
2.000000e+00	2.100000e+00	1.210759e-02	8.901677e-04	8.901677e-04
2.100000e+00	2.200000e+00	1.204214e-02	8.877586e-04	8.877586e-04
2.200000e+00	2.300000e+00	1.014420e-02	8.148015e-04	8.148015e-04
2.300000e+00	2.400000e+00	8.835269e-03	7.604188e-04	7.604188e-04
2.400000e+00	2.500000e+00	7.984465e-03	7.228795e-04	7.228795e-04
2.500000e+00	2.600000e+00	7.460893e-03	6.987767e-04	6.987767e-04
2.600000e+00	2.700000e+00	6.675536e-03	6.609766e-04	6.609766e-04
2.700000e+00	2.800000e+00	4.384911e-03	5.357022e-04	5.357022e-04
2.800000e+00	2.900000e+00	5.824733e-03	6.174204e-04	6.174204e-04
2.900000e+00	3.000000e+00	5.432054e-03	5.962454e-04	5.962454e-04
3.000000e+00	3.100000e+00	4.188572e-03	5.235715e-04	5.235715e-04
3.100000e+00	3.200000e+00	4.319465e-03	5.316894e-04	5.316894e-04
3.200000e+00	3.300000e+00	3.272322e-03	4.627762e-04	4.627762e-04
3.300000e+00	3.400000e+00	3.010536e-03	4.438793e-04	4.438793e-04
3.400000e+00	3.500000e+00	2.552411e-03	4.087129e-04	4.087129e-04
3.500000e+00	3.600000e+00	2.028839e-03	3.643903e-04	3.643903e-04
3.600000e+00	3.700000e+00	2.290625e-03	3.871863e-04	3.871863e-04
3.700000e+00	3.800000e+00	1.308929e-03	2.926853e-04	2.926853e-04
3.800000e+00	3.900000e+00	9.162501e-04	2.448781e-04	2.448781e-04
3.900000e+00	4.000000e+00	1.701607e-03	3.337126e-04	3.337126e-04
4.000000e+00	4.100000e+00	7.199108e-04	2.170613e-04	2.170613e-04
4.100000e+00	4.200000e+00	9.816965e-04	2.534730e-04	2.534730e-04
4.200000e+00	4.300000e+00	3.926786e-04	1.603104e-04	1.603104e-04
4.300000e+00	4.400000e+00	1.308929e-04	9.255523e-05	9.255523e-05
4.400000e+00	4.500000e+00	1.308929e-04	9.255523e-05	9.255523e-05
4.500000e+00	4.600000e+00	1.308929e-04	9.255523e-05	9.255523e-05
4.600000e+00	4.700000e+00	0.000000e+00	0.000000e+00	0.000000e+00
4.700000e+00	4.800000e+00	2.617857e-04	1.308929e-04	1.308929e-04
4.800000e+00	4.900000e+00	1.308929e-04	9.255523e-05	9.255523e-05
4.900000e+00	5.000000e+00	0.000000e+00	0.000000e+00	0.000000e+00
# END HISTO1D


# BEGIN HISTO1D //eos/home-y/yiyu/monobc/Rivet_New/X800_pi20_L40.yoda.gz/JetMETAnalysis/jet12_deta
ErrorBars=1
LineColor=lilac
LineStyle=solid
Path=//eos/home-y/yiyu/monobc/Rivet_New/X800_pi20_L40.yoda.gz/JetMETAnalysis/jet12_deta
ScaledBy=1.74795577089739022e-06
Title=X800_pi20_L40
# xlow	 xhigh	 val	 errminus	 errplus
0.000000e+00	1.000000e-01	1.683281e-02	5.424298e-04	5.424298e-04
1.000000e-01	2.000000e-01	1.576656e-02	5.249690e-04	5.249690e-04
2.000000e-01	3.000000e-01	1.660558e-02	5.387562e-04	5.387562e-04
3.000000e-01	4.000000e-01	1.699013e-02	5.449587e-04	5.449587e-04
4.000000e-01	5.000000e-01	1.756696e-02	5.541323e-04	5.541323e-04
5.000000e-01	6.000000e-01	1.679785e-02	5.418663e-04	5.418663e-04
6.000000e-01	7.000000e-01	1.550437e-02	5.205857e-04	5.205857e-04
7.000000e-01	8.000000e-01	1.295235e-02	4.758166e-04	4.758166e-04
8.000000e-01	9.000000e-01	1.237553e-02	4.651007e-04	4.651007e-04
9.000000e-01	1.000000e+00	1.064505e-02	4.313592e-04	4.313592e-04
1.000000e+00	1.100000e+00	8.949534e-03	3.955173e-04	3.955173e-04
1.100000e+00	1.200000e+00	7.865801e-03	3.707974e-04	3.707974e-04
1.200000e+00	1.300000e+00	7.271496e-03	3.565144e-04	3.565144e-04
1.300000e+00	1.400000e+00	7.306455e-03	3.573704e-04	3.573704e-04
1.400000e+00	1.500000e+00	6.100366e-03	3.265451e-04	3.265451e-04
1.500000e+00	1.600000e+00	4.771919e-03	2.888097e-04	2.888097e-04
1.600000e+00	1.700000e+00	5.208908e-03	3.017439e-04	3.017439e-04
1.700000e+00	1.800000e+00	4.789399e-03	2.893382e-04	2.893382e-04
1.800000e+00	1.900000e+00	4.265012e-03	2.730394e-04	2.730394e-04
1.900000e+00	2.000000e+00	3.618268e-03	2.514870e-04	2.514870e-04
2.000000e+00	2.100000e+00	3.950380e-03	2.627754e-04	2.627754e-04
2.100000e+00	2.200000e+00	3.058923e-03	2.312328e-04	2.312328e-04
2.200000e+00	2.300000e+00	3.041443e-03	2.305712e-04	2.305712e-04
2.300000e+00	2.400000e+00	2.621934e-03	2.140800e-04	2.140800e-04
2.400000e+00	2.500000e+00	2.709331e-03	2.176187e-04	2.176187e-04
2.500000e+00	2.600000e+00	2.272343e-03	1.992976e-04	1.992976e-04
2.600000e+00	2.700000e+00	1.817874e-03	1.782572e-04	1.782572e-04
2.700000e+00	2.800000e+00	1.922751e-03	1.833271e-04	1.833271e-04
2.800000e+00	2.900000e+00	1.695517e-03	1.721537e-04	1.721537e-04
2.900000e+00	3.000000e+00	1.625599e-03	1.685668e-04	1.685668e-04
3.000000e+00	3.100000e+00	1.031294e-03	1.342630e-04	1.342630e-04
3.100000e+00	3.200000e+00	9.613757e-04	1.296319e-04	1.296319e-04
3.200000e+00	3.300000e+00	8.914574e-04	1.248290e-04	1.248290e-04
3.300000e+00	3.400000e+00	7.166619e-04	1.119238e-04	1.119238e-04
3.400000e+00	3.500000e+00	7.166619e-04	1.119238e-04	1.119238e-04
3.500000e+00	3.600000e+00	5.943050e-04	1.019225e-04	1.019225e-04
3.600000e+00	3.700000e+00	5.593458e-04	9.887931e-05	9.887931e-05
3.700000e+00	3.800000e+00	3.495912e-04	7.817096e-05	7.817096e-05
3.800000e+00	3.900000e+00	4.719481e-04	9.082644e-05	9.082644e-05
3.900000e+00	4.000000e+00	2.447138e-04	6.540252e-05	6.540252e-05
4.000000e+00	4.100000e+00	2.971525e-04	7.207006e-05	7.207006e-05
4.100000e+00	4.200000e+00	1.573160e-04	5.243867e-05	5.243867e-05
4.200000e+00	4.300000e+00	1.922751e-04	5.797313e-05	5.797313e-05
4.300000e+00	4.400000e+00	1.398365e-04	4.943966e-05	4.943966e-05
4.400000e+00	4.500000e+00	6.991823e-05	3.495912e-05	3.495912e-05
4.500000e+00	4.600000e+00	1.747956e-05	1.747956e-05	1.747956e-05
4.600000e+00	4.700000e+00	3.495912e-05	2.471983e-05	2.471983e-05
4.700000e+00	4.800000e+00	5.243867e-05	3.027548e-05	3.027548e-05
4.800000e+00	4.900000e+00	3.495912e-05	2.471983e-05	2.471983e-05
4.900000e+00	5.000000e+00	1.747956e-05	1.747956e-05	1.747956e-05
# END HISTO1D

