# BEGIN PLOT
Legend=1
LogY=1
LegendPlacement=manual
LegendAlign=r
LegendXPos=1.36
RightMargin=3.7
Title=Di-jet $\Delta\phi$
XLabel=$\Delta\phi_{jj}$ [rad]
YLabel=$\mathrm{d}\sigma/\mathrm{d}\Delta\phi_{jj}$ [pb/rad]
XMin=0
DrawOnly=//eos/home-y/yiyu/monobc/Rivet_New/X1500_pi20_L40.yoda.gz/JetMETAnalysis/jet12_dphi //eos/home-y/yiyu/monobc/Rivet_New/X2000_pi20_L40.yoda.gz/JetMETAnalysis/jet12_dphi //eos/home-y/yiyu/monobc/Rivet_New/X3000_pi20_L40.yoda.gz/JetMETAnalysis/jet12_dphi //eos/home-y/yiyu/monobc/Rivet_New/X600_pi20_L40.yoda.gz/JetMETAnalysis/jet12_dphi //eos/home-y/yiyu/monobc/Rivet_New/X800_pi20_L40.yoda.gz/JetMETAnalysis/jet12_dphi
LegendOnly=//eos/home-y/yiyu/monobc/Rivet_New/X1500_pi20_L40.yoda.gz/JetMETAnalysis/jet12_dphi //eos/home-y/yiyu/monobc/Rivet_New/X2000_pi20_L40.yoda.gz/JetMETAnalysis/jet12_dphi //eos/home-y/yiyu/monobc/Rivet_New/X3000_pi20_L40.yoda.gz/JetMETAnalysis/jet12_dphi //eos/home-y/yiyu/monobc/Rivet_New/X600_pi20_L40.yoda.gz/JetMETAnalysis/jet12_dphi //eos/home-y/yiyu/monobc/Rivet_New/X800_pi20_L40.yoda.gz/JetMETAnalysis/jet12_dphi
RatioPlot=1
RatioPlotReference=//eos/home-y/yiyu/monobc/Rivet_New/X1500_pi20_L40.yoda.gz/JetMETAnalysis/jet12_dphi
RatioPlotYLabel=Ratio
# END PLOT

# BEGIN HISTO1D //eos/home-y/yiyu/monobc/Rivet_New/X1500_pi20_L40.yoda.gz/JetMETAnalysis/jet12_dphi
ErrorBars=1
LineColor=red
LineStyle=solid
Path=//eos/home-y/yiyu/monobc/Rivet_New/X1500_pi20_L40.yoda.gz/JetMETAnalysis/jet12_dphi
ScaledBy=7.40852161136831314e-08
Title=X1500_pi20_L40
# xlow	 xhigh	 val	 errminus	 errplus
0.000000e+00	6.283185e-02	3.501936e-04	2.032029e-05	2.032029e-05
6.283185e-02	1.256637e-01	3.714174e-04	2.092700e-05	2.092700e-05
1.256637e-01	1.884956e-01	3.832082e-04	2.125656e-05	2.125656e-05
1.884956e-01	2.513274e-01	4.280146e-04	2.246495e-05	2.246495e-05
2.513274e-01	3.141593e-01	4.162230e-04	2.215332e-05	2.215332e-05
3.141593e-01	3.769911e-01	4.622086e-04	2.334507e-05	2.334507e-05
3.769911e-01	4.398230e-01	5.553571e-04	2.558950e-05	2.558950e-05
4.398230e-01	5.026548e-01	5.966265e-04	2.652328e-05	2.652328e-05
5.026548e-01	5.654867e-01	5.624317e-04	2.575197e-05	2.575197e-05
5.654867e-01	6.283185e-01	4.964028e-04	2.419319e-05	2.419319e-05
6.283185e-01	6.911504e-01	4.457005e-04	2.292436e-05	2.292436e-05
6.911504e-01	7.539822e-01	4.315520e-04	2.255759e-05	2.255759e-05
7.539822e-01	8.168141e-01	3.985364e-04	2.167752e-05	2.167752e-05
8.168141e-01	8.796459e-01	3.761341e-04	2.105947e-05	2.105947e-05
8.796459e-01	9.424778e-01	3.313277e-04	1.976535e-05	1.976535e-05
9.424778e-01	1.005310e+00	3.065651e-04	1.901236e-05	1.901236e-05
1.005310e+00	1.068142e+00	3.395808e-04	2.000999e-05	2.000999e-05
1.068142e+00	1.130973e+00	2.971379e-04	1.871793e-05	1.871793e-05
1.130973e+00	1.193805e+00	2.641184e-04	1.764716e-05	1.764716e-05
1.193805e+00	1.256637e+00	2.594021e-04	1.748888e-05	1.748888e-05
1.256637e+00	1.319469e+00	2.900586e-04	1.849346e-05	1.849346e-05
1.319469e+00	1.382301e+00	2.641184e-04	1.764716e-05	1.764716e-05
1.382301e+00	1.445133e+00	2.311036e-04	1.650740e-05	1.650740e-05
1.445133e+00	1.507964e+00	2.570480e-04	1.740948e-05	1.740948e-05
1.507964e+00	1.570796e+00	2.558647e-04	1.736923e-05	1.736923e-05
1.570796e+00	1.633628e+00	2.322828e-04	1.654946e-05	1.654946e-05
1.633628e+00	1.696460e+00	2.464319e-04	1.704605e-05	1.704605e-05
1.696460e+00	1.759292e+00	2.381782e-04	1.675816e-05	1.675816e-05
1.759292e+00	1.822124e+00	2.617602e-04	1.756819e-05	1.756819e-05
1.822124e+00	1.884956e+00	2.829840e-04	1.826654e-05	1.826654e-05
1.884956e+00	1.947787e+00	2.782720e-04	1.811397e-05	1.811397e-05
1.947787e+00	2.010619e+00	2.782676e-04	1.811368e-05	1.811368e-05
2.010619e+00	2.073451e+00	2.747304e-04	1.799818e-05	1.799818e-05
2.073451e+00	2.136283e+00	2.759094e-04	1.803676e-05	1.803676e-05
2.136283e+00	2.199115e+00	2.994913e-04	1.879176e-05	1.879176e-05
2.199115e+00	2.261947e+00	2.994913e-04	1.879176e-05	1.879176e-05
2.261947e+00	2.324779e+00	2.971331e-04	1.871763e-05	1.871763e-05
2.324779e+00	2.387610e+00	2.912424e-04	1.853131e-05	1.853131e-05
2.387610e+00	2.450442e+00	3.101033e-04	1.912179e-05	1.912179e-05
2.450442e+00	2.513274e+00	3.761329e-04	2.105940e-05	2.105940e-05
2.513274e+00	2.576106e+00	3.773120e-04	2.109238e-05	2.109238e-05
2.576106e+00	2.638938e+00	3.725957e-04	2.096014e-05	2.096014e-05
2.638938e+00	2.701770e+00	4.150433e-04	2.212188e-05	2.212188e-05
2.701770e+00	2.764602e+00	4.563118e-04	2.319563e-05	2.319563e-05
2.764602e+00	2.827433e+00	4.539608e-04	2.313598e-05	2.313598e-05
2.827433e+00	2.890265e+00	4.515954e-04	2.307544e-05	2.307544e-05
2.890265e+00	2.953097e+00	5.022966e-04	2.433635e-05	2.433635e-05
2.953097e+00	3.015929e+00	5.518188e-04	2.550784e-05	2.550784e-05
3.015929e+00	3.078761e+00	5.494606e-04	2.545327e-05	2.545327e-05
3.078761e+00	3.141593e+00	5.942665e-04	2.647073e-05	2.647073e-05
# END HISTO1D


# BEGIN HISTO1D //eos/home-y/yiyu/monobc/Rivet_New/X2000_pi20_L40.yoda.gz/JetMETAnalysis/jet12_dphi
ErrorBars=1
LineColor=blue
LineStyle=solid
Path=//eos/home-y/yiyu/monobc/Rivet_New/X2000_pi20_L40.yoda.gz/JetMETAnalysis/jet12_dphi
ScaledBy=1.43574086533557273e-08
Title=X2000_pi20_L40
# xlow	 xhigh	 val	 errminus	 errplus
0.000000e+00	6.283185e-02	7.015111e-05	4.003736e-06	4.003736e-06
6.283185e-02	1.256637e-01	7.037962e-05	4.010251e-06	4.010251e-06
1.256637e-01	1.884956e-01	6.900853e-05	3.970995e-06	3.970995e-06
1.884956e-01	2.513274e-01	7.380726e-05	4.106746e-06	4.106746e-06
2.513274e-01	3.141593e-01	7.929127e-05	4.256578e-06	4.256578e-06
3.141593e-01	3.769911e-01	9.528677e-05	4.666213e-06	4.666213e-06
3.769911e-01	4.398230e-01	1.035128e-04	4.863456e-06	4.863456e-06
4.398230e-01	5.026548e-01	1.179088e-04	5.190647e-06	5.190647e-06
5.026548e-01	5.654867e-01	1.099110e-04	5.011508e-06	5.011508e-06
5.654867e-01	6.283185e-01	1.007709e-04	4.798615e-06	4.798615e-06
6.283185e-01	6.911504e-01	8.843147e-05	4.495224e-06	4.495224e-06
6.911504e-01	7.539822e-01	7.860588e-05	4.238145e-06	4.238145e-06
7.539822e-01	8.168141e-01	7.540668e-05	4.151001e-06	4.151001e-06
8.168141e-01	8.796459e-01	7.197922e-05	4.055569e-06	4.055569e-06
8.796459e-01	9.424778e-01	6.626648e-05	3.891301e-06	3.891301e-06
9.424778e-01	1.005310e+00	5.986805e-05	3.698660e-06	3.698660e-06
1.005310e+00	1.068142e+00	5.392711e-05	3.510356e-06	3.510356e-06
1.068142e+00	1.130973e+00	5.552753e-05	3.562093e-06	3.562093e-06
1.130973e+00	1.193805e+00	5.415562e-05	3.517786e-06	3.517786e-06
1.193805e+00	1.256637e+00	5.232759e-05	3.457904e-06	3.457904e-06
1.256637e+00	1.319469e+00	4.867150e-05	3.334916e-06	3.334916e-06
1.319469e+00	1.382301e+00	5.301310e-05	3.480480e-06	3.480480e-06
1.382301e+00	1.445133e+00	5.255609e-05	3.465446e-06	3.465446e-06
1.445133e+00	1.507964e+00	4.935780e-05	3.358373e-06	3.358373e-06
1.507964e+00	1.570796e+00	5.049954e-05	3.396967e-06	3.396967e-06
1.570796e+00	1.633628e+00	4.684347e-05	3.271690e-06	3.271690e-06
1.633628e+00	1.696460e+00	5.049954e-05	3.396967e-06	3.396967e-06
1.696460e+00	1.759292e+00	5.164206e-05	3.435179e-06	3.435179e-06
1.759292e+00	1.822124e+00	5.392711e-05	3.510356e-06	3.510356e-06
1.822124e+00	1.884956e+00	4.890000e-05	3.342736e-06	3.342736e-06
1.884956e+00	1.947787e+00	5.392797e-05	3.510412e-06	3.510412e-06
1.947787e+00	2.010619e+00	5.095655e-05	3.412303e-06	3.412303e-06
2.010619e+00	2.073451e+00	5.347011e-05	3.495450e-06	3.495450e-06
2.073451e+00	2.136283e+00	6.169627e-05	3.754716e-06	3.754716e-06
2.136283e+00	2.199115e+00	5.895421e-05	3.670329e-06	3.670329e-06
2.199115e+00	2.261947e+00	6.101076e-05	3.733798e-06	3.733798e-06
2.261947e+00	2.324779e+00	6.420983e-05	3.830437e-06	3.830437e-06
2.324779e+00	2.387610e+00	6.421085e-05	3.830498e-06	3.830498e-06
2.387610e+00	2.450442e+00	7.403552e-05	4.113085e-06	4.113085e-06
2.450442e+00	2.513274e+00	7.586357e-05	4.163554e-06	4.163554e-06
2.513274e+00	2.576106e+00	7.060795e-05	4.016746e-06	4.016746e-06
2.576106e+00	2.638938e+00	8.591778e-05	4.430871e-06	4.430871e-06
2.638938e+00	2.701770e+00	7.929114e-05	4.256571e-06	4.256571e-06
2.701770e+00	2.764602e+00	8.980236e-05	4.529930e-06	4.529930e-06
2.764602e+00	2.827433e+00	9.688754e-05	4.705275e-06	4.705275e-06
2.827433e+00	2.890265e+00	1.009991e-04	4.804037e-06	4.804037e-06
2.890265e+00	2.953097e+00	1.103678e-04	5.021908e-06	5.021908e-06
2.953097e+00	3.015929e+00	1.144809e-04	5.114627e-06	5.114627e-06
3.015929e+00	3.078761e+00	1.252206e-04	5.349159e-06	5.349159e-06
3.078761e+00	3.141593e+00	1.293337e-04	5.436299e-06	5.436299e-06
# END HISTO1D


# BEGIN HISTO1D //eos/home-y/yiyu/monobc/Rivet_New/X3000_pi20_L40.yoda.gz/JetMETAnalysis/jet12_dphi
ErrorBars=1
LineColor=green
LineStyle=solid
Path=//eos/home-y/yiyu/monobc/Rivet_New/X3000_pi20_L40.yoda.gz/JetMETAnalysis/jet12_dphi
ScaledBy=1.16353151695240519e-09
Title=X3000_pi20_L40
# xlow	 xhigh	 val	 errminus	 errplus
0.000000e+00	6.283185e-02	4.703618e-06	2.951312e-07	2.951312e-07
6.283185e-02	1.256637e-01	5.425826e-06	3.169802e-07	3.169802e-07
1.256637e-01	1.884956e-01	5.536931e-06	3.202090e-07	3.202090e-07
1.884956e-01	2.513274e-01	5.592495e-06	3.218119e-07	3.218119e-07
2.513274e-01	3.141593e-01	5.703595e-06	3.249925e-07	3.249925e-07
3.141593e-01	3.769911e-01	6.425813e-06	3.449557e-07	3.449557e-07
3.769911e-01	4.398230e-01	7.740594e-06	3.786048e-07	3.786048e-07
4.398230e-01	5.026548e-01	8.222079e-06	3.902026e-07	3.902026e-07
5.026548e-01	5.654867e-01	8.518356e-06	3.971704e-07	3.971704e-07
5.654867e-01	6.283185e-01	7.166541e-06	3.642958e-07	3.642958e-07
6.283185e-01	6.911504e-01	7.333194e-06	3.685068e-07	3.685068e-07
6.911504e-01	7.539822e-01	5.444350e-06	3.175209e-07	3.175209e-07
7.539822e-01	8.168141e-01	4.759169e-06	2.968688e-07	2.968688e-07
8.168141e-01	8.796459e-01	5.055467e-06	3.059708e-07	3.059708e-07
8.796459e-01	9.424778e-01	4.870278e-06	3.003142e-07	3.003142e-07
9.424778e-01	1.005310e+00	4.425820e-06	2.862825e-07	2.862825e-07
1.005310e+00	1.068142e+00	4.073989e-06	2.746683e-07	2.746683e-07
1.068142e+00	1.130973e+00	4.240720e-06	2.802347e-07	2.802347e-07
1.130973e+00	1.193805e+00	3.999917e-06	2.721599e-07	2.721599e-07
1.193805e+00	1.256637e+00	3.981400e-06	2.715292e-07	2.715292e-07
1.256637e+00	1.319469e+00	3.944363e-06	2.702633e-07	2.702633e-07
1.319469e+00	1.382301e+00	4.073989e-06	2.746683e-07	2.746683e-07
1.382301e+00	1.445133e+00	3.351783e-06	2.491360e-07	2.491360e-07
1.445133e+00	1.507964e+00	3.703686e-06	2.618901e-07	2.618901e-07
1.507964e+00	1.570796e+00	3.666590e-06	2.605733e-07	2.605733e-07
1.570796e+00	1.633628e+00	3.907327e-06	2.689915e-07	2.689915e-07
1.633628e+00	1.696460e+00	3.851773e-06	2.670724e-07	2.670724e-07
1.696460e+00	1.759292e+00	3.944363e-06	2.702633e-07	2.702633e-07
1.759292e+00	1.822124e+00	4.611015e-06	2.922113e-07	2.922113e-07
1.822124e+00	1.884956e+00	3.703627e-06	2.618860e-07	2.618860e-07
1.884956e+00	1.947787e+00	4.222202e-06	2.796222e-07	2.796222e-07
1.947787e+00	2.010619e+00	4.444353e-06	2.868817e-07	2.868817e-07
2.010619e+00	2.073451e+00	4.759161e-06	2.968683e-07	2.968683e-07
2.073451e+00	2.136283e+00	4.629534e-06	2.927974e-07	2.927974e-07
2.136283e+00	2.199115e+00	4.777679e-06	2.974453e-07	2.974453e-07
2.199115e+00	2.261947e+00	4.907307e-06	3.014534e-07	3.014534e-07
2.261947e+00	2.324779e+00	5.203597e-06	3.104205e-07	3.104205e-07
2.324779e+00	2.387610e+00	5.388864e-06	3.159008e-07	3.159008e-07
2.387610e+00	2.450442e+00	5.870249e-06	3.297060e-07	3.297060e-07
2.450442e+00	2.513274e+00	5.870249e-06	3.297060e-07	3.297060e-07
2.513274e+00	2.576106e+00	6.110985e-06	3.363986e-07	3.363986e-07
2.576106e+00	2.638938e+00	6.685047e-06	3.518446e-07	3.518446e-07
2.638938e+00	2.701770e+00	6.888746e-06	3.571649e-07	3.571649e-07
2.701770e+00	2.764602e+00	6.981338e-06	3.595572e-07	3.595572e-07
2.764602e+00	2.827433e+00	7.833296e-06	3.808679e-07	3.808679e-07
2.827433e+00	2.890265e+00	9.296104e-06	4.149054e-07	4.149054e-07
2.890265e+00	2.953097e+00	9.314623e-06	4.153185e-07	4.153185e-07
2.953097e+00	3.015929e+00	1.064793e-05	4.440493e-07	4.440493e-07
3.015929e+00	3.078761e+00	1.138865e-05	4.592348e-07	4.592348e-07
3.078761e+00	3.141593e+00	1.227752e-05	4.768195e-07	4.768195e-07
# END HISTO1D


# BEGIN HISTO1D //eos/home-y/yiyu/monobc/Rivet_New/X600_pi20_L40.yoda.gz/JetMETAnalysis/jet12_dphi
ErrorBars=1
LineColor=orange
LineStyle=solid
Path=//eos/home-y/yiyu/monobc/Rivet_New/X600_pi20_L40.yoda.gz/JetMETAnalysis/jet12_dphi
ScaledBy=6.54464337436299511e-06
Title=X600_pi20_L40
# xlow	 xhigh	 val	 errminus	 errplus
0.000000e+00	6.283185e-02	1.895734e-02	1.405212e-03	1.405212e-03
6.283185e-02	1.256637e-01	2.051977e-02	1.461973e-03	1.461973e-03
1.256637e-01	1.884956e-01	1.979062e-02	1.435762e-03	1.435762e-03
1.884956e-01	2.513274e-01	2.124891e-02	1.487721e-03	1.487721e-03
2.513274e-01	3.141593e-01	2.249881e-02	1.530850e-03	1.530850e-03
3.141593e-01	3.769911e-01	2.562368e-02	1.633707e-03	1.633707e-03
3.769911e-01	4.398230e-01	2.583197e-02	1.640331e-03	1.640331e-03
4.398230e-01	5.026548e-01	2.926933e-02	1.746062e-03	1.746062e-03
5.026548e-01	5.654867e-01	3.135251e-02	1.807129e-03	1.807129e-03
5.654867e-01	6.283185e-01	3.031094e-02	1.776859e-03	1.776859e-03
6.283185e-01	6.911504e-01	3.312325e-02	1.857460e-03	1.857460e-03
6.911504e-01	7.539822e-01	3.145671e-02	1.810131e-03	1.810131e-03
7.539822e-01	8.168141e-01	3.093586e-02	1.795081e-03	1.795081e-03
8.168141e-01	8.796459e-01	2.968597e-02	1.758445e-03	1.758445e-03
8.796459e-01	9.424778e-01	2.760270e-02	1.695620e-03	1.695620e-03
9.424778e-01	1.005310e+00	2.801922e-02	1.708362e-03	1.708362e-03
1.005310e+00	1.068142e+00	2.541528e-02	1.627047e-03	1.627047e-03
1.068142e+00	1.130973e+00	2.499903e-02	1.613681e-03	1.613681e-03
1.130973e+00	1.193805e+00	2.374871e-02	1.572796e-03	1.572796e-03
1.193805e+00	1.256637e+00	2.395703e-02	1.579680e-03	1.579680e-03
1.256637e+00	1.319469e+00	2.364454e-02	1.569344e-03	1.569344e-03
1.319469e+00	1.382301e+00	2.572777e-02	1.637018e-03	1.637018e-03
1.382301e+00	1.445133e+00	1.937395e-02	1.420566e-03	1.420566e-03
1.445133e+00	1.507964e+00	2.062420e-02	1.465698e-03	1.465698e-03
1.507964e+00	1.570796e+00	2.093635e-02	1.476737e-03	1.476737e-03
1.570796e+00	1.633628e+00	2.176964e-02	1.505838e-03	1.505838e-03
1.633628e+00	1.696460e+00	1.989475e-02	1.439534e-03	1.439534e-03
1.696460e+00	1.759292e+00	2.166549e-02	1.502231e-03	1.502231e-03
1.759292e+00	1.822124e+00	2.104052e-02	1.480406e-03	1.480406e-03
1.822124e+00	1.884956e+00	2.312374e-02	1.551964e-03	1.551964e-03
1.884956e+00	1.947787e+00	2.229081e-02	1.523768e-03	1.523768e-03
1.947787e+00	2.010619e+00	2.083220e-02	1.473059e-03	1.473059e-03
2.010619e+00	2.073451e+00	2.510280e-02	1.617014e-03	1.617014e-03
2.073451e+00	2.136283e+00	2.197797e-02	1.513026e-03	1.513026e-03
2.136283e+00	2.199115e+00	2.322789e-02	1.555455e-03	1.555455e-03
2.199115e+00	2.261947e+00	2.395703e-02	1.579680e-03	1.579680e-03
2.261947e+00	2.324779e+00	2.937339e-02	1.749160e-03	1.749160e-03
2.324779e+00	2.387610e+00	2.635315e-02	1.656809e-03	1.656809e-03
2.387610e+00	2.450442e+00	2.749850e-02	1.692416e-03	1.692416e-03
2.450442e+00	2.513274e+00	3.051918e-02	1.782949e-03	1.782949e-03
2.513274e+00	2.576106e+00	2.885259e-02	1.733584e-03	1.733584e-03
2.576106e+00	2.638938e+00	2.947756e-02	1.752259e-03	1.752259e-03
2.638938e+00	2.701770e+00	3.031084e-02	1.776854e-03	1.776854e-03
2.701770e+00	2.764602e+00	3.291487e-02	1.851606e-03	1.851606e-03
2.764602e+00	2.827433e+00	3.197794e-02	1.825077e-03	1.825077e-03
2.827433e+00	2.890265e+00	3.510226e-02	1.912141e-03	1.912141e-03
2.890265e+00	2.953097e+00	3.447729e-02	1.895043e-03	1.895043e-03
2.953097e+00	3.015929e+00	3.531057e-02	1.917807e-03	1.917807e-03
3.015929e+00	3.078761e+00	3.656051e-02	1.951456e-03	1.951456e-03
3.078761e+00	3.141593e+00	4.031030e-02	2.049088e-03	2.049088e-03
# END HISTO1D


# BEGIN HISTO1D //eos/home-y/yiyu/monobc/Rivet_New/X800_pi20_L40.yoda.gz/JetMETAnalysis/jet12_dphi
ErrorBars=1
LineColor=lilac
LineStyle=solid
Path=//eos/home-y/yiyu/monobc/Rivet_New/X800_pi20_L40.yoda.gz/JetMETAnalysis/jet12_dphi
ScaledBy=1.74795577089739022e-06
Title=X800_pi20_L40
# xlow	 xhigh	 val	 errminus	 errplus
0.000000e+00	6.283185e-02	6.481963e-03	4.246475e-04	4.246475e-04
6.283185e-02	1.256637e-01	7.316550e-03	4.511578e-04	4.511578e-04
1.256637e-01	1.884956e-01	6.760154e-03	4.336640e-04	4.336640e-04
1.884956e-01	2.513274e-01	6.815803e-03	4.354457e-04	4.354457e-04
2.513274e-01	3.141593e-01	7.316545e-03	4.511574e-04	4.511574e-04
3.141593e-01	3.769911e-01	7.622572e-03	4.604964e-04	4.604964e-04
3.769911e-01	4.398230e-01	9.180455e-03	5.053673e-04	5.053673e-04
4.398230e-01	5.026548e-01	1.084965e-02	5.493931e-04	5.493931e-04
5.026548e-01	5.654867e-01	1.160076e-02	5.680915e-04	5.680915e-04
5.654867e-01	6.283185e-01	1.165641e-02	5.694530e-04	5.694530e-04
6.283185e-01	6.911504e-01	1.023760e-02	5.336718e-04	5.336718e-04
6.911504e-01	7.539822e-01	9.291747e-03	5.084219e-04	5.084219e-04
7.539822e-01	8.168141e-01	8.624064e-03	4.898139e-04	4.898139e-04
8.168141e-01	8.796459e-01	8.568438e-03	4.882321e-04	4.882321e-04
8.796459e-01	9.424778e-01	7.761658e-03	4.646783e-04	4.646783e-04
9.424778e-01	1.005310e+00	7.455606e-03	4.554236e-04	4.554236e-04
1.005310e+00	1.068142e+00	7.344352e-03	4.520136e-04	4.520136e-04
1.068142e+00	1.130973e+00	7.372289e-03	4.528761e-04	4.528761e-04
1.130973e+00	1.193805e+00	6.342849e-03	4.200655e-04	4.200655e-04
1.193805e+00	1.256637e+00	6.815782e-03	4.354443e-04	4.354443e-04
1.256637e+00	1.319469e+00	6.426308e-03	4.228200e-04	4.228200e-04
1.319469e+00	1.382301e+00	5.591722e-03	3.944097e-04	3.944097e-04
1.382301e+00	1.445133e+00	6.342849e-03	4.200655e-04	4.200655e-04
1.445133e+00	1.507964e+00	5.953470e-03	4.069709e-04	4.069709e-04
1.507964e+00	1.570796e+00	5.703000e-03	3.983148e-04	3.983148e-04
1.570796e+00	1.633628e+00	5.619543e-03	3.953896e-04	3.953896e-04
1.633628e+00	1.696460e+00	5.814279e-03	4.021821e-04	4.021821e-04
1.696460e+00	1.759292e+00	6.092474e-03	4.116912e-04	4.116912e-04
1.759292e+00	1.822124e+00	5.647361e-03	3.963671e-04	3.963671e-04
1.822124e+00	1.884956e+00	6.370669e-03	4.209857e-04	4.209857e-04
1.884956e+00	1.947787e+00	6.120391e-03	4.126367e-04	4.126367e-04
1.947787e+00	2.010619e+00	6.175933e-03	4.145015e-04	4.145015e-04
2.010619e+00	2.073451e+00	6.203751e-03	4.154339e-04	4.154339e-04
2.073451e+00	2.136283e+00	6.593225e-03	4.282760e-04	4.282760e-04
2.136283e+00	2.199115e+00	6.148112e-03	4.135668e-04	4.135668e-04
2.199115e+00	2.261947e+00	6.231571e-03	4.163644e-04	4.163644e-04
2.261947e+00	2.324779e+00	6.593225e-03	4.282760e-04	4.282760e-04
2.324779e+00	2.387610e+00	7.622669e-03	4.605022e-04	4.605022e-04
2.387610e+00	2.450442e+00	7.344352e-03	4.520136e-04	4.520136e-04
2.450442e+00	2.513274e+00	7.594727e-03	4.596538e-04	4.596538e-04
2.513274e+00	2.576106e+00	8.123299e-03	4.753801e-04	4.753801e-04
2.576106e+00	2.638938e+00	7.900742e-03	4.688228e-04	4.688228e-04
2.638938e+00	2.701770e+00	9.263899e-03	5.076584e-04	5.076584e-04
2.701770e+00	2.764602e+00	9.347356e-03	5.099400e-04	5.099400e-04
2.764602e+00	2.827433e+00	9.041486e-03	5.015314e-04	5.015314e-04
2.827433e+00	2.890265e+00	1.026540e-02	5.343955e-04	5.343955e-04
2.890265e+00	2.953097e+00	9.486454e-03	5.137203e-04	5.137203e-04
2.953097e+00	3.015929e+00	1.093307e-02	5.515003e-04	5.515003e-04
3.015929e+00	3.078761e+00	1.135036e-02	5.619268e-04	5.619268e-04
3.078761e+00	3.141593e+00	1.173983e-02	5.714861e-04	5.714861e-04
# END HISTO1D

