# BEGIN PLOT
Legend=1
LogY=1
LegendPlacement=manual
LegendAlign=r
LegendXPos=1.36
RightMargin=3.7
Title=Di-jet invariant mass
XLabel=$m_{jj}$ [GeV]
YLabel=$\mathrm{d}\sigma/\mathrm{d}m_{jj}$ [pb/GeV]
LogX=1
DrawOnly=//eos/home-y/yiyu/monobc/Rivet_New/X1500_pi20_L40.yoda.gz/JetMETAnalysis/jet12_m //eos/home-y/yiyu/monobc/Rivet_New/X2000_pi20_L40.yoda.gz/JetMETAnalysis/jet12_m //eos/home-y/yiyu/monobc/Rivet_New/X3000_pi20_L40.yoda.gz/JetMETAnalysis/jet12_m //eos/home-y/yiyu/monobc/Rivet_New/X600_pi20_L40.yoda.gz/JetMETAnalysis/jet12_m //eos/home-y/yiyu/monobc/Rivet_New/X800_pi20_L40.yoda.gz/JetMETAnalysis/jet12_m
LegendOnly=//eos/home-y/yiyu/monobc/Rivet_New/X1500_pi20_L40.yoda.gz/JetMETAnalysis/jet12_m //eos/home-y/yiyu/monobc/Rivet_New/X2000_pi20_L40.yoda.gz/JetMETAnalysis/jet12_m //eos/home-y/yiyu/monobc/Rivet_New/X3000_pi20_L40.yoda.gz/JetMETAnalysis/jet12_m //eos/home-y/yiyu/monobc/Rivet_New/X600_pi20_L40.yoda.gz/JetMETAnalysis/jet12_m //eos/home-y/yiyu/monobc/Rivet_New/X800_pi20_L40.yoda.gz/JetMETAnalysis/jet12_m
RatioPlot=1
RatioPlotReference=//eos/home-y/yiyu/monobc/Rivet_New/X1500_pi20_L40.yoda.gz/JetMETAnalysis/jet12_m
RatioPlotYLabel=Ratio
# END PLOT

# BEGIN HISTO1D //eos/home-y/yiyu/monobc/Rivet_New/X1500_pi20_L40.yoda.gz/JetMETAnalysis/jet12_m
ErrorBars=1
LineColor=red
LineStyle=solid
Path=//eos/home-y/yiyu/monobc/Rivet_New/X1500_pi20_L40.yoda.gz/JetMETAnalysis/jet12_m
ScaledBy=7.40852161136831314e-08
Title=X1500_pi20_L40
# xlow	 xhigh	 val	 errminus	 errplus
5.000000e+01	5.426665e+01	5.035499e-06	2.956947e-07	2.956947e-07
5.426665e+01	5.889739e+01	6.847387e-06	3.309810e-07	3.309810e-07
5.889739e+01	6.392328e+01	8.549616e-06	3.550034e-07	3.550034e-07
6.392328e+01	6.937805e+01	1.116418e-05	3.893956e-07	3.893956e-07
6.937805e+01	7.529829e+01	1.245132e-05	3.947333e-07	3.947333e-07
7.529829e+01	8.172373e+01	1.014639e-05	3.420346e-07	3.420346e-07
8.172373e+01	8.869746e+01	5.439217e-06	2.403817e-07	2.403817e-07
8.869746e+01	9.626628e+01	4.678765e-06	2.140017e-07	2.140017e-07
9.626628e+01	1.044810e+02	4.599482e-06	2.036685e-07	2.036685e-07
1.044810e+02	1.133967e+02	4.254476e-06	1.880230e-07	1.880230e-07
1.133967e+02	1.230731e+02	3.996577e-06	1.749254e-07	1.749254e-07
1.230731e+02	1.335753e+02	3.477748e-06	1.566299e-07	1.566299e-07
1.335753e+02	1.449737e+02	3.314804e-06	1.467820e-07	1.467820e-07
1.449737e+02	1.573448e+02	2.766720e-06	1.287195e-07	1.287195e-07
1.573448e+02	1.707715e+02	2.593344e-06	1.196220e-07	1.196220e-07
1.707715e+02	1.853439e+02	2.430123e-06	1.111513e-07	1.111513e-07
1.853439e+02	2.011599e+02	2.168782e-06	1.007918e-07	1.007918e-07
2.011599e+02	2.183255e+02	2.101849e-06	9.524388e-08	9.524388e-08
2.183255e+02	2.369559e+02	1.896827e-06	8.684974e-08	8.684974e-08
2.369559e+02	2.571760e+02	1.619461e-06	7.702991e-08	7.702991e-08
2.571760e+02	2.791217e+02	1.417854e-06	6.918417e-08	6.918417e-08
2.791217e+02	3.029400e+02	1.228621e-06	6.181863e-08	6.181863e-08
3.029400e+02	3.287907e+02	1.189343e-06	5.838258e-08	5.838258e-08
3.287907e+02	3.568475e+02	9.373931e-07	4.975166e-08	4.975166e-08
3.568475e+02	3.872983e+02	8.393671e-07	4.519001e-08	4.519001e-08
3.872983e+02	4.203477e+02	7.576779e-07	4.121225e-08	4.121225e-08
4.203477e+02	4.562172e+02	6.051651e-07	3.535412e-08	3.535412e-08
4.562172e+02	4.951476e+02	5.290387e-07	3.172963e-08	3.172963e-08
4.951476e+02	5.374001e+02	4.243209e-07	2.727639e-08	2.727639e-08
5.374001e+02	5.832581e+02	3.408779e-07	2.346701e-08	2.346701e-08
5.832581e+02	6.330293e+02	2.515591e-07	1.935071e-08	1.935071e-08
6.330293e+02	6.870476e+02	1.741784e-07	1.545584e-08	1.545584e-08
6.870476e+02	7.456754e+02	1.339473e-07	1.301011e-08	1.301011e-08
7.456754e+02	8.093062e+02	1.175941e-07	1.170105e-08	1.170105e-08
8.093062e+02	8.783667e+02	7.294756e-08	8.846190e-09	8.846190e-09
8.783667e+02	9.533204e+02	5.040907e-08	7.058681e-09	7.058681e-09
9.533204e+02	1.034670e+03	3.551736e-08	5.687331e-09	5.687331e-09
1.034670e+03	1.122962e+03	3.104645e-08	5.104004e-09	5.104004e-09
1.122962e+03	1.218787e+03	1.932825e-08	3.865652e-09	3.865652e-09
1.218787e+03	1.322790e+03	7.123373e-09	2.252608e-09	2.252608e-09
1.322790e+03	1.435668e+03	1.247027e-08	2.860877e-09	2.860877e-09
1.435668e+03	1.558178e+03	4.233095e-09	1.599960e-09	1.599960e-09
1.558178e+03	1.691142e+03	2.785913e-09	1.245898e-09	1.245898e-09
1.691142e+03	1.835452e+03	2.053502e-09	1.026751e-09	1.026751e-09
1.835452e+03	1.992077e+03	9.460201e-10	6.689374e-10	6.689374e-10
1.992077e+03	2.162067e+03	0.000000e+00	0.000000e+00	0.000000e+00
2.162067e+03	2.346563e+03	8.031090e-10	5.678840e-10	5.678840e-10
2.346563e+03	2.546802e+03	3.699840e-10	3.699839e-10	3.699839e-10
2.546802e+03	2.764129e+03	6.817855e-10	4.820953e-10	4.820953e-10
2.764129e+03	3.000000e+03	0.000000e+00	0.000000e+00	0.000000e+00
# END HISTO1D


# BEGIN HISTO1D //eos/home-y/yiyu/monobc/Rivet_New/X2000_pi20_L40.yoda.gz/JetMETAnalysis/jet12_m
ErrorBars=1
LineColor=blue
LineStyle=solid
Path=//eos/home-y/yiyu/monobc/Rivet_New/X2000_pi20_L40.yoda.gz/JetMETAnalysis/jet12_m
ScaledBy=1.43574086533557273e-08
Title=X2000_pi20_L40
# xlow	 xhigh	 val	 errminus	 errplus
5.000000e+01	5.426665e+01	8.883682e-07	5.467528e-08	5.467528e-08
5.426665e+01	5.889739e+01	1.144069e-06	5.955783e-08	5.955783e-08
5.889739e+01	6.392328e+01	1.299794e-06	6.093528e-08	6.093528e-08
6.392328e+01	6.937805e+01	1.645052e-06	6.580208e-08	6.580208e-08
6.937805e+01	7.529829e+01	2.199602e-06	7.303657e-08	7.303657e-08
7.529829e+01	8.172373e+01	1.854605e-06	6.437426e-08	6.437426e-08
8.172373e+01	8.869746e+01	1.103509e-06	4.766432e-08	4.766432e-08
8.869746e+01	9.626628e+01	8.668902e-07	4.055141e-08	4.055141e-08
9.626628e+01	1.044810e+02	8.459188e-07	3.845085e-08	3.845085e-08
1.044810e+02	1.133967e+02	7.761893e-07	3.535445e-08	3.535445e-08
1.133967e+02	1.230731e+02	7.196212e-07	3.267632e-08	3.267632e-08
1.230731e+02	1.335753e+02	6.589354e-07	3.001368e-08	3.001368e-08
1.335753e+02	1.449737e+02	6.713661e-07	2.908010e-08	2.908010e-08
1.449737e+02	1.573448e+02	5.860830e-07	2.608036e-08	2.608036e-08
1.573448e+02	1.707715e+02	5.271736e-07	2.374270e-08	2.374270e-08
1.707715e+02	1.853439e+02	4.758741e-07	2.165302e-08	2.165302e-08
1.853439e+02	2.011599e+02	4.293787e-07	1.974286e-08	1.974286e-08
2.011599e+02	2.183255e+02	4.282398e-07	1.892570e-08	1.892570e-08
2.183255e+02	2.369559e+02	3.868634e-07	1.726656e-08	1.726656e-08
2.369559e+02	2.571760e+02	3.223656e-07	1.512936e-08	1.512936e-08
2.571760e+02	2.791217e+02	2.930925e-07	1.384732e-08	1.384732e-08
2.791217e+02	3.029400e+02	2.802969e-07	1.299846e-08	1.299846e-08
3.029400e+02	3.287907e+02	2.432640e-07	1.162360e-08	1.162360e-08
3.287907e+02	3.568475e+02	2.067375e-07	1.028558e-08	1.028558e-08
3.568475e+02	3.872983e+02	1.758677e-07	9.106086e-09	9.106086e-09
3.872983e+02	4.203477e+02	1.689904e-07	8.568155e-09	8.568155e-09
4.203477e+02	4.562172e+02	1.428956e-07	7.562839e-09	7.562839e-09
4.562172e+02	4.951476e+02	1.242845e-07	6.770210e-09	6.770210e-09
4.951476e+02	5.374001e+02	1.107749e-07	6.135253e-09	6.135253e-09
5.374001e+02	5.832581e+02	7.858411e-08	4.960184e-09	4.960184e-09
5.832581e+02	6.330293e+02	6.865543e-08	4.450271e-09	4.450271e-09
6.330293e+02	6.870476e+02	5.873911e-08	3.951221e-09	3.951221e-09
6.870476e+02	7.456754e+02	4.603947e-08	3.357773e-09	3.357773e-09
7.456754e+02	8.093062e+02	3.835814e-08	2.941935e-09	2.941935e-09
8.093062e+02	8.783667e+02	2.972914e-08	2.486076e-09	2.486076e-09
8.783667e+02	9.533204e+02	2.068744e-08	1.990650e-09	1.990650e-09
9.533204e+02	1.034670e+03	1.659008e-08	1.711136e-09	1.711136e-09
1.034670e+03	1.122962e+03	1.170812e-08	1.379815e-09	1.379815e-09
1.122962e+03	1.218787e+03	8.390450e-09	1.121221e-09	1.121221e-09
1.218787e+03	1.322790e+03	5.107777e-09	8.397134e-10	8.397134e-10
1.322790e+03	1.435668e+03	4.706179e-09	7.736911e-10	7.736911e-10
1.435668e+03	1.558178e+03	1.757906e-09	4.538895e-10	4.538895e-10
1.558178e+03	1.691142e+03	1.403736e-09	3.893262e-10	3.893262e-10
1.691142e+03	1.835452e+03	3.979602e-10	1.989801e-10	1.989801e-10
1.835452e+03	1.992077e+03	6.416721e-10	2.425292e-10	2.425292e-10
1.992077e+03	2.162067e+03	2.533810e-10	1.462895e-10	1.462895e-10
2.162067e+03	2.346563e+03	3.112785e-10	1.556392e-10	1.556392e-10
2.346563e+03	2.546802e+03	1.434027e-10	1.014010e-10	1.014010e-10
2.546802e+03	2.764129e+03	0.000000e+00	0.000000e+00	0.000000e+00
2.764129e+03	3.000000e+03	0.000000e+00	0.000000e+00	0.000000e+00
# END HISTO1D


# BEGIN HISTO1D //eos/home-y/yiyu/monobc/Rivet_New/X3000_pi20_L40.yoda.gz/JetMETAnalysis/jet12_m
ErrorBars=1
LineColor=green
LineStyle=solid
Path=//eos/home-y/yiyu/monobc/Rivet_New/X3000_pi20_L40.yoda.gz/JetMETAnalysis/jet12_m
ScaledBy=1.16353151695240519e-09
Title=X3000_pi20_L40
# xlow	 xhigh	 val	 errminus	 errplus
5.000000e+01	5.426665e+01	6.926675e-08	4.346183e-09	4.346183e-09
5.426665e+01	5.889739e+01	8.844442e-08	4.714103e-09	4.714103e-09
5.889739e+01	6.392328e+01	9.491809e-08	4.687671e-09	4.687671e-09
6.392328e+01	6.937805e+01	1.273433e-07	5.211813e-09	5.211813e-09
6.937805e+01	7.529829e+01	1.428806e-07	5.299148e-09	5.299148e-09
7.529829e+01	8.172373e+01	1.280250e-07	4.814875e-09	4.814875e-09
8.172373e+01	8.869746e+01	7.407915e-08	3.515641e-09	3.515641e-09
8.869746e+01	9.626628e+01	7.040693e-08	3.289900e-09	3.289900e-09
9.626628e+01	1.044810e+02	6.133004e-08	2.947334e-09	2.947334e-09
1.044810e+02	1.133967e+02	5.990119e-08	2.795948e-09	2.795948e-09
1.133967e+02	1.230731e+02	5.410992e-08	2.550766e-09	2.550766e-09
1.230731e+02	1.335753e+02	4.719624e-08	2.286666e-09	2.286666e-09
1.335753e+02	1.449737e+02	4.685403e-08	2.186959e-09	2.186959e-09
1.449737e+02	1.573448e+02	4.006632e-08	1.941219e-09	1.941219e-09
1.573448e+02	1.707715e+02	3.882280e-08	1.834205e-09	1.834205e-09
1.707715e+02	1.853439e+02	3.297593e-08	1.622640e-09	1.622640e-09
1.853439e+02	2.011599e+02	3.178083e-08	1.529056e-09	1.529056e-09
2.011599e+02	2.183255e+02	3.104450e-08	1.450614e-09	1.450614e-09
2.183255e+02	2.369559e+02	2.897837e-08	1.345287e-09	1.345287e-09
2.369559e+02	2.571760e+02	2.589449e-08	1.220678e-09	1.220678e-09
2.571760e+02	2.791217e+02	2.184369e-08	1.076161e-09	1.076161e-09
2.791217e+02	3.029400e+02	2.325275e-08	1.065788e-09	1.065788e-09
3.029400e+02	3.287907e+02	1.980426e-08	9.441309e-10	9.441309e-10
3.287907e+02	3.568475e+02	1.662970e-08	8.304475e-10	8.304475e-10
3.568475e+02	3.872983e+02	1.532229e-08	7.651589e-10	7.651589e-10
3.872983e+02	4.203477e+02	1.358945e-08	6.916848e-10	6.916848e-10
4.203477e+02	4.562172e+02	1.154789e-08	6.120372e-10	6.120372e-10
4.562172e+02	4.951476e+02	9.384669e-09	5.296075e-10	5.296075e-10
4.951476e+02	5.374001e+02	9.059864e-09	4.994864e-10	4.994864e-10
5.374001e+02	5.832581e+02	7.687863e-09	4.416562e-10	4.416562e-10
5.832581e+02	6.330293e+02	6.873017e-09	4.008424e-10	4.008424e-10
6.330293e+02	6.870476e+02	5.815687e-09	3.539314e-10	3.539314e-10
6.870476e+02	7.456754e+02	5.179824e-09	3.206231e-10	3.206231e-10
7.456754e+02	8.093062e+02	3.163421e-09	2.405104e-10	2.405104e-10
8.093062e+02	8.783667e+02	3.352753e-09	2.376703e-10	2.376703e-10
8.783667e+02	9.533204e+02	2.375070e-09	1.920131e-10	1.920131e-10
9.533204e+02	1.034670e+03	1.973793e-09	1.680205e-10	1.680205e-10
1.034670e+03	1.122962e+03	1.357356e-09	1.337444e-10	1.337444e-10
1.122962e+03	1.218787e+03	1.311363e-09	1.261860e-10	1.261860e-10
1.218787e+03	1.322790e+03	9.285609e-10	1.019228e-10	1.019228e-10
1.322790e+03	1.435668e+03	9.174002e-10	9.724423e-11	9.724423e-11
1.435668e+03	1.558178e+03	4.748721e-10	6.715705e-11	6.715705e-11
1.558178e+03	1.691142e+03	3.587797e-10	5.603199e-11	5.603199e-11
1.691142e+03	1.835452e+03	1.531917e-10	3.514460e-11	3.514460e-11
1.835452e+03	1.992077e+03	1.708617e-10	3.562714e-11	3.562714e-11
1.992077e+03	2.162067e+03	1.095153e-10	2.737882e-11	2.737882e-11
2.162067e+03	2.346563e+03	1.891962e-11	1.092325e-11	1.092325e-11
2.346563e+03	2.546802e+03	1.743214e-11	1.006445e-11	1.006445e-11
2.546802e+03	2.764129e+03	1.070766e-11	7.571457e-12	7.571457e-12
2.764129e+03	3.000000e+03	4.932917e-12	4.932915e-12	4.932915e-12
# END HISTO1D


# BEGIN HISTO1D //eos/home-y/yiyu/monobc/Rivet_New/X600_pi20_L40.yoda.gz/JetMETAnalysis/jet12_m
ErrorBars=1
LineColor=orange
LineStyle=solid
Path=//eos/home-y/yiyu/monobc/Rivet_New/X600_pi20_L40.yoda.gz/JetMETAnalysis/jet12_m
ScaledBy=6.54464337436299511e-06
Title=X600_pi20_L40
# xlow	 xhigh	 val	 errminus	 errplus
5.000000e+01	5.426665e+01	6.963937e-04	3.268337e-05	3.268337e-05
5.426665e+01	5.889739e+01	8.479824e-04	3.461873e-05	3.461873e-05
5.889739e+01	6.392328e+01	9.883591e-04	3.587516e-05	3.587516e-05
6.392328e+01	6.937805e+01	1.078622e-03	3.597406e-05	3.597406e-05
6.937805e+01	7.529829e+01	9.694965e-04	3.273757e-05	3.273757e-05
7.529829e+01	8.172373e+01	6.590030e-04	2.590808e-05	2.590808e-05
8.172373e+01	8.869746e+01	4.457738e-04	2.045350e-05	2.045350e-05
8.869746e+01	9.626628e+01	4.211014e-04	1.908193e-05	1.908193e-05
9.626628e+01	1.044810e+02	3.744476e-04	1.727198e-05	1.727198e-05
1.044810e+02	1.133967e+02	3.618907e-04	1.629874e-05	1.629874e-05
1.133967e+02	1.230731e+02	3.199140e-04	1.470966e-05	1.470966e-05
1.230731e+02	1.335753e+02	2.903967e-04	1.345237e-05	1.345237e-05
1.335753e+02	1.449737e+02	2.526357e-04	1.204394e-05	1.204394e-05
1.449737e+02	1.573448e+02	2.449394e-04	1.138330e-05	1.138330e-05
1.573448e+02	1.707715e+02	1.954614e-04	9.760879e-06	9.760879e-06
1.707715e+02	1.853439e+02	2.012023e-04	9.505916e-06	9.505916e-06
1.853439e+02	2.011599e+02	1.568298e-04	8.055804e-06	8.055804e-06
2.011599e+02	2.183255e+02	1.464058e-04	7.471240e-06	7.471240e-06
2.183255e+02	2.369559e+02	1.152226e-04	6.362103e-06	6.362103e-06
2.369559e+02	2.571760e+02	9.904308e-05	5.661915e-06	5.661915e-06
2.571760e+02	2.791217e+02	7.962471e-05	4.872953e-06	4.872953e-06
2.791217e+02	3.029400e+02	5.605383e-05	3.924554e-06	3.924554e-06
3.029400e+02	3.287907e+02	4.582390e-05	3.406065e-06	3.406065e-06
3.287907e+02	3.568475e+02	3.662246e-05	2.922790e-06	2.922790e-06
3.568475e+02	3.872983e+02	2.708057e-05	2.412529e-06	2.412529e-06
3.872983e+02	4.203477e+02	2.673352e-05	2.300855e-06	2.300855e-06
4.203477e+02	4.562172e+02	1.331937e-05	1.558914e-06	1.558914e-06
4.562172e+02	4.951476e+02	1.159969e-05	1.396438e-06	1.396438e-06
4.951476e+02	5.374001e+02	8.674043e-06	1.159118e-06	1.159118e-06
5.374001e+02	5.832581e+02	8.277494e-06	1.086888e-06	1.086888e-06
5.832581e+02	6.330293e+02	4.865300e-06	7.998503e-07	7.998503e-07
6.330293e+02	6.870476e+02	2.301964e-06	5.281069e-07	5.281069e-07
6.870476e+02	7.456754e+02	2.344238e-06	5.115547e-07	5.115547e-07
7.456754e+02	8.093062e+02	1.131387e-06	3.411261e-07	3.411261e-07
8.093062e+02	8.783667e+02	1.800569e-06	4.130790e-07	4.130790e-07
8.783667e+02	9.533204e+02	4.365791e-07	1.952441e-07	1.952441e-07
9.533204e+02	1.034670e+03	7.240575e-07	2.413525e-07	2.413525e-07
1.034670e+03	1.122962e+03	4.447499e-07	1.815684e-07	1.815684e-07
1.122962e+03	1.218787e+03	4.780851e-07	1.806992e-07	1.806992e-07
1.218787e+03	1.322790e+03	3.775647e-07	1.541401e-07	1.541401e-07
1.322790e+03	1.435668e+03	1.739394e-07	1.004240e-07	1.004240e-07
1.435668e+03	1.558178e+03	1.602639e-07	9.252842e-08	9.252842e-08
1.558178e+03	1.691142e+03	0.000000e+00	0.000000e+00	0.000000e+00
1.691142e+03	1.835452e+03	9.070258e-08	6.413640e-08	6.413640e-08
1.835452e+03	1.992077e+03	0.000000e+00	0.000000e+00	0.000000e+00
1.992077e+03	2.162067e+03	3.850016e-08	3.850017e-08	3.850017e-08
2.162067e+03	2.346563e+03	0.000000e+00	0.000000e+00	0.000000e+00
2.346563e+03	2.546802e+03	0.000000e+00	0.000000e+00	0.000000e+00
2.546802e+03	2.764129e+03	0.000000e+00	0.000000e+00	0.000000e+00
2.764129e+03	3.000000e+03	0.000000e+00	0.000000e+00	0.000000e+00
# END HISTO1D


# BEGIN HISTO1D //eos/home-y/yiyu/monobc/Rivet_New/X800_pi20_L40.yoda.gz/JetMETAnalysis/jet12_m
ErrorBars=1
LineColor=lilac
LineStyle=solid
Path=//eos/home-y/yiyu/monobc/Rivet_New/X800_pi20_L40.yoda.gz/JetMETAnalysis/jet12_m
ScaledBy=1.74795577089739022e-06
Title=X800_pi20_L40
# xlow	 xhigh	 val	 errminus	 errplus
5.000000e+01	5.426665e+01	1.618231e-04	8.142204e-06	8.142204e-06
5.426665e+01	5.889739e+01	2.091172e-04	8.884541e-06	8.884541e-06
5.889739e+01	6.392328e+01	2.524958e-04	9.370997e-06	9.370997e-06
6.392328e+01	6.937805e+01	2.839146e-04	9.538298e-06	9.538298e-06
6.937805e+01	7.529829e+01	2.973175e-04	9.369273e-06	9.369273e-06
7.529829e+01	8.172373e+01	2.274227e-04	7.865579e-06	7.865579e-06
8.172373e+01	8.869746e+01	1.253243e-04	5.604674e-06	5.604674e-06
8.869746e+01	9.626628e+01	1.168565e-04	5.194904e-06	5.194904e-06
9.626628e+01	1.044810e+02	1.010721e-04	4.637506e-06	4.637506e-06
1.044810e+02	1.133967e+02	9.900711e-05	4.405758e-06	4.405758e-06
1.133967e+02	1.230731e+02	9.447531e-05	4.131117e-06	4.131117e-06
1.230731e+02	1.335753e+02	8.172062e-05	3.688000e-06	3.688000e-06
1.335753e+02	1.449737e+02	7.360847e-05	3.359752e-06	3.359752e-06
1.449737e+02	1.573448e+02	6.527759e-05	3.036988e-06	3.036988e-06
1.573448e+02	1.707715e+02	6.248883e-05	2.852212e-06	2.852212e-06
1.707715e+02	1.853439e+02	5.829558e-05	2.644341e-06	2.644341e-06
1.853439e+02	2.011599e+02	4.807542e-05	2.305040e-06	2.305040e-06
2.011599e+02	2.183255e+02	4.297183e-05	2.091836e-06	2.091836e-06
2.183255e+02	2.369559e+02	3.311944e-05	1.762770e-06	1.762770e-06
2.369559e+02	2.571760e+02	3.241742e-05	1.674028e-06	1.674028e-06
2.571760e+02	2.791217e+02	2.739930e-05	1.477271e-06	1.477271e-06
2.791217e+02	3.029400e+02	2.260323e-05	1.287938e-06	1.287938e-06
3.029400e+02	3.287907e+02	1.954141e-05	1.149495e-06	1.149495e-06
3.287907e+02	3.568475e+02	1.370614e-05	9.240674e-07	9.240674e-07
3.568475e+02	3.872983e+02	1.176754e-05	8.218805e-07	8.218805e-07
3.872983e+02	4.203477e+02	8.462269e-06	6.690011e-07	6.690011e-07
4.203477e+02	4.562172e+02	7.699494e-06	6.125389e-07	6.125389e-07
4.562172e+02	4.951476e+02	4.759347e-06	4.622687e-07	4.622687e-07
4.951476e+02	5.374001e+02	3.805974e-06	3.968002e-07	3.968002e-07
5.374001e+02	5.832581e+02	2.287001e-06	2.952507e-07	2.952507e-07
5.832581e+02	6.330293e+02	2.142309e-06	2.742946e-07	2.742946e-07
6.330293e+02	6.870476e+02	9.383990e-07	1.742563e-07	1.742563e-07
6.870476e+02	7.456754e+02	1.132949e-06	1.837886e-07	1.837886e-07
7.456754e+02	8.093062e+02	8.790488e-07	1.553954e-07	1.553954e-07
8.093062e+02	8.783667e+02	7.086940e-07	1.339306e-07	1.339306e-07
8.783667e+02	9.533204e+02	3.264866e-07	8.725722e-08	8.725722e-08
9.533204e+02	1.034670e+03	1.718957e-07	6.077431e-08	6.077431e-08
1.034670e+03	1.122962e+03	7.918977e-08	3.959489e-08	3.959489e-08
1.122962e+03	1.218787e+03	5.472337e-08	3.159455e-08	3.159455e-08
1.218787e+03	1.322790e+03	6.722713e-08	3.361357e-08	3.361357e-08
1.322790e+03	1.435668e+03	4.645606e-08	2.682142e-08	2.682142e-08
1.435668e+03	1.558178e+03	2.853573e-08	2.017780e-08	2.017780e-08
1.558178e+03	1.691142e+03	2.629217e-08	1.859137e-08	1.859137e-08
1.691142e+03	1.835452e+03	3.633752e-08	2.097948e-08	2.097948e-08
1.835452e+03	1.992077e+03	1.116013e-08	1.116013e-08	1.116013e-08
1.992077e+03	2.162067e+03	1.028270e-08	1.028270e-08	1.028270e-08
2.162067e+03	2.346563e+03	0.000000e+00	0.000000e+00	0.000000e+00
2.346563e+03	2.546802e+03	0.000000e+00	0.000000e+00	0.000000e+00
2.546802e+03	2.764129e+03	0.000000e+00	0.000000e+00	0.000000e+00
2.764129e+03	3.000000e+03	0.000000e+00	0.000000e+00	0.000000e+00
# END HISTO1D

