# BEGIN PLOT
Legend=1
LogY=1
LegendPlacement=manual
LegendAlign=r
LegendXPos=1.36
RightMargin=3.7
Title=Di-jet $\Delta R$
XLabel=$\Delta R_{jj}$
YLabel=$\mathrm{d}\sigma/\mathrm{d}\Delta R_{jj}$ [pb]
DrawOnly=//eos/home-y/yiyu/monobc/Rivet_New/X1500_pi20_L40.yoda.gz/JetMETAnalysis/jet12_dR //eos/home-y/yiyu/monobc/Rivet_New/X2000_pi20_L40.yoda.gz/JetMETAnalysis/jet12_dR //eos/home-y/yiyu/monobc/Rivet_New/X3000_pi20_L40.yoda.gz/JetMETAnalysis/jet12_dR //eos/home-y/yiyu/monobc/Rivet_New/X600_pi20_L40.yoda.gz/JetMETAnalysis/jet12_dR //eos/home-y/yiyu/monobc/Rivet_New/X800_pi20_L40.yoda.gz/JetMETAnalysis/jet12_dR
LegendOnly=//eos/home-y/yiyu/monobc/Rivet_New/X1500_pi20_L40.yoda.gz/JetMETAnalysis/jet12_dR //eos/home-y/yiyu/monobc/Rivet_New/X2000_pi20_L40.yoda.gz/JetMETAnalysis/jet12_dR //eos/home-y/yiyu/monobc/Rivet_New/X3000_pi20_L40.yoda.gz/JetMETAnalysis/jet12_dR //eos/home-y/yiyu/monobc/Rivet_New/X600_pi20_L40.yoda.gz/JetMETAnalysis/jet12_dR //eos/home-y/yiyu/monobc/Rivet_New/X800_pi20_L40.yoda.gz/JetMETAnalysis/jet12_dR
RatioPlot=1
RatioPlotReference=//eos/home-y/yiyu/monobc/Rivet_New/X1500_pi20_L40.yoda.gz/JetMETAnalysis/jet12_dR
RatioPlotYLabel=Ratio
# END PLOT

# BEGIN HISTO1D //eos/home-y/yiyu/monobc/Rivet_New/X1500_pi20_L40.yoda.gz/JetMETAnalysis/jet12_dR
ErrorBars=1
LineColor=red
LineStyle=solid
Path=//eos/home-y/yiyu/monobc/Rivet_New/X1500_pi20_L40.yoda.gz/JetMETAnalysis/jet12_dR
ScaledBy=7.40852161136831314e-08
Title=X1500_pi20_L40
# xlow	 xhigh	 val	 errminus	 errplus
0.000000e+00	1.000000e-01	0.000000e+00	0.000000e+00	0.000000e+00
1.000000e-01	2.000000e-01	0.000000e+00	0.000000e+00	0.000000e+00
2.000000e-01	3.000000e-01	0.000000e+00	0.000000e+00	0.000000e+00
3.000000e-01	4.000000e-01	1.481704e-06	1.047723e-06	1.047723e-06
4.000000e-01	5.000000e-01	3.563499e-04	1.624816e-05	1.624816e-05
5.000000e-01	6.000000e-01	6.208341e-04	2.144636e-05	2.144636e-05
6.000000e-01	7.000000e-01	5.341544e-04	1.989295e-05	1.989295e-05
7.000000e-01	8.000000e-01	5.022978e-04	1.929063e-05	1.929063e-05
8.000000e-01	9.000000e-01	4.074687e-04	1.737452e-05	1.737452e-05
9.000000e-01	1.000000e+00	3.748712e-04	1.666506e-05	1.666506e-05
1.000000e+00	1.100000e+00	3.667218e-04	1.648292e-05	1.648292e-05
1.100000e+00	1.200000e+00	3.244932e-04	1.550489e-05	1.550489e-05
1.200000e+00	1.300000e+00	2.867098e-04	1.457428e-05	1.457428e-05
1.300000e+00	1.400000e+00	2.822647e-04	1.446086e-05	1.446086e-05
1.400000e+00	1.500000e+00	2.467038e-04	1.351928e-05	1.351928e-05
1.500000e+00	1.600000e+00	2.585574e-04	1.384026e-05	1.384026e-05
1.600000e+00	1.700000e+00	2.444812e-04	1.345825e-05	1.345825e-05
1.700000e+00	1.800000e+00	2.504080e-04	1.362040e-05	1.362040e-05
1.800000e+00	1.900000e+00	2.696702e-04	1.413456e-05	1.413456e-05
1.900000e+00	2.000000e+00	2.600391e-04	1.387986e-05	1.387986e-05
2.000000e+00	2.100000e+00	2.741153e-04	1.425058e-05	1.425058e-05
2.100000e+00	2.200000e+00	2.926366e-04	1.472415e-05	1.472415e-05
2.200000e+00	2.300000e+00	3.141213e-04	1.525508e-05	1.525508e-05
2.300000e+00	2.400000e+00	2.926366e-04	1.472415e-05	1.472415e-05
2.400000e+00	2.500000e+00	3.326426e-04	1.569838e-05	1.569838e-05
2.500000e+00	2.600000e+00	3.682035e-04	1.651619e-05	1.651619e-05
2.600000e+00	2.700000e+00	3.600542e-04	1.633239e-05	1.633239e-05
2.700000e+00	2.800000e+00	3.941333e-04	1.708785e-05	1.708785e-05
2.800000e+00	2.900000e+00	4.808131e-04	1.887356e-05	1.887356e-05
2.900000e+00	3.000000e+00	4.534015e-04	1.832767e-05	1.832767e-05
3.000000e+00	3.100000e+00	5.267459e-04	1.975451e-05	1.975451e-05
3.100000e+00	3.200000e+00	5.037795e-04	1.931906e-05	1.931906e-05
3.200000e+00	3.300000e+00	3.015268e-04	1.494613e-05	1.494613e-05
3.300000e+00	3.400000e+00	2.452221e-04	1.347862e-05	1.347862e-05
3.400000e+00	3.500000e+00	1.659509e-04	1.108806e-05	1.108806e-05
3.500000e+00	3.600000e+00	1.289083e-04	9.772511e-06	9.772511e-06
3.600000e+00	3.700000e+00	9.927419e-05	8.575984e-06	8.575984e-06
3.700000e+00	3.800000e+00	8.816141e-05	8.081743e-06	8.081743e-06
3.800000e+00	3.900000e+00	6.741755e-05	7.067280e-06	7.067280e-06
3.900000e+00	4.000000e+00	5.111880e-05	6.153980e-06	6.153980e-06
4.000000e+00	4.100000e+00	4.667369e-05	5.880332e-06	5.880332e-06
4.100000e+00	4.200000e+00	3.111579e-05	4.801271e-06	4.801271e-06
4.200000e+00	4.300000e+00	3.037494e-05	4.743769e-06	4.743769e-06
4.300000e+00	4.400000e+00	1.629875e-05	3.474904e-06	3.474904e-06
4.400000e+00	4.500000e+00	1.778045e-05	3.629420e-06	3.629420e-06
4.500000e+00	4.600000e+00	8.890226e-06	2.566387e-06	2.566387e-06
4.600000e+00	4.700000e+00	1.037193e-05	2.772015e-06	2.772015e-06
4.700000e+00	4.800000e+00	8.149374e-06	2.457129e-06	2.457129e-06
4.800000e+00	4.900000e+00	8.149374e-06	2.457129e-06	2.457129e-06
4.900000e+00	5.000000e+00	4.445113e-06	1.814710e-06	1.814710e-06
# END HISTO1D


# BEGIN HISTO1D //eos/home-y/yiyu/monobc/Rivet_New/X2000_pi20_L40.yoda.gz/JetMETAnalysis/jet12_dR
ErrorBars=1
LineColor=blue
LineStyle=solid
Path=//eos/home-y/yiyu/monobc/Rivet_New/X2000_pi20_L40.yoda.gz/JetMETAnalysis/jet12_dR
ScaledBy=1.43574086533557273e-08
Title=X2000_pi20_L40
# xlow	 xhigh	 val	 errminus	 errplus
0.000000e+00	1.000000e-01	0.000000e+00	0.000000e+00	0.000000e+00
1.000000e-01	2.000000e-01	0.000000e+00	0.000000e+00	0.000000e+00
2.000000e-01	3.000000e-01	0.000000e+00	0.000000e+00	0.000000e+00
3.000000e-01	4.000000e-01	2.871482e-07	2.030444e-07	2.030444e-07
4.000000e-01	5.000000e-01	6.747982e-05	3.112612e-06	3.112612e-06
5.000000e-01	6.000000e-01	1.256273e-04	4.246979e-06	4.246979e-06
6.000000e-01	7.000000e-01	1.082549e-04	3.942409e-06	3.942409e-06
7.000000e-01	8.000000e-01	9.088240e-05	3.612251e-06	3.612251e-06
8.000000e-01	9.000000e-01	8.226795e-05	3.436794e-06	3.436794e-06
9.000000e-01	1.000000e+00	7.063845e-05	3.184627e-06	3.184627e-06
1.000000e+00	1.100000e+00	5.656819e-05	2.849864e-06	2.849864e-06
1.100000e+00	1.200000e+00	5.613747e-05	2.838994e-06	2.838994e-06
1.200000e+00	1.300000e+00	5.757321e-05	2.875069e-06	2.875069e-06
1.300000e+00	1.400000e+00	5.139952e-05	2.716549e-06	2.716549e-06
1.400000e+00	1.500000e+00	4.623086e-05	2.576345e-06	2.576345e-06
1.500000e+00	1.600000e+00	5.412743e-05	2.787704e-06	2.787704e-06
1.600000e+00	1.700000e+00	4.881519e-05	2.647375e-06	2.647375e-06
1.700000e+00	1.800000e+00	5.154310e-05	2.720341e-06	2.720341e-06
1.800000e+00	1.900000e+00	5.326599e-05	2.765432e-06	2.765432e-06
1.900000e+00	2.000000e+00	5.441458e-05	2.795089e-06	2.795089e-06
2.000000e+00	2.100000e+00	5.541960e-05	2.820783e-06	2.820783e-06
2.100000e+00	2.200000e+00	5.685534e-05	2.857088e-06	2.857088e-06
2.200000e+00	2.300000e+00	5.585032e-05	2.831724e-06	2.831724e-06
2.300000e+00	2.400000e+00	6.245473e-05	2.994475e-06	2.994475e-06
2.400000e+00	2.500000e+00	6.231115e-05	2.991031e-06	2.991031e-06
2.500000e+00	2.600000e+00	7.307921e-05	3.239179e-06	3.239179e-06
2.600000e+00	2.700000e+00	7.207419e-05	3.216829e-06	3.216829e-06
2.700000e+00	2.800000e+00	8.097578e-05	3.409695e-06	3.409695e-06
2.800000e+00	2.900000e+00	9.389745e-05	3.671681e-06	3.671681e-06
2.900000e+00	3.000000e+00	1.039476e-04	3.863184e-06	3.863184e-06
3.000000e+00	3.100000e+00	1.122749e-04	4.014943e-06	4.014943e-06
3.100000e+00	3.200000e+00	1.055270e-04	3.892421e-06	3.892421e-06
3.200000e+00	3.300000e+00	6.403404e-05	3.032100e-06	3.032100e-06
3.300000e+00	3.400000e+00	5.340956e-05	2.769157e-06	2.769157e-06
3.400000e+00	3.500000e+00	3.589352e-05	2.270106e-06	2.270106e-06
3.500000e+00	3.600000e+00	3.287847e-05	2.172670e-06	2.172670e-06
3.600000e+00	3.700000e+00	2.584334e-05	1.926248e-06	1.926248e-06
3.700000e+00	3.800000e+00	1.708532e-05	1.566208e-06	1.566208e-06
3.800000e+00	3.900000e+00	1.421383e-05	1.428544e-06	1.428544e-06
3.900000e+00	4.000000e+00	1.177308e-05	1.300119e-06	1.300119e-06
4.000000e+00	4.100000e+00	8.901593e-06	1.130503e-06	1.130503e-06
4.100000e+00	4.200000e+00	8.327297e-06	1.093428e-06	1.093428e-06
4.200000e+00	4.300000e+00	4.881519e-06	8.371736e-07	8.371736e-07
4.300000e+00	4.400000e+00	6.173686e-06	9.414783e-07	9.414783e-07
4.400000e+00	4.500000e+00	4.307223e-06	7.863876e-07	7.863876e-07
4.500000e+00	4.600000e+00	2.727908e-06	6.258249e-07	6.258249e-07
4.600000e+00	4.700000e+00	2.584334e-06	6.091332e-07	6.091332e-07
4.700000e+00	4.800000e+00	1.579315e-06	4.761814e-07	4.761814e-07
4.800000e+00	4.900000e+00	1.148593e-06	4.060888e-07	4.060888e-07
4.900000e+00	5.000000e+00	8.614445e-07	3.516832e-07	3.516832e-07
# END HISTO1D


# BEGIN HISTO1D //eos/home-y/yiyu/monobc/Rivet_New/X3000_pi20_L40.yoda.gz/JetMETAnalysis/jet12_dR
ErrorBars=1
LineColor=green
LineStyle=solid
Path=//eos/home-y/yiyu/monobc/Rivet_New/X3000_pi20_L40.yoda.gz/JetMETAnalysis/jet12_dR
ScaledBy=1.16353151695240519e-09
Title=X3000_pi20_L40
# xlow	 xhigh	 val	 errminus	 errplus
0.000000e+00	1.000000e-01	0.000000e+00	0.000000e+00	0.000000e+00
1.000000e-01	2.000000e-01	0.000000e+00	0.000000e+00	0.000000e+00
2.000000e-01	3.000000e-01	0.000000e+00	0.000000e+00	0.000000e+00
3.000000e-01	4.000000e-01	0.000000e+00	0.000000e+00	0.000000e+00
4.000000e-01	5.000000e-01	4.979915e-06	2.407133e-07	2.407133e-07
5.000000e-01	6.000000e-01	8.912651e-06	3.220272e-07	3.220272e-07
6.000000e-01	7.000000e-01	8.074909e-06	3.065193e-07	3.065193e-07
7.000000e-01	8.000000e-01	6.690306e-06	2.790051e-07	2.790051e-07
8.000000e-01	9.000000e-01	5.480233e-06	2.525158e-07	2.525158e-07
9.000000e-01	1.000000e+00	4.537773e-06	2.297791e-07	2.297791e-07
1.000000e+00	1.100000e+00	4.305067e-06	2.238098e-07	2.238098e-07
1.100000e+00	1.200000e+00	3.641854e-06	2.058497e-07	2.058497e-07
1.200000e+00	1.300000e+00	4.049090e-06	2.170540e-07	2.170540e-07
1.300000e+00	1.400000e+00	4.281796e-06	2.232041e-07	2.232041e-07
1.400000e+00	1.500000e+00	3.816383e-06	2.107245e-07	2.107245e-07
1.500000e+00	1.600000e+00	4.060725e-06	2.173656e-07	2.173656e-07
1.600000e+00	1.700000e+00	4.561044e-06	2.303675e-07	2.303675e-07
1.700000e+00	1.800000e+00	3.513865e-06	2.022002e-07	2.022002e-07
1.800000e+00	1.900000e+00	4.165443e-06	2.201505e-07	2.201505e-07
1.900000e+00	2.000000e+00	4.025819e-06	2.164294e-07	2.164294e-07
2.000000e+00	2.100000e+00	4.491232e-06	2.285977e-07	2.285977e-07
2.100000e+00	2.200000e+00	4.270161e-06	2.229006e-07	2.229006e-07
2.200000e+00	2.300000e+00	4.747209e-06	2.350219e-07	2.350219e-07
2.300000e+00	2.400000e+00	5.212621e-06	2.462732e-07	2.462732e-07
2.400000e+00	2.500000e+00	5.270798e-06	2.476437e-07	2.476437e-07
2.500000e+00	2.600000e+00	5.934011e-06	2.627624e-07	2.627624e-07
2.600000e+00	2.700000e+00	6.713577e-06	2.794899e-07	2.794899e-07
2.700000e+00	2.800000e+00	6.573953e-06	2.765683e-07	2.765683e-07
2.800000e+00	2.900000e+00	7.679308e-06	2.989167e-07	2.989167e-07
2.900000e+00	3.000000e+00	8.098179e-06	3.069607e-07	3.069607e-07
3.000000e+00	3.100000e+00	1.004128e-05	3.418090e-07	3.418090e-07
3.100000e+00	3.200000e+00	9.424605e-06	3.311469e-07	3.311469e-07
3.200000e+00	3.300000e+00	5.840928e-06	2.606934e-07	2.606934e-07
3.300000e+00	3.400000e+00	4.107266e-06	2.186077e-07	2.186077e-07
3.400000e+00	3.500000e+00	3.304430e-06	1.960818e-07	1.960818e-07
3.500000e+00	3.600000e+00	2.373604e-06	1.661855e-07	1.661855e-07
3.600000e+00	3.700000e+00	2.036180e-06	1.539208e-07	1.539208e-07
3.700000e+00	3.800000e+00	1.372967e-06	1.263919e-07	1.263919e-07
3.800000e+00	3.900000e+00	1.140261e-06	1.151837e-07	1.151837e-07
3.900000e+00	4.000000e+00	9.191899e-07	1.034169e-07	1.034169e-07
4.000000e+00	4.100000e+00	7.795661e-07	9.523916e-08	9.523916e-08
4.100000e+00	4.200000e+00	5.352245e-07	7.891455e-08	7.891455e-08
4.200000e+00	4.300000e+00	6.050364e-07	8.390345e-08	8.390345e-08
4.300000e+00	4.400000e+00	3.956007e-07	6.784496e-08	6.784496e-08
4.400000e+00	4.500000e+00	2.676122e-07	5.580101e-08	5.580101e-08
4.500000e+00	4.600000e+00	8.144721e-08	3.078415e-08	3.078415e-08
4.600000e+00	4.700000e+00	1.512591e-07	4.195172e-08	4.195172e-08
4.700000e+00	4.800000e+00	1.279885e-07	3.858997e-08	3.858997e-08
4.800000e+00	4.900000e+00	8.144721e-08	3.078415e-08	3.078415e-08
4.900000e+00	5.000000e+00	3.490595e-08	2.015296e-08	2.015296e-08
# END HISTO1D


# BEGIN HISTO1D //eos/home-y/yiyu/monobc/Rivet_New/X600_pi20_L40.yoda.gz/JetMETAnalysis/jet12_dR
ErrorBars=1
LineColor=orange
LineStyle=solid
Path=//eos/home-y/yiyu/monobc/Rivet_New/X600_pi20_L40.yoda.gz/JetMETAnalysis/jet12_dR
ScaledBy=6.54464337436299511e-06
Title=X600_pi20_L40
# xlow	 xhigh	 val	 errminus	 errplus
0.000000e+00	1.000000e-01	0.000000e+00	0.000000e+00	0.000000e+00
1.000000e-01	2.000000e-01	0.000000e+00	0.000000e+00	0.000000e+00
2.000000e-01	3.000000e-01	0.000000e+00	0.000000e+00	0.000000e+00
3.000000e-01	4.000000e-01	6.544643e-05	6.544644e-05	6.544644e-05
4.000000e-01	5.000000e-01	5.759286e-03	6.139419e-04	6.139419e-04
5.000000e-01	6.000000e-01	1.518357e-02	9.968504e-04	9.968504e-04
6.000000e-01	7.000000e-01	2.840375e-02	1.363424e-03	1.363424e-03
7.000000e-01	8.000000e-01	3.566831e-02	1.527862e-03	1.527862e-03
8.000000e-01	9.000000e-01	3.390125e-02	1.489535e-03	1.489535e-03
9.000000e-01	1.000000e+00	3.075982e-02	1.418845e-03	1.418845e-03
1.000000e+00	1.100000e+00	2.833831e-02	1.361852e-03	1.361852e-03
1.100000e+00	1.200000e+00	2.663670e-02	1.320332e-03	1.320332e-03
1.200000e+00	1.300000e+00	2.493509e-02	1.277464e-03	1.277464e-03
1.300000e+00	1.400000e+00	2.401884e-02	1.253773e-03	1.253773e-03
1.400000e+00	1.500000e+00	2.192456e-02	1.197866e-03	1.197866e-03
1.500000e+00	1.600000e+00	2.205545e-02	1.201437e-03	1.201437e-03
1.600000e+00	1.700000e+00	2.238268e-02	1.210317e-03	1.210317e-03
1.700000e+00	1.800000e+00	2.349527e-02	1.240033e-03	1.240033e-03
1.800000e+00	1.900000e+00	2.225179e-02	1.206773e-03	1.206773e-03
1.900000e+00	2.000000e+00	2.225179e-02	1.206773e-03	1.206773e-03
2.000000e+00	2.100000e+00	2.133554e-02	1.181666e-03	1.181666e-03
2.100000e+00	2.200000e+00	2.244813e-02	1.212085e-03	1.212085e-03
2.200000e+00	2.300000e+00	2.441152e-02	1.263981e-03	1.263981e-03
2.300000e+00	2.400000e+00	2.768384e-02	1.346035e-03	1.346035e-03
2.400000e+00	2.500000e+00	2.526232e-02	1.285818e-03	1.285818e-03
2.500000e+00	2.600000e+00	3.147973e-02	1.435352e-03	1.435352e-03
2.600000e+00	2.700000e+00	2.938545e-02	1.386785e-03	1.386785e-03
2.700000e+00	2.800000e+00	2.990902e-02	1.399085e-03	1.399085e-03
2.800000e+00	2.900000e+00	3.010536e-02	1.403669e-03	1.403669e-03
2.900000e+00	3.000000e+00	3.318134e-02	1.473635e-03	1.473635e-03
3.000000e+00	3.100000e+00	3.704268e-02	1.557020e-03	1.557020e-03
3.100000e+00	3.200000e+00	3.318134e-02	1.473635e-03	1.473635e-03
3.200000e+00	3.300000e+00	2.238268e-02	1.210317e-03	1.210317e-03
3.300000e+00	3.400000e+00	1.557625e-02	1.009658e-03	1.009658e-03
3.400000e+00	3.500000e+00	1.295839e-02	9.209130e-04	9.209130e-04
3.500000e+00	3.600000e+00	9.620626e-03	7.934958e-04	7.934958e-04
3.600000e+00	3.700000e+00	7.526340e-03	7.018348e-04	7.018348e-04
3.700000e+00	3.800000e+00	6.282858e-03	6.412415e-04	6.412415e-04
3.800000e+00	3.900000e+00	5.890179e-03	6.208794e-04	6.208794e-04
3.900000e+00	4.000000e+00	4.254018e-03	5.276460e-04	5.276460e-04
4.000000e+00	4.100000e+00	4.123125e-03	5.194649e-04	5.194649e-04
4.100000e+00	4.200000e+00	2.159732e-03	3.759612e-04	3.759612e-04
4.200000e+00	4.300000e+00	2.486964e-03	4.034390e-04	4.034390e-04
4.300000e+00	4.400000e+00	2.290625e-03	3.871863e-04	3.871863e-04
4.400000e+00	4.500000e+00	1.308929e-03	2.926853e-04	2.926853e-04
4.500000e+00	4.600000e+00	1.374375e-03	2.999132e-04	2.999132e-04
4.600000e+00	4.700000e+00	7.853572e-04	2.267131e-04	2.267131e-04
4.700000e+00	4.800000e+00	7.199108e-04	2.170613e-04	2.170613e-04
4.800000e+00	4.900000e+00	3.926786e-04	1.603104e-04	1.603104e-04
4.900000e+00	5.000000e+00	5.890179e-04	1.963393e-04	1.963393e-04
# END HISTO1D


# BEGIN HISTO1D //eos/home-y/yiyu/monobc/Rivet_New/X800_pi20_L40.yoda.gz/JetMETAnalysis/jet12_dR
ErrorBars=1
LineColor=lilac
LineStyle=solid
Path=//eos/home-y/yiyu/monobc/Rivet_New/X800_pi20_L40.yoda.gz/JetMETAnalysis/jet12_dR
ScaledBy=1.74795577089739022e-06
Title=X800_pi20_L40
# xlow	 xhigh	 val	 errminus	 errplus
0.000000e+00	1.000000e-01	0.000000e+00	0.000000e+00	0.000000e+00
1.000000e-01	2.000000e-01	0.000000e+00	0.000000e+00	0.000000e+00
2.000000e-01	3.000000e-01	0.000000e+00	0.000000e+00	0.000000e+00
3.000000e-01	4.000000e-01	1.747956e-05	1.747956e-05	1.747956e-05
4.000000e-01	5.000000e-01	3.478432e-03	2.465795e-04	2.465795e-04
5.000000e-01	6.000000e-01	8.722299e-03	3.904637e-04	3.904637e-04
6.000000e-01	7.000000e-01	1.169382e-02	4.521094e-04	4.521094e-04
7.000000e-01	8.000000e-01	1.047026e-02	4.278030e-04	4.278030e-04
8.000000e-01	9.000000e-01	9.438961e-03	4.061883e-04	4.061883e-04
9.000000e-01	1.000000e+00	8.757258e-03	3.912454e-04	3.912454e-04
1.000000e+00	1.100000e+00	8.232872e-03	3.793508e-04	3.793508e-04
1.100000e+00	1.200000e+00	6.834507e-03	3.456359e-04	3.456359e-04
1.200000e+00	1.300000e+00	7.009303e-03	3.500279e-04	3.500279e-04
1.300000e+00	1.400000e+00	6.729630e-03	3.429738e-04	3.429738e-04
1.400000e+00	1.500000e+00	6.292641e-03	3.316513e-04	3.316513e-04
1.500000e+00	1.600000e+00	6.327600e-03	3.325712e-04	3.325712e-04
1.600000e+00	1.700000e+00	5.873131e-03	3.204055e-04	3.204055e-04
1.700000e+00	1.800000e+00	6.030447e-03	3.246684e-04	3.246684e-04
1.800000e+00	1.900000e+00	6.117845e-03	3.270125e-04	3.270125e-04
1.900000e+00	2.000000e+00	5.855652e-03	3.199284e-04	3.199284e-04
2.000000e+00	2.100000e+00	6.659711e-03	3.411873e-04	3.411873e-04
2.100000e+00	2.200000e+00	6.065407e-03	3.256080e-04	3.256080e-04
2.200000e+00	2.300000e+00	6.607273e-03	3.398414e-04	3.398414e-04
2.300000e+00	2.400000e+00	6.589793e-03	3.393917e-04	3.393917e-04
2.400000e+00	2.500000e+00	7.166619e-03	3.539340e-04	3.539340e-04
2.500000e+00	2.600000e+00	7.306455e-03	3.573704e-04	3.573704e-04
2.600000e+00	2.700000e+00	8.372708e-03	3.825588e-04	3.825588e-04
2.700000e+00	2.800000e+00	9.036931e-03	3.974438e-04	3.974438e-04
2.800000e+00	2.900000e+00	8.792218e-03	3.920256e-04	3.920256e-04
2.900000e+00	3.000000e+00	1.020806e-02	4.224126e-04	4.224126e-04
3.000000e+00	3.100000e+00	1.125684e-02	4.435814e-04	4.435814e-04
3.100000e+00	3.200000e+00	9.613757e-03	4.099319e-04	4.099319e-04
3.200000e+00	3.300000e+00	6.642232e-03	3.407393e-04	3.407393e-04
3.300000e+00	3.400000e+00	4.509726e-03	2.807633e-04	2.807633e-04
3.400000e+00	3.500000e+00	3.583309e-03	2.502692e-04	2.502692e-04
3.500000e+00	3.600000e+00	2.919086e-03	2.258857e-04	2.258857e-04
3.600000e+00	3.700000e+00	2.394699e-03	2.045930e-04	2.045930e-04
3.700000e+00	3.800000e+00	1.678038e-03	1.712640e-04	1.712640e-04
3.800000e+00	3.900000e+00	1.380885e-03	1.553617e-04	1.553617e-04
3.900000e+00	4.000000e+00	1.101212e-03	1.387397e-04	1.387397e-04
4.000000e+00	4.100000e+00	8.040597e-04	1.185521e-04	1.185521e-04
4.100000e+00	4.200000e+00	1.101212e-03	1.387397e-04	1.387397e-04
4.200000e+00	4.300000e+00	6.817028e-04	1.091598e-04	1.091598e-04
4.300000e+00	4.400000e+00	4.894276e-04	9.249312e-05	9.249312e-05
4.400000e+00	4.500000e+00	2.796729e-04	6.991823e-05	6.991823e-05
4.500000e+00	4.600000e+00	4.369889e-04	8.739779e-05	8.739779e-05
4.600000e+00	4.700000e+00	2.097547e-04	6.055096e-05	6.055096e-05
4.700000e+00	4.800000e+00	2.447138e-04	6.540252e-05	6.540252e-05
4.800000e+00	4.900000e+00	1.223569e-04	4.624657e-05	4.624657e-05
4.900000e+00	5.000000e+00	1.223569e-04	4.624657e-05	4.624657e-05
# END HISTO1D

