# BEGIN PLOT
Legend=1
LogY=1
LegendPlacement=manual
LegendAlign=r
LegendXPos=1.36
RightMargin=3.7
Title=Jet $\phi$ distribution
XLabel=$\phi^\mathrm{jet}$ [rad]
YLabel=$\mathrm{d}\sigma/\mathrm{d}\phi^\mathrm{jet}$ [pb/rad]
XMin=0
DrawOnly=//eos/home-y/yiyu/monobc/Rivet_New/X1500_pi20_L40.yoda.gz/JetMETAnalysis/jet_phi //eos/home-y/yiyu/monobc/Rivet_New/X2000_pi20_L40.yoda.gz/JetMETAnalysis/jet_phi //eos/home-y/yiyu/monobc/Rivet_New/X3000_pi20_L40.yoda.gz/JetMETAnalysis/jet_phi //eos/home-y/yiyu/monobc/Rivet_New/X600_pi20_L40.yoda.gz/JetMETAnalysis/jet_phi //eos/home-y/yiyu/monobc/Rivet_New/X800_pi20_L40.yoda.gz/JetMETAnalysis/jet_phi
LegendOnly=//eos/home-y/yiyu/monobc/Rivet_New/X1500_pi20_L40.yoda.gz/JetMETAnalysis/jet_phi //eos/home-y/yiyu/monobc/Rivet_New/X2000_pi20_L40.yoda.gz/JetMETAnalysis/jet_phi //eos/home-y/yiyu/monobc/Rivet_New/X3000_pi20_L40.yoda.gz/JetMETAnalysis/jet_phi //eos/home-y/yiyu/monobc/Rivet_New/X600_pi20_L40.yoda.gz/JetMETAnalysis/jet_phi //eos/home-y/yiyu/monobc/Rivet_New/X800_pi20_L40.yoda.gz/JetMETAnalysis/jet_phi
RatioPlot=1
RatioPlotReference=//eos/home-y/yiyu/monobc/Rivet_New/X1500_pi20_L40.yoda.gz/JetMETAnalysis/jet_phi
RatioPlotYLabel=Ratio
# END PLOT

# BEGIN HISTO1D //eos/home-y/yiyu/monobc/Rivet_New/X1500_pi20_L40.yoda.gz/JetMETAnalysis/jet_phi
ErrorBars=1
LineColor=red
LineStyle=solid
Path=//eos/home-y/yiyu/monobc/Rivet_New/X1500_pi20_L40.yoda.gz/JetMETAnalysis/jet_phi
ScaledBy=2.10361921637362851e-08
Title=X1500_pi20_L40
# xlow	 xhigh	 val	 errminus	 errplus
-3.141593e+00	-3.015929e+00	0.000000e+00	0.000000e+00	0.000000e+00
-3.015929e+00	-2.890265e+00	0.000000e+00	0.000000e+00	0.000000e+00
-2.890265e+00	-2.764602e+00	0.000000e+00	0.000000e+00	0.000000e+00
-2.764602e+00	-2.638938e+00	0.000000e+00	0.000000e+00	0.000000e+00
-2.638938e+00	-2.513274e+00	0.000000e+00	0.000000e+00	0.000000e+00
-2.513274e+00	-2.387610e+00	0.000000e+00	0.000000e+00	0.000000e+00
-2.387610e+00	-2.261947e+00	0.000000e+00	0.000000e+00	0.000000e+00
-2.261947e+00	-2.136283e+00	0.000000e+00	0.000000e+00	0.000000e+00
-2.136283e+00	-2.010619e+00	0.000000e+00	0.000000e+00	0.000000e+00
-2.010619e+00	-1.884956e+00	0.000000e+00	0.000000e+00	0.000000e+00
-1.884956e+00	-1.759292e+00	0.000000e+00	0.000000e+00	0.000000e+00
-1.759292e+00	-1.633628e+00	0.000000e+00	0.000000e+00	0.000000e+00
-1.633628e+00	-1.507964e+00	0.000000e+00	0.000000e+00	0.000000e+00
-1.507964e+00	-1.382301e+00	0.000000e+00	0.000000e+00	0.000000e+00
-1.382301e+00	-1.256637e+00	0.000000e+00	0.000000e+00	0.000000e+00
-1.256637e+00	-1.130973e+00	0.000000e+00	0.000000e+00	0.000000e+00
-1.130973e+00	-1.005310e+00	0.000000e+00	0.000000e+00	0.000000e+00
-1.005310e+00	-8.796459e-01	0.000000e+00	0.000000e+00	0.000000e+00
-8.796459e-01	-7.539822e-01	0.000000e+00	0.000000e+00	0.000000e+00
-7.539822e-01	-6.283185e-01	0.000000e+00	0.000000e+00	0.000000e+00
-6.283185e-01	-5.026548e-01	0.000000e+00	0.000000e+00	0.000000e+00
-5.026548e-01	-3.769911e-01	0.000000e+00	0.000000e+00	0.000000e+00
-3.769911e-01	-2.513274e-01	0.000000e+00	0.000000e+00	0.000000e+00
-2.513274e-01	-1.256637e-01	0.000000e+00	0.000000e+00	0.000000e+00
-1.256637e-01	4.440892e-16	0.000000e+00	0.000000e+00	0.000000e+00
4.440892e-16	1.256637e-01	1.839734e-04	5.549529e-06	5.549529e-06
1.256637e-01	2.513274e-01	1.734272e-04	5.388119e-06	5.388119e-06
2.513274e-01	3.769911e-01	1.789514e-04	5.473261e-06	5.473261e-06
3.769911e-01	5.026548e-01	1.791188e-04	5.475820e-06	5.475820e-06
5.026548e-01	6.283185e-01	1.704139e-04	5.341106e-06	5.341106e-06
6.283185e-01	7.539822e-01	1.821320e-04	5.521687e-06	5.521687e-06
7.539822e-01	8.796459e-01	1.869866e-04	5.594791e-06	5.594791e-06
8.796459e-01	1.005310e+00	1.774442e-04	5.450155e-06	5.450155e-06
1.005310e+00	1.130973e+00	1.824678e-04	5.526790e-06	5.526790e-06
1.130973e+00	1.256637e+00	1.828011e-04	5.531814e-06	5.531814e-06
1.256637e+00	1.382301e+00	1.749333e-04	5.411459e-06	5.411459e-06
1.382301e+00	1.507964e+00	1.873224e-04	5.599829e-06	5.599829e-06
1.507964e+00	1.633628e+00	1.839730e-04	5.549516e-06	5.549516e-06
1.633628e+00	1.759292e+00	1.761051e-04	5.429554e-06	5.429554e-06
1.759292e+00	1.884956e+00	1.866513e-04	5.589766e-06	5.589766e-06
1.884956e+00	2.010619e+00	1.829700e-04	5.534391e-06	5.534391e-06
2.010619e+00	2.136283e+00	1.821316e-04	5.521673e-06	5.521673e-06
2.136283e+00	2.261947e+00	1.839730e-04	5.549516e-06	5.549516e-06
2.261947e+00	2.387610e+00	1.851462e-04	5.567205e-06	5.567205e-06
2.387610e+00	2.513274e+00	1.883254e-04	5.614777e-06	5.614777e-06
2.513274e+00	2.638938e+00	1.913386e-04	5.659517e-06	5.659517e-06
2.638938e+00	2.764602e+00	1.876557e-04	5.604786e-06	5.604786e-06
2.764602e+00	2.890265e+00	1.776131e-04	5.452773e-06	5.452773e-06
2.890265e+00	3.015929e+00	1.838055e-04	5.546991e-06	5.546991e-06
3.015929e+00	3.141593e+00	1.896646e-04	5.634705e-06	5.634705e-06
# END HISTO1D


# BEGIN HISTO1D //eos/home-y/yiyu/monobc/Rivet_New/X2000_pi20_L40.yoda.gz/JetMETAnalysis/jet_phi
ErrorBars=1
LineColor=blue
LineStyle=solid
Path=//eos/home-y/yiyu/monobc/Rivet_New/X2000_pi20_L40.yoda.gz/JetMETAnalysis/jet_phi
ScaledBy=3.96584469735237092e-09
Title=X2000_pi20_L40
# xlow	 xhigh	 val	 errminus	 errplus
-3.141593e+00	-3.015929e+00	0.000000e+00	0.000000e+00	0.000000e+00
-3.015929e+00	-2.890265e+00	0.000000e+00	0.000000e+00	0.000000e+00
-2.890265e+00	-2.764602e+00	0.000000e+00	0.000000e+00	0.000000e+00
-2.764602e+00	-2.638938e+00	0.000000e+00	0.000000e+00	0.000000e+00
-2.638938e+00	-2.513274e+00	0.000000e+00	0.000000e+00	0.000000e+00
-2.513274e+00	-2.387610e+00	0.000000e+00	0.000000e+00	0.000000e+00
-2.387610e+00	-2.261947e+00	0.000000e+00	0.000000e+00	0.000000e+00
-2.261947e+00	-2.136283e+00	0.000000e+00	0.000000e+00	0.000000e+00
-2.136283e+00	-2.010619e+00	0.000000e+00	0.000000e+00	0.000000e+00
-2.010619e+00	-1.884956e+00	0.000000e+00	0.000000e+00	0.000000e+00
-1.884956e+00	-1.759292e+00	0.000000e+00	0.000000e+00	0.000000e+00
-1.759292e+00	-1.633628e+00	0.000000e+00	0.000000e+00	0.000000e+00
-1.633628e+00	-1.507964e+00	0.000000e+00	0.000000e+00	0.000000e+00
-1.507964e+00	-1.382301e+00	0.000000e+00	0.000000e+00	0.000000e+00
-1.382301e+00	-1.256637e+00	0.000000e+00	0.000000e+00	0.000000e+00
-1.256637e+00	-1.130973e+00	0.000000e+00	0.000000e+00	0.000000e+00
-1.130973e+00	-1.005310e+00	0.000000e+00	0.000000e+00	0.000000e+00
-1.005310e+00	-8.796459e-01	0.000000e+00	0.000000e+00	0.000000e+00
-8.796459e-01	-7.539822e-01	0.000000e+00	0.000000e+00	0.000000e+00
-7.539822e-01	-6.283185e-01	0.000000e+00	0.000000e+00	0.000000e+00
-6.283185e-01	-5.026548e-01	0.000000e+00	0.000000e+00	0.000000e+00
-5.026548e-01	-3.769911e-01	0.000000e+00	0.000000e+00	0.000000e+00
-3.769911e-01	-2.513274e-01	0.000000e+00	0.000000e+00	0.000000e+00
-2.513274e-01	-1.256637e-01	0.000000e+00	0.000000e+00	0.000000e+00
-1.256637e-01	4.440892e-16	0.000000e+00	0.000000e+00	0.000000e+00
4.440892e-16	1.256637e-01	3.641931e-05	1.072084e-06	1.072084e-06
1.256637e-01	2.513274e-01	3.686114e-05	1.078568e-06	1.078568e-06
2.513274e-01	3.769911e-01	3.720829e-05	1.083634e-06	1.083634e-06
3.769911e-01	5.026548e-01	3.588280e-05	1.064158e-06	1.064158e-06
5.026548e-01	6.283185e-01	3.742920e-05	1.086847e-06	1.086847e-06
6.283185e-01	7.539822e-01	3.742920e-05	1.086847e-06	1.086847e-06
7.539822e-01	8.796459e-01	3.540941e-05	1.057115e-06	1.057115e-06
8.796459e-01	1.005310e+00	3.518839e-05	1.053809e-06	1.053809e-06
1.005310e+00	1.130973e+00	3.705070e-05	1.081340e-06	1.081340e-06
1.130973e+00	1.256637e+00	3.600895e-05	1.066026e-06	1.066026e-06
1.256637e+00	1.382301e+00	3.651389e-05	1.073474e-06	1.073474e-06
1.382301e+00	1.507964e+00	3.802904e-05	1.095524e-06	1.095524e-06
1.507964e+00	1.633628e+00	3.679793e-05	1.077641e-06	1.077641e-06
1.633628e+00	1.759292e+00	3.626143e-05	1.069756e-06	1.069756e-06
1.759292e+00	1.884956e+00	3.575648e-05	1.062282e-06	1.062282e-06
1.884956e+00	2.010619e+00	3.705070e-05	1.081340e-06	1.081340e-06
2.010619e+00	2.136283e+00	3.865992e-05	1.104569e-06	1.104569e-06
2.136283e+00	2.261947e+00	3.831276e-05	1.099599e-06	1.099599e-06
2.261947e+00	2.387610e+00	3.553585e-05	1.059004e-06	1.059004e-06
2.387610e+00	2.513274e+00	3.828121e-05	1.099146e-06	1.099146e-06
2.513274e+00	2.638938e+00	3.717664e-05	1.083172e-06	1.083172e-06
2.638938e+00	2.764602e+00	3.670325e-05	1.076254e-06	1.076254e-06
2.764602e+00	2.890265e+00	3.742941e-05	1.086853e-06	1.086853e-06
2.890265e+00	3.015929e+00	3.679793e-05	1.077641e-06	1.077641e-06
3.015929e+00	3.141593e+00	3.588271e-05	1.064155e-06	1.064155e-06
# END HISTO1D


# BEGIN HISTO1D //eos/home-y/yiyu/monobc/Rivet_New/X3000_pi20_L40.yoda.gz/JetMETAnalysis/jet_phi
ErrorBars=1
LineColor=green
LineStyle=solid
Path=//eos/home-y/yiyu/monobc/Rivet_New/X3000_pi20_L40.yoda.gz/JetMETAnalysis/jet_phi
ScaledBy=3.08297590904468055e-10
Title=X3000_pi20_L40
# xlow	 xhigh	 val	 errminus	 errplus
-3.141593e+00	-3.015929e+00	0.000000e+00	0.000000e+00	0.000000e+00
-3.015929e+00	-2.890265e+00	0.000000e+00	0.000000e+00	0.000000e+00
-2.890265e+00	-2.764602e+00	0.000000e+00	0.000000e+00	0.000000e+00
-2.764602e+00	-2.638938e+00	0.000000e+00	0.000000e+00	0.000000e+00
-2.638938e+00	-2.513274e+00	0.000000e+00	0.000000e+00	0.000000e+00
-2.513274e+00	-2.387610e+00	0.000000e+00	0.000000e+00	0.000000e+00
-2.387610e+00	-2.261947e+00	0.000000e+00	0.000000e+00	0.000000e+00
-2.261947e+00	-2.136283e+00	0.000000e+00	0.000000e+00	0.000000e+00
-2.136283e+00	-2.010619e+00	0.000000e+00	0.000000e+00	0.000000e+00
-2.010619e+00	-1.884956e+00	0.000000e+00	0.000000e+00	0.000000e+00
-1.884956e+00	-1.759292e+00	0.000000e+00	0.000000e+00	0.000000e+00
-1.759292e+00	-1.633628e+00	0.000000e+00	0.000000e+00	0.000000e+00
-1.633628e+00	-1.507964e+00	0.000000e+00	0.000000e+00	0.000000e+00
-1.507964e+00	-1.382301e+00	0.000000e+00	0.000000e+00	0.000000e+00
-1.382301e+00	-1.256637e+00	0.000000e+00	0.000000e+00	0.000000e+00
-1.256637e+00	-1.130973e+00	0.000000e+00	0.000000e+00	0.000000e+00
-1.130973e+00	-1.005310e+00	0.000000e+00	0.000000e+00	0.000000e+00
-1.005310e+00	-8.796459e-01	0.000000e+00	0.000000e+00	0.000000e+00
-8.796459e-01	-7.539822e-01	0.000000e+00	0.000000e+00	0.000000e+00
-7.539822e-01	-6.283185e-01	0.000000e+00	0.000000e+00	0.000000e+00
-6.283185e-01	-5.026548e-01	0.000000e+00	0.000000e+00	0.000000e+00
-5.026548e-01	-3.769911e-01	0.000000e+00	0.000000e+00	0.000000e+00
-3.769911e-01	-2.513274e-01	0.000000e+00	0.000000e+00	0.000000e+00
-2.513274e-01	-1.256637e-01	0.000000e+00	0.000000e+00	0.000000e+00
-1.256637e-01	4.440892e-16	0.000000e+00	0.000000e+00	0.000000e+00
4.440892e-16	1.256637e-01	3.042159e-06	8.639153e-08	8.639153e-08
1.256637e-01	2.513274e-01	2.833624e-06	8.337798e-08	8.337798e-08
2.513274e-01	3.769911e-01	2.953839e-06	8.512823e-08	8.512823e-08
3.769911e-01	5.026548e-01	2.843438e-06	8.352220e-08	8.352220e-08
5.026548e-01	6.283185e-01	2.929305e-06	8.477396e-08	8.477396e-08
6.283185e-01	7.539822e-01	3.000453e-06	8.579729e-08	8.579729e-08
7.539822e-01	8.796459e-01	3.076507e-06	8.687783e-08	8.687783e-08
8.796459e-01	1.005310e+00	2.767375e-06	8.239740e-08	8.239740e-08
1.005310e+00	1.130973e+00	2.750226e-06	8.214203e-08	8.214203e-08
1.130973e+00	1.256637e+00	2.912124e-06	8.452490e-08	8.452490e-08
1.256637e+00	1.382301e+00	3.054419e-06	8.656531e-08	8.656531e-08
1.382301e+00	1.507964e+00	2.762493e-06	8.232504e-08	8.232504e-08
1.507964e+00	1.633628e+00	2.865511e-06	8.384569e-08	8.384569e-08
1.633628e+00	1.759292e+00	2.951378e-06	8.509264e-08	8.509264e-08
1.759292e+00	1.884956e+00	3.024979e-06	8.614711e-08	8.614711e-08
1.884956e+00	2.010619e+00	2.990656e-06	8.565734e-08	8.565734e-08
2.010619e+00	2.136283e+00	2.858151e-06	8.373792e-08	8.373792e-08
2.136283e+00	2.261947e+00	2.794364e-06	8.279824e-08	8.279824e-08
2.261947e+00	2.387610e+00	2.921961e-06	8.466788e-08	8.466788e-08
2.387610e+00	2.513274e+00	2.865511e-06	8.384569e-08	8.384569e-08
2.513274e+00	2.638938e+00	2.966098e-06	8.530459e-08	8.530459e-08
2.638938e+00	2.764602e+00	2.993086e-06	8.569177e-08	8.569177e-08
2.764602e+00	2.890265e+00	2.772306e-06	8.247114e-08	8.247114e-08
2.890265e+00	3.015929e+00	2.931751e-06	8.480923e-08	8.480923e-08
3.015929e+00	3.141593e+00	2.912124e-06	8.452490e-08	8.452490e-08
# END HISTO1D


# BEGIN HISTO1D //eos/home-y/yiyu/monobc/Rivet_New/X600_pi20_L40.yoda.gz/JetMETAnalysis/jet_phi
ErrorBars=1
LineColor=orange
LineStyle=solid
Path=//eos/home-y/yiyu/monobc/Rivet_New/X600_pi20_L40.yoda.gz/JetMETAnalysis/jet_phi
ScaledBy=1.99024691223803737e-06
Title=X600_pi20_L40
# xlow	 xhigh	 val	 errminus	 errplus
-3.141593e+00	-3.015929e+00	0.000000e+00	0.000000e+00	0.000000e+00
-3.015929e+00	-2.890265e+00	0.000000e+00	0.000000e+00	0.000000e+00
-2.890265e+00	-2.764602e+00	0.000000e+00	0.000000e+00	0.000000e+00
-2.764602e+00	-2.638938e+00	0.000000e+00	0.000000e+00	0.000000e+00
-2.638938e+00	-2.513274e+00	0.000000e+00	0.000000e+00	0.000000e+00
-2.513274e+00	-2.387610e+00	0.000000e+00	0.000000e+00	0.000000e+00
-2.387610e+00	-2.261947e+00	0.000000e+00	0.000000e+00	0.000000e+00
-2.261947e+00	-2.136283e+00	0.000000e+00	0.000000e+00	0.000000e+00
-2.136283e+00	-2.010619e+00	0.000000e+00	0.000000e+00	0.000000e+00
-2.010619e+00	-1.884956e+00	0.000000e+00	0.000000e+00	0.000000e+00
-1.884956e+00	-1.759292e+00	0.000000e+00	0.000000e+00	0.000000e+00
-1.759292e+00	-1.633628e+00	0.000000e+00	0.000000e+00	0.000000e+00
-1.633628e+00	-1.507964e+00	0.000000e+00	0.000000e+00	0.000000e+00
-1.507964e+00	-1.382301e+00	0.000000e+00	0.000000e+00	0.000000e+00
-1.382301e+00	-1.256637e+00	0.000000e+00	0.000000e+00	0.000000e+00
-1.256637e+00	-1.130973e+00	0.000000e+00	0.000000e+00	0.000000e+00
-1.130973e+00	-1.005310e+00	0.000000e+00	0.000000e+00	0.000000e+00
-1.005310e+00	-8.796459e-01	0.000000e+00	0.000000e+00	0.000000e+00
-8.796459e-01	-7.539822e-01	0.000000e+00	0.000000e+00	0.000000e+00
-7.539822e-01	-6.283185e-01	0.000000e+00	0.000000e+00	0.000000e+00
-6.283185e-01	-5.026548e-01	0.000000e+00	0.000000e+00	0.000000e+00
-5.026548e-01	-3.769911e-01	0.000000e+00	0.000000e+00	0.000000e+00
-3.769911e-01	-2.513274e-01	0.000000e+00	0.000000e+00	0.000000e+00
-2.513274e-01	-1.256637e-01	0.000000e+00	0.000000e+00	0.000000e+00
-1.256637e-01	4.440892e-16	0.000000e+00	0.000000e+00	0.000000e+00
4.440892e-16	1.256637e-01	1.281285e-02	4.504757e-04	4.504757e-04
1.256637e-01	2.513274e-01	1.240106e-02	4.431778e-04	4.431778e-04
2.513274e-01	3.769911e-01	1.298706e-02	4.535279e-04	4.535279e-04
3.769911e-01	5.026548e-01	1.363642e-02	4.647278e-04	4.647278e-04
5.026548e-01	6.283185e-01	1.317711e-02	4.568344e-04	4.568344e-04
6.283185e-01	7.539822e-01	1.366809e-02	4.652673e-04	4.652673e-04
7.539822e-01	8.796459e-01	1.374728e-02	4.666132e-04	4.666132e-04
8.796459e-01	1.005310e+00	1.274946e-02	4.493593e-04	4.493593e-04
1.005310e+00	1.130973e+00	1.232194e-02	4.417630e-04	4.417630e-04
1.130973e+00	1.256637e+00	1.369974e-02	4.658050e-04	4.658050e-04
1.256637e+00	1.382301e+00	1.274947e-02	4.493596e-04	4.493596e-04
1.382301e+00	1.507964e+00	1.354146e-02	4.631083e-04	4.631083e-04
1.507964e+00	1.633628e+00	1.350968e-02	4.625627e-04	4.625627e-04
1.633628e+00	1.759292e+00	1.430157e-02	4.759266e-04	4.759266e-04
1.759292e+00	1.884956e+00	1.369974e-02	4.658050e-04	4.658050e-04
1.884956e+00	2.010619e+00	1.308216e-02	4.551867e-04	4.551867e-04
2.010619e+00	2.136283e+00	1.395314e-02	4.700933e-04	4.700933e-04
2.136283e+00	2.261947e+00	1.292368e-02	4.524194e-04	4.524194e-04
2.261947e+00	2.387610e+00	1.289211e-02	4.518681e-04	4.518681e-04
2.387610e+00	2.513274e+00	1.312958e-02	4.560090e-04	4.560090e-04
2.513274e+00	2.638938e+00	1.357304e-02	4.636460e-04	4.636460e-04
2.638938e+00	2.764602e+00	1.305038e-02	4.546317e-04	4.546317e-04
2.764602e+00	2.890265e+00	1.357314e-02	4.636497e-04	4.636497e-04
2.890265e+00	3.015929e+00	1.301871e-02	4.540796e-04	4.540796e-04
3.015929e+00	3.141593e+00	1.407985e-02	4.722228e-04	4.722228e-04
# END HISTO1D


# BEGIN HISTO1D //eos/home-y/yiyu/monobc/Rivet_New/X800_pi20_L40.yoda.gz/JetMETAnalysis/jet_phi
ErrorBars=1
LineColor=lilac
LineStyle=solid
Path=//eos/home-y/yiyu/monobc/Rivet_New/X800_pi20_L40.yoda.gz/JetMETAnalysis/jet_phi
ScaledBy=5.28887093379489405e-07
Title=X800_pi20_L40
# xlow	 xhigh	 val	 errminus	 errplus
-3.141593e+00	-3.015929e+00	0.000000e+00	0.000000e+00	0.000000e+00
-3.015929e+00	-2.890265e+00	0.000000e+00	0.000000e+00	0.000000e+00
-2.890265e+00	-2.764602e+00	0.000000e+00	0.000000e+00	0.000000e+00
-2.764602e+00	-2.638938e+00	0.000000e+00	0.000000e+00	0.000000e+00
-2.638938e+00	-2.513274e+00	0.000000e+00	0.000000e+00	0.000000e+00
-2.513274e+00	-2.387610e+00	0.000000e+00	0.000000e+00	0.000000e+00
-2.387610e+00	-2.261947e+00	0.000000e+00	0.000000e+00	0.000000e+00
-2.261947e+00	-2.136283e+00	0.000000e+00	0.000000e+00	0.000000e+00
-2.136283e+00	-2.010619e+00	0.000000e+00	0.000000e+00	0.000000e+00
-2.010619e+00	-1.884956e+00	0.000000e+00	0.000000e+00	0.000000e+00
-1.884956e+00	-1.759292e+00	0.000000e+00	0.000000e+00	0.000000e+00
-1.759292e+00	-1.633628e+00	0.000000e+00	0.000000e+00	0.000000e+00
-1.633628e+00	-1.507964e+00	0.000000e+00	0.000000e+00	0.000000e+00
-1.507964e+00	-1.382301e+00	0.000000e+00	0.000000e+00	0.000000e+00
-1.382301e+00	-1.256637e+00	0.000000e+00	0.000000e+00	0.000000e+00
-1.256637e+00	-1.130973e+00	0.000000e+00	0.000000e+00	0.000000e+00
-1.130973e+00	-1.005310e+00	0.000000e+00	0.000000e+00	0.000000e+00
-1.005310e+00	-8.796459e-01	0.000000e+00	0.000000e+00	0.000000e+00
-8.796459e-01	-7.539822e-01	0.000000e+00	0.000000e+00	0.000000e+00
-7.539822e-01	-6.283185e-01	0.000000e+00	0.000000e+00	0.000000e+00
-6.283185e-01	-5.026548e-01	0.000000e+00	0.000000e+00	0.000000e+00
-5.026548e-01	-3.769911e-01	0.000000e+00	0.000000e+00	0.000000e+00
-3.769911e-01	-2.513274e-01	0.000000e+00	0.000000e+00	0.000000e+00
-2.513274e-01	-1.256637e-01	0.000000e+00	0.000000e+00	0.000000e+00
-1.256637e-01	4.440892e-16	0.000000e+00	0.000000e+00	0.000000e+00
4.440892e-16	1.256637e-01	3.758414e-03	1.257705e-04	1.257705e-04
1.256637e-01	2.513274e-01	3.905720e-03	1.282115e-04	1.282115e-04
2.513274e-01	3.769911e-01	3.905720e-03	1.282115e-04	1.282115e-04
3.769911e-01	5.026548e-01	3.994104e-03	1.296541e-04	1.296541e-04
5.026548e-01	6.283185e-01	3.728953e-03	1.252766e-04	1.252766e-04
6.283185e-01	7.539822e-01	3.960434e-03	1.291065e-04	1.291065e-04
7.539822e-01	8.796459e-01	3.956225e-03	1.290378e-04	1.290378e-04
8.796459e-01	1.005310e+00	3.838368e-03	1.271011e-04	1.271011e-04
1.005310e+00	1.130973e+00	3.943621e-03	1.288325e-04	1.288325e-04
1.130973e+00	1.256637e+00	3.968842e-03	1.292433e-04	1.292433e-04
1.256637e+00	1.382301e+00	3.779448e-03	1.261218e-04	1.261218e-04
1.382301e+00	1.507964e+00	3.939412e-03	1.287637e-04	1.287637e-04
1.507964e+00	1.633628e+00	3.956216e-03	1.290375e-04	1.290375e-04
1.633628e+00	1.759292e+00	3.901502e-03	1.281421e-04	1.281421e-04
1.759292e+00	1.884956e+00	3.893085e-03	1.280038e-04	1.280038e-04
1.884956e+00	2.010619e+00	3.695303e-03	1.247104e-04	1.247104e-04
2.010619e+00	2.136283e+00	3.973050e-03	1.293118e-04	1.293118e-04
2.136283e+00	2.261947e+00	3.952007e-03	1.289689e-04	1.289689e-04
2.261947e+00	2.387610e+00	3.657424e-03	1.240696e-04	1.240696e-04
2.387610e+00	2.513274e+00	3.943589e-03	1.288314e-04	1.288314e-04
2.513274e+00	2.638938e+00	3.956216e-03	1.290375e-04	1.290375e-04
2.638938e+00	2.764602e+00	3.796284e-03	1.264024e-04	1.264024e-04
2.764602e+00	2.890265e+00	4.027796e-03	1.302002e-04	1.302002e-04
2.890265e+00	3.015929e+00	3.829954e-03	1.269617e-04	1.269617e-04
3.015929e+00	3.141593e+00	4.154027e-03	1.322241e-04	1.322241e-04
# END HISTO1D

