# BEGIN PLOT
Legend=1
LogY=1
LegendPlacement=manual
LegendAlign=r
LegendXPos=1.36
RightMargin=3.7
Title=Jet $\eta$ distribution
XLabel=$\eta^\mathrm{jet}$
YLabel=$\mathrm{d}\sigma/\mathrm{d}\eta^\mathrm{jet}$ [pb]
DrawOnly=//eos/home-y/yiyu/monobc/Rivet_New/X1500_pi20_L40.yoda.gz/JetMETAnalysis/jet_eta //eos/home-y/yiyu/monobc/Rivet_New/X2000_pi20_L40.yoda.gz/JetMETAnalysis/jet_eta //eos/home-y/yiyu/monobc/Rivet_New/X3000_pi20_L40.yoda.gz/JetMETAnalysis/jet_eta //eos/home-y/yiyu/monobc/Rivet_New/X600_pi20_L40.yoda.gz/JetMETAnalysis/jet_eta //eos/home-y/yiyu/monobc/Rivet_New/X800_pi20_L40.yoda.gz/JetMETAnalysis/jet_eta
LegendOnly=//eos/home-y/yiyu/monobc/Rivet_New/X1500_pi20_L40.yoda.gz/JetMETAnalysis/jet_eta //eos/home-y/yiyu/monobc/Rivet_New/X2000_pi20_L40.yoda.gz/JetMETAnalysis/jet_eta //eos/home-y/yiyu/monobc/Rivet_New/X3000_pi20_L40.yoda.gz/JetMETAnalysis/jet_eta //eos/home-y/yiyu/monobc/Rivet_New/X600_pi20_L40.yoda.gz/JetMETAnalysis/jet_eta //eos/home-y/yiyu/monobc/Rivet_New/X800_pi20_L40.yoda.gz/JetMETAnalysis/jet_eta
RatioPlot=1
RatioPlotReference=//eos/home-y/yiyu/monobc/Rivet_New/X1500_pi20_L40.yoda.gz/JetMETAnalysis/jet_eta
RatioPlotYLabel=Ratio
# END PLOT

# BEGIN HISTO1D //eos/home-y/yiyu/monobc/Rivet_New/X1500_pi20_L40.yoda.gz/JetMETAnalysis/jet_eta
ErrorBars=1
LineColor=red
LineStyle=solid
Path=//eos/home-y/yiyu/monobc/Rivet_New/X1500_pi20_L40.yoda.gz/JetMETAnalysis/jet_eta
ScaledBy=2.10361921637362851e-08
Title=X1500_pi20_L40
# xlow	 xhigh	 val	 errminus	 errplus
-2.500000e+00	-2.400000e+00	6.815726e-05	3.786514e-06	3.786514e-06
-2.400000e+00	-2.300000e+00	7.657174e-05	4.013450e-06	4.013450e-06
-2.300000e+00	-2.200000e+00	8.309296e-05	4.180860e-06	4.180860e-06
-2.200000e+00	-2.100000e+00	9.929083e-05	4.570231e-06	4.570231e-06
-2.100000e+00	-2.000000e+00	1.089675e-04	4.787756e-06	4.787756e-06
-2.000000e+00	-1.900000e+00	1.268482e-04	5.165660e-06	5.165660e-06
-1.900000e+00	-1.800000e+00	1.274793e-04	5.178494e-06	5.178494e-06
-1.800000e+00	-1.700000e+00	1.409425e-04	5.445083e-06	5.445083e-06
-1.700000e+00	-1.600000e+00	1.548264e-04	5.706976e-06	5.706976e-06
-1.600000e+00	-1.500000e+00	1.754418e-04	6.075054e-06	6.075054e-06
-1.500000e+00	-1.400000e+00	1.897465e-04	6.317866e-06	6.317866e-06
-1.400000e+00	-1.300000e+00	2.177246e-04	6.767641e-06	6.767641e-06
-1.300000e+00	-1.200000e+00	2.328706e-04	6.999080e-06	6.999080e-06
-1.200000e+00	-1.100000e+00	2.553794e-04	7.329536e-06	7.329536e-06
-1.100000e+00	-1.000000e+00	2.673700e-04	7.499631e-06	7.499631e-06
-1.000000e+00	-9.000000e-01	2.825161e-04	7.709126e-06	7.709126e-06
-9.000000e-01	-8.000000e-01	3.077595e-04	8.046172e-06	8.046172e-06
-8.000000e-01	-7.000000e-01	3.035523e-04	7.990985e-06	7.990985e-06
-7.000000e-01	-6.000000e-01	3.285853e-04	8.313955e-06	8.313955e-06
-6.000000e-01	-5.000000e-01	3.485697e-04	8.563048e-06	8.563048e-06
-5.000000e-01	-4.000000e-01	3.614018e-04	8.719241e-06	8.719241e-06
-4.000000e-01	-3.000000e-01	3.630847e-04	8.739519e-06	8.739519e-06
-3.000000e-01	-2.000000e-01	3.788618e-04	8.927379e-06	8.927379e-06
-2.000000e-01	-1.000000e-01	3.620329e-04	8.726851e-06	8.726851e-06
-1.000000e-01	0.000000e+00	3.822276e-04	8.966947e-06	8.966947e-06
0.000000e+00	1.000000e-01	3.782307e-04	8.919941e-06	8.919941e-06
1.000000e-01	2.000000e-01	3.797033e-04	8.937288e-06	8.937288e-06
2.000000e-01	3.000000e-01	3.653987e-04	8.767323e-06	8.767323e-06
3.000000e-01	4.000000e-01	3.769686e-04	8.905045e-06	8.905045e-06
4.000000e-01	5.000000e-01	3.637158e-04	8.747111e-06	8.747111e-06
5.000000e-01	6.000000e-01	3.355273e-04	8.401319e-06	8.401319e-06
6.000000e-01	7.000000e-01	3.233263e-04	8.247153e-06	8.247153e-06
7.000000e-01	8.000000e-01	3.180672e-04	8.179806e-06	8.179806e-06
8.000000e-01	9.000000e-01	2.957689e-04	7.887871e-06	7.887871e-06
9.000000e-01	1.000000e+00	2.835679e-04	7.723463e-06	7.723463e-06
1.000000e+00	1.100000e+00	2.677907e-04	7.505529e-06	7.505529e-06
1.100000e+00	1.200000e+00	2.494892e-04	7.244518e-06	7.244518e-06
1.200000e+00	1.300000e+00	2.356054e-04	7.040056e-06	7.040056e-06
1.300000e+00	1.400000e+00	2.139381e-04	6.708533e-06	6.708533e-06
1.400000e+00	1.500000e+00	1.983713e-04	6.459858e-06	6.459858e-06
1.500000e+00	1.600000e+00	1.832252e-04	6.208350e-06	6.208350e-06
1.600000e+00	1.700000e+00	1.529331e-04	5.671975e-06	5.671975e-06
1.700000e+00	1.800000e+00	1.554575e-04	5.718595e-06	5.718595e-06
1.800000e+00	1.900000e+00	1.358938e-04	5.346670e-06	5.346670e-06
1.900000e+00	2.000000e+00	1.150680e-04	4.919951e-06	4.919951e-06
2.000000e+00	2.100000e+00	1.034981e-04	4.666053e-06	4.666053e-06
2.100000e+00	2.200000e+00	9.592504e-05	4.492101e-06	4.492101e-06
2.200000e+00	2.300000e+00	8.519658e-05	4.233452e-06	4.233452e-06
2.300000e+00	2.400000e+00	7.425776e-05	3.952341e-06	3.952341e-06
2.400000e+00	2.500000e+00	6.605364e-05	3.727623e-06	3.727623e-06
# END HISTO1D


# BEGIN HISTO1D //eos/home-y/yiyu/monobc/Rivet_New/X2000_pi20_L40.yoda.gz/JetMETAnalysis/jet_eta
ErrorBars=1
LineColor=blue
LineStyle=solid
Path=//eos/home-y/yiyu/monobc/Rivet_New/X2000_pi20_L40.yoda.gz/JetMETAnalysis/jet_eta
ScaledBy=3.96584469735237092e-09
Title=X2000_pi20_L40
# xlow	 xhigh	 val	 errminus	 errplus
-2.500000e+00	-2.400000e+00	1.261139e-05	7.072114e-07	7.072114e-07
-2.400000e+00	-2.300000e+00	1.435636e-05	7.545534e-07	7.545534e-07
-2.300000e+00	-2.200000e+00	1.566509e-05	7.881960e-07	7.881960e-07
-2.200000e+00	-2.100000e+00	1.836186e-05	8.533481e-07	8.533481e-07
-2.100000e+00	-2.000000e+00	1.891708e-05	8.661536e-07	8.661536e-07
-2.000000e+00	-1.900000e+00	2.252600e-05	9.451699e-07	9.451699e-07
-1.900000e+00	-1.800000e+00	2.490550e-05	9.938378e-07	9.938378e-07
-1.800000e+00	-1.700000e+00	2.827647e-05	1.058962e-06	1.058962e-06
-1.700000e+00	-1.600000e+00	3.303549e-05	1.144612e-06	1.144612e-06
-1.600000e+00	-1.500000e+00	3.485977e-05	1.175791e-06	1.175791e-06
-1.500000e+00	-1.400000e+00	3.696167e-05	1.210720e-06	1.210720e-06
-1.400000e+00	-1.300000e+00	4.374327e-05	1.317114e-06	1.317114e-06
-1.300000e+00	-1.200000e+00	4.552790e-05	1.343714e-06	1.343714e-06
-1.200000e+00	-1.100000e+00	4.893852e-05	1.393135e-06	1.393135e-06
-1.100000e+00	-1.000000e+00	5.254744e-05	1.443589e-06	1.443589e-06
-1.000000e+00	-9.000000e-01	5.798065e-05	1.516385e-06	1.516385e-06
-9.000000e-01	-8.000000e-01	6.396907e-05	1.592769e-06	1.592769e-06
-8.000000e-01	-7.000000e-01	6.630892e-05	1.621638e-06	1.621638e-06
-7.000000e-01	-6.000000e-01	6.611063e-05	1.619211e-06	1.619211e-06
-6.000000e-01	-5.000000e-01	6.928331e-05	1.657609e-06	1.657609e-06
-5.000000e-01	-4.000000e-01	7.043340e-05	1.671311e-06	1.671311e-06
-4.000000e-01	-3.000000e-01	7.812714e-05	1.760228e-06	1.760228e-06
-3.000000e-01	-2.000000e-01	7.547002e-05	1.730036e-06	1.730036e-06
-2.000000e-01	-1.000000e-01	7.951519e-05	1.775795e-06	1.775795e-06
-1.000000e-01	0.000000e+00	7.463720e-05	1.720464e-06	1.720464e-06
0.000000e+00	1.000000e-01	7.646149e-05	1.741363e-06	1.741363e-06
1.000000e-01	2.000000e-01	7.991177e-05	1.780218e-06	1.780218e-06
2.000000e-01	3.000000e-01	7.725465e-05	1.750371e-06	1.750371e-06
3.000000e-01	4.000000e-01	7.685807e-05	1.745873e-06	1.745873e-06
4.000000e-01	5.000000e-01	7.225769e-05	1.692817e-06	1.692817e-06
5.000000e-01	6.000000e-01	7.007648e-05	1.667070e-06	1.667070e-06
6.000000e-01	7.000000e-01	6.726073e-05	1.633235e-06	1.633235e-06
7.000000e-01	8.000000e-01	6.353283e-05	1.587329e-06	1.587329e-06
8.000000e-01	9.000000e-01	6.202581e-05	1.568390e-06	1.568390e-06
9.000000e-01	1.000000e+00	5.564080e-05	1.485472e-06	1.485472e-06
1.000000e+00	1.100000e+00	5.318198e-05	1.452279e-06	1.452279e-06
1.100000e+00	1.200000e+00	4.933511e-05	1.398769e-06	1.398769e-06
1.200000e+00	1.300000e+00	4.580551e-05	1.347804e-06	1.347804e-06
1.300000e+00	1.400000e+00	4.223625e-05	1.294227e-06	1.294227e-06
1.400000e+00	1.500000e+00	3.616850e-05	1.197659e-06	1.197659e-06
1.500000e+00	1.600000e+00	3.474080e-05	1.173783e-06	1.173783e-06
1.600000e+00	1.700000e+00	3.259924e-05	1.137029e-06	1.137029e-06
1.700000e+00	1.800000e+00	2.799886e-05	1.053751e-06	1.053751e-06
1.800000e+00	1.900000e+00	2.538141e-05	1.003288e-06	1.003288e-06
1.900000e+00	2.000000e+00	2.189146e-05	9.317625e-07	9.317625e-07
2.000000e+00	2.100000e+00	1.943264e-05	8.778772e-07	8.778772e-07
2.100000e+00	2.200000e+00	1.820323e-05	8.496539e-07	8.496539e-07
2.200000e+00	2.300000e+00	1.542714e-05	7.821868e-07	7.821868e-07
2.300000e+00	2.400000e+00	1.395977e-05	7.440584e-07	7.440584e-07
2.400000e+00	2.500000e+00	1.165958e-05	6.800007e-07	6.800007e-07
# END HISTO1D


# BEGIN HISTO1D //eos/home-y/yiyu/monobc/Rivet_New/X3000_pi20_L40.yoda.gz/JetMETAnalysis/jet_eta
ErrorBars=1
LineColor=green
LineStyle=solid
Path=//eos/home-y/yiyu/monobc/Rivet_New/X3000_pi20_L40.yoda.gz/JetMETAnalysis/jet_eta
ScaledBy=3.08297590904468055e-10
Title=X3000_pi20_L40
# xlow	 xhigh	 val	 errminus	 errplus
-2.500000e+00	-2.400000e+00	1.131452e-06	5.906132e-08	5.906132e-08
-2.400000e+00	-2.300000e+00	1.174614e-06	6.017729e-08	6.017729e-08
-2.300000e+00	-2.200000e+00	1.199278e-06	6.080579e-08	6.080579e-08
-2.200000e+00	-2.100000e+00	1.464414e-06	6.719190e-08	6.719190e-08
-2.100000e+00	-2.000000e+00	1.581567e-06	6.982787e-08	6.982787e-08
-2.000000e+00	-1.900000e+00	1.886781e-06	7.626861e-08	7.626861e-08
-1.900000e+00	-1.800000e+00	1.785043e-06	7.418386e-08	7.418386e-08
-1.800000e+00	-1.700000e+00	2.081009e-06	8.009806e-08	8.009806e-08
-1.700000e+00	-1.600000e+00	2.312232e-06	8.443077e-08	8.443077e-08
-1.600000e+00	-1.500000e+00	2.642110e-06	9.025277e-08	9.025277e-08
-1.500000e+00	-1.400000e+00	2.901080e-06	9.457252e-08	9.457252e-08
-1.400000e+00	-1.300000e+00	3.027482e-06	9.661084e-08	9.661084e-08
-1.300000e+00	-1.200000e+00	3.437518e-06	1.029456e-07	1.029456e-07
-1.200000e+00	-1.100000e+00	3.721152e-06	1.071084e-07	1.071084e-07
-1.100000e+00	-1.000000e+00	4.131188e-06	1.128554e-07	1.128554e-07
-1.000000e+00	-9.000000e-01	4.226760e-06	1.141534e-07	1.141534e-07
-9.000000e-01	-8.000000e-01	4.963591e-06	1.237038e-07	1.237038e-07
-8.000000e-01	-7.000000e-01	5.009836e-06	1.242787e-07	1.242787e-07
-7.000000e-01	-6.000000e-01	5.641846e-06	1.318851e-07	1.318851e-07
-6.000000e-01	-5.000000e-01	5.459950e-06	1.297417e-07	1.297417e-07
-5.000000e-01	-4.000000e-01	5.959392e-06	1.355458e-07	1.355458e-07
-4.000000e-01	-3.000000e-01	6.095043e-06	1.370798e-07	1.370798e-07
-3.000000e-01	-2.000000e-01	6.196782e-06	1.382191e-07	1.382191e-07
-2.000000e-01	-1.000000e-01	6.172118e-06	1.379438e-07	1.379438e-07
-1.000000e-01	0.000000e+00	6.323184e-06	1.396217e-07	1.396217e-07
0.000000e+00	1.000000e-01	6.486581e-06	1.414142e-07	1.414142e-07
1.000000e-01	2.000000e-01	6.360179e-06	1.400296e-07	1.400296e-07
2.000000e-01	3.000000e-01	6.175201e-06	1.379783e-07	1.379783e-07
3.000000e-01	4.000000e-01	6.017969e-06	1.362103e-07	1.362103e-07
4.000000e-01	5.000000e-01	5.709671e-06	1.326755e-07	1.326755e-07
5.000000e-01	6.000000e-01	5.635680e-06	1.318130e-07	1.318130e-07
6.000000e-01	7.000000e-01	5.459950e-06	1.297417e-07	1.297417e-07
7.000000e-01	8.000000e-01	5.086910e-06	1.252311e-07	1.252311e-07
8.000000e-01	9.000000e-01	4.855687e-06	1.223518e-07	1.223518e-07
9.000000e-01	1.000000e+00	4.424070e-06	1.167874e-07	1.167874e-07
1.000000e+00	1.100000e+00	4.263756e-06	1.146519e-07	1.146519e-07
1.100000e+00	1.200000e+00	3.770480e-06	1.078160e-07	1.078160e-07
1.200000e+00	1.300000e+00	3.567003e-06	1.048665e-07	1.048665e-07
1.300000e+00	1.400000e+00	3.101474e-06	9.778430e-08	9.778430e-08
1.400000e+00	1.500000e+00	2.864085e-06	9.396757e-08	9.396757e-08
1.500000e+00	1.600000e+00	2.515708e-06	8.806741e-08	8.806741e-08
1.600000e+00	1.700000e+00	2.444800e-06	8.681739e-08	8.681739e-08
1.700000e+00	1.800000e+00	2.056345e-06	7.962199e-08	7.962199e-08
1.800000e+00	1.900000e+00	1.899113e-06	7.651745e-08	7.651745e-08
1.900000e+00	2.000000e+00	1.815873e-06	7.482173e-08	7.482173e-08
2.000000e+00	2.100000e+00	1.541488e-06	6.893744e-08	6.893744e-08
2.100000e+00	2.200000e+00	1.316431e-06	6.370655e-08	6.370655e-08
2.200000e+00	2.300000e+00	1.279435e-06	6.280499e-08	6.280499e-08
2.300000e+00	2.400000e+00	1.088290e-06	5.792386e-08	5.792386e-08
2.400000e+00	2.500000e+00	1.112954e-06	5.857654e-08	5.857654e-08
# END HISTO1D


# BEGIN HISTO1D //eos/home-y/yiyu/monobc/Rivet_New/X600_pi20_L40.yoda.gz/JetMETAnalysis/jet_eta
ErrorBars=1
LineColor=orange
LineStyle=solid
Path=//eos/home-y/yiyu/monobc/Rivet_New/X600_pi20_L40.yoda.gz/JetMETAnalysis/jet_eta
ScaledBy=1.99024691223803737e-06
Title=X600_pi20_L40
# xlow	 xhigh	 val	 errminus	 errplus
-2.500000e+00	-2.400000e+00	7.602743e-03	3.889902e-04	3.889902e-04
-2.400000e+00	-2.300000e+00	8.398842e-03	4.088492e-04	4.088492e-04
-2.300000e+00	-2.200000e+00	8.995916e-03	4.231322e-04	4.231322e-04
-2.200000e+00	-2.100000e+00	1.007065e-02	4.476950e-04	4.476950e-04
-2.100000e+00	-2.000000e+00	1.114538e-02	4.709783e-04	4.709783e-04
-2.000000e+00	-1.900000e+00	1.237934e-02	4.963661e-04	4.963661e-04
-1.900000e+00	-1.800000e+00	1.239924e-02	4.967650e-04	4.967650e-04
-1.800000e+00	-1.700000e+00	1.438949e-02	5.351507e-04	5.351507e-04
-1.700000e+00	-1.600000e+00	1.425017e-02	5.325538e-04	5.325538e-04
-1.600000e+00	-1.500000e+00	1.544432e-02	5.544186e-04	5.544186e-04
-1.500000e+00	-1.400000e+00	1.612100e-02	5.664342e-04	5.664342e-04
-1.400000e+00	-1.300000e+00	1.705642e-02	5.826361e-04	5.826361e-04
-1.300000e+00	-1.200000e+00	1.948452e-02	6.227279e-04	6.227279e-04
-1.200000e+00	-1.100000e+00	1.892725e-02	6.137581e-04	6.137581e-04
-1.100000e+00	-1.000000e+00	1.934520e-02	6.204975e-04	6.204975e-04
-1.000000e+00	-9.000000e-01	2.069857e-02	6.418353e-04	6.418353e-04
-9.000000e-01	-8.000000e-01	2.085779e-02	6.442992e-04	6.442992e-04
-8.000000e-01	-7.000000e-01	2.131554e-02	6.513309e-04	6.513309e-04
-7.000000e-01	-6.000000e-01	2.065876e-02	6.412179e-04	6.412179e-04
-6.000000e-01	-5.000000e-01	2.225096e-02	6.654691e-04	6.654691e-04
-5.000000e-01	-4.000000e-01	2.085779e-02	6.442992e-04	6.442992e-04
-4.000000e-01	-3.000000e-01	2.231067e-02	6.663613e-04	6.663613e-04
-3.000000e-01	-2.000000e-01	2.165389e-02	6.564799e-04	6.564799e-04
-2.000000e-01	-1.000000e-01	2.145486e-02	6.534560e-04	6.534560e-04
-1.000000e-01	0.000000e+00	2.270872e-02	6.722793e-04	6.722793e-04
0.000000e+00	1.000000e-01	2.157428e-02	6.552720e-04	6.552720e-04
1.000000e-01	2.000000e-01	2.282813e-02	6.740447e-04	6.740447e-04
2.000000e-01	3.000000e-01	2.153447e-02	6.546672e-04	6.546672e-04
3.000000e-01	4.000000e-01	2.034032e-02	6.362568e-04	6.362568e-04
4.000000e-01	5.000000e-01	2.123593e-02	6.501135e-04	6.501135e-04
5.000000e-01	6.000000e-01	2.233057e-02	6.666585e-04	6.666585e-04
6.000000e-01	7.000000e-01	1.968354e-02	6.259002e-04	6.259002e-04
7.000000e-01	8.000000e-01	2.217135e-02	6.642775e-04	6.642775e-04
8.000000e-01	9.000000e-01	2.034032e-02	6.362568e-04	6.362568e-04
9.000000e-01	1.000000e+00	2.028062e-02	6.353222e-04	6.353222e-04
1.000000e+00	1.100000e+00	1.930540e-02	6.198589e-04	6.198589e-04
1.100000e+00	1.200000e+00	1.880783e-02	6.118188e-04	6.118188e-04
1.200000e+00	1.300000e+00	1.753408e-02	5.907380e-04	5.907380e-04
1.300000e+00	1.400000e+00	1.600159e-02	5.643324e-04	5.643324e-04
1.400000e+00	1.500000e+00	1.667827e-02	5.761412e-04	5.761412e-04
1.500000e+00	1.600000e+00	1.488705e-02	5.443244e-04	5.443244e-04
1.600000e+00	1.700000e+00	1.373270e-02	5.227951e-04	5.227951e-04
1.700000e+00	1.800000e+00	1.359339e-02	5.201365e-04	5.201365e-04
1.800000e+00	1.900000e+00	1.206090e-02	4.899404e-04	4.899404e-04
1.900000e+00	2.000000e+00	1.162304e-02	4.809649e-04	4.809649e-04
2.000000e+00	2.100000e+00	1.064782e-02	4.603454e-04	4.603454e-04
2.100000e+00	2.200000e+00	9.592990e-03	4.369487e-04	4.369487e-04
2.200000e+00	2.300000e+00	8.757086e-03	4.174777e-04	4.174777e-04
2.300000e+00	2.400000e+00	7.443523e-03	3.848954e-04	3.848954e-04
2.400000e+00	2.500000e+00	7.184791e-03	3.781469e-04	3.781469e-04
# END HISTO1D


# BEGIN HISTO1D //eos/home-y/yiyu/monobc/Rivet_New/X800_pi20_L40.yoda.gz/JetMETAnalysis/jet_eta
ErrorBars=1
LineColor=lilac
LineStyle=solid
Path=//eos/home-y/yiyu/monobc/Rivet_New/X800_pi20_L40.yoda.gz/JetMETAnalysis/jet_eta
ScaledBy=5.28887093379489405e-07
Title=X800_pi20_L40
# xlow	 xhigh	 val	 errminus	 errplus
-2.500000e+00	-2.400000e+00	1.888127e-03	9.993028e-05	9.993028e-05
-2.400000e+00	-2.300000e+00	1.798216e-03	9.752196e-05	9.752196e-05
-2.300000e+00	-2.200000e+00	2.395859e-03	1.125673e-04	1.125673e-04
-2.200000e+00	-2.100000e+00	2.491058e-03	1.147819e-04	1.147819e-04
-2.100000e+00	-2.000000e+00	3.088701e-03	1.278113e-04	1.278113e-04
-2.000000e+00	-1.900000e+00	3.093989e-03	1.279207e-04	1.279207e-04
-1.900000e+00	-1.800000e+00	3.575277e-03	1.375107e-04	1.375107e-04
-1.800000e+00	-1.700000e+00	3.718076e-03	1.402299e-04	1.402299e-04
-1.700000e+00	-1.600000e+00	4.051275e-03	1.463785e-04	1.463785e-04
-1.600000e+00	-1.500000e+00	4.321008e-03	1.511729e-04	1.511729e-04
-1.500000e+00	-1.400000e+00	4.680651e-03	1.573384e-04	1.573384e-04
-1.400000e+00	-1.300000e+00	4.633051e-03	1.565363e-04	1.565363e-04
-1.300000e+00	-1.200000e+00	5.431670e-03	1.694916e-04	1.694916e-04
-1.200000e+00	-1.100000e+00	5.373493e-03	1.685815e-04	1.685815e-04
-1.100000e+00	-1.000000e+00	5.907669e-03	1.767623e-04	1.767623e-04
-1.000000e+00	-9.000000e-01	5.759580e-03	1.745327e-04	1.745327e-04
-9.000000e-01	-8.000000e-01	6.008157e-03	1.782593e-04	1.782593e-04
-8.000000e-01	-7.000000e-01	6.436556e-03	1.845050e-04	1.845050e-04
-7.000000e-01	-6.000000e-01	6.325490e-03	1.829063e-04	1.829063e-04
-6.000000e-01	-5.000000e-01	6.383667e-03	1.837454e-04	1.837454e-04
-5.000000e-01	-4.000000e-01	6.706288e-03	1.883313e-04	1.883313e-04
-4.000000e-01	-3.000000e-01	6.780333e-03	1.893682e-04	1.893682e-04
-3.000000e-01	-2.000000e-01	6.616378e-03	1.870646e-04	1.870646e-04
-2.000000e-01	-1.000000e-01	7.150554e-03	1.944694e-04	1.944694e-04
-1.000000e-01	0.000000e+00	6.838510e-03	1.901789e-04	1.901789e-04
0.000000e+00	1.000000e-01	6.991887e-03	1.922997e-04	1.922997e-04
1.000000e-01	2.000000e-01	6.949576e-03	1.917170e-04	1.917170e-04
2.000000e-01	3.000000e-01	7.372686e-03	1.974669e-04	1.974669e-04
3.000000e-01	4.000000e-01	6.552911e-03	1.861652e-04	1.861652e-04
4.000000e-01	5.000000e-01	6.505311e-03	1.854879e-04	1.854879e-04
5.000000e-01	6.000000e-01	6.648111e-03	1.875127e-04	1.875127e-04
6.000000e-01	7.000000e-01	6.616378e-03	1.870646e-04	1.870646e-04
7.000000e-01	8.000000e-01	6.262023e-03	1.819863e-04	1.819863e-04
8.000000e-01	9.000000e-01	5.743714e-03	1.742922e-04	1.742922e-04
9.000000e-01	1.000000e+00	5.992291e-03	1.780237e-04	1.780237e-04
1.000000e+00	1.100000e+00	5.627359e-03	1.725177e-04	1.725177e-04
1.100000e+00	1.200000e+00	5.426382e-03	1.694091e-04	1.694091e-04
1.200000e+00	1.300000e+00	5.421093e-03	1.693265e-04	1.693265e-04
1.300000e+00	1.400000e+00	4.775850e-03	1.589304e-04	1.589304e-04
1.400000e+00	1.500000e+00	4.759984e-03	1.586661e-04	1.586661e-04
1.500000e+00	1.600000e+00	4.606607e-03	1.560889e-04	1.560889e-04
1.600000e+00	1.700000e+00	3.908476e-03	1.437756e-04	1.437756e-04
1.700000e+00	1.800000e+00	3.569988e-03	1.374089e-04	1.374089e-04
1.800000e+00	1.900000e+00	3.760387e-03	1.410255e-04	1.410255e-04
1.900000e+00	2.000000e+00	3.104567e-03	1.281392e-04	1.281392e-04
2.000000e+00	2.100000e+00	2.829546e-03	1.223319e-04	1.223319e-04
2.100000e+00	2.200000e+00	2.559814e-03	1.163551e-04	1.163551e-04
2.200000e+00	2.300000e+00	2.263637e-03	1.094170e-04	1.094170e-04
2.300000e+00	2.400000e+00	2.163148e-03	1.069608e-04	1.069608e-04
2.400000e+00	2.500000e+00	1.639550e-03	9.312018e-05	9.312018e-05
# END HISTO1D

