# BEGIN PLOT
Legend=1
LogY=1
LegendPlacement=manual
LegendAlign=r
LegendXPos=1.36
RightMargin=3.7
Title=Jet $p_\mathrm{T}$ spectrum
XLabel=$p_\mathrm{T}^\mathrm{jet}$ [GeV]
YLabel=$\mathrm{d}\sigma/\mathrm{d}p_\mathrm{T}^\mathrm{jet}$ [pb/GeV]
LogX=1
DrawOnly=//eos/home-y/yiyu/monobc/Rivet_New/X1500_pi20_L40.yoda.gz/JetMETAnalysis/jet_pt //eos/home-y/yiyu/monobc/Rivet_New/X2000_pi20_L40.yoda.gz/JetMETAnalysis/jet_pt //eos/home-y/yiyu/monobc/Rivet_New/X3000_pi20_L40.yoda.gz/JetMETAnalysis/jet_pt //eos/home-y/yiyu/monobc/Rivet_New/X600_pi20_L40.yoda.gz/JetMETAnalysis/jet_pt //eos/home-y/yiyu/monobc/Rivet_New/X800_pi20_L40.yoda.gz/JetMETAnalysis/jet_pt
LegendOnly=//eos/home-y/yiyu/monobc/Rivet_New/X1500_pi20_L40.yoda.gz/JetMETAnalysis/jet_pt //eos/home-y/yiyu/monobc/Rivet_New/X2000_pi20_L40.yoda.gz/JetMETAnalysis/jet_pt //eos/home-y/yiyu/monobc/Rivet_New/X3000_pi20_L40.yoda.gz/JetMETAnalysis/jet_pt //eos/home-y/yiyu/monobc/Rivet_New/X600_pi20_L40.yoda.gz/JetMETAnalysis/jet_pt //eos/home-y/yiyu/monobc/Rivet_New/X800_pi20_L40.yoda.gz/JetMETAnalysis/jet_pt
RatioPlot=1
RatioPlotReference=//eos/home-y/yiyu/monobc/Rivet_New/X1500_pi20_L40.yoda.gz/JetMETAnalysis/jet_pt
RatioPlotYLabel=Ratio
# END PLOT

# BEGIN HISTO1D //eos/home-y/yiyu/monobc/Rivet_New/X1500_pi20_L40.yoda.gz/JetMETAnalysis/jet_pt
ErrorBars=1
LineColor=red
LineStyle=solid
Path=//eos/home-y/yiyu/monobc/Rivet_New/X1500_pi20_L40.yoda.gz/JetMETAnalysis/jet_pt
ScaledBy=2.10361921637362851e-08
Title=X1500_pi20_L40
# xlow	 xhigh	 val	 errminus	 errplus
1.000000e+01	1.054412e+01	0.000000e+00	0.000000e+00	0.000000e+00
1.054412e+01	1.111784e+01	0.000000e+00	0.000000e+00	0.000000e+00
1.111784e+01	1.172279e+01	0.000000e+00	0.000000e+00	0.000000e+00
1.172279e+01	1.236065e+01	0.000000e+00	0.000000e+00	0.000000e+00
1.236065e+01	1.303321e+01	0.000000e+00	0.000000e+00	0.000000e+00
1.303321e+01	1.374238e+01	0.000000e+00	0.000000e+00	0.000000e+00
1.374238e+01	1.449012e+01	0.000000e+00	0.000000e+00	0.000000e+00
1.449012e+01	1.527856e+01	0.000000e+00	0.000000e+00	0.000000e+00
1.527856e+01	1.610989e+01	0.000000e+00	0.000000e+00	0.000000e+00
1.610989e+01	1.698646e+01	0.000000e+00	0.000000e+00	0.000000e+00
1.698646e+01	1.791073e+01	0.000000e+00	0.000000e+00	0.000000e+00
1.791073e+01	1.888529e+01	0.000000e+00	0.000000e+00	0.000000e+00
1.888529e+01	1.991287e+01	0.000000e+00	0.000000e+00	0.000000e+00
1.991287e+01	2.099637e+01	2.720047e-05	7.267036e-07	7.267036e-07
2.099637e+01	2.213882e+01	2.708586e-05	7.062139e-07	7.062139e-07
2.213882e+01	2.334344e+01	2.645633e-05	6.797096e-07	6.797096e-07
2.334344e+01	2.461360e+01	2.384906e-05	6.284778e-07	6.284778e-07
2.461360e+01	2.595287e+01	2.205292e-05	5.885489e-07	5.885489e-07
2.595287e+01	2.736502e+01	1.964858e-05	5.410142e-07	5.410142e-07
2.736502e+01	2.885400e+01	2.037246e-05	5.364891e-07	5.364891e-07
2.885400e+01	3.042400e+01	1.853061e-05	4.982859e-07	4.982859e-07
3.042400e+01	3.207943e+01	1.733288e-05	4.693140e-07	4.693140e-07
3.207943e+01	3.382493e+01	1.594436e-05	4.383563e-07	4.383563e-07
3.382493e+01	3.566541e+01	1.623022e-05	4.307053e-07	4.307053e-07
3.566541e+01	3.760603e+01	1.474231e-05	3.997570e-07	3.997570e-07
3.760603e+01	3.965225e+01	1.400206e-05	3.794053e-07	3.794053e-07
3.965225e+01	4.180980e+01	1.316255e-05	3.582392e-07	3.582392e-07
4.180980e+01	4.408475e+01	1.271446e-05	3.428835e-07	3.428835e-07
4.408475e+01	4.648349e+01	1.174261e-05	3.209033e-07	3.209033e-07
4.648349e+01	4.901274e+01	1.057112e-05	2.965160e-07	2.965160e-07
4.901274e+01	5.167962e+01	1.059351e-05	2.890691e-07	2.890691e-07
5.167962e+01	5.449160e+01	9.717711e-06	2.696246e-07	2.696246e-07
5.449160e+01	5.745660e+01	9.350995e-06	2.575729e-07	2.575729e-07
5.745660e+01	6.058292e+01	9.036698e-06	2.465879e-07	2.465879e-07
6.058292e+01	6.387935e+01	8.506548e-06	2.329906e-07	2.329906e-07
6.387935e+01	6.735515e+01	7.317095e-06	2.104386e-07	2.104386e-07
6.735515e+01	7.102007e+01	6.985432e-06	2.002387e-07	2.002387e-07
7.102007e+01	7.488441e+01	6.565067e-06	1.890451e-07	1.890451e-07
7.488441e+01	7.895901e+01	6.215967e-06	1.791412e-07	1.791412e-07
7.895901e+01	8.325532e+01	5.728716e-06	1.674806e-07	1.674806e-07
8.325532e+01	8.778540e+01	5.400587e-06	1.583621e-07	1.583621e-07
8.778540e+01	9.256197e+01	4.818016e-06	1.456665e-07	1.456665e-07
9.256197e+01	9.759844e+01	4.335491e-06	1.345673e-07	1.345673e-07
9.759844e+01	1.029090e+02	3.925550e-06	1.246992e-07	1.246992e-07
1.029090e+02	1.085084e+02	3.456317e-06	1.139514e-07	1.139514e-07
1.085084e+02	1.144126e+02	3.292138e-06	1.083034e-07	1.083034e-07
1.144126e+02	1.206380e+02	2.851953e-06	9.816825e-08	9.816825e-08
1.206380e+02	1.272021e+02	2.640700e-06	9.199316e-08	9.199316e-08
1.272021e+02	1.341234e+02	2.309900e-06	8.378885e-08	8.378885e-08
1.341234e+02	1.414214e+02	2.205082e-06	7.972491e-08	7.972491e-08
1.414214e+02	1.491164e+02	1.946429e-06	7.294550e-08	7.294550e-08
1.491164e+02	1.572301e+02	1.742278e-06	6.720984e-08	6.720984e-08
1.572301e+02	1.657853e+02	1.590894e-06	6.254449e-08	6.254449e-08
1.657853e+02	1.748059e+02	1.329250e-06	5.567614e-08	5.567614e-08
1.748059e+02	1.843175e+02	1.110241e-06	4.955248e-08	4.955248e-08
1.843175e+02	1.943465e+02	9.753544e-07	4.523097e-08	4.523097e-08
1.943465e+02	2.049213e+02	8.533992e-07	4.120251e-08	4.120251e-08
2.049213e+02	2.160715e+02	7.886072e-07	3.857204e-08	3.857204e-08
2.160715e+02	2.278283e+02	7.103436e-07	3.565113e-08	3.565113e-08
2.278283e+02	2.402249e+02	6.940454e-07	3.431833e-08	3.431833e-08
2.402249e+02	2.532960e+02	5.310910e-07	2.923560e-08	2.923560e-08
2.532960e+02	2.670783e+02	4.807907e-07	2.708948e-08	2.708948e-08
2.670783e+02	2.816105e+02	4.154489e-07	2.452317e-08	2.452317e-08
2.816105e+02	2.969335e+02	3.775340e-07	2.276616e-08	2.276616e-08
2.969335e+02	3.130902e+02	3.840931e-07	2.236276e-08	2.236276e-08
3.130902e+02	3.301261e+02	4.099587e-07	2.249941e-08	2.249941e-08
3.301261e+02	3.480888e+02	3.384491e-07	1.990877e-08	1.990877e-08
3.480888e+02	3.670290e+02	3.287565e-07	1.910858e-08	1.910858e-08
3.670290e+02	3.869998e+02	2.749237e-07	1.701735e-08	1.701735e-08
3.869998e+02	4.080572e+02	2.357623e-07	1.534682e-08	1.534682e-08
4.080572e+02	4.302603e+02	1.771720e-07	1.295610e-08	1.295610e-08
4.302603e+02	4.536716e+02	1.806083e-07	1.273913e-08	1.273913e-08
4.536716e+02	4.783567e+02	1.397578e-07	1.091325e-08	1.091325e-08
4.783567e+02	5.043850e+02	1.018338e-07	9.072074e-09	9.072074e-09
5.043850e+02	5.318296e+02	8.124862e-08	7.891566e-09	7.891566e-09
5.318296e+02	5.607674e+02	6.106338e-08	6.662562e-09	6.662562e-09
5.607674e+02	5.912799e+02	4.481285e-08	5.558352e-09	5.558352e-09
5.912799e+02	6.234525e+02	3.138500e-08	4.530036e-09	4.530036e-09
6.234525e+02	6.573758e+02	2.232397e-08	3.720663e-09	3.720663e-09
6.573758e+02	6.931448e+02	1.823149e-08	3.274471e-09	3.274471e-09
6.931448e+02	7.308602e+02	8.924182e-09	2.231045e-09	2.231045e-09
7.308602e+02	7.706277e+02	8.992652e-09	2.181038e-09	2.181038e-09
7.706277e+02	8.125590e+02	3.010095e-09	1.228866e-09	1.228866e-09
8.125590e+02	8.567719e+02	3.330551e-09	1.258830e-09	1.258830e-09
8.567719e+02	9.033905e+02	4.512403e-09	1.426947e-09	1.426947e-09
9.033905e+02	9.525456e+02	2.567734e-09	1.048272e-09	1.048272e-09
9.525456e+02	1.004375e+03	1.217621e-09	7.029939e-10	7.029939e-10
1.004375e+03	1.059025e+03	1.154777e-09	6.667109e-10	6.667109e-10
1.059025e+03	1.116649e+03	7.301190e-10	5.162722e-10	5.162722e-10
1.116649e+03	1.177408e+03	1.038670e-09	5.996766e-10	5.996766e-10
1.177408e+03	1.241473e+03	1.313428e-09	6.567141e-10	6.567141e-10
1.241473e+03	1.309024e+03	9.342361e-10	5.393814e-10	5.393814e-10
1.309024e+03	1.380250e+03	0.000000e+00	0.000000e+00	0.000000e+00
1.380250e+03	1.455352e+03	5.602032e-10	3.961235e-10	3.961235e-10
1.455352e+03	1.534541e+03	0.000000e+00	0.000000e+00	0.000000e+00
1.534541e+03	1.618038e+03	0.000000e+00	0.000000e+00	0.000000e+00
1.618038e+03	1.706079e+03	0.000000e+00	0.000000e+00	0.000000e+00
1.706079e+03	1.798910e+03	0.000000e+00	0.000000e+00	0.000000e+00
1.798910e+03	1.896792e+03	0.000000e+00	0.000000e+00	0.000000e+00
1.896792e+03	2.000000e+03	0.000000e+00	0.000000e+00	0.000000e+00
# END HISTO1D


# BEGIN HISTO1D //eos/home-y/yiyu/monobc/Rivet_New/X2000_pi20_L40.yoda.gz/JetMETAnalysis/jet_pt
ErrorBars=1
LineColor=blue
LineStyle=solid
Path=//eos/home-y/yiyu/monobc/Rivet_New/X2000_pi20_L40.yoda.gz/JetMETAnalysis/jet_pt
ScaledBy=3.96584469735237092e-09
Title=X2000_pi20_L40
# xlow	 xhigh	 val	 errminus	 errplus
1.000000e+01	1.054412e+01	0.000000e+00	0.000000e+00	0.000000e+00
1.054412e+01	1.111784e+01	0.000000e+00	0.000000e+00	0.000000e+00
1.111784e+01	1.172279e+01	0.000000e+00	0.000000e+00	0.000000e+00
1.172279e+01	1.236065e+01	0.000000e+00	0.000000e+00	0.000000e+00
1.236065e+01	1.303321e+01	0.000000e+00	0.000000e+00	0.000000e+00
1.303321e+01	1.374238e+01	0.000000e+00	0.000000e+00	0.000000e+00
1.374238e+01	1.449012e+01	0.000000e+00	0.000000e+00	0.000000e+00
1.449012e+01	1.527856e+01	0.000000e+00	0.000000e+00	0.000000e+00
1.527856e+01	1.610989e+01	0.000000e+00	0.000000e+00	0.000000e+00
1.610989e+01	1.698646e+01	0.000000e+00	0.000000e+00	0.000000e+00
1.698646e+01	1.791073e+01	0.000000e+00	0.000000e+00	0.000000e+00
1.791073e+01	1.888529e+01	0.000000e+00	0.000000e+00	0.000000e+00
1.888529e+01	1.991287e+01	0.000000e+00	0.000000e+00	0.000000e+00
1.991287e+01	2.099637e+01	5.325615e-06	1.396170e-07	1.396170e-07
2.099637e+01	2.213882e+01	5.213969e-06	1.345344e-07	1.345344e-07
2.213882e+01	2.334344e+01	4.783560e-06	1.254927e-07	1.254927e-07
2.334344e+01	2.461360e+01	4.486773e-06	1.183602e-07	1.183602e-07
2.461360e+01	2.595287e+01	4.216747e-06	1.117436e-07	1.117436e-07
2.595287e+01	2.736502e+01	3.993507e-06	1.059021e-07	1.059021e-07
2.736502e+01	2.885400e+01	3.771465e-06	1.002256e-07	1.002256e-07
2.885400e+01	3.042400e+01	3.430329e-06	9.308633e-08	9.308633e-08
3.042400e+01	3.207943e+01	3.399439e-06	9.024352e-08	9.024352e-08
3.207943e+01	3.382493e+01	3.096789e-06	8.388103e-08	8.388103e-08
3.382493e+01	3.566541e+01	2.880952e-06	7.878985e-08	7.878985e-08
3.566541e+01	3.760603e+01	2.803815e-06	7.569588e-08	7.569588e-08
3.760603e+01	3.965225e+01	2.829673e-06	7.405593e-08	7.405593e-08
3.965225e+01	4.180980e+01	2.564183e-06	6.865338e-08	6.865338e-08
4.180980e+01	4.408475e+01	2.257530e-06	6.273338e-08	6.273338e-08
4.408475e+01	4.648349e+01	2.207160e-06	6.040782e-08	6.040782e-08
4.648349e+01	4.901274e+01	2.113654e-06	5.756902e-08	5.756902e-08
4.901274e+01	5.167962e+01	2.044725e-06	5.514214e-08	5.514214e-08
5.167962e+01	5.449160e+01	1.963192e-06	5.261906e-08	5.261906e-08
5.449160e+01	5.745660e+01	1.848498e-06	4.972388e-08	4.972388e-08
5.745660e+01	6.058292e+01	1.696030e-06	4.638397e-08	4.638397e-08
6.058292e+01	6.387935e+01	1.521887e-06	4.278949e-08	4.278949e-08
6.387935e+01	6.735515e+01	1.462746e-06	4.085309e-08	4.085309e-08
6.735515e+01	7.102007e+01	1.417564e-06	3.916579e-08	3.916579e-08
7.102007e+01	7.488441e+01	1.368014e-06	3.746929e-08	3.746929e-08
7.488441e+01	7.895901e+01	1.222476e-06	3.449416e-08	3.449416e-08
7.895901e+01	8.325532e+01	1.113236e-06	3.205633e-08	3.205633e-08
8.325532e+01	8.778540e+01	1.037405e-06	3.013624e-08	3.013624e-08
8.778540e+01	9.256197e+01	9.481689e-07	2.805774e-08	2.805774e-08
9.256197e+01	9.759844e+01	8.551440e-07	2.594923e-08	2.594923e-08
9.759844e+01	1.029090e+02	7.893514e-07	2.427912e-08	2.427912e-08
1.029090e+02	1.085084e+02	7.188863e-07	2.256458e-08	2.256458e-08
1.085084e+02	1.144126e+02	6.119178e-07	2.027374e-08	2.027374e-08
1.144126e+02	1.206380e+02	5.733383e-07	1.911128e-08	1.911128e-08
1.206380e+02	1.272021e+02	5.250254e-07	1.781027e-08	1.781027e-08
1.272021e+02	1.341234e+02	4.715718e-07	1.643796e-08	1.643796e-08
1.341234e+02	1.414214e+02	4.037576e-07	1.481243e-08	1.481243e-08
1.414214e+02	1.491164e+02	3.942652e-07	1.425469e-08	1.425469e-08
1.491164e+02	1.572301e+02	3.401935e-07	1.289500e-08	1.289500e-08
1.572301e+02	1.657853e+02	3.105849e-07	1.199894e-08	1.199894e-08
1.657853e+02	1.748059e+02	2.862077e-07	1.121736e-08	1.121736e-08
1.748059e+02	1.843175e+02	2.343249e-07	9.884399e-09	9.884399e-09
1.843175e+02	1.943465e+02	2.111637e-07	9.137949e-09	9.137949e-09
1.943465e+02	2.049213e+02	1.927643e-07	8.502470e-09	8.502470e-09
2.049213e+02	2.160715e+02	1.728580e-07	7.840995e-09	7.840995e-09
2.160715e+02	2.278283e+02	1.389773e-07	6.846919e-09	6.846919e-09
2.278283e+02	2.402249e+02	1.244465e-07	6.309688e-09	6.309688e-09
2.402249e+02	2.532960e+02	1.222724e-07	6.090824e-09	6.090824e-09
2.532960e+02	2.670783e+02	1.009999e-07	5.390978e-09	5.390978e-09
2.670783e+02	2.816105e+02	1.083415e-07	5.437504e-09	5.437504e-09
2.816105e+02	2.969335e+02	7.712732e-08	4.467865e-09	4.467865e-09
2.969335e+02	3.130902e+02	8.321136e-08	4.519422e-09	4.519422e-09
3.130902e+02	3.301261e+02	7.565788e-08	4.196742e-09	4.196742e-09
3.301261e+02	3.480888e+02	7.727380e-08	4.130457e-09	4.130457e-09
3.480888e+02	3.670290e+02	6.846976e-08	3.786387e-09	3.786387e-09
3.670290e+02	3.869998e+02	6.136189e-08	3.490756e-09	3.490756e-09
3.869998e+02	4.080572e+02	5.329879e-08	3.168285e-09	3.168285e-09
4.080572e+02	4.302603e+02	5.447811e-08	3.119407e-09	3.119407e-09
4.302603e+02	4.536716e+02	4.912564e-08	2.884757e-09	2.884757e-09
4.536716e+02	4.783567e+02	4.305618e-08	2.630076e-09	2.630076e-09
4.783567e+02	5.043850e+02	3.946297e-08	2.452109e-09	2.452109e-09
5.043850e+02	5.318296e+02	3.699292e-08	2.312058e-09	2.312058e-09
5.318296e+02	5.607674e+02	3.056153e-08	2.046551e-09	2.046551e-09
5.607674e+02	5.912799e+02	2.391529e-08	1.763059e-09	1.763059e-09
5.912799e+02	6.234525e+02	1.947631e-08	1.549452e-09	1.549452e-09
6.234525e+02	6.573758e+02	1.391184e-08	1.275296e-09	1.275296e-09
6.573758e+02	6.931448e+02	1.352660e-08	1.224641e-09	1.224641e-09
6.931448e+02	7.308602e+02	9.043059e-09	9.751381e-10	9.751381e-10
7.308602e+02	7.706277e+02	6.681627e-09	8.162907e-10	8.162907e-10
7.706277e+02	8.125590e+02	3.877762e-09	6.056048e-10	6.056048e-10
8.125590e+02	8.567719e+02	3.049759e-09	5.230295e-10	5.230295e-10
8.567719e+02	9.033905e+02	1.616330e-09	3.708116e-10	3.708116e-10
9.033905e+02	9.525456e+02	1.210203e-09	3.124732e-10	3.124732e-10
9.525456e+02	1.004375e+03	8.416900e-10	2.537791e-10	2.537791e-10
1.004375e+03	1.059025e+03	4.354084e-10	1.777547e-10	1.777547e-10
1.059025e+03	1.116649e+03	2.064683e-10	1.192046e-10	1.192046e-10
1.116649e+03	1.177408e+03	3.916304e-10	1.598824e-10	1.598824e-10
1.177408e+03	1.241473e+03	3.095172e-10	1.384203e-10	1.384203e-10
1.241473e+03	1.309024e+03	1.174178e-10	8.302692e-11	8.302692e-11
1.309024e+03	1.380250e+03	0.000000e+00	0.000000e+00	0.000000e+00
1.380250e+03	1.455352e+03	5.280612e-11	5.280611e-11	5.280611e-11
1.455352e+03	1.534541e+03	0.000000e+00	0.000000e+00	0.000000e+00
1.534541e+03	1.618038e+03	4.749686e-11	4.749685e-11	4.749685e-11
1.618038e+03	1.706079e+03	0.000000e+00	0.000000e+00	0.000000e+00
1.706079e+03	1.798910e+03	4.272113e-11	4.272112e-11	4.272112e-11
1.798910e+03	1.896792e+03	0.000000e+00	0.000000e+00	0.000000e+00
1.896792e+03	2.000000e+03	0.000000e+00	0.000000e+00	0.000000e+00
# END HISTO1D


# BEGIN HISTO1D //eos/home-y/yiyu/monobc/Rivet_New/X3000_pi20_L40.yoda.gz/JetMETAnalysis/jet_pt
ErrorBars=1
LineColor=green
LineStyle=solid
Path=//eos/home-y/yiyu/monobc/Rivet_New/X3000_pi20_L40.yoda.gz/JetMETAnalysis/jet_pt
ScaledBy=3.08297590904468055e-10
Title=X3000_pi20_L40
# xlow	 xhigh	 val	 errminus	 errplus
1.000000e+01	1.054412e+01	0.000000e+00	0.000000e+00	0.000000e+00
1.054412e+01	1.111784e+01	0.000000e+00	0.000000e+00	0.000000e+00
1.111784e+01	1.172279e+01	0.000000e+00	0.000000e+00	0.000000e+00
1.172279e+01	1.236065e+01	0.000000e+00	0.000000e+00	0.000000e+00
1.236065e+01	1.303321e+01	0.000000e+00	0.000000e+00	0.000000e+00
1.303321e+01	1.374238e+01	0.000000e+00	0.000000e+00	0.000000e+00
1.374238e+01	1.449012e+01	0.000000e+00	0.000000e+00	0.000000e+00
1.449012e+01	1.527856e+01	0.000000e+00	0.000000e+00	0.000000e+00
1.527856e+01	1.610989e+01	0.000000e+00	0.000000e+00	0.000000e+00
1.610989e+01	1.698646e+01	0.000000e+00	0.000000e+00	0.000000e+00
1.698646e+01	1.791073e+01	0.000000e+00	0.000000e+00	0.000000e+00
1.791073e+01	1.888529e+01	0.000000e+00	0.000000e+00	0.000000e+00
1.888529e+01	1.991287e+01	0.000000e+00	0.000000e+00	0.000000e+00
1.991287e+01	2.099637e+01	3.972159e-07	1.063124e-08	1.063124e-08
2.099637e+01	2.213882e+01	4.131503e-07	1.055895e-08	1.055895e-08
2.213882e+01	2.334344e+01	4.002734e-07	1.012135e-08	1.012135e-08
2.334344e+01	2.461360e+01	3.740368e-07	9.528249e-09	9.528249e-09
2.461360e+01	2.595287e+01	3.344780e-07	8.774752e-09	8.774752e-09
2.595287e+01	2.736502e+01	3.296600e-07	8.483554e-09	8.483554e-09
2.736502e+01	2.885400e+01	2.869753e-07	7.708376e-09	7.708376e-09
2.885400e+01	3.042400e+01	2.800206e-07	7.415326e-09	7.415326e-09
3.042400e+01	3.207943e+01	2.687359e-07	7.074447e-09	7.074447e-09
3.207943e+01	3.382493e+01	2.455077e-07	6.585029e-09	6.585029e-09
3.382493e+01	3.566541e+01	2.336755e-07	6.256423e-09	6.256423e-09
3.566541e+01	3.760603e+01	2.341677e-07	6.099278e-09	6.099278e-09
3.760603e+01	3.965225e+01	2.052083e-07	5.560405e-09	5.560405e-09
3.965225e+01	4.180980e+01	2.047648e-07	5.409191e-09	5.409191e-09
4.180980e+01	4.408475e+01	1.956886e-07	5.149700e-09	5.149700e-09
4.408475e+01	4.648349e+01	1.700383e-07	4.674841e-09	4.674841e-09
4.648349e+01	4.901274e+01	1.693092e-07	4.542861e-09	4.542861e-09
4.901274e+01	5.167962e+01	1.573348e-07	4.264771e-09	4.264771e-09
5.167962e+01	5.449160e+01	1.428573e-07	3.957584e-09	3.957584e-09
5.449160e+01	5.745660e+01	1.359005e-07	3.759095e-09	3.759095e-09
5.745660e+01	6.058292e+01	1.319450e-07	3.607154e-09	3.607154e-09
6.058292e+01	6.387935e+01	1.266324e-07	3.441404e-09	3.441404e-09
6.387935e+01	6.735515e+01	1.180575e-07	3.235969e-09	3.235969e-09
6.735515e+01	7.102007e+01	1.019549e-07	2.928580e-09	2.928580e-09
7.102007e+01	7.488441e+01	9.852847e-08	2.803678e-09	2.803678e-09
7.488441e+01	7.895901e+01	8.587783e-08	2.549078e-09	2.549078e-09
7.895901e+01	8.325532e+01	7.929335e-08	2.385370e-09	2.385370e-09
8.325532e+01	8.778540e+01	6.928065e-08	2.171392e-09	2.171392e-09
8.778540e+01	9.256197e+01	6.770637e-08	2.090459e-09	2.090459e-09
9.256197e+01	9.759844e+01	6.513066e-08	1.996708e-09	1.996708e-09
9.759844e+01	1.029090e+02	5.770536e-08	1.830303e-09	1.830303e-09
1.029090e+02	1.085084e+02	5.208585e-08	1.693457e-09	1.693457e-09
1.085084e+02	1.144126e+02	4.574179e-08	1.545472e-09	1.545472e-09
1.144126e+02	1.206380e+02	4.105418e-08	1.425871e-09	1.425871e-09
1.206380e+02	1.272021e+02	3.823132e-08	1.340007e-09	1.340007e-09
1.272021e+02	1.341234e+02	3.478832e-08	1.244824e-09	1.244824e-09
1.341234e+02	1.414214e+02	3.066924e-08	1.138242e-09	1.138242e-09
1.414214e+02	1.491164e+02	2.972798e-08	1.091348e-09	1.091348e-09
1.491164e+02	1.572301e+02	2.762393e-08	1.024515e-09	1.024515e-09
1.572301e+02	1.657853e+02	2.432449e-08	9.362501e-10	9.362501e-10
1.657853e+02	1.748059e+02	2.060876e-08	8.392539e-10	8.392539e-10
1.748059e+02	1.843175e+02	1.870218e-08	7.785822e-10	7.785822e-10
1.843175e+02	1.943465e+02	1.607734e-08	7.030130e-10	7.030130e-10
1.943465e+02	2.049213e+02	1.466446e-08	6.538557e-10	6.538557e-10
2.049213e+02	2.160715e+02	1.299527e-08	5.994271e-10	5.994271e-10
2.160715e+02	2.278283e+02	1.187898e-08	5.581232e-10	5.581232e-10
2.278283e+02	2.402249e+02	1.044520e-08	5.096737e-10	5.096737e-10
2.402249e+02	2.532960e+02	9.151449e-09	4.645943e-10	4.645943e-10
2.532960e+02	2.670783e+02	7.806817e-09	4.178892e-10	4.178892e-10
2.670783e+02	2.816105e+02	7.064526e-09	3.871336e-10	3.871336e-10
2.816105e+02	2.969335e+02	6.559094e-09	3.632747e-10	3.632747e-10
2.969335e+02	3.130902e+02	6.125232e-09	3.418771e-10	3.418771e-10
3.130902e+02	3.301261e+02	6.605380e-09	3.457415e-10	3.457415e-10
3.301261e+02	3.480888e+02	5.526553e-09	3.079828e-10	3.079828e-10
3.480888e+02	3.670290e+02	5.957535e-09	3.114054e-10	3.114054e-10
3.670290e+02	3.869998e+02	5.449406e-09	2.900427e-10	2.900427e-10
3.869998e+02	4.080572e+02	4.304401e-09	2.510378e-10	2.510378e-10
4.080572e+02	4.302603e+02	3.998978e-09	2.356420e-10	2.356420e-10
4.302603e+02	4.536716e+02	3.924288e-09	2.273279e-10	2.273279e-10
4.536716e+02	4.783567e+02	3.621873e-09	2.126837e-10	2.126837e-10
4.783567e+02	5.043850e+02	3.375741e-09	1.999617e-10	1.999617e-10
5.043850e+02	5.318296e+02	2.752196e-09	1.758313e-10	1.758313e-10
5.318296e+02	5.607674e+02	2.514297e-09	1.636668e-10	1.636668e-10
5.607674e+02	5.912799e+02	2.435058e-09	1.568559e-10	1.568559e-10
5.912799e+02	6.234525e+02	2.136923e-09	1.430989e-10	1.430989e-10
6.234525e+02	6.573758e+02	1.990289e-09	1.344913e-10	1.344913e-10
6.573758e+02	6.931448e+02	1.629015e-09	1.184934e-10	1.184934e-10
6.931448e+02	7.308602e+02	1.536771e-09	1.120806e-10	1.120806e-10
7.308602e+02	7.706277e+02	1.263658e-09	9.897732e-11	9.897732e-11
7.706277e+02	8.125590e+02	1.132277e-09	9.124145e-11	9.124145e-11
8.125590e+02	8.567719e+02	1.004115e-09	8.367629e-11	8.367629e-11
8.567719e+02	9.033905e+02	8.001958e-10	7.274509e-11	7.274509e-11
9.033905e+02	9.525456e+02	5.958338e-10	6.113126e-11	6.113126e-11
9.525456e+02	1.004375e+03	4.104337e-10	4.941041e-11	4.941041e-11
1.004375e+03	1.059025e+03	3.723264e-10	4.583022e-11	4.583022e-11
1.059025e+03	1.116649e+03	3.049590e-10	4.039282e-11	4.039282e-11
1.116649e+03	1.177408e+03	1.877419e-10	3.086458e-11	3.086458e-11
1.177408e+03	1.241473e+03	9.143298e-11	2.097617e-11	2.097617e-11
1.241473e+03	1.309024e+03	4.107531e-11	1.369177e-11	1.369177e-11
1.309024e+03	1.380250e+03	1.731376e-11	8.656883e-12	8.656883e-12
1.380250e+03	1.455352e+03	2.052526e-11	9.179174e-12	9.179174e-12
1.455352e+03	1.534541e+03	3.893187e-12	3.893187e-12	3.893187e-12
1.534541e+03	1.618038e+03	3.692319e-12	3.692319e-12	3.692319e-12
1.618038e+03	1.706079e+03	0.000000e+00	0.000000e+00	0.000000e+00
1.706079e+03	1.798910e+03	3.321063e-12	3.321063e-12	3.321063e-12
1.798910e+03	1.896792e+03	0.000000e+00	0.000000e+00	0.000000e+00
1.896792e+03	2.000000e+03	0.000000e+00	0.000000e+00	0.000000e+00
# END HISTO1D


# BEGIN HISTO1D //eos/home-y/yiyu/monobc/Rivet_New/X600_pi20_L40.yoda.gz/JetMETAnalysis/jet_pt
ErrorBars=1
LineColor=orange
LineStyle=solid
Path=//eos/home-y/yiyu/monobc/Rivet_New/X600_pi20_L40.yoda.gz/JetMETAnalysis/jet_pt
ScaledBy=1.99024691223803737e-06
Title=X600_pi20_L40
# xlow	 xhigh	 val	 errminus	 errplus
1.000000e+01	1.054412e+01	0.000000e+00	0.000000e+00	0.000000e+00
1.054412e+01	1.111784e+01	0.000000e+00	0.000000e+00	0.000000e+00
1.111784e+01	1.172279e+01	0.000000e+00	0.000000e+00	0.000000e+00
1.172279e+01	1.236065e+01	0.000000e+00	0.000000e+00	0.000000e+00
1.236065e+01	1.303321e+01	0.000000e+00	0.000000e+00	0.000000e+00
1.303321e+01	1.374238e+01	0.000000e+00	0.000000e+00	0.000000e+00
1.374238e+01	1.449012e+01	0.000000e+00	0.000000e+00	0.000000e+00
1.449012e+01	1.527856e+01	0.000000e+00	0.000000e+00	0.000000e+00
1.527856e+01	1.610989e+01	0.000000e+00	0.000000e+00	0.000000e+00
1.610989e+01	1.698646e+01	0.000000e+00	0.000000e+00	0.000000e+00
1.698646e+01	1.791073e+01	0.000000e+00	0.000000e+00	0.000000e+00
1.791073e+01	1.888529e+01	0.000000e+00	0.000000e+00	0.000000e+00
1.888529e+01	1.991287e+01	0.000000e+00	0.000000e+00	0.000000e+00
1.991287e+01	2.099637e+01	2.367723e-03	6.594844e-05	6.594844e-05
2.099637e+01	2.213882e+01	2.494668e-03	6.592366e-05	6.592366e-05
2.213882e+01	2.334344e+01	2.243658e-03	6.088450e-05	6.088450e-05
2.334344e+01	2.461360e+01	2.068343e-03	5.692925e-05	5.692925e-05
2.461360e+01	2.595287e+01	1.966069e-03	5.405287e-05	5.405287e-05
2.595287e+01	2.736502e+01	1.780039e-03	5.008732e-05	5.008732e-05
2.736502e+01	2.885400e+01	1.755023e-03	4.843401e-05	4.843401e-05
2.885400e+01	3.042400e+01	1.650510e-03	4.574175e-05	4.574175e-05
3.042400e+01	3.207943e+01	1.532874e-03	4.292905e-05	4.292905e-05
3.207943e+01	3.382493e+01	1.458336e-03	4.077767e-05	4.077767e-05
3.382493e+01	3.566541e+01	1.335497e-03	3.800225e-05	3.800225e-05
3.566541e+01	3.760603e+01	1.310682e-03	3.666333e-05	3.666333e-05
3.760603e+01	3.965225e+01	1.196354e-03	3.411200e-05	3.411200e-05
3.965225e+01	4.180980e+01	1.140157e-03	3.243062e-05	3.243062e-05
4.180980e+01	4.408475e+01	1.078694e-03	3.071968e-05	3.071968e-05
4.408475e+01	4.648349e+01	9.906680e-04	2.866989e-05	2.866989e-05
4.648349e+01	4.901274e+01	9.631559e-04	2.752998e-05	2.752998e-05
4.901274e+01	5.167962e+01	8.888229e-04	2.575487e-05	2.575487e-05
5.167962e+01	5.449160e+01	7.700585e-04	2.334582e-05	2.334582e-05
5.449160e+01	5.745660e+01	7.142067e-04	2.189541e-05	2.189541e-05
5.745660e+01	6.058292e+01	7.187329e-04	2.139048e-05	2.139048e-05
6.058292e+01	6.387935e+01	6.707754e-04	2.012427e-05	2.012427e-05
6.387935e+01	6.735515e+01	6.252805e-04	1.892184e-05	1.892184e-05
6.735515e+01	7.102007e+01	5.674907e-04	1.755499e-05	1.755499e-05
7.102007e+01	7.488441e+01	4.980330e-04	1.601566e-05	1.601566e-05
7.488441e+01	7.895901e+01	4.576795e-04	1.495174e-05	1.495174e-05
7.895901e+01	8.325532e+01	4.285021e-04	1.408907e-05	1.408907e-05
8.325532e+01	8.778540e+01	3.690458e-04	1.273329e-05	1.273329e-05
8.778540e+01	9.256197e+01	3.283350e-04	1.169645e-05	1.169645e-05
9.256197e+01	9.759844e+01	3.157384e-04	1.117002e-05	1.117002e-05
9.759844e+01	1.029090e+02	3.005668e-04	1.061338e-05	1.061338e-05
1.029090e+02	1.085084e+02	2.537836e-04	9.497615e-06	9.497615e-06
1.085084e+02	1.144126e+02	2.100071e-04	8.413757e-06	8.413757e-06
1.144126e+02	1.206380e+02	1.803095e-04	7.592403e-06	7.592403e-06
1.206380e+02	1.272021e+02	1.822242e-04	7.433084e-06	7.433084e-06
1.272021e+02	1.341234e+02	1.411890e-04	6.371770e-06	6.371770e-06
1.341234e+02	1.414214e+02	1.300833e-04	5.956103e-06	5.956103e-06
1.414214e+02	1.491164e+02	1.021634e-04	5.140400e-06	5.140400e-06
1.491164e+02	1.572301e+02	9.419313e-05	4.806773e-06	4.806773e-06
1.572301e+02	1.657853e+02	8.398157e-05	4.420083e-06	4.420083e-06
1.657853e+02	1.748059e+02	6.133612e-05	3.678696e-06	3.678696e-06
1.748059e+02	1.843175e+02	5.021861e-05	3.241597e-06	3.241597e-06
1.843175e+02	1.943465e+02	3.889604e-05	2.778289e-06	2.778289e-06
1.943465e+02	2.049213e+02	3.368898e-05	2.518032e-06	2.518032e-06
2.049213e+02	2.160715e+02	2.516769e-05	2.119502e-06	2.119502e-06
2.160715e+02	2.278283e+02	1.879061e-05	1.783526e-06	1.783526e-06
2.278283e+02	2.402249e+02	1.557314e-05	1.581212e-06	1.581212e-06
2.402249e+02	2.532960e+02	1.111521e-05	1.300937e-06	1.300937e-06
2.532960e+02	2.670783e+02	8.231144e-06	1.090241e-06	1.090241e-06
2.670783e+02	2.816105e+02	5.478171e-06	8.661749e-07	8.661749e-07
2.816105e+02	2.969335e+02	5.195450e-06	8.214727e-07	8.214727e-07
2.969335e+02	3.130902e+02	4.804176e-06	7.692838e-07	7.692838e-07
3.130902e+02	3.301261e+02	3.738452e-06	6.608711e-07	6.608711e-07
3.301261e+02	3.480888e+02	4.210357e-06	6.830100e-07	6.830100e-07
3.480888e+02	3.670290e+02	2.942256e-06	5.560340e-07	5.560340e-07
3.670290e+02	3.869998e+02	2.491446e-06	4.982892e-07	4.982892e-07
3.869998e+02	4.080572e+02	1.701276e-06	4.009945e-07	4.009945e-07
4.080572e+02	4.302603e+02	1.792765e-06	4.008744e-07	4.008744e-07
4.302603e+02	4.536716e+02	2.125306e-06	4.250612e-07	4.250612e-07
4.536716e+02	4.783567e+02	2.015636e-06	4.031272e-07	4.031272e-07
4.783567e+02	5.043850e+02	9.940415e-07	2.756975e-07	2.756975e-07
5.043850e+02	5.318296e+02	7.977059e-07	2.405173e-07	2.405173e-07
5.318296e+02	5.607674e+02	6.189904e-07	2.063301e-07	2.063301e-07
5.607674e+02	5.912799e+02	6.522727e-07	2.062667e-07	2.062667e-07
5.912799e+02	6.234525e+02	4.948925e-07	1.749709e-07	1.749709e-07
6.234525e+02	6.573758e+02	5.866903e-08	5.866903e-08	5.866903e-08
6.573758e+02	6.931448e+02	2.225667e-07	1.112833e-07	1.112833e-07
6.931448e+02	7.308602e+02	2.110806e-07	1.055403e-07	1.055403e-07
7.308602e+02	7.706277e+02	1.000941e-07	7.077725e-08	7.077725e-08
7.706277e+02	8.125590e+02	1.423934e-07	8.221088e-08	8.221088e-08
8.125590e+02	8.567719e+02	4.501507e-08	4.501507e-08	4.501507e-08
8.567719e+02	9.033905e+02	4.269212e-08	4.269212e-08	4.269212e-08
9.033905e+02	9.525456e+02	0.000000e+00	0.000000e+00	0.000000e+00
9.525456e+02	1.004375e+03	0.000000e+00	0.000000e+00	0.000000e+00
1.004375e+03	1.059025e+03	0.000000e+00	0.000000e+00	0.000000e+00
1.059025e+03	1.116649e+03	3.453851e-08	3.453851e-08	3.453851e-08
1.116649e+03	1.177408e+03	0.000000e+00	0.000000e+00	0.000000e+00
1.177408e+03	1.241473e+03	3.106606e-08	3.106606e-08	3.106606e-08
1.241473e+03	1.309024e+03	0.000000e+00	0.000000e+00	0.000000e+00
1.309024e+03	1.380250e+03	0.000000e+00	0.000000e+00	0.000000e+00
1.380250e+03	1.455352e+03	0.000000e+00	0.000000e+00	0.000000e+00
1.455352e+03	1.534541e+03	0.000000e+00	0.000000e+00	0.000000e+00
1.534541e+03	1.618038e+03	0.000000e+00	0.000000e+00	0.000000e+00
1.618038e+03	1.706079e+03	0.000000e+00	0.000000e+00	0.000000e+00
1.706079e+03	1.798910e+03	0.000000e+00	0.000000e+00	0.000000e+00
1.798910e+03	1.896792e+03	0.000000e+00	0.000000e+00	0.000000e+00
1.896792e+03	2.000000e+03	0.000000e+00	0.000000e+00	0.000000e+00
# END HISTO1D


# BEGIN HISTO1D //eos/home-y/yiyu/monobc/Rivet_New/X800_pi20_L40.yoda.gz/JetMETAnalysis/jet_pt
ErrorBars=1
LineColor=lilac
LineStyle=solid
Path=//eos/home-y/yiyu/monobc/Rivet_New/X800_pi20_L40.yoda.gz/JetMETAnalysis/jet_pt
ScaledBy=5.28887093379489405e-07
Title=X800_pi20_L40
# xlow	 xhigh	 val	 errminus	 errplus
1.000000e+01	1.054412e+01	0.000000e+00	0.000000e+00	0.000000e+00
1.054412e+01	1.111784e+01	0.000000e+00	0.000000e+00	0.000000e+00
1.111784e+01	1.172279e+01	0.000000e+00	0.000000e+00	0.000000e+00
1.172279e+01	1.236065e+01	0.000000e+00	0.000000e+00	0.000000e+00
1.236065e+01	1.303321e+01	0.000000e+00	0.000000e+00	0.000000e+00
1.303321e+01	1.374238e+01	0.000000e+00	0.000000e+00	0.000000e+00
1.374238e+01	1.449012e+01	0.000000e+00	0.000000e+00	0.000000e+00
1.449012e+01	1.527856e+01	0.000000e+00	0.000000e+00	0.000000e+00
1.527856e+01	1.610989e+01	0.000000e+00	0.000000e+00	0.000000e+00
1.610989e+01	1.698646e+01	0.000000e+00	0.000000e+00	0.000000e+00
1.698646e+01	1.791073e+01	0.000000e+00	0.000000e+00	0.000000e+00
1.791073e+01	1.888529e+01	0.000000e+00	0.000000e+00	0.000000e+00
1.888529e+01	1.991287e+01	0.000000e+00	0.000000e+00	0.000000e+00
1.991287e+01	2.099637e+01	6.414006e-04	1.769423e-05	1.769423e-05
2.099637e+01	2.213882e+01	6.402476e-04	1.721618e-05	1.721618e-05
2.213882e+01	2.334344e+01	6.072047e-04	1.632766e-05	1.632766e-05
2.334344e+01	2.461360e+01	5.683779e-04	1.538406e-05	1.538406e-05
2.461360e+01	2.595287e+01	5.299652e-04	1.446675e-05	1.446675e-05
2.595287e+01	2.736502e+01	5.164716e-04	1.390799e-05	1.390799e-05
2.736502e+01	2.885400e+01	4.471980e-04	1.260338e-05	1.260338e-05
2.885400e+01	3.042400e+01	4.379320e-04	1.214605e-05	1.214605e-05
3.042400e+01	3.207943e+01	4.041501e-04	1.136312e-05	1.136312e-05
3.207943e+01	3.382493e+01	3.920824e-04	1.089959e-05	1.089959e-05
3.382493e+01	3.566541e+01	3.718486e-04	1.033711e-05	1.033711e-05
3.566541e+01	3.760603e+01	3.597464e-04	9.901693e-06	9.901693e-06
3.760603e+01	3.965225e+01	3.163676e-04	9.042767e-06	9.042767e-06
3.965225e+01	4.180980e+01	3.015138e-04	8.597153e-06	8.597153e-06
4.180980e+01	4.408475e+01	2.896738e-04	8.206352e-06	8.206352e-06
4.408475e+01	4.648349e+01	2.692126e-04	7.704378e-06	7.704378e-06
4.648349e+01	4.901274e+01	2.530210e-04	7.273843e-06	7.273843e-06
4.901274e+01	5.167962e+01	2.488876e-04	7.025567e-06	7.025567e-06
5.167962e+01	5.449160e+01	2.270168e-04	6.534380e-06	6.534380e-06
5.449160e+01	5.745660e+01	2.177980e-04	6.232985e-06	6.232985e-06
5.745660e+01	6.058292e+01	2.060520e-04	5.904093e-06	5.904093e-06
6.058292e+01	6.387935e+01	1.830648e-04	5.419534e-06	5.419534e-06
6.387935e+01	6.735515e+01	1.759001e-04	5.173531e-06	5.173531e-06
6.735515e+01	7.102007e+01	1.590304e-04	4.790593e-06	4.790593e-06
7.102007e+01	7.488441e+01	1.619095e-04	4.707388e-06	4.707388e-06
7.488441e+01	7.895901e+01	1.279838e-04	4.075834e-06	4.075834e-06
7.895901e+01	8.325532e+01	1.318429e-04	4.028674e-06	4.028674e-06
8.325532e+01	8.778540e+01	1.206028e-04	3.752384e-06	3.752384e-06
8.778540e+01	9.256197e+01	9.843478e-05	3.301397e-06	3.301397e-06
9.256197e+01	9.759844e+01	9.241008e-05	3.115144e-06	3.115144e-06
9.759844e+01	1.029090e+02	8.664469e-05	2.937530e-06	2.937530e-06
1.029090e+02	1.085084e+02	7.169077e-05	2.602210e-06	2.602210e-06
1.085084e+02	1.144126e+02	6.861683e-05	2.479227e-06	2.479227e-06
1.144126e+02	1.206380e+02	6.235794e-05	2.301673e-06	2.301673e-06
1.206380e+02	1.272021e+02	5.495056e-05	2.104166e-06	2.104166e-06
1.272021e+02	1.341234e+02	4.745335e-05	1.904237e-06	1.904237e-06
1.341234e+02	1.414214e+02	4.340962e-05	1.773669e-06	1.773669e-06
1.414214e+02	1.491164e+02	3.738981e-05	1.603075e-06	1.603075e-06
1.491164e+02	1.572301e+02	3.435221e-05	1.496406e-06	1.496406e-06
1.572301e+02	1.657853e+02	2.874655e-05	1.333089e-06	1.333089e-06
1.657853e+02	1.748059e+02	2.485955e-05	1.207287e-06	1.207287e-06
1.748059e+02	1.843175e+02	2.179693e-05	1.100912e-06	1.100912e-06
1.843175e+02	1.943465e+02	1.851026e-05	9.880045e-07	9.880045e-07
1.943465e+02	2.049213e+02	1.600445e-05	8.946760e-07	8.946760e-07
2.049213e+02	2.160715e+02	1.304407e-05	7.865868e-07	7.865868e-07
2.160715e+02	2.278283e+02	1.034669e-05	6.822409e-07	6.822409e-07
2.278283e+02	2.402249e+02	8.191464e-06	5.911681e-07	5.911681e-07
2.402249e+02	2.532960e+02	7.161832e-06	5.383162e-07	5.383162e-07
2.532960e+02	2.670783e+02	5.449161e-06	4.572834e-07	4.572834e-07
2.670783e+02	2.816105e+02	5.022393e-06	4.275345e-07	4.275345e-07
2.816105e+02	2.969335e+02	3.900296e-06	3.669090e-07	3.669090e-07
2.969335e+02	3.130902e+02	2.847932e-06	3.053303e-07	3.053303e-07
3.130902e+02	3.301261e+02	2.328408e-06	2.688615e-07	2.688615e-07
3.301261e+02	3.480888e+02	1.619400e-06	2.183598e-07	2.183598e-07
3.480888e+02	3.670290e+02	1.340354e-06	1.934635e-07	1.934635e-07
3.670290e+02	3.869998e+02	1.324151e-06	1.872632e-07	1.872632e-07
3.869998e+02	4.080572e+02	7.283772e-07	1.352562e-07	1.352562e-07
4.080572e+02	4.302603e+02	5.478694e-07	1.142387e-07	1.142387e-07
4.302603e+02	4.536716e+02	4.744132e-07	1.035254e-07	1.035254e-07
4.536716e+02	4.783567e+02	6.641861e-07	1.192913e-07	1.192913e-07
4.783567e+02	5.043850e+02	3.657545e-07	8.620916e-08	8.620916e-08
5.043850e+02	5.318296e+02	1.541687e-07	5.450684e-08	5.450684e-08
5.318296e+02	5.607674e+02	3.472569e-07	7.966623e-08	7.966623e-08
5.607674e+02	5.912799e+02	1.733346e-07	5.481321e-08	5.481321e-08
5.912799e+02	6.234525e+02	1.643905e-07	5.198486e-08	5.198486e-08
6.234525e+02	6.573758e+02	1.559067e-07	4.930204e-08	4.930204e-08
6.573758e+02	6.931448e+02	8.871713e-08	3.621861e-08	3.621861e-08
6.931448e+02	7.308602e+02	7.011552e-08	3.135662e-08	3.135662e-08
7.308602e+02	7.706277e+02	9.309637e-08	3.518712e-08	3.518712e-08
7.706277e+02	8.125590e+02	2.522636e-08	1.783773e-08	1.783773e-08
8.125590e+02	8.567719e+02	4.784911e-08	2.392456e-08	2.392456e-08
8.567719e+02	9.033905e+02	2.268996e-08	1.604422e-08	1.604422e-08
9.033905e+02	9.525456e+02	0.000000e+00	0.000000e+00	0.000000e+00
9.525456e+02	1.004375e+03	0.000000e+00	0.000000e+00	0.000000e+00
1.004375e+03	1.059025e+03	0.000000e+00	0.000000e+00	0.000000e+00
1.059025e+03	1.116649e+03	3.671297e-08	1.835648e-08	1.835648e-08
1.116649e+03	1.177408e+03	8.704671e-09	8.704671e-09	8.704671e-09
1.177408e+03	1.241473e+03	8.255476e-09	8.255477e-09	8.255477e-09
1.241473e+03	1.309024e+03	7.829449e-09	7.829449e-09	7.829449e-09
1.309024e+03	1.380250e+03	0.000000e+00	0.000000e+00	0.000000e+00
1.380250e+03	1.455352e+03	0.000000e+00	0.000000e+00	0.000000e+00
1.455352e+03	1.534541e+03	6.678795e-09	6.678795e-09	6.678795e-09
1.534541e+03	1.618038e+03	0.000000e+00	0.000000e+00	0.000000e+00
1.618038e+03	1.706079e+03	0.000000e+00	0.000000e+00	0.000000e+00
1.706079e+03	1.798910e+03	0.000000e+00	0.000000e+00	0.000000e+00
1.798910e+03	1.896792e+03	0.000000e+00	0.000000e+00	0.000000e+00
1.896792e+03	2.000000e+03	0.000000e+00	0.000000e+00	0.000000e+00
# END HISTO1D

